98 98 98 98 98 98 98 98 97 97 98 98 98 98 98 98 98 98 98 98 98 98 99 99 99 100 101 101 101 101 101 101 101 101 101 101 101 102 97 97 97 97 98 98 98 98 98 98 98 98 98 98 98 98 99 99 99 99 99 99 99 101 101 101 101 101 101 101 101 101 101 101 101 101 101 102 102 102 97 97 97 97 97 98 98 98 98 98 98 98 98 98 99 99 99 99 99 99 99 99 99 99 99 100 101 101 101 101 101 101 101 101 101 101 101 101 101 101 101 101 102 102 102 102 102 102 102 102 97 97 97 97 97 97 97 97 98 98 98 98 98 98 98 98 99 99 99 99 99 99 99 99 99 99 99 99 99 99 100 100 100 100 101 101 101 101 101 101 101 101 101 101 101 101 101 101 101 101 101 101 102 102 102 102 102 102 102 102 102 102 102 102 102 103 103 103 103 103 97 97 97 97 97 97 98 98 98 98 98 98 98 98 99 99 99 99 99 99 99 99 99 99 99 99 99 100 100 100 100 100 100 100 100 100 100 100 101 101 101 101 101 101 101 101 101 101 101 101 101 101 101 102 102 101 102 102 102 102 102 102 102 102 102 102 102 102 102 102 102 102 103 103 103 103 103 103 103 103 97 97 97 98 98 98 98 98 98 98 98 99 99 99 99 99 99 99 99 99 99 99 99 99 99 100 100 100 100 100 100 100 100 100 100 100 100 100 101 101 101 101 101 101 101 101 101 101 101 101 101 101 102 102 102 102 102 102 102 102 102 102 102 102 102 102 102 102 102 102 102 102 102 103 103 103 103 103 103 103 103 103 103 103 103 103 98 98 98 98 98 98 98 98 99 99 99 99 99 99 99 99 99 99 99 99 99 100 100 100 100 100 100 100 100 100 100 100 100 100 100 101 101 101 101 101 101 101 101 101 101 101 101 101 101 101 102 102 102 102 102 102 102 102 102 102 102 102 102 102 102 102 102 102 102 103 103 103 103 103 103 103 103 103 103 103 103 103 103 103 103 103 103 97 98 98 98 98 98 98 98 98 99 99 99 99 99 99 99 99 99 99 99 99 100 100 100 100 100 100 100 100 100 100 100 100 100 100 101 101 101 101 101 101 101 101 101 101 101 101 101 101 102 102 102 102 102 102 102 102 102 102 102 102 102 102 102 102 102 102 102 103 103 103 103 103 103 103 103 103 103 103 103 103 103 103 103 103 103 104 104 104 104 104 104 97 98 98 98 98 98 98 98 98 98 98 99 99 99 99 99 99 99 99 99 99 99 100 100 100 100 100 100 100 100 100 100 100 100 100 101 101 101 101 101 101 101 101 101 101 101 101 101 101 102 102 102 102 102 102 102 102 102 102 102 102 102 102 102 102 102 102 103 103 103 103 103 103 103 103 103 103 103 103 103 103 103 103 103 103 104 104 104 104 104 104 104 104 97 98 98 98 98 98 98 98 98 98 98 98 98 98 99 99 99 99 99 99 99 99 100 100 100 100 100 100 100 100 100 100 100 100 100 100 101 101 101 101 101 101 101 101 101 101 101 101 101 101 102 102 102 102 102 102 102 102 102 102 102 102 102 102 102 102 102 102 103 103 103 103 103 103 103 103 103 103 103 103 103 103 103 103 103 104 104 104 104 104 104 104 104 104 104 104 104 104 98 98 98 98 98 98 98 98 98 98 98 98 99 99 99 99 99 99 99 99 100 100 100 100 100 100 100 100 100 100 100 100 100 100 101 101 101 101 101 101 101 101 101 101 101 101 101 101 102 102 102 102 102 102 102 102 102 102 102 102 102 102 103 103 102 103 103 103 103 103 103 103 103 103 103 103 103 103 103 103 103 103 104 104 104 104 104 104 104 104 104 104 104 104 104 104 104 104 104 104 98 98 98 98 98 98 98 98 98 98 98 99 99 99 99 99 99 99 99 100 100 100 100 100 100 100 100 100 100 100 100 100 101 101 101 101 101 101 101 101 101 101 101 101 101 101 102 102 102 102 102 102 102 102 102 102 102 102 102 102 103 103 103 103 103 103 103 103 103 103 103 103 103 103 103 103 103 103 103 103 104 104 104 104 104 104 104 104 104 104 104 104 104 104 104 104 104 104 104 105 105 105 98 98 98 98 98 98 98 98 98 98 98 99 99 99 99 99 99 99 99 100 100 100 100 100 100 100 100 100 100 100 100 100 101 101 101 101 101 101 101 101 101 101 101 101 101 102 102 102 102 102 102 102 102 102 102 102 102 102 102 102 103 103 103 103 103 103 103 103 103 103 103 103 103 103 103 103 103 103 103 104 104 104 104 104 104 104 104 104 104 104 104 104 104 104 104 104 105 105 105 105 105 105 105 98 98 98 98 98 98 98 98 98 98 98 99 99 99 99 99 99 99 99 100 100 100 100 100 100 100 100 100 100 100 100 100 101 101 101 101 101 101 101 101 101 101 101 101 101 102 102 102 102 102 102 102 102 102 102 102 102 102 102 102 103 103 103 103 103 103 103 103 103 103 103 103 103 103 103 103 103 103 103 104 104 104 104 104 104 104 104 104 104 104 104 104 104 104 104 104 105 105 105 105 105 105 105 105 105 105 105 98 98 98 98 98 98 98 98 98 98 99 99 99 99 99 99 99 99 99 100 100 100 100 100 100 100 100 100 100 100 101 101 101 101 101 101 101 101 101 101 101 101 101 102 102 102 102 102 102 102 102 102 102 102 102 102 102 102 103 103 103 103 103 103 103 103 103 103 103 103 103 103 103 103 103 103 103 104 104 104 104 104 104 104 104 104 104 104 104 104 104 104 104 104 105 105 105 105 105 105 105 105 105 105 105 105 105 105 105 97 97 97 98 98 98 98 98 98 98 98 98 99 99 99 99 99 99 99 99 99 99 99 100 100 100 100 100 100 100 100 100 100 101 101 101 101 101 101 101 101 101 101 101 101 102 102 102 102 102 102 102 102 102 102 102 102 102 102 102 103 103 103 103 103 103 103 103 103 103 103 103 103 103 103 103 103 103 103 104 104 104 104 104 104 104 104 104 104 104 104 104 104 104 104 105 105 105 105 105 105 105 105 105 105 105 105 105 105 105 105 105 105 106 95 95 95 97 97 97 97 97 98 98 98 98 98 98 98 98 98 98 98 98 99 99 99 99 99 99 99 99 99 99 99 99 100 100 100 100 100 100 100 100 101 101 101 101 101 101 101 101 101 101 101 101 101 102 102 102 102 102 102 102 102 102 102 102 102 102 103 103 103 103 103 103 103 103 103 103 103 103 103 103 103 104 103 103 103 104 104 104 104 104 104 104 104 104 104 104 104 104 104 104 104 105 105 105 105 105 105 105 105 105 105 105 105 105 105 105 105 105 105 106 106 106 106 95 95 95 95 95 95 97 97 97 97 97 97 98 98 98 98 98 98 98 98 98 98 98 98 99 99 99 99 99 99 99 99 99 99 99 99 100 100 100 100 100 100 100 100 100 101 101 101 101 101 101 101 101 101 101 101 101 102 102 102 102 102 102 102 102 102 102 102 102 102 103 103 103 103 103 103 103 103 103 103 103 103 103 103 103 104 104 104 103 104 104 104 104 104 104 104 104 104 104 104 104 104 104 104 104 105 105 105 105 105 105 105 105 105 105 105 105 105 105 105 105 105 106 106 106 106 106 106 106 95 95 95 95 95 95 95 97 97 97 97 97 97 97 97 98 98 98 98 98 98 98 98 98 98 98 98 99 99 99 99 99 99 99 99 99 99 99 100 100 100 100 100 100 100 100 100 101 101 101 101 101 101 101 101 101 101 101 101 102 102 102 102 102 102 102 102 102 102 102 102 102 103 103 103 103 103 103 103 103 103 103 103 103 103 103 103 104 104 104 104 104 104 104 104 104 104 104 104 104 104 104 104 104 104 104 105 105 105 105 105 105 105 105 105 105 105 105 105 105 105 105 105 105 106 106 106 106 106 106 106 106 106 106 95 95 95 95 95 95 95 95 97 97 97 97 97 97 97 98 98 98 98 98 98 98 98 98 98 98 98 99 99 99 99 99 99 99 99 99 99 99 99 100 100 100 100 100 100 100 100 101 101 101 101 101 101 101 101 101 101 101 101 102 102 102 102 102 102 102 102 102 102 102 102 102 103 103 103 103 103 103 103 103 103 103 103 103 103 103 103 103 104 104 104 104 104 104 104 104 104 104 104 104 104 104 104 104 104 105 105 105 105 105 105 105 105 105 105 105 105 105 105 105 105 105 105 106 106 106 106 106 106 106 106 106 106 106 106 106 106 95 95 95 95 95 95 95 95 95 96 97 97 97 97 97 98 98 98 98 98 98 98 98 98 98 98 99 99 99 99 99 99 99 99 99 99 99 99 100 100 100 100 100 100 100 100 100 101 101 101 101 101 101 101 101 101 101 101 102 102 102 102 102 102 102 102 102 102 102 102 102 103 103 103 103 103 103 103 103 103 103 103 103 103 103 103 104 104 104 104 104 104 104 104 104 104 104 104 104 104 104 104 104 104 105 105 105 105 105 105 105 105 105 105 105 105 105 105 105 105 105 106 106 106 106 106 106 106 106 106 106 106 106 106 106 106 106 95 95 95 95 95 95 95 96 96 96 96 96 96 96 96 97 97 97 97 97 97 97 98 98 98 98 98 98 98 98 98 98 98 98 99 99 99 99 99 99 99 99 99 99 99 99 100 100 100 100 100 100 100 100 101 101 101 101 101 101 101 101 101 101 101 101 102 102 102 102 102 102 102 102 102 102 102 102 103 103 103 103 103 103 103 103 103 103 103 103 103 103 104 104 104 104 104 104 104 104 104 104 104 104 104 104 104 104 104 104 104 105 105 105 105 105 105 105 105 105 105 105 105 105 105 105 106 106 106 106 106 106 106 106 106 106 106 106 106 106 106 106 106 106 106 107 107 95 95 95 95 95 96 96 96 96 96 96 96 96 96 96 96 96 97 97 97 97 97 97 97 97 97 97 98 98 98 98 98 98 98 98 98 98 98 98 99 99 99 99 99 99 99 99 99 99 99 99 100 100 100 100 100 100 100 100 100 100 101 101 101 101 101 101 101 101 101 101 102 102 102 102 102 102 102 102 102 102 102 102 103 103 103 103 103 103 103 103 103 103 103 103 103 103 104 104 104 104 104 104 104 104 104 104 104 104 104 104 104 104 104 104 104 105 105 105 105 105 105 105 105 105 105 105 105 105 105 106 106 106 106 106 106 106 106 106 106 106 106 106 106 106 106 106 106 106 107 107 107 107 107 107 95 95 95 95 96 96 96 96 96 96 96 96 96 96 96 96 97 97 97 97 97 97 97 97 97 97 98 98 98 98 98 98 98 98 98 98 98 99 99 99 99 99 99 99 99 99 99 99 99 100 100 100 100 100 100 100 100 100 100 100 100 101 101 101 101 101 101 101 101 102 102 102 102 102 102 102 102 102 102 102 102 102 103 103 103 103 103 103 103 103 103 103 103 103 104 104 104 104 104 104 104 104 104 104 104 104 104 104 104 104 104 104 104 105 105 105 105 105 105 105 105 105 105 105 105 105 105 105 106 106 106 106 106 106 106 106 106 106 106 106 106 106 106 106 106 106 107 107 107 107 107 107 107 107 107 107 107 95 95 96 96 96 96 96 96 96 96 96 96 96 96 96 97 97 97 97 97 97 97 97 97 97 98 98 98 98 98 98 98 98 98 98 98 99 99 99 99 99 99 99 99 99 99 99 99 100 100 100 100 100 100 100 100 100 100 100 101 101 101 101 101 101 101 101 101 102 102 102 102 102 102 102 102 102 102 102 102 103 103 103 103 103 103 103 103 103 103 103 103 103 104 104 104 104 104 104 104 104 104 104 104 104 104 104 105 105 105 105 104 105 105 105 105 105 105 105 105 105 105 105 105 105 105 106 106 106 106 106 106 106 106 106 106 106 106 106 106 106 106 106 106 107 107 107 107 107 107 107 107 107 107 107 107 107 107 107 95 95 95 95 95 95 95 95 96 96 96 96 96 96 96 96 96 96 96 96 97 97 97 97 97 97 97 97 97 97 97 98 98 98 98 98 98 98 98 98 98 99 99 99 99 99 99 99 99 99 99 99 99 100 100 100 100 100 100 100 100 100 100 100 101 101 101 101 101 101 101 101 101 102 102 102 102 102 102 102 102 102 102 102 102 103 103 103 103 103 103 103 103 103 103 103 103 103 104 104 104 104 104 104 104 104 104 104 104 104 104 104 105 105 105 105 105 105 105 105 105 105 105 105 105 105 105 105 105 105 105 106 106 106 106 106 106 106 106 106 106 106 106 106 106 106 106 106 107 107 107 107 107 107 107 107 107 107 107 107 107 107 107 107 107 107 107 108 109 109 109 109 109 109 95 95 95 95 95 95 95 95 95 96 96 96 96 96 96 96 96 96 96 96 96 97 97 97 97 97 97 97 97 97 97 98 98 98 98 98 98 98 98 98 98 99 99 99 99 99 99 99 99 99 99 99 99 100 100 100 100 100 100 100 100 100 100 100 100 101 101 101 101 101 101 101 101 102 102 102 102 102 102 102 102 102 102 102 102 103 103 103 103 103 103 103 103 103 103 103 103 104 104 104 104 104 104 104 104 104 104 104 104 104 104 105 105 105 105 105 105 105 105 105 105 105 105 105 105 105 105 105 105 105 106 106 106 106 106 106 106 106 106 106 106 106 106 106 106 106 106 107 107 107 107 107 107 107 107 107 107 107 107 107 107 107 107 107 107 107 108 108 108 108 109 109 109 109 109 109 109 109 95 95 95 95 95 95 95 96 96 96 96 96 96 96 96 96 96 96 96 97 97 97 97 97 97 97 97 97 97 97 98 98 98 98 98 98 98 98 98 98 99 99 99 99 99 99 99 99 99 99 99 100 100 100 100 100 100 100 100 100 100 100 100 101 101 101 101 101 101 101 101 101 101 102 102 102 102 102 102 102 102 102 102 102 103 103 103 103 103 103 103 103 103 103 103 103 104 104 104 104 104 104 104 104 104 104 104 104 104 105 105 105 105 105 105 105 105 105 105 105 105 105 105 105 105 105 105 105 106 106 106 106 106 106 106 106 106 106 106 106 106 106 106 106 106 107 107 107 107 107 107 107 107 107 107 107 107 107 107 107 107 107 107 108 108 108 108 108 108 108 109 109 109 109 109 110 110 110 95 95 95 95 95 95 96 96 96 96 96 96 96 96 96 96 96 97 97 97 97 97 97 97 97 97 97 97 97 98 98 98 98 98 98 98 98 98 99 99 99 99 99 99 99 99 99 99 99 99 100 100 100 100 100 100 100 100 100 100 100 101 101 101 101 101 101 101 101 101 101 102 102 102 102 102 102 102 102 102 102 102 103 103 103 103 103 103 103 103 103 103 103 103 104 104 104 104 104 104 104 104 104 104 104 104 104 105 105 105 105 105 105 105 105 105 105 105 105 105 105 105 105 105 105 105 105 106 106 106 106 106 106 106 106 106 106 106 106 106 106 106 107 107 107 107 107 107 107 107 107 107 107 107 107 107 107 107 107 107 108 108 108 108 108 108 108 108 108 108 109 109 110 110 110 110 110 110 110 94 94 94 94 94 95 95 95 95 95 95 96 96 96 96 96 96 96 96 96 96 96 97 97 97 97 97 97 97 97 97 97 97 98 98 98 98 98 98 98 98 98 98 99 99 99 99 99 99 99 99 99 99 99 100 100 100 100 100 100 100 100 100 100 100 100 101 101 101 101 101 101 101 101 101 101 102 102 102 102 102 102 102 102 102 102 102 103 103 103 103 103 103 103 103 103 103 103 103 104 104 104 104 104 104 104 104 104 104 104 104 105 105 105 105 105 105 105 105 105 105 105 105 105 105 105 105 105 105 105 106 106 106 106 106 106 106 106 106 106 106 106 106 106 106 106 107 107 107 107 107 107 107 107 107 107 107 107 107 107 107 107 107 108 108 108 108 108 108 108 108 108 108 108 108 108 110 110 110 110 110 110 110 110 110 94 94 94 94 94 94 94 95 95 95 95 95 95 95 95 95 95 95 96 96 96 96 96 96 96 96 96 96 97 97 97 97 97 97 97 97 97 97 97 97 98 98 98 98 98 98 98 98 98 98 99 99 99 99 99 99 99 99 99 99 99 100 100 100 100 100 100 100 100 100 100 100 101 101 101 101 101 101 101 101 101 101 101 101 102 102 102 102 102 102 102 102 102 103 103 103 103 103 103 103 103 103 103 103 103 104 104 104 104 104 104 104 104 104 104 104 104 104 105 105 105 105 105 105 105 105 105 105 105 105 105 105 106 106 105 105 106 106 106 106 106 106 106 106 106 106 106 106 106 106 106 107 107 107 107 107 107 107 107 107 107 107 107 107 107 107 107 107 108 108 108 108 108 108 108 108 108 108 108 108 108 108 108 108 110 110 110 110 110 110 110 110 110 110 93 94 94 94 94 94 94 94 94 95 95 95 95 95 95 95 95 95 95 96 96 96 96 96 96 96 96 96 96 96 97 97 97 97 97 97 97 97 97 97 97 97 98 98 98 98 98 98 98 98 98 99 99 99 99 99 99 99 99 99 99 99 100 100 100 100 100 100 100 100 100 100 100 100 101 101 101 101 101 101 101 101 101 101 101 101 102 102 102 102 102 102 102 102 103 103 103 103 103 103 103 103 103 103 103 103 104 104 104 104 104 104 104 104 104 104 104 104 104 105 105 105 105 105 105 105 105 105 105 105 105 105 105 106 106 106 106 106 106 106 106 106 106 106 106 106 106 106 106 106 106 106 107 107 107 107 107 107 107 107 107 107 107 107 107 107 107 107 107 108 108 108 108 108 108 108 108 108 108 108 108 108 108 108 108 108 108 110 110 110 110 110 110 110 110 110 110 93 93 94 94 94 94 94 94 94 94 94 94 95 95 95 95 95 95 95 95 95 95 96 96 96 96 96 96 96 96 96 96 96 97 97 97 97 97 97 97 97 97 97 97 98 98 98 98 98 98 98 98 98 98 99 99 99 99 99 99 99 99 99 99 99 100 100 100 100 100 100 100 100 100 100 100 101 101 101 101 101 101 101 101 101 101 101 101 102 102 102 102 102 102 102 102 102 103 103 103 103 103 103 103 103 103 103 103 103 104 104 104 104 104 104 104 104 104 104 104 104 105 105 105 105 105 105 105 105 105 105 105 105 105 106 106 106 106 106 106 106 106 106 106 106 106 106 106 106 106 106 106 106 107 107 107 107 107 107 107 107 107 107 107 107 107 107 107 107 107 107 108 108 108 108 108 108 108 108 108 108 108 108 108 108 108 108 108 108 109 109 110 110 110 110 110 110 110 110 110 110 110 111 111 111 93 94 94 94 94 94 94 94 94 94 94 95 95 95 95 95 95 95 95 95 95 96 96 96 96 96 96 96 96 96 96 97 97 97 97 97 97 97 97 97 97 97 97 98 98 98 98 98 98 98 98 98 98 99 99 99 99 99 99 99 99 99 99 99 100 100 100 100 100 100 100 100 100 100 100 101 101 101 101 101 101 101 101 101 101 101 102 102 102 102 102 102 102 102 102 102 103 103 103 103 103 103 103 103 103 103 103 104 104 104 104 104 104 104 104 104 104 104 104 105 105 105 105 105 105 105 105 105 105 105 105 105 106 106 106 106 106 106 106 106 106 106 106 106 106 106 106 106 106 106 107 107 107 107 107 107 107 107 107 107 107 107 107 107 107 107 107 107 108 108 108 108 108 108 108 108 108 108 108 108 108 108 108 108 108 108 109 109 109 109 109 110 110 110 110 110 110 110 110 110 111 111 111 111 111 111 111 111 94 94 94 94 94 94 94 94 94 94 95 95 95 95 95 95 95 95 95 95 96 96 96 96 96 96 96 96 96 96 97 97 97 97 97 97 97 97 97 97 97 97 98 98 98 98 98 98 98 98 98 98 99 99 99 99 99 99 99 99 99 99 100 100 100 100 100 100 100 100 100 100 100 101 101 101 101 101 101 101 101 101 101 101 101 102 102 102 102 102 102 102 102 102 102 103 103 103 103 103 103 103 103 103 103 104 104 104 104 104 104 104 104 104 104 104 104 104 105 105 105 105 105 105 105 105 105 105 105 105 106 106 106 106 106 106 106 106 106 106 106 106 106 106 106 106 106 106 107 107 107 107 107 107 107 107 107 107 107 107 107 107 107 107 107 107 108 108 108 108 108 108 108 108 108 108 108 108 108 108 108 108 108 109 109 109 109 109 109 109 109 110 110 110 110 110 110 111 111 111 111 111 111 111 111 111 111 111 111 111 94 94 94 94 94 94 94 95 95 95 95 95 95 95 95 95 95 95 96 96 96 96 96 96 96 96 96 96 97 97 97 97 97 97 97 97 97 97 97 98 98 98 98 98 98 98 98 98 98 98 99 99 99 99 99 99 99 99 99 99 100 100 100 100 100 100 100 100 100 100 100 101 101 101 101 101 101 101 101 101 101 101 102 102 102 102 102 102 102 102 102 102 103 103 103 103 103 103 103 103 103 103 103 104 104 104 104 104 104 104 104 104 104 104 104 104 105 105 105 105 105 105 105 105 105 105 105 105 106 106 106 106 106 106 106 106 106 106 106 106 106 106 106 106 106 107 107 107 107 107 107 107 107 107 107 107 107 107 107 107 107 107 108 108 108 108 108 108 108 108 108 108 108 108 108 108 108 108 108 108 109 109 109 109 109 109 109 109 109 109 110 110 110 111 111 111 111 111 111 111 111 111 111 111 111 111 111 111 111 94 94 94 94 94 94 94 95 95 95 95 95 95 95 95 95 96 96 96 96 96 96 96 96 96 96 96 97 97 97 97 97 97 97 97 97 97 97 98 98 98 98 98 98 98 98 98 98 98 99 99 99 99 99 99 99 99 99 99 100 100 100 100 100 100 100 100 100 100 101 101 101 101 101 101 101 101 101 101 101 101 102 102 102 102 102 102 102 102 102 102 103 103 103 103 103 103 103 103 103 103 104 104 104 104 104 104 104 104 104 104 104 104 105 105 105 105 105 105 105 105 105 105 105 105 105 106 106 106 106 106 106 106 106 106 106 106 106 106 106 106 106 106 106 107 107 107 107 107 107 107 107 107 107 107 107 107 107 107 108 108 108 108 108 108 108 108 108 108 108 108 108 108 108 108 108 108 109 109 109 109 109 109 109 109 109 109 109 109 109 111 111 111 111 111 111 111 111 111 111 111 111 111 111 111 111 111 111 111 111 94 94 94 94 95 95 95 95 95 95 95 95 95 96 96 96 96 96 96 96 96 96 96 97 97 97 97 97 97 97 97 97 97 97 98 98 98 98 98 98 98 98 98 98 98 99 99 99 99 99 99 99 99 99 99 99 100 100 100 100 100 100 100 100 100 100 101 101 101 101 101 101 101 101 101 101 101 101 102 102 102 102 102 102 102 102 102 102 103 103 103 103 103 103 103 103 103 103 104 104 104 104 104 104 104 104 104 104 104 105 105 105 105 105 105 105 105 105 105 105 105 105 106 106 106 106 106 106 106 106 106 106 106 106 106 106 107 107 106 106 107 107 107 107 107 107 107 107 107 107 107 107 107 107 107 108 108 108 108 108 108 108 108 108 108 108 108 108 108 108 108 108 109 109 109 109 109 109 109 109 109 109 109 109 109 109 109 109 111 111 111 111 111 111 111 111 111 111 111 111 111 111 111 111 111 111 111 112 112 112 112 112 94 94 95 95 95 95 95 95 95 95 95 96 96 96 96 96 96 96 96 96 96 96 97 97 97 97 97 97 97 97 97 97 98 98 98 98 98 98 98 98 98 98 98 98 99 99 99 99 99 99 99 99 99 100 100 100 100 100 100 100 100 100 100 100 101 101 101 101 101 101 101 101 101 101 101 101 102 102 102 102 102 102 102 102 102 102 103 103 103 103 103 103 103 103 103 103 104 104 104 104 104 104 104 104 104 104 104 105 105 105 105 105 105 105 105 105 105 105 105 106 106 106 106 106 106 106 106 106 106 106 106 106 106 107 107 107 107 107 107 107 107 107 107 107 107 107 107 107 107 107 107 107 108 108 108 108 108 108 108 108 108 108 108 108 108 108 108 108 108 109 109 109 109 109 109 109 109 109 109 109 109 109 109 109 109 109 109 111 111 111 111 111 111 111 111 111 111 111 111 111 111 111 111 112 112 112 112 112 112 112 112 112 94 95 95 95 95 95 95 95 95 95 96 96 96 96 96 96 96 96 96 96 97 97 97 97 97 97 97 97 97 97 97 98 98 98 98 98 98 98 98 98 98 98 98 99 99 99 99 99 99 99 99 99 100 100 100 100 100 100 100 100 100 100 101 101 101 101 101 101 101 101 101 101 101 101 102 102 102 102 102 102 102 102 102 102 102 103 103 103 103 103 103 103 103 103 103 104 104 104 104 104 104 104 104 104 104 105 105 105 105 105 105 105 105 105 105 105 105 105 106 106 106 106 106 106 106 106 106 106 106 106 106 107 107 107 107 107 107 107 107 107 107 107 107 107 107 107 107 107 107 107 108 108 108 108 108 108 108 108 108 108 108 108 108 108 108 108 109 109 109 109 109 109 109 109 109 109 109 109 109 109 109 109 109 109 109 110 110 111 111 111 111 111 111 111 111 111 111 111 111 111 112 112 112 112 112 112 112 112 112 112 112 112 112 95 95 95 95 95 95 95 95 95 96 96 96 96 96 96 96 96 96 96 97 97 97 97 97 97 97 97 97 97 98 98 98 98 98 98 98 98 98 98 98 98 99 99 99 99 99 99 99 99 99 99 100 100 100 100 100 100 100 100 100 100 101 101 101 101 101 101 101 101 101 101 101 102 102 102 102 102 102 102 102 102 102 102 103 103 103 103 103 103 103 103 103 103 103 104 104 104 104 104 104 104 104 104 104 105 105 105 105 105 105 105 105 105 105 105 105 105 106 106 106 106 106 106 106 106 106 106 106 106 107 107 107 107 107 107 107 107 107 107 107 107 107 107 107 107 107 108 108 108 108 108 108 108 108 108 108 108 108 108 108 108 108 108 108 109 109 109 109 109 109 109 109 109 109 109 109 109 109 109 109 109 109 110 110 110 110 110 111 111 111 111 111 111 111 111 111 111 112 112 112 112 112 112 112 112 112 112 112 112 112 112 112 112 112 112 95 95 95 95 95 95 95 96 96 96 96 96 96 96 96 96 97 97 97 97 97 97 97 97 97 97 98 98 98 98 98 98 98 98 98 98 99 98 98 98 98 98 99 99 99 99 99 99 99 99 99 99 100 100 100 100 100 100 100 100 100 100 100 101 101 101 101 101 101 101 101 101 101 101 102 102 102 102 102 102 102 102 102 102 102 103 103 103 103 103 103 103 103 103 103 103 103 103 103 104 104 104 104 104 104 104 104 104 104 104 104 104 105 105 105 105 105 105 105 105 105 105 105 105 105 106 106 106 106 106 106 106 106 106 106 106 106 106 106 106 107 107 107 107 107 107 107 107 107 107 107 107 107 107 107 107 107 108 108 108 108 108 108 108 108 108 108 108 108 108 108 108 108 108 108 108 108 109 109 109 109 109 109 109 109 109 109 111 111 111 111 111 111 111 111 111 111 111 111 111 112 112 112 112 112 112 112 112 112 112 112 112 112 112 112 112 95 95 95 95 95 95 96 96 96 96 96 96 96 96 96 96 97 97 97 97 97 97 97 97 97 97 98 98 98 98 98 98 98 98 98 98 99 99 98 98 98 99 99 99 99 99 99 99 99 99 99 99 100 100 100 100 100 100 100 100 100 100 101 101 101 101 101 101 101 101 101 101 101 102 102 102 102 102 102 102 102 102 102 102 102 103 103 103 103 103 103 103 103 103 103 103 103 103 103 104 104 104 104 104 104 104 104 104 104 104 104 105 105 105 105 105 105 105 105 105 105 105 105 105 105 106 106 106 106 106 106 106 106 106 106 106 106 106 107 107 107 107 107 107 107 107 107 107 107 107 107 107 107 107 107 108 108 108 108 108 108 108 108 108 108 108 108 108 108 108 108 108 108 108 109 109 109 109 109 109 109 109 109 109 109 109 109 109 111 111 111 111 111 111 111 111 111 111 112 112 112 112 112 112 112 112 112 112 112 112 112 112 112 112 112 112 112 95 95 95 95 95 96 96 96 96 96 96 96 96 96 96 97 97 97 97 97 97 97 97 97 97 98 98 98 98 98 98 98 98 98 98 99 99 99 98 98 99 99 99 99 99 99 99 99 99 99 99 100 100 100 100 100 100 100 100 100 100 101 101 101 101 101 101 101 101 101 101 101 102 102 102 102 102 102 102 102 102 102 102 102 103 103 103 103 103 103 103 103 103 103 103 103 103 104 104 104 104 104 104 104 104 104 104 104 104 105 105 105 105 105 105 105 105 105 105 105 105 105 106 106 106 106 106 106 106 106 106 106 106 106 106 106 106 106 107 107 107 107 107 107 107 107 107 107 107 107 107 107 107 108 108 108 108 108 108 108 108 108 108 108 108 108 108 108 108 108 108 109 109 109 109 109 109 109 109 109 109 109 109 109 109 109 109 109 111 111 111 111 111 111 111 112 112 112 112 112 112 112 112 112 112 112 112 112 112 112 112 112 112 112 112 112 95 95 95 95 96 96 96 96 96 96 96 96 96 96 97 97 97 97 97 97 97 97 97 97 98 98 98 98 98 98 98 98 98 98 99 99 99 99 98 99 99 99 99 99 99 99 99 99 99 99 100 100 100 100 100 100 100 100 100 100 101 101 101 101 101 101 101 101 101 101 102 102 102 102 102 102 102 102 102 102 102 102 103 103 103 103 103 103 103 103 103 103 103 103 103 104 104 104 104 104 104 104 104 104 104 104 104 105 105 105 105 105 105 105 105 105 105 105 105 105 105 106 106 106 106 106 106 106 106 106 106 106 106 106 106 107 107 107 107 107 107 107 107 107 107 107 107 107 107 108 108 108 108 108 108 108 108 108 108 108 108 108 108 108 108 108 108 108 109 109 109 109 109 109 109 109 109 109 109 109 109 109 109 109 109 109 109 109 111 111 111 111 111 112 112 112 112 112 112 112 112 112 112 112 112 112 112 112 112 112 112 112 112 112 112 112 112 95 95 95 96 96 96 96 96 96 96 96 96 96 97 97 97 97 97 97 97 97 97 97 98 98 98 98 98 98 98 98 98 98 99 99 99 99 99 99 99 99 99 99 99 99 99 99 99 99 100 100 100 100 100 100 100 100 100 101 101 101 101 101 101 101 101 101 101 101 102 102 102 102 102 102 102 102 102 102 102 102 103 103 103 103 103 103 103 103 103 103 103 103 103 103 104 104 104 104 104 104 104 104 104 104 105 105 105 105 105 105 105 105 105 105 105 105 105 105 105 106 106 106 106 106 106 106 106 106 106 106 106 106 107 107 107 107 107 107 107 107 107 107 107 107 107 107 108 108 108 108 108 108 108 108 108 108 108 108 108 108 108 108 108 108 109 109 109 109 109 109 109 109 109 109 109 109 109 109 109 109 109 109 109 109 109 110 110 111 112 112 112 112 112 112 112 112 112 112 112 112 112 112 112 112 112 112 112 112 112 112 112 112 112 113 113 113 113 95 96 96 96 96 96 96 96 96 96 96 97 97 97 97 97 97 97 97 97 97 98 98 98 98 98 98 98 98 98 98 99 99 99 99 99 99 99 99 99 99 99 99 99 99 99 100 100 100 100 100 100 100 100 100 100 101 101 101 101 101 101 101 101 101 101 101 102 102 102 102 102 102 102 102 102 102 102 103 103 103 103 103 103 103 103 103 103 103 103 103 104 104 104 104 104 104 104 104 104 104 104 104 105 105 105 105 105 105 105 105 105 105 105 105 105 106 106 106 106 106 106 106 106 106 106 106 106 106 106 107 107 107 107 107 107 107 107 107 107 107 107 107 107 108 108 108 108 108 108 108 108 108 108 108 108 108 108 108 108 108 108 109 109 109 109 109 109 109 109 109 109 109 109 109 109 109 109 109 109 109 109 110 110 110 110 110 112 112 112 112 112 112 112 112 112 112 112 112 112 112 112 112 112 112 112 112 112 112 112 113 113 113 113 113 113 113 113 113 96 96 96 96 96 96 96 97 97 97 97 97 97 97 97 97 97 98 98 98 98 98 98 98 98 98 98 99 99 99 99 99 99 99 99 99 99 99 99 99 99 99 100 100 100 100 100 100 100 100 100 100 101 101 101 101 101 101 101 101 101 101 102 102 102 102 102 102 102 102 102 102 102 103 103 103 103 103 103 103 103 103 103 103 103 103 103 104 104 104 104 104 104 104 104 104 104 104 105 105 105 105 105 105 105 105 105 105 105 105 105 106 106 106 106 106 106 106 106 106 106 106 106 106 106 107 107 107 107 107 107 107 107 107 107 107 107 107 107 108 108 108 108 108 108 108 108 108 108 108 108 108 108 108 108 108 108 109 109 109 109 109 109 109 109 109 109 109 109 109 109 109 109 109 109 109 110 110 110 110 110 110 110 110 112 112 112 112 112 112 112 112 112 112 112 112 112 112 112 112 112 112 112 113 113 113 113 113 113 113 113 113 113 113 113 113 113 113 113 113 96 96 96 96 96 97 97 97 97 97 97 97 97 97 97 98 98 98 98 98 98 98 98 98 98 99 99 99 99 99 99 99 99 99 99 99 99 99 99 100 100 100 100 100 100 100 100 100 100 100 101 101 101 101 101 101 101 101 101 101 102 102 102 102 102 102 102 102 102 102 102 103 103 103 103 103 103 103 103 103 103 103 103 103 103 104 104 104 104 104 104 104 104 104 104 105 105 105 105 105 105 105 105 105 105 105 105 105 105 106 106 106 106 106 106 106 106 106 106 106 106 106 107 107 107 107 107 107 107 107 107 107 107 107 107 107 108 108 108 108 108 108 108 108 108 108 108 108 108 108 108 108 108 109 109 109 109 109 109 109 109 109 109 109 109 109 109 109 109 109 109 109 110 110 110 110 110 110 110 110 110 110 110 112 112 112 112 112 112 112 112 112 112 112 112 112 112 112 112 113 113 113 113 113 113 113 113 113 113 113 113 113 113 113 113 113 113 113 114 114 114 114 96 96 96 96 97 97 97 97 97 97 97 97 97 97 98 98 98 98 98 98 98 98 98 98 99 99 99 99 99 99 99 99 99 99 99 99 99 99 100 100 100 100 100 100 100 100 100 100 100 100 101 101 101 101 101 101 101 101 101 102 102 102 102 102 102 102 102 102 102 103 103 103 103 103 103 103 103 103 103 103 103 103 104 103 104 104 104 104 104 104 104 104 104 104 105 105 105 105 105 105 105 105 105 105 105 105 105 106 106 106 106 106 106 106 106 106 106 106 106 106 107 107 107 107 107 107 107 107 107 107 107 107 107 108 108 108 108 108 108 108 108 108 108 108 108 108 108 108 108 108 109 109 109 109 109 109 109 109 109 109 109 109 109 109 109 109 109 109 109 110 110 110 110 110 110 110 110 110 110 110 110 110 110 112 112 112 112 112 112 112 112 112 112 112 112 113 113 113 113 113 113 113 113 113 113 113 113 113 113 113 113 113 113 113 113 113 114 114 114 114 114 96 96 96 97 97 97 97 97 97 97 97 97 97 98 98 98 98 98 98 98 98 98 98 99 99 99 99 99 99 99 99 99 99 99 99 99 99 100 100 100 100 100 100 100 100 100 100 100 101 101 101 101 101 101 101 101 101 101 102 102 102 102 102 102 102 102 102 103 103 103 103 103 103 103 103 103 103 103 103 104 104 104 104 104 104 104 104 104 104 104 104 104 105 105 105 105 105 105 105 105 105 105 105 105 105 106 106 106 106 106 106 106 106 106 106 106 106 106 107 107 107 107 107 107 107 107 107 107 107 107 107 107 108 108 108 108 108 108 108 108 108 108 108 108 108 108 108 108 109 109 109 109 109 109 109 109 109 109 109 109 109 109 109 109 109 109 110 110 110 110 110 110 110 110 110 110 110 110 110 110 110 110 110 112 112 112 112 112 112 112 112 112 112 113 113 113 113 113 113 113 113 113 113 113 113 113 113 113 113 113 113 113 113 113 113 113 113 113 114 114 114 114 114 114 114 114 114 114 96 97 97 97 97 97 97 97 97 97 97 98 98 98 98 98 98 98 98 98 98 99 99 99 99 99 99 99 99 99 99 100 99 99 99 100 100 100 100 100 100 100 100 100 100 101 101 101 101 101 101 101 101 101 101 101 102 102 102 102 102 102 102 102 102 103 103 103 103 103 103 103 103 103 103 103 103 104 104 104 104 104 104 104 104 104 104 104 104 104 105 105 105 105 105 105 105 105 105 105 105 106 106 106 106 106 106 106 106 106 106 106 106 106 106 107 107 107 107 107 107 107 107 107 107 107 107 107 108 108 108 108 108 108 108 108 108 108 108 108 108 108 108 109 109 109 109 109 109 109 109 109 109 109 109 109 109 109 109 109 109 109 110 110 110 110 110 110 110 110 110 110 110 110 110 110 110 110 110 110 110 110 112 112 112 112 112 112 112 113 113 113 113 113 113 113 113 113 113 113 113 113 113 113 113 113 113 113 113 113 113 113 113 113 113 113 114 114 114 114 114 114 114 114 114 114 114 114 114 97 97 97 97 97 97 97 97 97 97 98 98 98 98 98 98 98 98 98 98 99 99 99 99 99 99 99 99 99 99 100 100 99 99 100 100 100 100 100 100 100 100 100 100 101 101 101 101 101 101 101 101 101 101 101 101 102 102 102 102 102 102 102 102 103 103 103 103 103 103 103 103 103 103 103 103 104 104 104 104 104 104 104 104 104 104 104 104 104 105 105 105 105 105 105 105 105 105 105 105 106 106 106 106 106 106 106 106 106 106 106 106 106 107 107 107 107 107 107 107 107 107 107 107 107 107 107 108 108 108 108 108 108 108 108 108 108 108 108 108 108 109 109 109 109 109 109 109 109 109 109 109 109 109 109 109 109 109 109 110 110 110 110 110 110 110 110 110 110 110 110 110 110 110 110 110 110 110 110 110 110 111 112 112 112 112 113 113 113 113 113 113 113 113 113 113 113 113 113 113 113 113 113 113 113 113 113 113 113 113 113 113 113 114 114 114 114 114 114 114 114 114 114 114 114 114 114 114 97 97 97 97 97 97 97 97 97 98 98 98 98 98 98 98 98 98 98 99 99 99 99 99 99 99 99 99 99 100 100 100 99 100 100 100 100 100 100 100 100 100 100 101 101 101 101 101 101 101 101 101 101 101 102 102 102 102 102 102 102 102 102 103 103 103 103 103 103 103 103 103 103 103 104 104 104 104 104 104 104 104 104 104 104 104 104 104 105 105 105 105 105 105 105 105 105 105 106 106 106 106 106 106 106 106 106 106 106 106 106 107 107 107 107 107 107 107 107 107 107 107 107 107 107 108 108 108 108 108 108 108 108 108 108 108 108 108 108 109 109 109 109 109 109 109 109 109 109 109 109 109 109 109 109 109 109 110 110 110 110 110 110 110 110 110 110 110 110 110 110 110 110 110 110 110 110 110 111 111 111 111 112 113 113 113 113 113 113 113 113 113 113 113 113 113 113 113 113 113 113 113 113 113 113 113 113 113 113 114 114 114 114 114 114 114 114 114 114 114 114 114 114 114 114 114 114 114 97 97 97 97 97 97 97 97 98 98 98 98 98 98 98 98 98 98 99 99 99 99 99 99 99 99 99 99 100 100 100 100 100 100 100 100 100 100 100 100 100 100 101 101 101 101 101 101 101 101 101 101 102 102 102 102 102 102 102 102 102 102 103 103 103 103 103 103 103 103 103 103 104 104 104 104 104 104 104 104 104 104 104 104 104 104 104 105 105 105 105 105 105 105 105 105 105 106 106 106 106 106 106 106 106 106 106 106 106 107 107 107 107 107 107 107 107 107 107 107 107 107 107 108 108 108 108 108 108 108 108 108 108 108 108 108 108 109 109 109 109 109 109 109 109 109 109 109 109 109 109 109 109 109 110 110 110 110 110 110 110 110 110 110 110 110 110 110 110 110 110 110 110 110 110 111 111 111 111 111 111 111 113 113 113 113 113 113 113 113 113 113 113 113 113 113 113 113 113 113 113 113 113 113 113 113 114 114 114 114 114 114 114 114 114 114 114 114 114 114 114 114 114 114 114 114 114 114 97 97 97 97 97 97 98 98 98 98 98 98 98 98 98 98 99 99 99 99 99 99 99 99 99 99 100 100 100 100 100 100 100 100 100 100 100 100 100 100 101 101 101 101 101 101 101 101 101 101 102 102 102 102 102 102 102 102 102 102 103 103 103 103 103 103 103 103 103 103 104 104 104 104 104 104 104 104 104 104 104 104 104 105 105 105 105 105 105 105 105 105 105 105 105 106 106 106 106 106 106 106 106 106 106 106 107 107 107 107 107 107 107 107 107 107 107 107 107 107 108 108 108 108 108 108 108 108 108 108 108 108 108 108 109 109 109 109 109 109 109 109 109 109 109 109 109 109 109 109 109 109 110 110 110 110 110 110 110 110 110 110 110 110 110 110 110 110 110 110 110 111 111 111 111 111 111 111 111 111 111 113 113 113 113 113 113 113 113 113 113 113 113 113 113 113 113 113 113 113 113 113 114 114 114 114 114 114 114 114 114 114 114 114 114 114 114 114 114 114 114 114 114 114 114 114 114 97 97 97 97 97 98 98 98 98 98 98 98 98 98 98 99 99 99 99 99 99 99 99 99 99 100 100 100 100 100 100 100 100 100 100 100 100 100 100 101 101 101 101 101 101 101 101 101 101 102 102 102 102 102 102 102 102 102 102 102 103 103 103 103 103 103 103 103 103 104 104 104 104 104 104 104 104 104 104 105 105 104 105 105 105 105 105 105 105 105 105 105 105 105 106 106 106 106 106 106 106 106 106 106 106 107 107 107 107 107 107 107 107 107 107 107 107 107 108 108 108 108 108 108 108 108 108 108 108 108 108 109 109 109 109 109 109 109 109 109 109 109 109 109 109 109 109 109 109 110 110 110 110 110 110 110 110 110 110 110 110 110 110 110 110 110 110 110 111 111 111 111 111 111 111 111 111 111 111 111 111 113 113 113 113 113 113 113 113 113 113 113 113 113 113 113 113 113 114 114 114 114 114 114 114 114 114 114 114 114 114 114 114 114 114 114 114 114 114 114 114 114 114 114 114 114 114 97 97 97 97 98 98 98 98 98 98 98 98 98 99 99 99 99 99 99 99 99 99 99 100 100 100 100 100 100 100 100 100 100 100 100 100 100 101 101 101 101 101 101 101 101 101 101 102 102 102 102 102 102 102 102 102 102 102 103 103 103 103 103 103 103 103 103 104 104 104 104 104 104 104 104 104 104 105 105 105 105 105 105 105 105 105 105 105 105 105 105 106 106 106 106 106 106 106 106 106 106 106 107 107 107 107 107 107 107 107 107 107 107 107 107 108 108 108 108 108 108 108 108 108 108 108 108 108 108 109 109 109 109 109 109 109 109 109 109 109 109 109 109 109 109 110 110 110 110 110 110 110 110 110 110 110 110 110 110 110 110 110 110 110 111 111 111 111 111 111 111 111 111 111 111 111 111 111 111 111 113 113 113 113 113 113 113 113 113 113 113 113 113 113 114 114 114 114 114 114 114 114 114 114 114 114 114 114 114 114 114 114 114 114 114 114 114 114 114 114 114 114 114 114 114 115 97 98 98 98 98 98 98 98 98 98 98 99 99 99 99 99 99 99 99 99 100 100 100 100 100 100 100 100 100 100 100 100 100 100 101 101 101 101 101 101 101 101 101 101 102 102 102 102 102 102 102 102 102 102 102 103 103 103 103 103 103 103 103 103 104 104 104 104 104 104 104 104 104 104 105 105 105 105 105 105 105 105 105 105 105 105 105 106 106 106 106 106 106 106 106 106 106 106 107 107 107 107 107 107 107 107 107 107 107 107 107 108 108 108 108 108 108 108 108 108 108 108 108 108 108 109 109 109 109 109 109 109 109 109 109 109 109 109 109 109 109 110 110 110 110 110 110 110 110 110 110 110 110 110 110 110 110 110 110 111 111 111 111 111 111 111 111 111 111 111 111 111 111 111 111 111 111 111 113 113 113 113 113 113 113 113 113 113 114 114 114 114 114 114 114 114 114 114 114 114 114 114 114 114 114 114 114 114 114 114 114 114 114 114 114 114 114 114 114 115 115 115 115 115 98 98 98 98 98 98 98 99 99 99 99 99 99 99 99 99 100 100 100 100 100 100 100 100 100 100 100 100 100 100 101 101 101 101 101 101 101 101 101 101 102 102 102 102 102 102 102 102 102 102 103 103 103 103 103 103 103 103 103 103 104 104 104 104 104 104 104 104 104 104 105 105 105 105 105 105 105 105 105 105 105 105 106 106 106 106 106 106 106 106 106 106 106 106 107 107 107 107 107 107 107 107 107 107 107 107 108 108 108 108 108 108 108 108 108 108 108 108 108 108 109 109 109 109 109 109 109 109 109 109 109 109 109 109 109 110 110 110 110 110 110 110 110 110 110 110 110 110 110 110 110 110 110 111 111 111 111 111 111 111 111 111 111 111 111 111 111 111 111 111 111 111 111 111 111 113 113 113 113 113 113 113 113 114 114 114 114 114 114 114 114 114 114 114 114 114 114 114 114 114 114 114 114 114 114 114 114 114 114 114 114 114 115 115 115 115 115 115 115 115 115 98 98 98 98 98 99 99 99 99 99 99 99 99 99 99 100 100 100 100 100 100 100 100 100 100 100 100 100 101 101 101 101 101 101 101 101 101 101 102 102 102 102 102 102 102 102 102 102 103 103 103 103 103 103 103 103 103 103 103 104 104 104 104 104 104 104 104 104 105 105 105 105 105 105 105 105 105 105 105 105 106 106 106 106 106 106 106 106 106 106 106 107 107 107 107 107 107 107 107 107 107 107 107 108 108 108 108 108 108 108 108 108 108 108 108 108 108 109 109 109 109 109 109 109 109 109 109 109 109 109 109 109 110 110 110 110 110 110 110 110 110 110 110 110 110 110 110 110 110 110 111 111 111 111 111 111 111 111 111 111 111 111 111 111 111 111 111 111 111 111 111 111 112 112 113 113 113 113 113 114 114 114 114 114 114 114 114 114 114 114 114 114 114 114 114 114 114 114 114 114 114 114 114 114 114 114 114 114 115 115 115 115 115 115 115 115 115 115 115 115 98 98 98 98 99 99 99 99 99 99 99 99 99 99 100 100 100 100 100 100 100 100 100 100 100 100 100 101 101 101 101 101 101 101 101 101 101 102 102 102 102 102 102 102 102 102 102 103 103 103 103 103 103 103 103 103 103 103 104 104 104 104 104 104 104 104 105 105 105 105 105 105 105 105 105 105 105 105 105 106 106 106 106 106 106 106 106 106 106 106 107 107 107 107 107 107 107 107 107 107 107 108 108 108 108 108 108 108 108 108 108 108 108 108 108 109 109 109 109 109 109 109 109 109 109 109 109 109 109 109 110 110 110 110 110 110 110 110 110 110 110 110 110 110 110 110 110 111 111 111 111 111 111 111 111 111 111 111 111 111 111 111 111 111 111 111 111 111 111 112 112 112 112 112 113 113 113 114 114 114 114 114 114 114 114 114 114 114 114 114 114 114 114 114 114 114 114 114 114 114 114 114 114 114 115 115 115 115 115 115 115 115 115 115 115 115 115 115 115 115 98 98 98 98 99 99 99 99 99 99 99 99 99 99 100 100 100 100 100 100 100 100 100 100 101 100 100 101 101 101 101 101 101 101 101 101 101 102 102 102 102 102 102 102 102 102 102 103 103 103 103 103 103 103 103 103 103 104 104 104 104 104 104 104 104 104 104 105 105 105 105 105 105 105 105 105 105 105 105 106 106 106 106 106 106 106 106 106 106 106 107 107 107 107 107 107 107 107 107 107 107 108 108 108 108 108 108 108 108 108 108 108 108 108 109 109 109 109 109 109 109 109 109 109 109 109 109 109 110 110 110 110 110 110 110 110 110 110 110 110 110 110 110 110 110 110 111 111 111 111 111 111 111 111 111 111 111 111 111 111 111 111 111 111 111 111 111 112 112 112 112 112 112 112 112 114 114 114 114 114 114 114 114 114 114 114 114 114 114 114 114 114 114 114 114 114 114 114 114 114 114 115 115 115 115 115 115 115 115 115 115 115 115 115 115 115 115 115 115 115 115 98 98 98 98 98 99 99 99 99 99 99 99 99 99 99 100 100 100 100 100 100 100 100 100 100 101 101 100 101 101 101 101 101 101 101 101 101 101 102 102 102 102 102 102 102 102 102 102 103 103 103 103 103 103 103 103 103 104 104 104 104 104 104 104 104 104 104 104 105 105 105 105 105 105 105 105 105 105 105 106 106 106 106 106 106 106 106 106 106 106 107 107 107 107 107 107 107 107 107 107 107 107 108 108 108 108 108 108 108 108 108 108 108 108 109 109 109 109 109 109 109 109 109 109 109 109 109 109 110 110 110 110 110 110 110 110 110 110 110 110 110 110 110 110 110 110 111 111 111 111 111 111 111 111 111 111 111 111 111 111 111 111 111 111 111 111 112 112 112 112 112 112 112 112 112 112 112 114 114 114 114 114 114 114 114 114 114 114 114 114 114 114 114 114 114 114 114 114 114 114 115 115 115 115 115 115 115 115 115 115 115 115 115 115 115 115 115 115 115 115 115 115 98 98 98 98 98 98 99 99 99 99 99 99 99 99 99 99 100 100 100 100 100 100 100 100 100 101 101 101 101 101 101 101 101 101 101 101 101 101 102 102 102 102 102 102 102 102 102 102 103 103 103 103 103 103 103 103 103 104 104 104 104 104 104 104 104 104 104 104 105 105 105 105 105 105 105 105 105 106 105 106 106 106 106 106 106 106 106 106 106 106 107 107 107 107 107 107 107 107 107 107 107 108 108 108 108 108 108 108 108 108 108 108 108 108 109 109 109 109 109 109 109 109 109 109 109 109 109 110 110 110 110 110 110 110 110 110 110 110 110 110 110 110 110 110 110 111 111 111 111 111 111 111 111 111 111 111 111 111 111 111 111 111 111 111 112 112 112 112 112 112 112 112 112 112 112 112 112 112 114 114 114 114 114 114 114 114 114 114 114 114 114 114 114 114 114 114 114 114 115 115 115 115 115 115 115 115 115 115 115 115 115 115 115 115 115 115 115 115 115 115 115 115 98 98 98 98 98 99 99 99 99 99 99 99 99 99 99 100 100 100 100 100 100 100 100 100 100 101 101 101 101 101 101 101 101 101 101 101 101 102 102 102 102 102 102 102 102 102 102 103 103 103 103 103 103 103 103 103 103 104 104 104 104 104 104 104 104 104 105 105 105 105 105 105 105 105 105 105 106 106 106 106 106 106 106 106 106 106 106 106 107 107 107 107 107 107 107 107 107 107 107 108 108 108 108 108 108 108 108 108 108 108 108 108 109 109 109 109 109 109 109 109 109 109 109 109 109 110 110 110 110 110 110 110 110 110 110 110 110 110 110 110 110 110 111 111 111 111 111 111 111 111 111 111 111 111 111 111 111 111 111 111 111 112 112 112 112 112 112 112 112 112 112 112 112 112 112 112 112 112 114 114 114 114 114 114 114 114 114 114 114 114 114 114 114 114 114 115 115 115 115 115 115 115 115 115 115 115 115 115 115 115 115 115 115 115 115 115 115 115 115 115 115 115 98 98 98 98 98 98 98 98 99 99 99 99 99 99 99 99 99 99 100 100 100 100 100 100 100 100 100 101 101 101 101 101 101 101 101 101 101 101 101 102 102 102 102 102 102 102 102 102 102 103 103 103 103 103 103 103 103 103 104 104 104 104 104 104 104 104 104 104 105 105 105 105 105 105 105 105 105 105 106 106 106 106 106 106 106 106 106 106 106 106 107 107 107 107 107 107 107 107 107 107 107 108 108 108 108 108 108 108 108 108 108 108 108 109 109 109 109 109 109 109 109 109 109 109 109 109 110 110 110 110 110 110 110 110 110 110 110 110 110 110 110 110 110 111 111 111 111 111 111 111 111 111 111 111 111 111 111 111 111 111 111 112 112 112 112 112 112 112 112 112 112 112 112 112 112 112 112 112 112 112 112 114 114 114 114 114 114 114 114 114 114 114 114 114 114 115 115 115 115 115 115 115 115 115 115 115 115 115 115 115 115 115 115 115 115 115 115 115 115 115 115 115 115 115 98 98 98 98 98 98 98 99 99 99 99 99 99 99 99 99 99 100 100 100 100 100 100 100 100 100 101 101 101 101 101 101 101 101 101 101 101 101 102 102 102 102 102 102 102 102 102 102 103 103 103 103 103 103 103 103 103 103 104 104 104 104 104 104 104 104 104 105 105 105 105 105 105 105 105 105 105 106 106 106 106 106 106 106 106 106 106 106 106 107 107 107 107 107 107 107 107 107 107 107 108 108 108 108 108 108 108 108 108 108 108 109 109 109 109 109 109 109 109 109 109 109 109 109 110 110 110 110 110 110 110 110 110 110 110 110 110 110 110 110 111 111 111 111 111 111 111 111 111 111 111 111 111 111 111 111 111 111 112 112 112 112 112 112 112 112 112 112 112 112 112 112 112 112 112 112 112 112 112 112 112 114 114 114 114 114 114 114 114 114 114 114 115 115 115 115 115 115 115 115 115 115 115 115 115 115 115 115 115 115 115 115 115 115 115 115 115 115 115 115 115 115 116 98 98 98 98 98 98 99 99 99 99 99 99 99 99 99 99 100 100 100 100 100 100 100 100 100 101 101 101 101 101 101 101 101 101 101 101 101 101 102 102 102 102 102 102 102 102 102 103 103 103 103 103 103 103 103 103 103 104 104 104 104 104 104 104 104 104 105 105 105 105 105 105 105 105 105 105 105 106 106 106 106 106 106 106 106 106 106 106 107 107 107 107 107 107 107 107 107 107 108 108 108 108 108 108 108 108 108 108 108 109 109 109 109 109 109 109 109 109 109 109 109 109 110 110 110 110 110 110 110 110 110 110 110 110 110 110 110 110 111 111 111 111 111 111 111 111 111 111 111 111 111 111 111 111 111 111 111 112 112 112 112 112 112 112 112 112 112 112 112 112 112 112 112 112 112 112 112 112 112 113 113 114 114 114 114 114 114 114 114 115 115 115 115 115 115 115 115 115 115 115 115 115 115 115 115 115 115 115 115 115 115 115 115 115 115 115 115 115 116 116 116 116 116 98 98 98 98 98 99 99 99 99 99 99 99 99 99 100 100 100 100 100 100 100 100 100 100 101 101 101 101 101 101 101 101 101 101 101 101 102 102 102 102 102 102 102 102 102 103 103 103 103 103 103 103 103 103 103 104 104 104 104 104 104 104 104 104 105 105 105 105 105 105 105 105 105 105 106 106 106 106 106 106 106 106 106 106 106 106 107 107 107 107 107 107 107 107 107 108 108 108 108 108 108 108 108 108 108 108 108 109 109 109 109 109 109 109 109 109 109 109 109 110 110 110 110 110 110 110 110 110 110 110 110 110 110 110 111 111 111 111 111 111 111 111 111 111 111 111 111 111 111 111 111 111 112 112 112 112 112 112 112 112 112 112 112 112 112 112 112 112 112 112 112 112 112 112 112 113 113 113 113 113 114 114 114 114 114 114 115 115 115 115 115 115 115 115 115 115 115 115 115 115 115 115 115 115 115 115 115 115 115 115 115 115 115 115 115 116 116 116 116 116 116 116 98 98 98 98 98 98 99 99 99 99 99 99 99 99 99 99 100 100 100 100 100 100 100 100 100 100 101 101 101 101 101 101 101 101 101 101 101 102 102 102 102 102 102 102 102 102 102 103 103 103 103 103 103 103 103 103 104 104 104 104 104 104 104 104 104 105 105 105 105 105 105 105 105 105 105 106 106 106 106 106 106 106 106 106 106 106 106 107 107 107 107 107 107 107 107 107 108 108 108 108 108 108 108 108 108 108 108 109 109 109 109 109 109 109 109 109 109 109 109 109 110 110 110 110 110 110 110 110 110 110 110 110 110 110 111 111 111 111 111 111 111 111 111 111 111 111 111 111 111 111 111 111 111 112 112 112 112 112 112 112 112 112 112 112 112 112 112 112 112 112 112 112 112 112 113 113 113 113 113 113 113 113 114 114 114 115 115 115 115 115 115 115 115 115 115 115 115 115 115 115 115 115 115 115 115 115 115 115 115 115 115 115 115 116 116 116 116 116 116 116 116 116 116 116 116 98 98 98 98 98 98 99 99 99 99 99 99 99 99 99 99 99 100 100 100 100 100 100 100 100 100 101 101 101 101 101 101 101 101 101 101 101 102 102 102 102 102 102 102 102 102 102 103 103 103 103 103 103 103 103 103 104 104 104 104 104 104 104 104 104 105 105 105 105 105 105 105 105 105 105 106 106 106 106 106 106 106 106 106 106 106 107 107 107 107 107 107 107 107 107 107 108 108 108 108 108 108 108 108 108 108 109 109 109 109 109 109 109 109 109 109 109 109 109 110 110 110 110 110 110 110 110 110 110 110 110 110 110 111 111 111 111 111 111 111 111 111 111 111 111 111 111 111 111 111 111 112 112 112 112 112 112 112 112 112 112 112 112 112 112 112 112 112 112 112 112 112 113 113 113 113 113 113 113 113 113 113 113 115 115 115 115 115 115 115 115 115 115 115 115 115 115 115 115 115 115 115 115 115 115 115 115 115 115 115 115 116 116 116 116 116 116 116 116 116 116 116 116 116 116 116 116 116 116 98 98 98 98 98 98 99 99 99 99 99 99 99 99 99 99 100 100 100 100 100 100 100 100 100 100 101 101 101 101 101 101 101 101 101 101 101 102 102 102 102 102 102 102 102 102 103 103 103 103 103 103 103 103 103 104 104 104 104 104 104 104 104 104 104 105 105 105 105 105 105 105 105 105 106 106 106 106 106 106 106 106 106 106 106 107 107 107 107 107 107 107 107 107 107 108 108 108 108 108 108 108 108 108 108 109 109 109 109 109 109 109 109 109 109 109 109 110 110 110 110 110 110 110 110 110 110 110 110 110 110 111 111 111 111 111 111 111 111 111 111 111 111 111 111 111 111 111 111 112 112 112 112 112 112 112 112 112 112 112 112 112 112 112 112 112 112 112 112 113 113 113 113 113 113 113 113 113 113 113 113 113 113 115 115 115 115 115 115 115 115 115 115 115 115 115 115 115 115 115 115 115 115 115 115 115 115 115 116 116 116 116 116 116 116 116 116 116 116 116 116 116 116 116 116 116 116 116 116 116 98 98 98 98 98 99 99 99 99 99 99 99 99 99 99 99 100 100 100 100 100 100 100 100 100 101 101 101 101 101 101 101 101 101 101 101 102 102 102 102 102 102 102 102 102 103 103 103 103 103 103 103 103 103 103 104 104 104 104 104 104 104 104 104 105 105 105 105 105 105 105 105 105 106 106 106 106 106 106 106 106 106 107 106 107 107 107 107 107 107 107 107 107 107 108 108 108 108 108 108 108 108 108 108 109 109 109 109 109 109 109 109 109 109 109 110 110 110 110 110 110 110 110 110 110 110 110 110 110 111 111 111 111 111 111 111 111 111 111 111 111 111 111 111 111 111 112 112 112 112 112 112 112 112 112 112 112 112 112 112 112 112 112 112 112 112 113 113 113 113 113 113 113 113 113 113 113 113 113 113 113 113 113 115 115 115 115 115 115 115 115 115 115 115 115 115 115 115 115 115 115 115 115 115 115 116 116 116 116 116 116 116 116 116 116 116 116 116 116 116 116 116 116 116 116 116 116 116 116 116 116 98 99 99 99 99 99 99 99 99 99 99 100 100 100 100 100 100 100 100 101 101 101 101 101 101 101 101 101 101 101 102 102 102 102 102 102 102 102 102 102 103 103 103 103 103 103 103 103 103 104 104 104 104 104 104 104 104 104 105 105 105 105 105 105 105 105 105 106 106 106 106 106 106 106 106 106 107 107 107 107 107 107 107 107 107 107 107 108 108 108 108 108 108 108 108 108 108 108 109 109 109 109 109 109 109 109 109 109 109 110 110 110 110 110 110 110 110 110 110 110 110 110 111 111 111 111 111 111 111 111 111 111 111 111 111 111 111 111 111 112 112 112 112 112 112 112 112 112 112 112 112 112 112 112 112 112 112 112 113 113 113 113 113 113 113 113 113 113 113 113 113 113 113 113 113 113 113 113 115 115 115 115 115 115 115 115 115 115 115 115 115 115 115 115 115 115 115 116 116 116 116 116 116 116 116 116 116 116 116 116 116 116 116 116 116 116 116 116 116 116 116 116 116 116 116 116 116 99 99 99 99 99 99 99 99 99 100 100 100 100 100 100 100 101 101 101 101 101 101 101 101 101 101 101 102 102 102 102 102 102 102 102 102 103 103 103 103 103 103 103 103 103 104 104 104 104 104 104 104 104 104 105 105 105 105 105 105 105 105 105 106 106 106 106 106 106 106 106 106 107 107 107 107 107 107 107 107 107 107 107 108 108 108 108 108 108 108 108 108 108 109 109 109 109 109 109 109 109 109 109 109 110 110 110 110 110 110 110 110 110 110 110 110 110 111 111 111 111 111 111 111 111 111 111 111 111 111 111 111 111 111 112 112 112 112 112 112 112 112 112 112 112 112 112 112 112 112 112 112 112 112 113 113 113 113 113 113 113 113 113 113 113 113 113 113 113 113 113 113 113 113 113 115 115 115 115 115 115 115 115 115 115 115 115 115 115 115 115 116 116 116 116 116 116 116 116 116 116 116 116 116 116 116 116 116 116 116 116 116 116 116 116 116 116 116 116 116 116 116 116 116 99 99 99 99 99 100 100 100 100 100 100 100 101 101 101 101 101 101 101 101 102 101 102 102 102 102 102 102 102 102 102 103 103 103 103 103 103 103 103 103 104 104 104 104 104 104 104 104 104 105 105 105 105 105 105 105 105 105 106 106 106 106 106 106 106 106 106 107 107 107 107 107 107 107 107 107 107 107 108 108 108 108 108 108 108 108 108 108 109 109 109 109 109 109 109 109 109 109 109 110 110 110 110 110 110 110 110 110 110 110 110 111 111 111 111 111 111 111 111 111 111 111 111 111 111 111 111 112 112 112 112 112 112 112 112 112 112 112 112 112 112 112 112 112 112 112 113 113 113 113 113 113 113 113 113 113 113 113 113 113 113 113 113 113 113 113 113 113 113 113 114 115 115 115 115 115 115 115 115 115 115 115 115 115 116 116 116 116 116 116 116 116 116 116 116 116 116 116 116 116 116 116 116 116 116 116 116 116 116 116 116 116 116 116 116 116 116 116 117 117 117 100 100 101 101 101 101 101 101 101 101 102 101 102 102 102 102 102 102 102 102 102 103 103 103 103 103 103 103 103 103 104 104 104 104 104 104 104 104 104 105 105 105 105 105 105 105 105 105 106 106 106 106 106 106 106 106 107 107 107 107 107 107 107 107 107 107 107 108 108 108 108 108 108 108 108 108 108 109 109 109 109 109 109 109 109 109 109 110 110 110 110 110 110 110 110 110 110 110 110 111 111 111 111 111 111 111 111 111 111 111 111 111 111 111 111 111 112 112 112 112 112 112 112 112 112 112 112 112 112 112 112 112 112 112 113 113 113 113 113 113 113 113 113 113 113 113 113 113 113 113 113 113 113 113 113 113 113 114 114 114 114 115 115 115 115 115 115 115 115 115 115 115 116 116 116 116 116 116 116 116 116 116 116 116 116 116 116 116 116 116 116 116 116 116 116 116 116 116 116 116 116 116 116 116 117 117 117 117 117 117 101 101 101 101 101 101 101 101 102 102 102 102 102 102 102 102 102 102 103 103 103 103 103 103 103 103 103 104 104 104 104 104 104 104 104 104 105 105 105 105 105 105 105 105 105 106 106 106 106 106 106 106 106 107 107 107 107 107 107 107 107 107 107 107 108 108 108 108 108 108 108 108 108 108 109 109 109 109 109 109 109 109 109 109 110 110 110 110 110 110 110 110 110 110 110 111 111 111 111 111 111 111 111 111 111 111 111 111 111 111 111 112 112 112 112 112 112 112 112 112 112 112 112 112 112 112 112 112 112 112 113 113 113 113 113 113 113 113 113 113 113 113 113 113 113 113 113 113 113 113 113 113 114 114 114 114 114 114 114 115 115 115 115 115 115 115 115 116 116 116 116 116 116 116 116 116 116 116 116 116 116 116 116 116 116 116 116 116 116 116 116 116 116 116 116 116 116 116 117 117 117 117 117 117 117 117 117 101 101 101 101 101 101 102 102 102 102 102 102 102 102 102 102 102 103 103 103 103 103 103 103 103 103 104 104 104 104 104 104 104 104 105 105 105 105 105 105 105 105 105 106 106 106 106 106 106 106 106 106 107 107 107 107 107 107 107 107 107 107 108 108 108 108 108 108 108 108 108 109 109 109 109 109 109 109 109 109 109 110 110 110 110 110 110 110 110 110 110 110 111 111 111 111 111 111 111 111 111 111 111 111 111 111 111 112 112 112 112 112 112 112 112 112 112 112 112 112 112 112 112 112 112 112 112 113 113 113 113 113 113 113 113 113 113 113 113 113 113 113 113 113 113 113 113 113 114 114 114 114 114 114 114 114 114 114 115 115 115 115 115 116 116 116 116 116 116 116 116 116 116 116 116 116 116 116 116 116 116 116 116 116 116 116 116 116 116 116 116 116 116 116 117 117 117 117 117 117 117 117 117 117 101 101 101 101 101 101 102 102 102 102 102 102 102 102 102 102 103 103 103 103 103 103 103 103 103 104 104 104 104 104 104 104 104 104 105 105 105 105 105 105 105 105 106 106 106 106 106 106 106 106 106 107 107 107 107 107 107 107 107 107 107 108 108 108 108 108 108 108 108 108 109 109 109 109 109 109 109 109 109 109 110 110 110 110 110 110 110 110 110 110 110 111 111 111 111 111 111 111 111 111 111 111 111 111 111 112 112 112 112 112 112 112 112 112 112 112 112 112 112 112 112 112 112 112 113 113 113 113 113 113 113 113 113 113 113 113 113 113 113 113 113 113 113 113 113 114 114 114 114 114 114 114 114 114 114 114 114 114 115 115 115 116 116 116 116 116 116 116 116 116 116 116 116 116 116 116 116 116 116 116 116 116 116 116 116 116 116 116 116 116 117 117 117 117 117 117 117 117 117 117 117 117 101 101 101 101 101 101 102 102 102 102 102 102 102 102 102 103 103 103 103 103 103 103 103 103 104 104 104 104 104 104 104 104 104 105 105 105 105 105 105 105 105 105 106 106 106 106 106 106 106 106 107 107 107 107 107 107 107 107 107 107 108 108 108 108 108 108 108 108 108 109 109 109 109 109 109 109 109 109 109 110 110 110 110 110 110 110 110 110 110 110 111 111 111 111 111 111 111 111 111 111 111 111 111 112 112 112 112 112 112 112 112 112 112 112 112 112 112 112 112 112 112 112 113 113 113 113 113 113 113 113 113 113 113 113 113 113 113 113 113 113 113 113 114 114 114 114 114 114 114 114 114 114 114 114 114 114 114 114 115 116 116 116 116 116 116 116 116 116 116 116 116 116 116 116 116 116 116 116 116 116 116 116 116 116 116 116 116 117 117 117 117 117 117 117 117 117 117 117 117 117 117 100 100 100 100 100 101 101 101 101 101 101 101 101 102 102 102 102 102 102 102 102 102 102 103 103 103 103 103 103 103 103 103 104 104 104 104 104 104 104 104 105 105 105 105 105 105 105 105 105 106 106 106 106 106 106 106 106 107 107 107 107 107 107 107 107 107 107 107 108 108 108 108 108 108 108 108 109 109 109 109 109 109 109 109 109 109 110 110 110 110 110 110 110 110 110 110 111 111 111 111 111 111 111 111 111 111 111 111 111 112 112 112 112 112 112 112 112 112 112 112 112 112 112 112 112 112 112 113 113 113 113 113 113 113 113 113 113 113 113 113 113 113 113 113 113 113 113 113 114 114 114 114 114 114 114 114 114 114 114 114 114 114 114 114 114 114 116 116 116 116 116 116 116 116 116 116 116 116 116 116 116 116 116 116 116 116 116 116 116 116 116 116 117 117 117 117 117 117 117 117 117 117 117 117 117 117 117 117 117 100 100 100 100 100 100 100 100 100 101 101 101 101 101 101 101 101 102 102 102 102 102 102 102 102 102 102 102 103 103 103 103 103 103 103 103 104 104 104 104 104 104 104 104 104 105 105 105 105 105 105 105 105 106 106 106 106 106 106 106 106 106 107 107 107 107 107 107 107 107 108 107 108 108 108 108 108 108 108 108 109 109 109 109 109 109 109 109 109 109 110 110 110 110 110 110 110 110 110 110 111 111 111 111 111 111 111 111 111 111 111 111 112 112 112 112 112 112 112 112 112 112 112 112 112 112 112 112 112 112 112 113 113 113 113 113 113 113 113 113 113 113 113 113 113 113 113 113 113 113 114 114 114 114 114 114 114 114 114 114 114 114 114 114 114 114 114 114 114 114 114 116 116 116 116 116 116 116 116 116 116 116 116 116 116 116 116 116 116 116 116 116 116 116 117 117 117 117 117 117 117 117 117 117 117 117 117 117 117 117 117 117 117 117 117 117 117 117 117 117 117 100 100 100 100 100 100 100 100 100 101 101 101 101 101 101 101 101 101 102 102 102 102 102 102 102 102 102 103 103 103 103 103 103 103 103 103 104 104 104 104 104 104 104 104 105 105 105 105 105 105 105 105 105 106 106 106 106 106 106 106 106 107 107 107 107 107 107 107 107 108 108 108 108 108 108 108 108 108 108 108 109 109 109 109 109 109 109 109 110 110 110 110 110 110 110 110 110 110 111 111 111 111 111 111 111 111 111 111 111 111 112 112 112 112 112 112 112 112 112 112 112 112 112 112 112 112 112 113 113 113 113 113 113 113 113 113 113 113 113 113 113 113 113 113 113 113 113 113 114 114 114 114 114 114 114 114 114 114 114 114 114 114 114 114 114 114 114 114 114 114 114 116 116 116 116 116 116 116 116 116 116 116 116 116 116 116 116 116 116 116 116 117 117 117 117 117 117 117 117 117 117 117 117 117 117 117 117 117 117 117 117 117 117 117 117 117 117 117 117 117 117 117 117 100 100 100 100 100 100 100 100 101 101 101 101 101 101 101 101 101 102 102 102 102 102 102 102 102 102 102 103 103 103 103 103 103 103 103 104 104 104 104 104 104 104 104 104 105 105 105 105 105 105 105 105 106 106 106 106 106 106 106 106 107 107 107 107 107 107 107 107 107 108 108 108 108 108 108 108 108 108 108 109 109 109 109 109 109 109 109 110 110 110 110 110 110 110 110 110 110 111 111 111 111 111 111 111 111 111 111 111 111 112 112 112 112 112 112 112 112 112 112 112 112 112 112 112 112 113 113 113 113 113 113 113 113 113 113 113 113 113 113 113 113 113 113 113 113 113 114 114 114 114 114 114 114 114 114 114 114 114 114 114 114 114 114 114 114 114 114 114 114 114 115 116 116 116 116 116 116 116 116 116 116 116 116 116 116 116 116 116 116 117 117 117 117 117 117 117 117 117 117 117 117 117 117 117 117 117 117 117 117 117 117 117 117 117 117 117 117 117 117 117 117 117 117 117 117 100 100 100 100 100 100 100 100 100 101 101 101 101 101 101 101 101 102 102 102 102 102 102 102 102 102 102 103 103 103 103 103 103 103 103 103 104 104 104 104 104 104 104 104 105 105 105 105 105 105 105 105 105 106 106 106 106 106 106 106 106 107 107 107 107 107 107 107 107 108 108 108 108 108 108 108 108 108 108 109 109 109 109 109 109 109 109 110 110 110 110 110 110 110 110 110 110 111 111 111 111 111 111 111 111 111 111 111 112 112 112 112 112 112 112 112 112 112 112 112 112 112 112 112 113 113 113 113 113 113 113 113 113 113 113 113 113 113 113 113 113 113 113 113 113 114 114 114 114 114 114 114 114 114 114 114 114 114 114 114 114 114 114 114 114 114 114 114 115 115 115 115 116 116 116 116 116 116 116 116 116 116 116 116 116 116 116 117 117 117 117 117 117 117 117 117 117 117 117 117 117 117 117 117 117 117 117 117 117 117 117 117 117 117 117 117 117 117 117 117 117 117 117 117 117 117 117 100 100 100 100 100 100 100 100 101 101 101 101 101 101 101 101 102 102 102 102 102 102 102 102 102 102 103 103 103 103 103 103 103 103 104 104 104 104 104 104 104 104 104 105 105 105 105 105 105 105 105 106 106 106 106 106 106 106 106 107 107 107 107 107 107 107 107 108 108 108 108 108 108 108 108 108 108 109 109 109 109 109 109 109 109 109 110 110 110 110 110 110 110 110 110 111 111 111 111 111 111 111 111 111 111 112 112 112 112 112 112 112 112 112 112 112 112 112 112 112 113 113 113 113 113 113 113 113 113 113 113 113 113 113 113 113 113 113 113 113 113 114 114 114 114 114 114 114 114 114 114 114 114 114 114 114 114 114 114 114 114 114 114 114 114 115 115 115 115 115 115 116 116 116 116 116 116 116 116 116 116 116 116 116 117 117 117 117 117 117 117 117 117 117 117 117 117 117 117 117 117 117 117 117 117 117 117 117 117 117 117 117 117 117 117 117 117 117 117 118 118 117 117 117 117 117 117 100 100 100 100 100 100 101 101 101 101 101 101 101 101 101 102 102 102 102 102 102 102 102 102 103 103 103 103 103 103 103 103 103 104 104 104 104 104 104 104 104 105 105 105 105 105 105 105 105 105 106 106 106 106 106 106 106 106 107 107 107 107 107 107 107 107 108 108 108 108 108 108 108 108 108 109 109 109 109 109 109 109 109 109 110 110 110 110 110 110 110 110 111 111 111 111 111 111 111 111 111 111 111 112 112 112 112 112 112 112 112 112 112 112 112 112 112 113 113 113 113 113 113 113 113 113 113 113 113 113 113 113 113 113 113 113 113 113 114 114 114 114 114 114 114 114 114 114 114 114 114 114 114 114 114 114 114 114 114 114 114 115 115 115 115 115 115 115 115 115 116 116 116 116 116 116 116 116 116 116 117 117 117 117 117 117 117 117 117 117 117 117 117 117 117 117 117 117 117 117 117 117 117 117 117 117 117 117 117 117 117 117 117 117 118 118 118 118 118 118 117 117 117 117 117 100 100 100 100 101 101 101 101 101 101 101 101 101 102 102 102 102 102 102 102 102 102 103 103 103 103 103 103 103 103 103 104 104 104 104 104 104 104 104 105 105 105 105 105 105 105 105 106 106 106 106 106 106 106 106 107 107 107 107 107 107 107 107 108 108 108 108 108 108 108 108 108 108 109 109 109 109 109 109 109 109 110 110 110 110 110 110 110 110 111 111 111 111 111 111 111 111 111 111 112 112 112 112 112 112 112 112 112 112 112 112 112 112 113 113 113 113 113 113 113 113 113 113 113 113 113 113 113 113 113 113 113 113 114 114 114 114 114 114 114 114 114 114 114 114 114 114 114 114 114 114 114 114 114 114 114 115 115 115 115 115 115 115 115 115 115 115 115 116 116 116 116 116 116 116 116 117 117 117 117 117 117 117 117 117 117 117 117 117 117 117 117 117 117 117 117 117 117 117 117 117 117 117 117 117 117 117 117 118 118 118 118 118 118 118 118 118 118 117 117 117 117 100 100 100 101 101 101 101 101 101 101 101 101 102 102 102 102 102 102 102 102 102 103 103 103 103 103 103 103 103 103 104 104 104 104 104 104 104 104 105 105 105 105 105 105 105 105 106 106 106 106 106 106 106 106 107 107 107 107 107 107 107 107 108 108 108 108 108 108 108 108 108 109 109 109 109 109 109 109 109 110 110 110 110 110 110 110 110 111 111 111 111 111 111 111 111 111 111 112 112 112 112 112 112 112 112 112 112 112 112 112 113 113 113 113 113 113 113 113 113 113 113 113 113 113 113 113 113 113 113 113 113 114 114 114 114 114 114 114 114 114 114 114 114 114 114 114 114 114 114 114 114 114 114 114 115 115 115 115 115 115 115 115 115 115 115 115 115 116 116 116 116 116 116 117 117 117 117 117 117 117 117 117 117 117 117 117 117 117 117 117 117 117 117 117 117 117 117 117 117 117 117 117 117 117 118 118 118 118 118 118 118 118 118 118 118 118 118 118 117 118 118 118 118 118 100 100 100 101 101 101 101 101 101 101 101 101 102 102 102 102 102 102 102 102 103 103 103 103 103 103 103 103 103 104 104 104 104 104 104 104 104 105 105 105 105 105 105 105 105 106 106 106 106 106 106 106 106 107 107 107 107 107 107 107 108 108 108 108 108 108 108 109 109 109 109 109 109 109 109 110 110 110 110 110 110 110 110 111 111 111 111 111 111 111 111 111 112 112 112 112 112 112 112 112 112 112 112 113 113 113 113 113 113 113 113 113 113 113 113 113 113 113 113 113 113 113 113 113 113 113 113 113 113 113 113 113 113 114 114 114 114 114 114 114 114 114 114 114 114 114 114 114 114 114 114 114 114 114 114 114 115 115 115 115 115 115 115 115 115 115 116 116 116 116 116 116 116 116 116 116 116 116 116 116 116 116 116 116 117 117 117 117 117 117 117 117 117 117 117 117 117 117 117 117 117 117 117 117 117 117 117 117 117 117 117 117 117 117 117 117 118 118 118 118 118 118 118 118 118 118 118 100 100 100 100 101 101 101 101 101 101 101 101 101 102 102 102 102 102 102 102 102 103 103 103 103 103 103 103 103 104 104 104 104 104 104 104 104 105 105 105 105 105 105 105 105 106 106 106 106 106 106 106 106 107 107 107 107 107 107 107 107 108 108 108 108 108 108 108 109 109 109 109 109 109 109 109 110 110 110 110 110 110 110 111 111 111 111 111 111 111 111 111 112 112 112 112 112 112 112 112 112 112 113 113 113 113 113 113 113 113 113 113 113 113 113 113 113 113 113 113 113 113 113 113 113 113 113 113 113 113 113 114 114 114 114 114 114 114 114 114 114 114 114 114 114 114 114 114 114 114 114 114 114 114 115 115 115 115 115 115 115 115 115 115 115 115 115 116 116 116 116 116 116 116 116 116 116 116 116 116 116 116 117 117 117 117 117 117 117 117 117 117 117 117 117 117 117 117 117 117 117 117 117 117 117 117 117 117 117 117 117 117 117 117 117 117 117 118 118 118 118 118 118 118 118 118 118 118 99 99 100 100 100 100 100 100 100 100 101 101 101 101 101 101 101 101 101 102 102 102 102 102 102 102 102 103 103 103 103 103 103 103 103 104 104 104 104 104 104 104 104 105 105 105 105 105 105 105 105 106 106 106 106 106 106 106 106 107 107 107 107 107 107 107 108 108 108 108 108 108 108 109 109 109 109 109 109 109 109 110 110 110 110 110 110 110 110 111 111 111 111 111 111 111 111 112 112 112 112 112 112 112 112 112 113 113 113 113 113 113 113 113 113 113 113 113 113 113 113 114 114 113 113 113 113 113 113 113 113 113 113 113 113 114 114 114 114 114 114 114 114 114 114 114 114 114 114 114 114 114 114 114 114 114 114 114 114 115 115 115 115 115 115 115 115 115 115 115 115 115 115 116 116 116 116 116 116 116 116 116 116 116 116 117 117 117 117 117 117 117 117 117 117 117 117 117 117 117 117 117 117 117 117 117 117 117 117 117 117 117 117 117 117 117 117 117 117 117 117 117 117 118 118 118 118 118 118 118 118 118 118 118 118 99 99 99 100 100 100 100 100 100 100 100 101 101 101 101 101 101 101 101 101 102 102 102 102 102 102 102 103 103 103 103 103 103 103 103 103 104 104 104 104 104 104 104 104 105 105 105 105 105 105 105 105 106 106 106 106 106 106 106 107 107 107 107 107 107 107 107 108 108 108 108 108 108 108 109 109 109 109 109 109 109 109 110 110 110 110 110 110 110 111 111 111 111 111 111 111 111 112 112 112 112 112 112 112 112 112 113 113 113 113 113 113 113 113 113 113 113 113 113 113 114 114 114 114 113 113 113 113 113 113 113 113 113 113 114 114 114 114 114 114 114 114 114 114 114 114 114 114 114 114 114 114 114 114 114 114 114 114 115 115 115 115 115 115 115 115 115 115 115 115 115 115 115 115 116 116 116 116 116 116 116 116 116 117 117 117 117 117 117 117 117 117 117 117 117 117 117 117 117 117 117 117 117 117 117 117 117 117 117 117 117 117 117 117 117 117 117 117 117 117 117 117 117 118 118 118 118 118 118 118 118 118 118 118 118 118 99 99 99 100 100 100 100 100 100 100 100 101 101 101 101 101 101 101 101 101 102 102 102 102 102 102 102 103 103 103 103 103 103 103 103 103 104 104 104 104 104 104 104 105 105 105 105 105 105 105 105 106 106 106 106 106 106 106 106 107 107 107 107 107 107 107 107 108 108 108 108 108 108 108 109 109 109 109 109 109 109 110 110 110 110 110 110 110 111 111 111 111 111 111 111 111 112 112 112 112 112 112 112 112 112 113 113 113 113 113 113 113 113 113 113 113 113 113 114 114 114 114 114 114 113 113 113 113 113 113 113 114 114 114 114 114 114 114 114 114 114 114 114 114 114 114 114 114 114 114 114 114 114 114 114 115 115 115 115 115 115 115 115 115 115 115 115 115 115 115 115 115 115 115 116 116 116 116 116 116 117 117 117 117 117 117 117 117 117 117 117 117 117 117 117 117 117 117 117 117 117 117 117 117 117 117 117 117 117 117 117 117 117 117 117 117 117 117 118 118 118 118 118 118 118 118 118 118 118 118 118 118 118 118 118 118 118 118 99 100 100 100 100 100 100 100 100 100 101 101 101 101 101 101 101 101 101 102 102 102 102 102 102 102 103 103 103 103 103 103 103 103 103 104 104 104 104 104 104 104 105 105 105 105 105 105 105 105 106 106 106 106 106 106 106 106 107 107 107 107 107 107 107 108 108 108 108 108 108 108 108 109 109 109 109 109 109 109 110 110 110 110 110 110 110 111 111 111 111 111 111 111 112 112 112 112 112 112 112 112 113 113 113 113 113 113 113 113 113 113 113 113 113 113 114 114 114 114 114 114 114 113 113 113 113 113 114 114 114 114 114 114 114 114 114 114 114 114 114 114 114 114 114 114 114 114 114 114 114 114 114 115 115 115 115 115 115 115 115 115 115 115 115 115 115 115 115 115 115 115 115 116 116 116 117 117 117 117 117 117 117 117 117 117 117 117 117 117 117 117 117 117 117 117 117 117 117 117 117 117 117 117 117 117 117 117 117 117 117 117 117 118 118 118 118 118 118 118 118 118 118 118 118 118 118 118 118 118 118 118 118 118 118 118 118 118 100 100 100 100 100 100 100 100 101 101 101 101 101 101 101 101 102 102 102 102 102 102 102 102 103 103 103 103 103 103 103 103 104 104 104 104 104 104 104 104 105 105 105 105 105 105 105 105 106 106 106 106 106 106 106 107 107 107 107 107 107 107 107 108 108 108 108 108 108 108 109 109 109 109 109 109 109 110 110 110 110 110 110 110 111 111 111 111 111 111 111 111 112 112 112 112 112 112 112 113 113 113 113 113 113 113 113 113 113 113 113 113 114 114 114 114 114 114 114 114 114 113 113 113 113 114 114 114 114 114 114 114 114 114 114 114 114 114 114 114 114 114 114 114 114 114 114 114 115 115 115 115 115 115 115 115 115 115 115 115 115 115 115 115 115 115 115 115 115 115 115 116 116 117 117 117 117 117 117 117 117 117 117 117 117 117 117 117 117 117 117 117 117 117 117 117 117 117 117 117 117 117 117 117 117 117 117 118 118 118 118 118 118 118 118 118 118 118 118 118 118 118 118 118 118 118 118 118 118 118 118 118 118 118 118 118 118 118 100 100 100 100 100 100 101 101 101 101 101 101 101 101 102 102 102 102 102 102 102 102 103 103 103 103 103 103 103 103 104 104 104 104 104 104 104 104 105 105 105 105 105 105 105 105 106 106 106 106 106 106 106 107 107 107 107 107 107 107 107 108 108 108 108 108 108 108 109 109 109 109 109 109 109 110 110 110 110 110 110 110 111 111 111 111 111 111 111 112 112 112 112 112 112 112 112 113 113 113 113 113 113 113 113 113 113 113 114 114 114 114 114 114 114 114 114 114 114 113 114 114 114 114 114 114 114 114 114 114 114 114 114 114 114 114 114 114 114 114 114 114 114 114 115 115 115 115 115 115 115 115 115 115 115 115 115 115 115 115 115 115 115 115 115 115 115 115 115 117 117 117 117 117 117 117 117 117 117 117 117 117 117 117 117 117 117 117 117 117 117 117 117 117 117 117 117 117 117 117 117 118 118 118 118 118 118 118 118 118 118 118 118 118 118 118 118 118 118 118 118 118 118 118 118 118 118 118 118 118 118 118 118 118 118 118 118 100 100 100 100 100 100 101 101 101 101 101 101 101 102 102 102 102 102 102 102 102 103 103 103 103 103 103 103 103 104 104 104 104 104 104 104 104 105 105 105 105 105 105 105 106 106 106 106 106 106 106 106 107 107 107 107 107 107 107 108 108 108 108 108 108 108 108 109 109 109 109 109 109 110 110 110 110 110 110 110 110 111 111 111 111 111 111 111 112 112 112 112 112 112 112 113 113 113 113 113 113 113 113 113 113 113 114 114 114 114 114 114 114 114 114 114 114 114 114 114 114 114 114 114 114 114 114 114 114 114 114 114 114 114 114 114 114 114 114 114 114 115 115 115 115 115 115 115 115 115 115 115 115 115 115 115 115 115 115 115 115 115 115 115 115 115 116 116 117 117 117 117 117 117 117 117 117 117 117 117 117 117 117 117 117 117 117 117 117 117 117 117 117 117 117 117 117 117 117 118 118 118 118 118 118 118 118 118 118 118 118 118 118 118 118 118 118 118 118 118 118 118 118 118 118 118 118 118 118 118 118 118 118 118 118 118 118 101 101 101 101 102 102 102 102 102 102 102 102 103 103 103 103 103 103 103 103 104 104 104 104 104 104 104 105 105 105 105 105 105 105 105 106 106 106 106 106 106 106 106 107 107 107 107 107 107 107 108 108 108 108 108 108 108 109 109 109 109 109 109 109 110 110 110 110 110 110 110 111 111 111 111 111 111 111 112 112 112 112 112 112 112 113 113 113 113 113 113 113 113 113 113 114 114 114 114 114 114 114 114 114 114 114 114 114 114 114 114 114 114 114 114 114 114 114 114 114 114 114 114 114 114 114 114 114 114 114 115 115 115 115 115 115 115 115 115 115 115 115 115 115 115 115 115 115 115 115 115 115 115 115 116 116 116 116 116 117 117 117 117 117 117 117 117 117 117 117 117 117 117 117 117 117 117 117 117 117 117 117 117 118 118 118 118 118 118 118 118 118 118 118 118 118 118 118 118 118 118 118 118 118 118 118 118 118 118 118 118 118 118 118 118 118 118 118 118 118 118 118 118 118 118 118 118 119 119 119 101 101 101 102 102 102 102 102 102 102 102 103 103 103 103 103 103 103 103 104 104 104 104 104 104 104 105 105 105 105 105 105 105 105 106 106 106 106 106 106 106 107 107 107 107 107 107 107 107 108 108 108 108 108 108 108 109 109 109 109 109 109 109 110 110 110 110 110 110 110 111 111 111 111 111 111 111 112 112 112 112 112 112 112 113 113 113 113 113 113 113 113 113 114 114 114 114 114 114 114 114 114 114 114 114 114 114 114 114 114 114 114 114 114 114 114 114 114 114 114 114 114 114 114 114 114 114 115 115 115 115 115 115 115 115 115 115 115 115 115 115 115 115 115 115 115 115 115 115 115 116 116 116 116 116 116 116 116 117 117 117 117 117 117 117 117 117 117 117 117 117 117 117 117 117 117 117 117 117 117 118 118 118 118 118 118 118 118 118 118 118 118 118 118 118 118 118 118 118 118 118 118 118 118 118 118 118 118 118 118 118 118 118 118 118 118 118 118 118 118 119 119 119 119 119 119 119 119 119 119 119 119 101 101 101 102 102 102 102 102 102 102 102 103 103 103 103 103 103 103 103 104 104 104 104 104 104 104 105 105 105 105 105 105 105 105 106 106 106 106 106 106 106 107 107 107 107 107 107 107 107 108 108 108 108 108 108 108 109 109 109 109 109 109 110 110 110 110 110 110 110 110 111 111 111 111 111 111 111 112 112 112 112 112 112 112 113 113 113 113 113 113 113 113 113 114 114 114 114 114 114 114 114 114 114 114 114 114 114 114 114 114 114 114 114 114 114 114 114 114 114 114 114 114 114 114 114 114 115 115 115 115 115 115 115 115 115 115 115 115 115 115 115 115 115 115 115 115 115 115 116 116 116 116 116 116 116 116 116 116 117 117 117 117 117 117 117 117 117 117 117 117 117 117 117 117 117 118 117 118 118 118 118 118 118 118 118 118 118 118 118 118 118 118 118 118 118 118 118 118 118 118 118 118 118 118 118 118 118 118 118 118 118 118 118 118 118 119 119 119 119 119 119 119 119 119 119 119 119 119 119 119 119 119 119 119 119 119 119 119 101 101 101 102 102 102 102 102 102 102 102 103 103 103 103 103 103 103 103 104 104 104 104 104 104 104 105 105 105 105 105 105 105 105 106 106 106 106 106 106 106 107 107 107 107 107 107 107 108 108 108 108 108 108 108 108 109 109 109 109 109 109 110 110 110 110 110 110 110 111 111 111 111 111 111 111 111 112 112 112 112 112 112 112 113 113 113 113 113 113 113 113 113 114 114 114 114 114 114 114 114 114 114 114 114 114 114 114 114 114 114 114 114 114 114 114 114 114 114 114 114 114 114 114 115 115 115 115 115 115 115 115 115 115 115 115 115 115 115 115 115 115 115 115 115 115 116 116 116 116 116 116 116 116 116 116 116 116 117 117 117 117 117 117 117 117 117 117 117 117 117 117 117 118 118 118 118 118 118 118 118 118 118 118 118 118 118 118 118 118 118 118 118 118 118 118 118 118 118 118 118 118 118 118 118 118 118 118 118 118 118 119 119 119 119 119 119 119 119 119 119 119 119 119 119 119 119 119 119 119 119 119 119 119 119 119 119 119 119 119 119 119 101 101 101 101 102 102 102 102 102 102 102 103 103 103 103 103 103 103 103 104 104 104 104 104 104 104 105 105 105 105 105 105 105 105 106 106 106 106 106 106 106 107 107 107 107 107 107 107 108 108 108 108 108 108 108 108 109 109 109 109 109 109 110 110 110 110 110 110 110 111 111 111 111 111 111 111 112 112 112 112 112 112 112 113 113 113 113 113 113 113 113 113 113 114 114 114 114 114 114 114 114 114 114 114 114 114 114 114 114 114 114 114 114 114 114 114 114 114 114 114 114 114 114 114 114 114 114 114 115 115 115 115 115 115 115 115 115 115 115 115 115 115 115 115 116 116 116 116 116 116 116 116 116 116 116 116 116 116 117 117 117 117 117 117 117 117 117 117 117 117 118 118 118 118 118 118 118 118 118 118 118 118 118 118 118 118 118 118 118 118 118 118 118 118 118 118 118 118 118 118 118 118 118 118 118 118 118 118 119 119 119 119 119 119 119 119 119 119 119 119 119 119 119 119 119 119 119 119 119 119 119 119 119 119 119 119 119 119 119 119 119 119 119 119 119 119 101 101 101 102 102 102 102 102 102 102 103 103 103 103 103 103 103 103 104 104 104 104 104 104 104 105 105 105 105 105 105 105 106 106 106 106 106 106 106 106 107 107 107 107 107 107 107 108 108 108 108 108 108 108 109 109 109 109 109 109 109 110 110 110 110 110 110 110 111 111 111 111 111 111 111 112 112 112 112 112 112 112 113 113 113 113 113 113 113 113 113 113 114 114 114 114 114 114 114 114 114 114 114 114 114 114 114 114 114 114 114 114 114 114 114 114 114 114 114 114 114 115 115 114 114 114 115 115 115 115 115 115 115 115 115 115 115 115 115 115 115 115 116 116 116 116 116 116 116 116 116 116 116 116 116 116 116 117 117 117 117 117 117 117 117 117 117 117 118 118 118 118 118 118 118 118 118 118 118 118 118 118 118 118 118 118 118 118 118 118 118 118 118 118 118 118 118 118 118 118 118 118 118 118 118 118 118 119 119 119 119 119 119 119 119 119 119 119 119 119 119 119 119 119 119 119 119 119 119 119 119 119 119 119 119 119 119 119 119 119 119 119 119 119 119 119 119 119 119 119 101 101 102 102 102 102 102 102 103 103 103 103 103 103 103 103 104 104 104 104 104 104 104 105 105 105 105 105 105 105 105 106 106 106 106 106 106 106 107 107 107 107 107 107 107 108 108 108 108 108 108 108 108 109 109 109 109 109 109 110 110 110 110 110 110 110 111 111 111 111 111 111 111 112 112 112 112 112 112 112 113 113 113 113 113 113 113 113 113 113 114 114 114 114 114 114 114 114 114 114 114 114 114 114 114 114 114 114 114 114 114 114 114 114 114 114 114 114 115 114 114 115 115 115 115 115 115 115 115 115 115 115 115 115 115 115 115 115 115 116 116 116 116 116 116 116 116 116 116 116 116 116 116 116 116 117 117 117 117 117 117 117 117 117 118 118 118 118 118 118 118 118 118 118 118 118 118 118 118 118 118 118 118 118 118 118 118 118 118 118 118 118 118 118 118 118 118 118 118 118 118 119 119 119 119 119 119 119 119 119 119 119 119 119 119 119 119 119 119 119 119 119 119 119 119 119 119 119 119 119 119 119 119 119 119 119 119 119 119 119 119 119 119 119 119 119 119 119 102 102 102 102 102 103 103 103 103 103 103 103 103 104 104 104 104 104 104 104 105 105 105 105 105 105 105 105 106 106 106 106 106 106 106 107 107 107 107 107 107 107 108 108 108 108 108 108 108 109 109 109 109 109 109 109 110 110 110 110 110 110 110 111 111 111 111 111 111 111 112 112 112 112 112 112 112 113 113 113 113 113 113 113 113 113 113 114 114 114 114 114 114 114 114 114 114 114 114 114 114 115 114 114 114 114 114 114 114 114 114 114 115 115 115 115 115 115 115 115 115 115 115 115 115 115 115 115 115 115 115 115 115 115 115 115 116 116 116 116 116 116 116 116 116 116 116 116 116 116 116 116 117 117 117 117 117 117 118 118 118 118 118 118 118 118 118 118 118 118 118 118 118 118 118 118 118 118 118 118 118 118 118 118 118 118 118 118 118 118 118 118 118 118 118 119 119 119 119 119 119 119 119 119 119 119 119 119 119 119 119 119 119 119 119 119 119 119 119 119 119 119 119 119 119 119 119 119 119 119 119 119 119 119 119 119 119 119 119 119 119 119 119 119 119 119 102 102 102 103 103 103 103 103 103 103 104 104 104 104 104 104 104 105 105 105 105 105 105 105 105 106 106 106 106 106 106 106 107 107 107 107 107 107 107 108 108 108 108 108 108 108 108 109 109 109 109 109 109 110 110 110 110 110 110 110 111 111 111 111 111 111 111 112 112 112 112 112 112 112 113 113 113 113 113 113 113 113 113 113 114 114 114 114 114 114 114 114 114 114 114 114 114 114 115 114 114 114 114 114 114 114 114 114 114 115 115 115 115 115 115 115 115 115 115 115 115 115 115 115 115 115 115 115 115 115 115 115 115 115 116 116 116 116 116 116 116 116 116 116 116 116 116 116 116 117 117 117 117 117 118 118 118 118 118 118 118 118 118 118 118 118 118 118 118 118 118 118 118 118 118 118 118 118 118 118 118 118 118 118 118 118 118 119 119 119 119 119 119 119 119 119 119 119 119 119 119 119 119 119 119 119 119 119 119 119 119 119 119 119 119 119 119 119 119 119 119 119 119 119 119 119 119 119 119 119 119 119 119 119 119 119 119 119 119 119 119 119 119 119 102 103 103 103 103 103 103 104 104 104 104 104 104 104 105 105 105 105 105 105 105 106 106 106 106 106 106 106 106 107 107 107 107 107 107 107 108 108 108 108 108 108 108 109 109 109 109 109 109 110 110 110 110 110 110 110 110 111 111 111 111 111 111 111 112 112 112 112 112 112 112 112 113 113 113 113 113 113 113 113 113 113 114 114 114 114 114 114 114 114 114 114 114 114 114 115 114 114 114 114 114 114 114 114 114 115 115 115 115 115 115 115 115 115 115 115 115 115 115 115 115 115 116 116 116 116 116 116 116 115 115 116 116 116 116 116 116 116 116 116 116 116 116 116 116 116 117 117 117 118 118 118 118 118 118 118 118 118 118 118 118 118 118 118 118 118 118 118 118 118 118 118 118 118 118 118 118 118 118 118 119 119 119 119 119 119 119 119 119 119 119 119 119 119 119 119 119 119 119 119 119 119 119 119 119 119 119 119 119 119 119 119 119 119 119 119 119 119 119 119 119 119 119 119 119 119 119 119 119 119 119 119 119 119 119 119 119 119 119 119 119 103 103 103 103 103 104 104 104 104 104 104 104 105 105 105 105 105 105 106 106 106 106 106 106 106 106 107 107 107 107 107 107 107 108 108 108 108 108 108 108 109 109 109 109 109 109 110 110 110 110 110 110 110 110 111 111 111 111 111 111 111 112 112 112 112 112 112 112 113 113 113 113 113 113 113 113 113 113 113 113 114 114 114 114 114 114 114 114 114 114 114 114 115 114 114 114 114 114 114 114 114 115 115 115 115 115 115 115 115 115 115 115 115 115 115 115 115 115 115 116 116 116 116 116 116 116 116 116 116 116 116 116 116 116 116 116 116 116 116 116 116 116 116 117 118 118 118 118 118 118 118 118 118 118 118 118 118 118 118 118 118 118 118 118 118 118 118 118 118 118 118 118 118 118 119 119 119 119 119 119 119 119 119 119 119 119 119 119 119 119 119 119 119 119 119 119 119 119 119 119 119 119 119 119 119 119 119 119 119 119 119 119 119 119 119 119 119 119 119 119 119 119 119 119 119 119 119 119 119 119 119 119 119 119 119 119 119 119 119 103 103 104 104 104 104 104 104 104 104 105 105 105 105 105 105 106 106 106 106 106 106 106 107 107 107 107 107 107 107 107 108 108 108 108 108 108 109 109 109 109 109 109 109 110 110 110 110 110 110 111 111 111 111 111 111 111 111 112 112 112 112 112 112 112 112 113 113 113 113 113 113 113 113 113 113 113 113 114 114 114 114 114 114 114 114 114 114 115 115 114 114 114 114 114 114 114 115 115 115 115 115 115 115 115 115 115 115 115 115 115 115 115 115 115 115 116 116 116 116 116 116 116 116 116 116 116 116 116 116 116 116 116 116 116 116 116 116 117 117 118 118 118 118 118 118 118 118 118 118 118 118 118 118 118 118 118 118 118 118 118 118 118 118 118 118 118 118 119 119 119 119 119 119 119 119 119 119 119 119 119 119 119 119 119 119 119 119 119 119 119 119 119 119 119 119 119 119 119 119 119 119 119 119 119 119 119 119 119 119 119 119 119 119 119 119 119 119 119 119 119 119 119 119 119 119 119 119 119 119 119 119 119 119 119 119 119 119 119 104 104 104 104 104 104 105 105 105 105 105 105 105 106 106 106 106 106 106 106 107 107 107 107 107 107 107 107 108 108 108 108 108 108 109 109 109 109 109 109 110 110 110 110 110 110 110 111 111 111 111 111 111 111 112 112 112 112 112 112 112 112 113 113 113 113 113 113 113 113 113 113 113 113 114 114 114 114 114 114 114 114 114 114 115 115 114 114 114 114 114 114 115 115 115 115 115 115 115 115 115 115 115 115 115 115 115 115 115 115 115 115 115 116 116 116 116 116 116 116 116 116 116 116 116 116 116 116 116 116 116 116 116 117 117 117 118 118 118 118 118 118 118 118 118 118 118 118 118 118 118 118 118 118 118 118 118 118 118 118 118 118 118 119 119 119 119 119 119 119 119 119 119 119 119 119 119 119 119 119 119 119 119 119 119 119 119 119 119 119 119 119 119 119 119 119 119 119 119 119 119 119 119 119 119 119 119 119 119 119 119 119 119 119 119 119 119 119 119 119 119 119 119 119 120 120 120 120 119 119 119 119 119 119 119 119 119 119 119 119 119 119 106 106 106 106 107 107 107 107 107 107 107 108 108 108 108 108 108 109 109 109 109 109 109 110 110 110 110 110 110 110 110 111 111 111 111 111 111 112 112 112 112 112 112 112 112 112 112 113 113 113 113 113 113 113 113 113 113 113 114 114 114 114 114 114 114 114 115 115 115 114 114 114 114 114 114 115 115 115 115 115 115 115 115 115 115 115 115 115 115 115 115 115 115 115 115 116 116 116 116 116 116 116 116 116 116 116 116 116 116 116 116 116 116 116 117 117 117 117 117 118 118 118 118 118 118 118 118 118 118 118 118 118 118 118 118 118 118 118 118 118 118 118 118 118 119 119 119 119 119 119 119 119 119 119 119 119 119 119 119 119 119 119 119 119 119 119 119 119 119 119 119 119 119 119 119 119 119 119 119 119 119 119 119 119 119 119 119 119 119 119 119 119 119 119 119 119 119 120 120 120 120 120 120 120 120 120 120 120 120 120 120 120 120 120 120 119 119 119 119 120 120 120 120 120 119 119 119 119 119 119 119 106 106 106 107 107 107 107 107 107 107 108 108 108 108 108 108 108 108 109 109 109 109 109 109 109 110 110 110 110 110 110 110 111 111 111 111 111 111 111 112 112 112 112 112 112 112 112 112 112 112 113 113 113 113 113 113 113 113 113 114 114 114 114 114 114 114 114 115 115 114 114 114 114 114 114 115 115 115 115 115 115 115 115 115 115 115 115 115 115 115 115 115 115 115 115 115 116 116 116 116 116 116 116 116 116 116 116 116 116 116 116 116 117 117 117 117 117 117 117 118 118 118 118 118 118 118 118 118 118 118 118 118 118 118 118 118 118 118 118 118 118 119 119 119 119 119 119 119 119 119 119 119 119 119 119 119 119 119 119 119 119 119 119 119 119 119 119 119 119 119 119 119 119 119 119 119 119 119 119 119 119 119 119 119 119 119 119 119 120 120 120 120 120 120 120 120 120 120 120 120 120 120 120 120 120 120 120 120 120 120 120 120 120 120 120 120 120 120 120 120 120 120 120 120 120 120 120 120 120 120 120 120 120 119 120 119 106 106 107 107 107 107 107 107 107 108 108 108 108 108 108 108 108 108 109 109 109 109 109 110 110 110 110 110 110 110 110 110 110 111 111 111 111 111 111 111 111 112 112 112 112 112 112 112 113 113 113 113 113 113 113 114 114 113 113 114 114 114 114 114 114 114 115 115 114 114 114 114 114 115 115 115 115 115 115 115 115 115 115 115 115 115 115 115 115 115 115 115 115 116 116 115 116 116 116 116 116 116 116 116 116 116 116 116 116 116 117 117 117 117 117 117 117 117 118 118 118 118 118 118 118 118 118 118 118 118 118 118 118 118 118 118 118 119 119 119 119 119 119 119 119 119 119 119 119 119 119 119 119 119 119 119 119 119 119 119 119 119 119 119 119 119 119 119 119 119 119 119 119 119 119 119 119 119 119 119 120 120 120 120 120 120 120 120 120 120 120 120 120 120 120 120 120 120 120 120 120 120 120 120 120 120 120 120 120 120 120 120 120 120 120 120 120 120 120 120 120 120 120 120 120 120 120 120 120 120 120 120 120 120 120 120 120 120 119 119 104 104 104 104 106 106 107 107 107 107 107 107 108 108 108 108 108 108 108 108 108 109 109 109 109 109 109 110 110 110 110 110 110 110 110 110 111 111 111 111 111 111 111 111 112 112 112 112 112 112 112 113 113 113 113 113 113 113 113 113 113 114 114 114 114 114 114 114 114 115 115 114 114 114 114 114 115 115 115 115 115 115 115 115 115 115 115 115 115 115 115 115 115 116 116 116 116 116 116 116 116 116 116 116 116 116 116 116 116 116 116 117 117 117 117 117 117 117 117 117 117 118 118 118 118 118 118 118 118 118 118 118 118 118 118 118 118 118 119 119 119 119 119 119 119 119 119 119 119 119 119 119 119 119 119 119 119 119 119 119 119 119 119 119 119 119 119 119 119 119 119 119 119 119 119 119 119 119 120 120 120 120 120 120 120 120 120 120 120 120 120 120 120 120 120 120 120 120 120 120 120 120 120 120 120 120 120 120 120 120 120 120 120 120 120 120 120 120 120 120 120 120 120 120 120 120 120 120 120 120 120 120 120 120 120 120 120 120 120 120 120 120 120 102 102 102 103 104 104 104 104 106 107 107 107 107 107 107 107 108 108 108 108 108 108 108 108 109 109 109 109 109 109 110 110 110 110 110 110 110 110 110 111 111 111 111 111 111 112 112 112 112 112 112 112 112 112 112 113 113 113 113 113 113 113 114 113 114 114 114 114 114 114 114 114 115 115 114 114 114 114 115 115 115 115 115 115 115 115 115 115 115 115 115 115 115 115 115 115 115 116 116 116 116 116 116 116 116 116 116 116 116 116 116 116 116 116 117 117 117 117 117 117 117 117 117 117 118 118 118 118 118 118 118 118 118 118 118 118 118 118 118 119 119 119 119 119 119 119 119 119 119 119 119 119 119 119 119 119 119 119 119 119 119 119 119 119 119 119 119 119 119 119 119 119 119 119 119 119 119 119 119 119 120 120 120 120 120 120 120 120 120 120 120 120 120 120 120 120 120 120 120 120 120 120 120 120 120 120 120 120 120 120 120 120 120 120 120 120 120 120 120 120 120 120 120 120 120 120 120 120 120 120 120 120 120 120 120 120 120 120 120 120 120 120 120 120 120 120 120 120 120 120 102 102 102 103 103 104 104 104 104 105 105 106 106 106 107 107 107 107 107 107 107 108 108 108 108 108 108 108 108 108 109 109 109 109 109 110 110 110 110 110 110 110 111 111 111 111 111 111 111 111 111 112 111 112 112 112 112 112 113 113 112 113 113 113 113 113 113 113 113 113 114 114 114 114 114 114 114 114 114 115 114 114 114 114 114 115 115 115 115 115 115 115 115 115 115 115 115 115 115 115 115 115 115 115 116 116 116 116 116 116 116 116 116 116 116 116 116 116 117 117 117 117 117 117 117 117 117 117 117 117 118 118 118 118 118 118 118 118 118 118 118 118 118 119 119 119 119 119 119 119 119 119 119 119 119 119 119 119 119 119 119 119 119 119 119 119 119 119 119 119 119 119 119 119 119 119 119 119 119 119 119 119 119 119 119 119 120 120 120 120 120 120 120 120 120 120 120 120 120 120 120 120 120 120 120 120 120 120 120 120 120 120 120 120 120 120 120 120 120 120 120 120 120 120 120 120 120 120 120 120 120 120 120 120 120 120 120 120 120 120 120 120 120 120 120 120 120 120 120 120 120 120 120 120 120 120 120 120 102 103 103 103 103 103 104 104 104 105 105 105 106 107 107 107 107 107 107 107 107 108 108 108 108 108 108 108 108 108 109 109 109 109 109 110 110 110 110 110 111 110 110 111 111 111 110 111 111 111 111 112 111 112 112 112 112 112 113 113 112 113 113 113 113 113 113 113 113 114 114 114 114 114 114 114 114 114 114 114 114 114 114 114 114 114 114 114 115 115 115 115 115 115 115 115 115 115 115 115 115 115 115 115 115 115 116 116 116 116 116 116 116 116 116 116 117 117 117 117 117 117 117 117 117 117 117 117 117 117 118 118 118 118 118 118 118 118 118 118 118 119 119 119 119 119 119 119 119 119 119 119 119 119 119 119 119 119 119 119 119 119 119 119 119 119 119 119 119 119 119 119 119 119 119 119 119 119 119 119 119 119 119 119 119 120 120 120 120 120 120 120 120 120 120 120 120 120 120 120 120 120 120 120 120 120 120 120 120 120 120 120 120 120 120 120 120 120 120 120 120 120 120 120 120 120 120 120 120 120 120 120 120 120 120 120 120 120 120 120 120 120 120 120 120 120 120 120 120 120 120 120 120 120 120 120 120 120 120 102 102 103 103 103 103 103 103 103 104 104 104 104 104 104 104 105 105 105 105 105 105 106 106 106 106 107 107 107 107 107 107 108 108 108 108 108 108 108 108 108 109 109 109 109 109 109 110 110 110 110 110 110 110 111 111 111 111 111 111 111 111 112 112 112 112 112 112 112 113 112 112 113 113 113 113 113 113 113 113 113 114 114 114 114 114 114 114 114 114 114 114 114 114 114 114 114 114 114 114 114 114 115 115 115 115 115 115 115 115 115 115 115 115 115 115 115 115 116 116 116 116 116 116 116 116 116 117 117 117 117 117 117 117 117 117 117 117 117 117 117 118 118 118 118 118 118 118 118 118 118 119 119 119 119 119 119 119 119 119 119 119 119 119 119 119 119 119 119 119 119 119 119 119 119 119 119 119 119 120 120 120 120 120 120 120 120 120 120 120 119 120 120 120 120 120 120 120 120 120 120 120 120 120 120 120 120 120 120 120 120 120 120 120 120 120 120 120 120 120 120 120 120 120 120 120 120 120 120 120 120 120 120 120 120 120 120 120 120 120 120 120 120 120 120 120 120 120 120 120 120 120 120 120 120 120 120 120 120 120 120 120 120 120 120 120 120 120 120 120 120 120 120 102 102 102 102 103 103 103 103 103 103 103 104 104 104 104 104 104 104 104 105 105 105 105 105 105 106 106 106 106 106 106 106 106 106 107 107 107 107 108 108 108 108 108 108 109 109 109 108 108 109 109 109 109 109 110 110 110 110 110 110 111 111 111 111 111 111 112 112 112 112 112 112 113 112 112 113 113 113 113 113 113 113 114 114 113 114 114 114 114 114 114 114 114 114 114 115 115 115 114 114 114 114 114 114 114 115 115 115 115 115 115 115 115 115 115 115 115 115 116 116 116 116 116 116 115 115 116 116 116 116 116 116 116 117 117 117 117 117 117 117 117 117 117 117 117 117 117 117 118 118 118 118 118 118 118 118 119 119 119 119 119 119 119 119 119 119 119 119 119 119 119 119 119 119 119 119 119 119 119 119 119 119 119 119 120 120 120 120 120 120 120 120 120 120 120 120 120 120 120 120 120 120 120 120 120 120 120 120 120 120 120 120 120 120 120 120 120 120 120 120 120 120 120 120 120 120 120 120 120 120 120 120 120 120 120 120 120 120 120 120 120 120 120 120 120 120 120 120 120 120 120 120 120 120 120 120 120 120 120 120 120 119 119 119 119 119 119 119 119 119 120 120 120 120 120 120 120 120 120 120 120 102 102 102 102 102 102 103 103 103 103 103 103 103 103 104 104 104 104 104 104 105 105 105 105 105 105 106 106 106 106 106 106 106 106 106 107 107 107 107 108 108 108 108 108 108 108 109 109 109 109 109 109 109 109 110 110 110 110 110 110 110 111 111 111 112 112 112 112 112 112 112 112 112 112 112 113 113 113 113 113 113 113 114 114 114 114 114 114 114 114 114 114 114 114 114 114 114 115 115 114 114 114 114 114 115 115 115 115 115 115 115 115 115 115 115 115 115 115 115 115 115 116 116 116 116 116 116 116 116 116 116 116 116 117 117 117 117 117 117 117 117 117 117 117 117 117 117 117 117 118 118 118 118 118 118 118 119 119 119 119 119 119 119 119 119 119 119 119 119 119 119 119 119 119 119 119 119 119 119 119 119 119 119 119 120 120 120 120 120 120 120 120 120 120 120 120 120 120 120 120 120 120 120 120 120 120 120 120 120 120 120 120 120 120 120 120 120 120 120 120 120 120 120 120 120 120 120 120 120 120 120 120 120 120 120 120 120 120 120 120 120 120 120 120 120 120 120 120 120 120 120 120 120 120 120 120 120 120 120 120 119 119 119 119 119 119 119 119 119 119 119 119 119 120 120 120 120 120 120 120 120 120 102 102 102 102 102 102 102 102 103 103 103 103 103 103 103 104 104 104 104 104 104 105 105 105 105 105 105 105 105 105 106 106 106 106 106 106 107 107 107 107 107 107 108 108 108 108 108 108 109 109 109 109 109 109 109 109 110 110 110 110 110 111 110 111 111 111 111 111 111 112 112 112 112 111 112 112 112 112 112 113 113 113 113 113 113 113 113 114 114 114 114 114 114 114 114 114 114 115 115 115 115 114 114 114 114 114 114 114 115 115 115 115 115 115 115 115 115 115 115 115 115 115 115 116 116 116 116 116 116 116 116 116 116 116 116 117 117 117 117 117 117 117 117 117 117 117 117 117 117 117 117 118 118 118 118 118 119 119 119 119 119 119 119 119 119 119 119 119 119 119 119 119 119 119 119 119 119 119 119 119 119 119 119 119 120 120 120 120 120 120 120 120 120 120 120 120 120 120 120 120 120 120 120 120 120 120 120 120 120 120 120 120 120 120 120 120 120 120 120 120 120 120 120 120 120 120 120 120 120 120 120 120 120 120 120 120 120 120 120 120 120 120 120 120 120 120 120 120 120 120 120 120 120 120 120 120 120 120 120 120 120 119 119 119 120 120 120 119 119 119 120 120 119 119 119 120 120 120 120 119 120 120 120 120 100 101 101 101 101 102 102 102 102 102 102 102 102 103 103 103 103 103 103 103 104 104 104 104 104 104 105 105 105 105 105 105 105 105 105 106 106 106 106 106 106 107 107 107 107 107 107 108 108 108 108 108 108 109 109 109 109 109 109 110 110 110 110 110 110 111 111 111 111 111 111 111 111 111 111 111 112 112 112 111 111 112 112 112 113 113 113 113 113 113 113 113 113 113 113 114 114 114 114 114 114 114 114 115 115 115 114 114 114 114 114 114 115 115 115 115 115 115 115 115 115 115 115 115 116 116 116 116 116 116 116 116 116 116 116 116 116 116 116 116 116 117 117 117 117 117 117 117 117 117 117 117 117 117 117 117 118 118 118 119 119 119 119 119 119 119 119 119 119 119 119 119 119 119 119 119 119 119 119 119 119 119 119 119 119 119 119 120 120 120 120 120 120 120 120 120 120 120 120 120 120 120 120 120 120 120 120 120 120 120 120 120 120 120 120 120 120 120 120 120 120 120 120 120 120 120 120 120 120 120 120 120 120 120 120 120 120 120 120 120 120 120 120 120 120 120 120 120 120 120 120 120 120 120 120 120 120 120 120 120 120 120 120 120 120 119 119 119 120 121 121 120 120 120 120 121 120 120 119 119 120 120 120 120 119 120 120 120 120 100 100 101 101 101 101 101 101 101 102 102 102 102 102 102 102 103 103 103 103 103 103 103 103 104 104 104 104 104 104 104 104 105 105 105 105 105 105 105 106 106 106 106 106 106 106 106 107 107 107 107 107 107 108 108 108 108 108 108 108 109 109 109 109 109 109 110 110 110 110 110 110 110 110 111 111 111 111 111 111 111 112 112 112 111 112 112 112 112 113 113 113 113 113 113 113 113 113 113 114 114 114 114 114 114 114 114 114 115 115 114 114 114 114 114 115 115 115 115 115 115 115 115 115 115 115 115 116 116 116 116 116 116 116 116 116 116 116 116 116 116 116 116 116 116 117 117 117 117 117 117 117 117 117 117 117 117 117 117 118 118 118 119 119 119 119 119 119 119 119 119 119 119 119 119 119 119 119 119 119 119 119 119 119 119 119 119 119 119 119 119 120 120 120 120 120 120 120 120 120 120 120 120 120 120 120 120 120 120 120 120 120 120 120 120 120 120 120 120 120 120 120 120 120 120 120 120 120 120 120 120 120 120 120 120 120 120 120 120 120 120 120 120 120 120 120 120 120 120 120 120 120 120 120 120 120 120 120 120 120 120 120 120 120 120 120 120 120 120 120 120 120 120 120 120 120 120 120 120 121 120 120 120 120 120 120 120 120 120 120 100 100 100 101 101 101 101 101 101 101 101 102 102 102 102 102 102 102 103 103 103 103 103 103 103 103 104 104 104 104 104 104 104 105 105 105 105 105 105 105 106 106 106 106 106 106 106 107 107 107 107 107 107 107 107 108 108 108 108 108 108 109 109 109 109 109 109 109 109 110 110 110 110 110 110 110 111 111 111 111 111 111 111 112 112 112 112 112 112 112 113 113 113 113 113 113 113 113 113 114 114 114 114 114 114 114 114 114 115 115 115 114 114 114 114 114 115 115 115 115 115 115 115 115 115 115 115 116 116 116 116 116 116 116 116 116 116 116 116 116 116 116 116 116 116 116 117 117 117 117 117 117 117 117 117 117 117 117 117 118 118 118 119 119 119 119 119 119 119 119 119 119 119 119 119 119 119 119 119 119 119 119 119 119 119 119 119 119 119 120 120 120 120 120 120 120 120 120 120 120 120 120 120 120 120 120 120 120 120 120 120 120 120 120 120 120 120 120 120 120 120 120 120 120 120 120 120 120 120 120 120 120 120 120 120 120 120 120 120 120 120 120 120 120 120 120 120 120 120 120 120 120 120 120 120 120 120 120 120 120 120 120 120 120 120 120 120 120 120 120 120 120 120 120 120 120 120 120 120 120 120 120 120 120 120 120 120 120 100 100 101 101 101 101 101 101 101 101 102 102 102 102 102 102 102 103 103 103 103 103 103 103 103 103 104 104 104 104 104 104 105 105 105 105 105 105 105 106 106 106 106 106 106 106 107 107 107 107 107 107 107 108 108 108 108 108 108 108 108 109 109 109 109 109 109 109 109 110 110 110 110 110 110 110 111 111 111 111 111 111 111 112 112 112 112 112 112 113 113 113 113 113 113 113 113 113 114 114 114 114 114 114 114 114 114 115 115 115 114 114 114 115 115 115 115 115 115 115 115 115 115 115 115 116 116 116 116 116 116 116 116 116 116 116 116 116 116 116 117 117 117 117 116 116 117 117 117 117 117 117 117 117 117 117 117 118 118 118 119 119 119 119 119 119 119 119 119 119 119 119 119 119 119 119 119 119 119 119 119 119 119 119 119 119 120 120 120 120 120 120 120 120 120 120 120 120 120 120 120 120 120 120 120 120 120 120 120 120 120 120 120 120 120 120 120 120 120 120 120 120 120 120 120 120 120 120 120 120 120 120 120 120 120 120 120 120 120 120 120 120 120 120 120 120 120 120 120 120 120 120 120 120 120 120 120 120 120 120 120 120 120 120 120 120 120 120 120 120 120 120 120 120 120 120 120 120 120 120 120 120 120 120 120 120 120 100 101 101 101 101 101 101 101 101 102 102 102 102 102 102 102 103 103 103 103 103 103 103 103 103 104 104 104 104 104 104 104 105 105 105 105 105 105 106 106 106 106 106 106 106 107 107 107 107 107 107 107 108 108 108 108 108 108 108 109 109 109 109 109 109 109 109 110 110 110 110 110 110 110 110 111 111 111 111 111 111 112 112 112 112 112 112 112 113 113 113 113 113 113 113 113 113 114 114 114 114 114 114 114 114 114 115 115 115 114 114 114 115 115 115 115 115 115 115 115 115 115 115 115 116 116 116 116 116 116 116 116 116 116 116 116 116 116 116 117 117 117 117 117 117 117 117 117 117 117 117 117 117 117 117 118 118 118 118 119 119 119 119 119 119 119 119 119 119 119 119 119 119 119 119 119 119 119 119 119 120 120 120 120 120 120 120 120 120 120 120 120 120 120 120 120 120 120 120 120 120 120 120 120 120 120 120 120 120 120 120 120 120 120 120 120 120 120 120 120 120 120 120 120 120 120 120 120 120 120 120 120 120 120 120 120 120 120 120 120 120 120 120 120 120 120 120 120 120 120 120 120 120 120 120 120 120 120 120 120 120 120 120 120 120 120 120 120 120 120 120 120 120 120 120 120 120 120 120 120 120 120 120 120 120 120 100 100 101 101 101 101 101 101 101 102 102 102 102 102 102 102 103 103 103 103 103 103 103 103 103 104 104 104 104 104 104 105 105 105 105 105 105 105 106 106 106 106 106 106 106 107 107 107 107 107 107 107 108 108 108 108 108 108 108 109 109 109 109 109 109 109 110 110 110 110 110 110 110 110 111 111 111 111 111 111 111 112 112 112 112 112 112 112 112 113 113 113 113 113 113 113 113 114 114 114 114 114 114 114 114 114 115 115 115 114 114 114 115 115 115 115 115 115 115 115 115 115 115 115 116 116 116 116 116 116 116 116 116 116 116 116 116 116 117 117 117 117 117 117 117 117 117 117 117 117 117 117 117 117 118 118 118 118 118 119 119 119 119 119 119 119 119 119 119 119 119 119 119 119 119 119 119 119 120 120 120 120 120 120 120 120 120 120 120 120 120 120 120 120 120 120 120 120 120 120 120 120 120 120 120 120 120 120 120 120 120 120 120 120 120 120 120 120 120 120 120 120 120 120 120 120 120 120 120 120 120 120 120 120 120 120 120 120 120 120 120 120 120 120 120 120 120 120 120 120 120 120 120 120 120 120 120 120 120 120 120 120 120 120 120 120 120 120 120 120 120 120 120 120 120 120 120 120 120 120 120 120 120 120 120 120 120 100 100 101 101 101 101 101 101 102 102 102 102 102 102 102 103 103 103 103 103 103 103 103 104 104 104 104 104 104 104 105 105 105 105 105 105 105 106 106 106 106 106 106 106 107 107 107 107 107 107 107 108 108 108 108 108 108 108 109 109 109 109 109 109 109 110 110 110 110 110 110 110 110 111 111 111 111 111 111 111 112 112 112 112 112 112 112 112 113 113 113 113 113 113 113 113 114 114 114 114 114 114 114 114 114 115 115 115 114 114 114 114 115 115 115 115 115 115 115 115 115 115 115 116 116 116 116 116 116 116 116 116 116 116 116 116 117 117 117 117 117 117 117 117 117 117 117 117 117 117 117 117 118 118 118 118 118 118 119 119 119 119 119 119 119 119 119 119 119 119 119 119 119 119 119 119 120 120 120 120 120 120 120 120 120 120 120 120 120 120 120 120 120 120 120 120 120 120 120 120 120 120 120 120 120 120 120 120 120 120 120 120 120 120 120 120 120 120 120 120 120 120 120 120 120 120 120 120 120 120 120 120 120 120 120 120 120 120 120 120 120 120 120 120 120 120 121 121 121 121 120 120 120 120 120 120 120 120 120 120 120 120 121 120 121 120 120 120 120 120 120 120 120 120 120 120 120 120 120 120 120 120 120 120 120 100 101 101 101 101 101 101 102 102 102 102 102 102 102 102 103 103 103 103 103 103 103 104 104 104 104 104 104 104 105 105 105 105 105 105 105 106 106 106 106 106 106 106 107 107 107 107 107 107 107 108 108 108 108 108 108 108 109 109 109 109 109 109 109 110 110 110 110 110 110 110 110 111 111 111 111 111 111 111 112 112 112 112 112 112 112 113 113 113 113 113 113 113 113 113 114 114 114 114 114 114 114 114 114 115 115 115 114 114 114 115 115 115 115 115 115 115 115 115 115 115 115 116 116 116 116 116 116 116 116 116 116 116 116 116 117 117 117 117 117 117 117 117 117 117 117 117 117 117 117 118 118 118 118 118 118 118 119 119 119 119 119 119 119 119 119 119 119 119 119 119 119 119 120 120 120 120 120 120 120 120 120 120 120 120 120 120 120 120 120 120 120 120 120 120 120 120 120 120 120 120 120 120 120 120 120 120 120 120 120 120 120 120 120 120 120 120 120 120 120 120 120 120 120 120 120 120 120 120 120 120 120 120 120 120 120 120 121 121 121 121 121 121 121 121 121 121 121 121 121 121 121 121 120 121 120 120 121 121 121 121 121 121 121 121 121 120 120 120 120 120 120 120 120 120 120 120 120 120 120 120 120 120 100 100 101 101 101 101 101 101 101 102 102 102 102 102 102 102 103 103 103 103 103 103 103 104 104 104 104 104 104 104 105 105 105 105 105 105 105 106 106 106 106 106 106 106 107 107 107 107 107 107 107 107 108 108 108 108 108 108 109 109 109 109 109 109 109 110 110 110 110 110 110 110 110 111 111 111 111 111 111 111 112 112 112 112 112 112 112 112 113 113 113 113 113 113 113 113 114 114 114 114 114 114 114 114 114 115 115 115 114 114 114 115 115 115 115 115 115 115 115 115 115 115 115 116 116 116 116 116 116 116 116 116 116 116 116 117 117 117 117 117 117 117 117 117 117 117 117 117 117 117 117 118 118 118 118 118 118 118 119 119 119 119 119 119 119 119 119 119 119 119 119 119 120 120 120 120 120 120 120 120 120 120 120 120 120 120 120 120 120 120 120 120 120 120 120 120 120 120 120 120 120 120 120 120 120 120 120 120 120 120 120 120 121 121 121 120 120 121 121 121 120 120 120 120 120 120 120 120 120 120 120 120 120 120 120 120 121 121 121 121 121 121 121 121 121 121 121 121 121 121 121 121 121 121 121 121 121 121 121 121 121 121 121 121 121 121 121 121 121 121 121 120 120 120 120 120 120 120 120 120 120 120 120 100 100 100 101 101 101 101 101 101 102 102 102 102 102 102 102 103 103 103 103 103 103 103 104 104 104 104 104 104 104 105 105 105 105 105 105 105 106 106 106 106 106 106 106 107 107 107 107 107 107 107 107 108 108 108 108 108 108 109 109 109 109 109 109 109 110 110 110 110 110 110 110 110 111 111 111 111 111 111 111 112 112 112 112 112 112 112 112 113 113 113 113 113 113 113 113 114 114 114 114 114 114 114 114 114 115 115 115 114 114 114 115 115 115 115 115 115 115 115 115 115 115 116 116 116 116 116 116 116 116 116 116 116 116 117 117 117 117 117 117 117 117 117 117 117 117 117 117 117 117 117 118 118 118 118 118 118 118 119 119 119 119 119 119 119 119 119 119 119 119 119 120 120 120 120 120 120 120 120 120 120 120 120 120 120 120 120 120 120 120 120 120 120 120 120 120 120 120 120 120 120 120 120 120 120 120 121 121 120 121 121 121 121 121 121 121 121 121 121 121 121 121 120 120 120 120 120 120 120 120 120 120 120 120 120 121 121 121 121 121 121 121 121 121 121 121 121 121 121 121 121 121 121 121 121 121 121 121 121 121 121 121 121 121 121 121 121 121 121 121 121 121 121 121 121 120 120 120 120 120 120 120 120 100 100 100 101 101 101 101 101 101 102 102 102 102 102 102 102 103 103 103 103 103 103 103 104 104 104 104 104 104 104 105 105 105 105 105 105 105 106 106 106 106 106 106 106 107 107 107 107 107 107 107 107 108 108 108 108 108 108 108 109 109 109 109 109 109 110 110 110 110 110 110 110 110 111 111 111 111 111 111 111 112 112 112 112 112 112 112 113 113 113 113 113 113 113 113 113 114 114 114 114 114 114 114 114 114 115 115 115 114 114 114 115 115 115 115 115 115 115 115 115 115 115 116 116 116 116 116 116 116 116 116 116 116 116 117 117 117 117 117 117 117 117 117 117 117 117 117 117 117 117 117 118 118 118 118 118 118 118 119 119 119 119 119 119 119 119 119 119 119 120 120 120 120 120 120 120 120 120 120 120 120 120 120 120 120 120 120 120 120 120 120 120 120 120 120 120 120 120 120 120 120 120 120 120 121 121 121 121 121 121 121 121 121 121 121 121 121 121 121 121 121 121 121 121 120 121 120 120 120 120 120 120 120 120 120 121 121 121 121 121 121 121 121 121 121 121 121 121 121 121 121 121 121 121 121 121 121 121 121 121 121 121 121 121 121 121 121 121 121 121 121 121 121 121 121 121 120 120 120 120 120 120 100 100 100 101 101 101 101 101 101 101 102 102 102 102 102 102 103 103 103 103 103 103 103 104 104 104 104 104 104 104 104 105 105 105 105 105 105 105 106 106 106 106 106 106 107 107 107 107 107 107 107 107 107 108 108 108 108 108 108 109 109 109 109 109 109 109 110 110 110 110 110 110 110 111 111 111 111 111 111 111 112 112 112 112 112 112 112 113 113 113 113 113 113 113 113 113 114 114 114 114 114 114 114 114 114 115 115 115 114 114 114 115 115 115 115 115 115 115 115 115 115 115 116 116 116 116 116 116 116 116 116 116 116 117 117 117 117 117 117 117 117 117 117 117 117 117 117 117 118 118 118 117 118 118 118 118 118 118 119 119 119 119 119 119 119 119 119 119 120 120 120 120 120 120 120 120 120 120 120 120 120 120 120 120 120 120 120 120 120 120 120 120 120 120 120 120 120 120 120 120 120 120 121 121 121 121 121 121 121 121 121 121 121 121 121 121 121 121 121 121 121 121 121 121 121 121 121 121 120 120 120 120 120 120 121 121 121 121 121 121 121 121 121 121 121 121 121 121 121 121 121 121 121 121 121 121 121 121 121 121 121 121 121 121 121 121 121 121 121 121 121 121 121 121 121 120 120 120 120 120 120 120 100 100 100 100 101 101 101 101 101 101 101 102 102 102 102 102 102 102 103 103 103 103 103 103 103 104 104 104 104 104 104 104 105 105 105 105 105 105 105 106 106 106 106 106 106 106 107 107 107 107 107 107 107 108 108 108 108 108 108 108 109 109 109 109 109 109 109 110 110 110 110 110 110 110 111 111 111 111 111 111 111 112 112 112 112 112 112 112 112 113 113 113 113 113 113 113 113 114 114 114 114 114 114 114 114 114 115 115 115 114 114 114 115 115 115 115 115 115 115 115 115 115 115 116 116 116 116 116 116 116 116 116 116 116 117 117 117 117 117 117 117 117 117 117 117 117 117 117 118 118 118 118 118 118 118 118 118 118 118 119 119 119 119 119 119 119 119 119 120 120 120 120 120 120 120 120 120 120 120 120 120 120 120 120 120 120 120 120 120 120 120 120 120 120 120 120 120 120 120 120 120 120 120 121 121 121 121 121 121 121 121 121 121 121 121 121 121 121 121 121 121 121 121 121 121 121 121 121 121 121 121 121 121 121 121 121 121 121 121 121 121 121 121 121 121 121 121 121 121 121 121 121 121 121 121 121 121 121 121 121 121 121 121 121 121 121 121 121 121 121 121 121 121 121 120 120 120 120 120 120 120 120 100 100 100 101 101 101 101 101 101 101 102 102 102 102 102 102 102 103 103 103 103 103 103 103 104 104 104 104 104 104 104 105 105 105 105 105 105 105 106 106 106 106 106 106 106 107 107 107 107 107 107 107 108 108 108 108 108 108 108 109 109 109 109 109 109 109 110 110 110 110 110 110 110 111 111 111 111 111 111 111 111 112 112 112 112 112 112 112 113 113 113 113 113 113 113 113 114 114 114 114 114 114 114 114 114 115 115 115 114 114 114 115 115 115 115 115 115 115 115 115 115 115 116 116 116 116 116 116 116 116 116 116 116 117 117 117 117 117 117 117 117 117 117 117 117 117 118 118 118 118 118 118 118 118 118 118 118 118 119 119 119 119 119 119 119 119 120 120 120 120 120 120 120 120 120 120 120 120 120 120 120 120 120 120 120 120 120 120 120 120 120 120 120 120 120 120 120 120 120 120 120 120 121 121 121 121 121 121 121 121 121 121 121 121 121 121 121 121 121 121 121 121 121 121 121 121 121 121 121 121 121 121 121 121 121 121 121 121 121 121 121 121 121 121 121 121 121 121 121 121 121 121 121 121 121 121 121 121 121 121 121 121 121 121 121 121 121 121 121 121 121 121 120 120 120 120 100 100 100 100 101 101 101 101 101 101 101 102 102 102 102 102 102 102 103 103 103 103 103 103 104 104 104 104 104 104 104 105 105 105 105 105 105 105 106 106 106 106 106 106 106 107 107 107 107 107 107 107 108 108 108 108 108 108 108 109 109 109 109 109 109 109 110 110 110 110 110 110 110 111 111 111 111 111 111 111 111 112 112 112 112 112 112 112 113 113 113 113 113 113 113 113 114 114 114 114 114 114 114 114 114 115 115 115 114 114 114 115 115 115 115 115 115 115 115 115 115 115 116 116 116 116 116 116 116 116 116 116 116 117 117 117 117 117 117 117 117 117 117 117 117 117 118 118 118 118 118 118 118 118 118 118 118 118 119 119 119 119 119 119 119 120 120 120 120 120 120 120 120 120 120 120 120 120 120 120 120 120 120 120 120 120 120 120 120 120 120 120 120 120 120 120 120 120 120 120 121 121 121 121 121 121 121 121 121 121 121 121 121 121 121 121 121 121 121 121 121 121 121 121 121 121 121 121 121 121 121 121 121 121 121 121 121 121 121 121 121 121 121 121 121 121 121 121 121 121 121 121 121 121 121 121 121 121 121 121 121 121 121 121 121 121 121 121 121 121 121 100 100 100 100 101 101 101 101 101 101 101 102 102 102 102 102 102 102 103 103 103 103 103 103 103 104 104 104 104 104 104 105 105 105 105 105 105 105 106 106 106 106 106 106 106 107 107 107 107 107 107 107 108 108 108 108 108 108 108 109 109 109 109 109 109 109 110 110 110 110 110 110 110 111 111 111 111 111 111 111 111 112 112 112 112 112 112 112 112 113 113 113 113 113 113 113 113 114 114 114 114 114 114 114 114 115 115 115 114 114 114 115 115 115 115 115 115 115 115 115 115 116 116 116 116 116 116 116 116 116 116 116 117 117 117 117 117 117 117 117 117 117 117 117 117 117 118 118 118 118 118 118 118 118 118 118 118 118 119 119 119 119 119 119 120 120 120 120 120 120 120 120 120 120 120 120 120 120 120 120 120 120 120 120 120 120 120 120 120 120 120 120 120 120 120 121 121 121 121 121 121 121 121 121 121 121 121 121 121 121 121 121 121 121 121 121 121 121 121 121 121 121 121 121 121 121 121 121 121 121 121 121 121 121 121 121 121 121 121 121 121 121 121 121 121 121 121 121 121 121 121 121 121 121 121 121 121 121 121 121 121 121 121 121 121 121 121 121 121 121 121 121 100 100 100 100 100 101 101 101 101 101 101 101 102 102 102 102 102 102 102 103 103 103 103 103 103 104 104 104 104 104 104 104 105 105 105 105 105 105 105 106 106 106 106 106 106 106 107 107 107 107 107 107 107 108 108 108 108 108 108 109 109 109 109 109 109 109 110 110 110 110 110 110 110 111 111 111 111 111 111 111 111 112 112 112 112 112 112 112 112 113 113 113 113 113 113 113 113 114 114 114 114 114 114 114 114 114 115 115 114 114 114 115 115 115 115 115 115 115 115 115 115 116 116 116 116 116 116 116 116 116 116 116 117 117 117 117 117 117 117 117 117 117 117 117 117 117 118 118 118 118 118 118 118 118 118 118 118 118 119 119 119 119 119 120 120 120 120 120 120 120 120 120 120 120 120 120 120 120 120 120 120 120 120 120 120 120 120 120 120 121 120 121 120 121 121 121 121 121 121 121 121 121 121 121 121 121 121 121 121 121 121 121 121 121 121 121 121 121 121 121 121 121 121 121 121 121 121 121 121 121 121 121 121 121 121 121 121 121 121 121 121 121 121 121 121 121 121 121 121 121 121 121 121 121 121 121 121 121 121 121 121 121 121 121 121 121 121 121 121 121 121 121 121 121 100 100 100 100 100 100 101 101 101 101 101 101 101 101 102 102 102 102 102 102 103 103 103 103 103 103 103 104 104 104 104 104 104 104 105 105 105 105 105 105 105 106 106 106 106 106 106 106 107 107 107 107 107 107 107 108 108 108 108 108 109 109 109 109 109 109 109 110 110 110 110 110 110 110 110 111 111 111 111 111 111 111 112 112 112 112 112 112 112 112 112 113 113 113 113 113 113 113 113 114 114 114 114 114 114 114 114 115 115 115 115 115 115 115 115 115 115 115 115 116 116 116 116 116 116 116 116 116 116 117 117 117 117 117 117 117 117 117 117 118 118 118 118 118 118 118 118 118 118 118 118 118 119 119 119 119 119 119 119 119 119 120 120 120 120 120 120 120 120 120 120 120 120 120 120 120 120 120 120 120 120 120 120 120 120 121 121 121 121 121 121 121 121 121 121 121 121 121 121 121 121 121 121 121 121 121 121 121 121 120 120 121 121 121 121 121 121 121 121 121 121 121 121 120 121 121 121 121 121 121 121 121 121 121 121 121 120 120 120 120 120 120 120 120 120 120 120 120 120 120 120 120 120 120 120 120 120 120 120 121 121 121 121 121 121 121 121 121 121 121 121 121 121 121 121 121 121 121 99 100 100 100 100 100 100 100 101 101 101 101 101 101 101 101 102 102 102 102 102 102 102 103 103 103 103 103 103 104 104 104 104 104 104 104 105 105 105 105 105 105 105 106 106 106 106 106 106 106 107 107 107 107 107 107 107 108 108 108 108 108 108 109 109 109 109 109 109 109 110 110 110 110 110 110 110 111 111 111 111 111 111 111 112 112 112 112 112 112 112 112 112 113 113 113 113 113 113 113 113 113 114 114 114 114 114 114 114 114 115 115 115 115 115 115 115 115 115 115 115 116 116 116 116 116 116 116 116 116 117 117 117 117 117 117 117 117 117 117 117 118 118 118 118 118 118 118 118 118 118 118 118 118 119 119 119 119 119 119 119 119 120 120 120 120 120 120 120 120 120 120 120 120 120 120 120 120 120 120 120 120 120 120 120 121 121 121 121 121 121 121 121 121 121 121 121 121 121 121 121 121 121 121 121 121 121 121 121 121 121 120 120 121 121 121 121 121 121 121 121 121 121 121 121 121 121 121 121 121 121 121 121 121 121 121 121 121 121 121 121 121 121 120 120 120 120 120 120 120 120 120 120 120 120 120 120 120 120 120 120 121 121 121 121 121 121 121 121 121 121 121 121 121 121 121 121 121 121 121 99 99 99 99 99 100 100 100 100 100 100 101 101 101 101 101 101 101 102 102 102 102 102 102 102 103 103 103 103 103 103 103 104 104 104 104 104 104 105 105 105 105 105 105 105 106 106 106 106 106 106 106 107 107 107 107 107 107 107 108 108 108 108 108 108 109 109 109 109 109 109 109 110 110 110 110 110 110 110 111 111 111 111 111 111 111 111 112 112 112 112 112 112 112 112 113 113 113 113 113 113 113 113 113 114 114 114 114 114 114 114 115 115 114 115 115 115 115 115 115 115 115 115 116 116 116 116 116 116 116 116 116 117 117 117 117 117 117 117 117 117 117 118 118 118 118 118 118 118 118 118 118 118 118 118 119 119 119 119 119 119 119 119 120 120 120 120 120 120 120 120 120 120 120 120 120 120 120 120 120 120 120 120 120 120 121 121 121 121 121 121 121 121 121 121 121 121 121 121 121 121 121 121 121 121 121 121 121 121 121 121 121 121 120 120 121 121 121 121 121 121 121 121 121 121 121 121 121 121 121 121 121 121 121 121 121 121 121 121 121 121 121 121 121 121 121 120 120 120 120 120 120 120 120 120 120 120 120 120 120 120 120 120 121 121 121 121 121 121 121 121 121 121 121 121 121 121 121 121 121 121 121 100 100 101 101 101 101 101 101 101 102 102 102 102 102 102 102 103 103 103 103 103 103 103 104 104 104 104 104 104 104 105 105 105 105 105 105 106 106 106 106 106 106 106 107 107 107 107 107 107 107 108 108 108 108 108 108 109 109 109 109 109 109 109 109 110 110 110 110 110 110 111 111 111 111 111 111 111 111 112 112 112 112 112 112 112 112 113 113 113 113 113 113 113 113 113 114 114 114 114 114 114 114 115 115 115 115 115 115 115 115 115 115 115 115 116 116 116 116 116 116 116 116 116 117 117 117 117 117 117 117 117 117 117 117 118 118 118 118 118 118 118 118 118 118 118 119 119 119 119 119 119 119 119 119 120 120 120 120 120 120 120 120 120 120 120 120 120 120 120 120 120 120 120 120 121 121 121 121 121 121 121 121 121 121 121 121 121 121 121 121 121 121 121 121 121 121 121 121 121 121 121 121 121 121 120 120 121 121 121 121 121 121 121 121 121 121 121 121 121 121 121 121 121 121 121 121 121 121 121 121 121 121 121 121 121 121 121 121 121 120 120 120 120 120 120 120 120 120 120 120 120 120 120 120 121 121 121 121 121 121 121 121 121 121 121 121 121 121 121 121 121 121 121 100 101 101 101 101 101 101 102 102 102 102 102 102 102 103 103 103 103 103 103 103 104 104 104 104 104 104 104 105 105 105 105 105 105 105 106 106 106 106 106 106 106 107 107 107 107 107 107 107 108 108 108 108 108 109 109 109 109 109 109 109 109 110 110 110 110 110 110 110 111 111 111 111 111 111 111 112 112 112 112 112 112 112 112 113 113 113 113 113 113 113 113 114 114 114 114 114 114 114 114 115 115 114 115 115 115 115 115 115 115 115 116 116 116 116 116 116 116 116 116 116 117 117 117 117 117 117 117 117 117 117 118 118 118 118 118 118 118 118 118 118 118 118 119 119 119 119 119 119 119 119 119 120 120 120 120 120 120 120 120 120 120 120 120 120 120 120 120 120 120 121 121 121 121 121 121 121 121 121 121 121 121 121 121 121 121 121 121 121 121 121 121 121 121 121 121 121 121 121 121 121 121 121 121 121 121 121 121 121 121 121 121 121 121 121 121 121 121 121 121 121 121 121 121 121 121 121 121 121 121 121 121 121 121 121 121 121 121 121 120 120 120 120 120 120 120 120 120 120 120 120 120 121 121 121 121 121 121 121 121 121 121 121 121 121 121 121 121 121 121 121 121 121 121 121 121 101 101 101 101 101 101 101 102 102 102 102 102 102 102 103 103 103 103 103 103 104 104 104 104 104 104 104 105 105 105 105 105 105 105 106 106 106 106 106 106 106 107 107 107 107 107 107 107 108 108 108 108 108 108 109 109 109 109 109 109 109 110 110 110 110 110 110 110 111 111 111 111 111 111 111 112 112 112 112 112 112 112 112 113 113 113 113 113 113 113 113 114 114 114 114 114 114 114 114 114 115 114 115 115 115 115 115 115 115 115 115 116 116 116 116 116 116 116 116 116 117 117 117 117 117 117 117 117 117 117 118 118 118 118 118 118 118 118 118 118 118 118 119 119 119 119 119 119 119 119 119 120 120 120 120 120 120 120 120 120 120 120 120 120 120 120 120 120 121 121 121 121 121 121 121 121 121 121 121 121 121 121 121 121 121 121 121 121 121 121 121 121 121 121 121 121 121 121 121 121 121 121 121 121 121 121 121 121 121 121 121 121 121 121 121 121 121 121 121 121 121 121 121 121 121 121 121 121 121 121 121 121 121 121 121 121 121 121 121 121 121 120 120 120 120 120 120 120 120 120 120 121 121 121 121 121 121 121 121 121 121 121 121 121 121 121 121 121 121 121 121 121 121 121 121 121 121 121 121 121 100 100 101 101 101 101 101 101 101 102 102 102 102 102 102 102 103 103 103 103 103 103 103 104 104 104 104 104 104 105 105 105 105 105 105 105 106 106 106 106 106 106 106 107 107 107 107 107 107 107 108 108 108 108 108 108 109 109 109 109 109 109 109 110 110 110 110 110 110 110 111 111 111 111 111 111 111 111 112 112 112 112 112 112 112 113 113 113 113 113 113 113 113 114 114 114 114 114 114 114 114 114 115 114 115 115 115 115 115 115 115 115 115 116 116 116 116 116 116 116 116 116 117 117 117 117 117 117 117 117 117 117 118 118 118 118 118 118 118 118 118 118 118 119 119 119 119 119 119 119 119 119 119 120 120 120 120 120 120 120 120 120 120 120 120 120 120 120 121 121 121 121 121 121 121 121 121 121 121 121 121 121 121 121 121 121 121 121 121 121 121 121 121 121 121 121 121 121 121 121 121 121 121 121 121 121 121 121 121 121 121 121 121 121 121 121 121 121 121 121 121 121 121 121 121 121 121 121 121 121 121 121 121 121 121 121 121 121 121 121 121 121 121 121 121 121 121 121 120 120 120 120 120 121 121 121 121 121 121 121 121 121 121 121 121 121 121 121 121 121 121 121 121 121 121 121 121 121 121 121 121 121 121 121 121 100 100 100 100 101 101 101 101 101 101 101 102 102 102 102 102 102 102 102 103 103 103 103 103 103 104 104 104 104 104 104 104 105 105 105 105 105 105 105 106 106 106 106 106 106 107 107 107 107 107 107 107 108 108 108 108 108 108 109 109 109 109 109 109 109 110 110 110 110 110 110 110 111 111 111 111 111 111 111 111 112 112 112 112 112 112 112 112 113 113 113 113 113 113 113 114 114 114 114 114 114 114 114 114 115 114 115 115 115 115 115 115 115 115 115 116 116 116 116 116 116 116 116 116 117 117 117 117 117 117 117 117 117 117 118 118 118 118 118 118 118 118 118 118 118 119 119 119 119 119 119 119 119 119 119 120 120 120 120 120 120 120 120 120 120 120 120 120 120 121 121 121 121 121 121 121 121 121 121 121 121 121 121 121 121 121 121 121 121 121 121 121 121 121 121 121 121 121 121 121 121 121 121 121 121 121 121 121 121 121 121 121 121 121 121 121 121 121 121 121 121 121 121 121 121 121 121 121 121 121 121 121 121 121 121 121 121 121 121 121 121 121 121 121 121 121 121 121 121 121 121 120 120 120 120 121 121 121 121 121 121 121 121 121 121 121 121 121 121 121 121 121 121 121 121 121 121 121 121 121 121 121 121 121 121 121 121 121 121 121 99 99 100 100 100 100 100 100 101 101 101 101 101 101 101 102 102 102 102 102 102 102 103 103 103 103 103 103 103 104 104 104 104 104 104 105 105 105 105 105 105 105 106 106 106 106 106 106 106 107 107 107 107 107 107 107 108 108 108 108 108 108 109 109 109 109 109 109 109 110 110 110 110 110 110 110 111 111 111 111 111 111 111 112 112 112 112 112 112 112 112 113 113 113 113 113 113 113 114 114 114 114 114 114 114 114 114 115 114 115 115 115 115 115 115 115 115 115 116 116 116 116 116 116 116 116 116 117 117 117 117 117 117 117 117 117 117 118 118 118 118 118 118 118 118 118 118 118 118 119 119 119 119 119 119 119 119 119 120 120 120 120 120 120 120 120 120 120 120 120 121 121 121 121 121 121 121 121 121 121 121 121 121 121 121 121 121 121 121 121 121 121 121 121 121 121 121 121 121 121 121 121 121 121 121 121 121 121 121 121 121 121 121 121 121 121 121 121 121 121 121 121 121 121 121 121 121 121 121 121 121 121 121 121 121 121 121 121 121 121 121 121 121 121 121 121 121 121 121 121 121 121 121 121 120 120 120 120 121 121 121 121 121 121 121 121 121 121 121 121 121 121 121 121 121 121 121 121 121 121 121 121 121 121 121 121 121 121 121 121 121 121 121 121 98 98 99 99 99 99 100 100 100 100 100 100 100 101 101 101 101 102 102 102 102 102 102 102 103 103 103 103 103 103 104 104 104 104 104 104 104 105 105 105 105 105 105 105 106 106 106 106 106 106 106 107 107 107 107 107 107 107 108 108 108 108 108 108 109 109 109 109 109 109 109 110 110 110 110 110 110 110 111 111 111 111 111 111 111 112 112 112 112 112 112 112 112 113 113 113 113 113 113 113 113 114 114 114 114 114 114 114 114 115 114 115 115 115 115 115 115 115 115 115 116 116 116 116 116 116 116 116 116 117 117 117 117 117 117 117 117 117 117 118 118 118 118 118 118 118 118 118 118 118 118 119 119 119 119 119 119 119 119 119 120 120 120 120 120 120 120 120 120 120 120 121 121 121 121 121 121 121 121 121 121 121 121 121 121 121 121 121 121 121 121 121 121 121 121 121 121 121 121 121 121 121 121 121 121 121 121 121 121 121 121 121 121 121 121 121 121 121 121 121 121 121 121 121 121 121 121 121 121 121 121 121 121 121 121 121 121 121 121 121 121 121 121 121 121 121 121 121 121 121 121 121 121 121 121 121 121 120 120 120 121 121 121 121 121 121 121 121 121 121 121 121 121 121 121 121 121 121 121 121 121 121 121 121 121 121 121 121 121 121 121 121 121 121 121 121 121 98 98 98 98 98 99 99 99 99 99 100 100 100 100 101 101 101 101 102 102 102 102 102 102 103 103 103 103 103 103 104 104 104 104 104 104 104 105 105 105 105 105 105 106 106 106 106 106 106 106 107 107 107 107 107 107 107 108 108 108 108 108 108 109 109 109 109 109 109 109 110 110 110 110 110 110 110 111 111 111 111 111 111 111 111 112 112 112 112 112 112 112 113 113 113 113 113 113 113 113 114 114 114 114 114 114 114 114 115 114 115 115 115 115 115 115 115 115 115 116 116 116 116 116 116 116 116 116 117 117 117 117 117 117 117 117 117 117 118 118 118 118 118 118 118 118 118 118 118 118 119 119 119 119 119 119 119 119 119 120 120 120 120 120 120 120 120 120 121 121 121 121 121 121 121 121 121 121 121 121 121 121 121 121 121 121 121 121 121 121 121 121 121 121 121 121 121 121 121 121 121 121 121 121 121 121 121 121 121 121 121 121 121 121 121 121 121 121 121 121 121 121 121 121 121 121 121 121 121 121 121 121 121 121 121 121 121 121 121 121 121 121 121 121 121 121 121 121 121 121 121 121 121 121 120 120 120 120 120 121 121 121 121 121 121 121 121 121 121 121 121 121 121 121 121 121 121 121 121 121 121 121 121 121 121 121 121 121 121 121 121 121 121 121 121 121 97 97 98 98 98 98 98 98 99 99 99 99 99 100 100 100 100 101 101 101 103 103 103 104 104 104 104 104 104 104 105 105 105 105 105 105 106 106 106 106 106 106 106 106 107 107 107 107 107 107 108 108 108 108 108 108 109 109 109 109 109 109 109 110 110 110 110 110 110 110 111 111 111 111 111 111 111 111 112 112 112 112 112 112 112 113 113 113 113 113 113 113 113 114 114 114 114 114 114 114 114 115 114 115 115 115 115 115 115 115 115 115 116 116 116 116 116 116 116 116 116 117 117 117 117 117 117 117 117 117 118 118 118 118 118 118 118 118 118 118 118 119 119 119 119 119 119 119 119 119 119 120 120 120 120 120 120 120 120 120 121 121 121 121 121 121 121 121 121 121 121 121 121 121 121 121 121 121 121 121 121 121 121 121 121 121 121 121 121 121 121 121 121 121 121 121 121 121 121 121 121 121 121 121 121 121 121 121 121 121 121 121 121 121 121 121 121 121 121 121 121 121 121 121 121 121 121 121 121 121 121 121 121 121 121 121 121 121 121 121 121 121 121 121 121 121 121 120 120 120 120 120 121 121 121 121 121 121 121 121 121 121 121 121 121 121 121 121 121 121 121 121 121 121 121 121 121 121 121 121 121 121 121 121 121 121 121 121 121 97 97 98 98 98 98 98 98 98 99 99 99 99 99 99 99 103 104 104 104 104 104 104 104 105 105 105 105 105 105 105 106 106 106 106 106 106 106 107 107 107 107 107 107 108 108 108 108 108 108 108 109 109 109 109 109 109 110 110 110 110 110 110 110 110 111 111 111 111 111 111 111 112 112 112 112 112 112 112 113 113 113 113 113 113 113 113 114 114 114 114 114 114 114 114 115 114 114 115 115 115 115 115 115 115 115 116 116 116 116 116 116 116 116 116 117 117 117 117 117 117 117 117 117 118 118 118 118 118 118 118 118 118 118 118 119 119 119 119 119 119 119 119 119 119 120 120 120 120 120 120 120 120 121 121 121 121 121 121 121 121 121 121 121 121 121 121 121 121 121 121 121 121 121 121 121 121 121 121 121 121 121 121 121 121 121 121 121 121 121 121 121 121 121 121 121 121 121 121 121 121 121 121 121 121 121 121 121 121 121 121 121 121 121 121 121 121 121 121 121 121 121 121 121 121 121 121 121 121 121 121 121 121 121 121 121 121 121 121 121 121 121 120 120 120 120 121 121 121 121 121 121 121 121 121 121 121 121 121 121 121 121 121 121 121 121 121 121 121 121 121 121 121 121 121 121 121 121 121 121 121 121 121 97 97 98 98 98 98 98 98 99 99 99 99 99 99 104 104 104 104 104 104 104 105 105 105 105 105 105 106 106 106 106 106 106 106 107 107 107 107 107 107 107 108 108 108 108 108 108 109 109 109 109 109 109 109 110 110 110 110 110 110 110 111 111 111 111 111 111 111 111 112 112 112 112 112 112 112 113 113 113 113 113 113 113 113 114 114 114 114 114 114 114 114 114 114 115 115 115 115 115 115 115 115 116 116 116 116 116 116 116 116 116 117 117 117 117 117 117 117 117 117 118 118 118 118 118 118 118 118 118 118 119 119 119 119 119 119 119 119 119 119 120 120 120 120 120 120 120 120 120 121 121 121 121 121 121 121 121 121 121 121 121 121 121 121 121 121 121 121 121 121 121 121 121 121 121 121 121 121 121 121 121 121 121 121 121 121 121 121 121 121 121 121 121 121 121 121 121 121 121 121 121 121 121 121 121 121 121 121 121 121 121 121 121 121 121 121 121 121 121 121 121 121 121 121 121 121 121 121 121 121 121 121 121 121 121 121 121 121 120 120 120 120 121 121 121 121 121 121 121 121 121 121 121 121 121 121 121 121 121 121 121 121 121 121 121 121 121 121 121 121 121 121 121 121 121 121 97 98 98 98 98 98 98 98 99 99 104 104 104 104 104 105 105 105 105 105 105 105 106 106 106 106 106 106 107 107 107 107 107 107 107 108 108 108 108 108 108 109 109 109 109 109 109 109 110 110 110 110 110 110 110 110 111 111 111 111 111 111 111 112 112 112 112 112 112 112 113 113 113 113 113 113 113 113 114 114 114 114 114 114 114 114 114 114 115 115 115 115 115 115 115 115 116 116 116 116 116 116 116 116 116 117 117 117 117 117 117 117 117 117 118 118 118 118 118 118 118 118 118 118 119 119 119 119 119 119 119 119 119 119 120 120 120 120 120 120 120 121 121 121 121 121 121 121 121 121 121 121 121 121 121 121 121 121 121 121 121 121 121 121 121 121 121 121 121 121 121 121 121 121 121 121 121 121 121 121 121 121 121 121 121 121 121 121 121 121 121 121 121 121 121 121 121 121 121 121 121 121 121 121 121 121 121 121 121 121 121 121 121 121 121 121 121 121 121 121 121 121 121 121 121 121 121 121 121 121 121 121 121 121 121 121 121 121 121 121 121 121 121 121 121 121 121 121 121 121 121 121 121 121 121 121 121 121 121 121 121 121 121 121 121 121 121 97 98 98 98 98 98 98 99 104 104 104 104 104 105 105 105 105 105 105 105 106 106 106 106 106 106 106 107 107 107 107 107 107 108 108 108 108 108 108 109 109 109 109 109 109 109 109 110 110 110 110 110 110 110 111 111 111 111 111 111 111 112 112 112 112 112 112 112 113 113 113 113 113 113 113 113 114 114 114 114 114 114 114 114 114 114 115 115 115 115 115 115 115 115 116 116 116 116 116 116 116 116 116 117 117 117 117 117 117 117 117 117 118 118 118 118 118 118 118 118 118 118 119 119 119 119 119 119 119 119 119 119 120 120 120 120 120 120 121 121 121 121 121 121 121 121 121 121 121 121 121 121 121 121 121 121 121 121 121 121 121 121 121 121 121 121 121 121 121 121 121 121 121 121 121 121 121 121 121 121 121 121 121 121 121 121 121 121 121 121 121 121 121 121 121 121 121 121 121 121 121 121 121 121 121 121 121 121 121 121 121 121 121 121 121 121 121 121 121 121 121 121 121 121 121 121 121 121 121 121 121 121 121 121 121 121 121 121 121 121 121 121 121 121 121 121 121 121 121 121 121 121 121 121 121 121 121 121 97 98 98 98 98 98 104 104 104 104 104 104 105 105 105 105 105 105 105 106 106 106 106 106 106 106 107 107 107 107 107 107 108 108 108 108 108 108 109 109 109 109 109 109 109 109 110 110 110 110 110 110 110 111 111 111 111 111 111 111 112 112 112 112 112 112 112 113 113 113 113 113 113 113 113 114 114 114 114 114 114 114 114 114 114 115 115 115 115 115 115 115 115 115 116 116 116 116 116 116 116 116 117 117 117 117 117 117 117 117 117 118 118 118 118 118 118 118 118 118 119 119 119 119 119 119 119 119 119 119 119 120 120 120 120 120 120 121 121 121 121 121 121 121 121 121 121 121 121 121 121 121 121 121 121 121 121 121 121 121 121 121 121 121 121 121 121 121 121 121 121 121 121 121 121 121 121 121 121 121 121 121 121 121 121 121 121 121 121 121 121 121 121 121 121 121 121 121 121 121 121 121 121 121 121 121 121 121 121 121 121 121 121 121 121 121 121 121 121 121 121 121 121 121 121 121 121 121 121 121 121 121 121 121 121 121 121 121 121 121 121 121 121 121 121 121 121 103 104 104 104 104 104 104 104 105 105 105 105 105 105 106 106 106 106 106 106 106 107 107 107 107 107 107 107 108 108 108 108 108 108 109 109 109 109 109 109 109 110 110 110 110 110 110 110 111 111 111 111 111 111 111 112 112 112 112 112 112 112 112 113 113 113 113 113 113 113 114 114 114 114 114 114 114 114 114 114 115 115 115 115 115 115 115 115 116 116 116 116 116 116 116 116 116 117 117 117 117 117 117 117 117 117 118 118 118 118 118 118 118 118 118 119 119 119 119 119 119 119 119 119 119 119 120 120 120 120 120 121 121 121 121 121 121 121 121 121 121 121 121 121 121 121 121 121 121 121 121 121 121 121 121 121 121 121 121 121 121 121 121 121 121 121 121 121 121 121 121 121 121 121 121 121 121 122 121 121 121 121 121 121 121 121 121 121 121 121 121 121 121 121 121 121 121 121 121 121 121 121 121 121 121 121 121 121 121 121 121 121 121 121 121 121 121 121 121 121 121 121 121 121 121 121 121 121 122 121 121 121 121 121 121 121 121 121 121 121 121 103 104 104 104 104 104 104 104 105 105 105 105 105 105 105 106 106 106 106 106 106 107 107 107 107 107 107 107 108 108 108 108 108 108 109 109 109 109 109 109 109 110 110 110 110 110 110 110 110 111 111 111 111 111 111 112 112 112 112 112 112 112 112 113 113 113 113 113 113 113 113 114 114 114 114 114 114 114 114 114 115 115 115 115 115 115 115 115 116 116 116 116 116 116 116 116 116 117 117 117 117 117 117 117 117 117 118 118 118 118 118 118 118 118 118 118 119 119 119 119 119 119 119 119 120 120 120 120 120 120 121 121 121 121 121 121 121 121 121 121 121 121 121 121 121 121 121 121 121 121 121 121 121 121 121 121 121 121 121 121 121 121 121 121 121 121 121 121 121 121 121 122 122 121 121 121 121 122 121 121 121 121 121 121 121 121 121 121 121 121 121 121 121 121 121 121 121 121 121 121 121 121 121 121 121 121 121 121 121 121 121 121 121 121 121 121 121 121 121 121 121 121 121 121 121 121 121 121 122 122 121 121 121 121 121 121 121 121 121 121 121 103 103 104 104 104 104 104 104 105 105 105 105 105 105 105 106 106 106 106 106 106 106 107 107 107 107 107 107 108 108 108 108 108 108 109 109 109 109 109 109 109 109 110 110 110 110 110 110 110 111 111 111 111 111 111 111 112 112 112 112 112 112 112 113 113 113 113 113 113 113 113 114 114 114 114 114 114 114 114 114 115 115 115 115 115 115 115 115 115 116 116 116 116 116 116 116 116 117 117 117 117 117 117 117 117 117 118 118 118 118 118 118 118 118 118 118 119 119 119 119 119 119 119 119 120 120 120 120 120 120 121 121 121 121 121 121 121 121 121 121 121 121 121 121 121 121 121 121 121 121 121 121 121 121 121 121 121 121 121 121 121 121 121 121 121 121 121 122 122 122 122 122 122 122 122 122 121 121 121 121 121 121 121 121 121 121 121 121 121 121 121 121 121 121 121 121 121 121 121 121 121 121 121 121 121 121 121 121 121 121 121 121 121 121 121 121 121 121 121 121 121 121 121 121 121 121 121 121 122 122 122 122 122 122 121 121 122 122 121 121 121 103 103 104 104 104 104 104 104 104 105 105 105 105 105 105 106 106 106 106 106 106 106 107 107 107 107 107 107 108 108 108 108 108 108 108 109 109 109 109 109 109 109 110 110 110 110 110 110 110 111 111 111 111 111 111 111 112 112 112 112 112 112 112 112 113 113 113 113 113 113 113 114 114 114 114 114 114 114 114 114 114 115 115 115 115 115 115 115 115 116 116 116 116 116 116 116 116 117 117 117 117 117 117 117 117 117 118 118 118 118 118 118 118 118 118 119 119 119 119 119 119 119 119 120 120 120 120 120 120 120 121 121 121 121 121 121 121 121 121 121 121 121 121 121 121 121 121 121 121 121 121 121 121 121 121 121 121 121 121 121 121 121 121 121 121 121 121 122 122 122 122 122 122 122 122 122 122 122 121 121 121 121 121 121 121 121 121 121 121 121 121 121 121 121 121 121 121 121 121 121 121 121 121 121 121 121 121 121 121 121 121 121 121 121 121 121 121 121 121 121 121 121 121 121 121 121 121 121 122 122 122 122 122 122 122 122 122 121 121 121 121 103 103 103 103 103 103 104 104 104 104 104 104 104 105 105 105 105 105 105 105 106 106 106 106 106 106 107 107 107 107 107 107 108 108 108 108 108 108 108 109 109 109 109 109 109 109 110 110 110 110 110 110 110 111 111 111 111 111 111 111 112 112 112 112 112 112 112 112 113 113 113 113 113 113 113 114 114 114 114 114 114 114 114 114 114 115 115 115 115 115 115 115 115 116 116 116 116 116 116 116 116 117 117 117 117 117 117 117 117 117 118 118 118 118 118 118 118 118 118 119 119 119 119 119 119 119 119 119 120 120 120 120 120 121 121 121 121 121 121 121 121 121 121 121 121 121 121 121 121 121 121 121 121 121 121 121 121 121 121 121 121 121 121 121 121 121 121 121 121 121 121 122 122 122 122 122 122 122 122 122 122 122 121 121 121 121 121 121 121 121 121 121 121 121 121 121 121 121 121 121 121 121 121 121 121 121 121 121 121 121 121 121 121 121 121 121 121 121 121 121 121 121 121 121 121 121 121 121 121 121 121 121 122 122 122 122 122 122 122 122 122 121 121 121 121 121 103 103 103 103 103 103 104 104 104 104 104 104 105 105 105 105 105 105 105 106 106 106 106 106 106 106 107 107 107 107 107 107 108 108 108 108 108 108 109 109 109 109 109 109 109 110 110 110 110 110 110 110 110 111 111 111 111 111 111 111 112 112 112 112 112 112 112 113 113 113 113 113 113 113 114 114 114 114 114 114 114 114 114 114 115 115 115 115 115 115 115 115 116 116 116 116 116 116 116 116 116 117 117 117 117 117 117 117 117 117 118 118 118 118 118 118 118 118 119 119 119 119 119 119 119 119 119 120 120 120 120 120 121 121 121 121 121 121 121 121 121 121 121 121 121 121 121 121 121 121 121 121 121 121 121 121 121 121 121 121 121 121 121 121 121 121 121 121 121 121 122 122 122 122 122 122 122 122 122 122 122 121 121 121 121 121 121 121 121 121 121 121 121 121 121 121 121 121 121 121 121 121 121 121 121 121 121 121 121 121 121 121 121 121 121 121 121 121 121 121 121 121 121 121 121 121 121 121 121 121 121 122 122 122 122 122 122 122 122 121 121 121 121 121 121 121 121 102 103 103 103 103 103 103 103 104 104 104 104 104 104 105 105 105 105 105 105 105 106 106 106 106 106 106 106 107 107 107 107 107 107 108 108 108 108 108 108 108 109 109 109 109 109 109 109 110 110 110 110 110 110 110 111 111 111 111 111 111 111 112 112 112 112 112 112 112 112 113 113 113 113 113 113 113 114 114 114 114 114 114 114 114 114 115 115 115 115 115 115 115 115 115 116 116 116 116 116 116 116 116 117 117 117 117 117 117 117 117 118 118 118 118 118 118 118 118 118 119 119 119 119 119 119 119 119 119 119 120 120 120 120 121 121 121 121 121 121 121 121 121 121 121 121 121 121 121 121 121 121 121 121 121 121 121 121 121 121 121 121 121 121 121 121 121 121 121 121 121 122 122 122 122 122 122 122 122 122 122 122 122 121 121 121 121 121 121 121 121 121 121 121 121 121 121 121 121 121 121 121 121 121 121 121 121 121 121 121 121 121 121 121 121 121 121 121 121 121 121 121 121 121 121 121 121 121 121 121 121 121 121 122 122 122 122 122 122 122 122 122 121 121 121 121 122 121 121 102 103 103 103 103 103 103 104 104 104 104 104 104 104 105 105 105 105 105 105 106 106 106 106 106 106 106 107 107 107 107 107 107 108 108 108 108 108 108 108 109 109 109 109 109 109 109 110 110 110 110 110 110 110 111 111 111 111 111 111 111 112 112 112 112 112 112 112 112 113 113 113 113 113 113 113 114 114 114 114 114 114 114 114 114 115 115 115 115 115 115 115 115 115 116 116 116 116 116 116 116 116 117 117 117 117 117 117 117 117 117 118 118 118 118 118 118 118 118 118 119 119 119 119 119 119 119 119 120 120 120 120 120 120 120 120 121 121 121 121 121 121 121 121 121 121 121 121 121 121 121 121 121 121 121 121 121 121 121 121 121 121 121 121 121 121 121 121 121 121 122 122 122 122 122 122 122 122 122 122 122 122 121 121 121 121 121 121 121 121 121 121 121 121 121 121 121 121 121 121 121 121 121 121 121 121 121 121 121 121 121 121 121 121 121 121 121 121 121 121 121 121 121 121 121 121 121 121 121 121 121 121 122 122 122 122 122 122 122 122 122 121 121 121 121 121 121 121 121 102 102 102 103 103 103 103 103 103 103 104 104 104 104 104 104 105 105 105 105 105 105 105 106 106 106 106 106 106 107 107 107 107 107 107 107 108 108 108 108 108 108 109 109 109 109 109 109 109 110 110 110 110 110 110 110 111 111 111 111 111 111 111 112 112 112 112 112 112 112 112 113 113 113 113 113 113 113 114 114 114 114 114 114 114 114 114 114 115 115 115 115 115 115 115 115 116 116 116 116 116 116 116 116 117 117 117 117 117 117 117 117 117 118 118 118 118 118 118 118 118 118 118 119 119 119 119 119 119 119 120 120 120 120 120 120 120 121 121 121 121 121 121 121 121 121 121 121 121 121 121 121 121 121 121 121 121 121 121 121 121 121 121 121 121 121 121 121 121 121 121 121 122 122 122 122 122 122 122 122 122 122 122 122 121 121 121 121 121 121 121 121 121 121 121 121 121 121 121 121 121 121 121 121 121 121 121 121 121 121 121 121 121 121 121 121 121 121 121 121 121 121 121 121 121 121 121 121 121 121 121 121 121 121 122 122 122 122 122 122 122 121 121 121 121 121 121 121 121 121 121 103 103 103 103 103 103 103 104 104 104 104 104 104 105 105 105 105 105 105 105 106 106 106 106 106 106 106 107 107 107 107 107 107 108 108 108 108 108 108 109 109 109 109 109 109 109 109 110 110 110 110 110 110 110 111 111 111 111 111 111 111 112 112 112 112 112 112 112 113 113 113 113 113 113 113 114 114 114 114 114 114 114 114 114 114 115 115 115 115 115 115 115 115 116 116 116 116 116 116 116 116 117 117 117 117 117 117 117 117 117 118 118 118 118 118 118 118 118 118 119 119 119 119 119 119 119 119 119 120 119 120 120 120 120 120 121 121 121 121 121 121 121 121 121 121 121 121 121 121 121 121 121 121 121 121 121 121 121 121 121 121 121 121 121 121 121 121 121 121 121 122 122 122 122 122 122 122 122 122 122 122 121 121 121 121 121 121 121 121 121 121 121 121 121 121 121 121 121 121 121 121 121 121 121 121 121 121 121 121 121 121 121 121 121 121 121 121 121 121 121 121 121 121 121 121 121 121 121 121 121 121 122 122 122 122 122 122 121 121 121 121 121 121 121 121 121 121 121 121 102 102 102 102 103 103 103 103 103 103 104 104 104 104 104 104 104 105 105 105 105 105 105 106 106 106 106 106 106 106 107 107 107 107 107 107 108 108 108 108 108 108 108 109 109 109 109 109 109 109 110 110 110 110 110 110 110 111 111 111 111 111 111 111 112 112 112 112 112 112 112 113 113 113 113 113 113 113 113 114 114 114 114 114 114 114 114 114 114 115 115 115 115 115 115 115 116 116 116 116 116 116 116 116 117 117 117 117 117 117 117 117 117 118 118 118 118 118 118 118 118 118 119 119 119 119 119 119 119 119 119 119 119 119 120 120 120 120 121 121 121 121 121 121 121 121 121 121 121 121 121 121 121 121 121 121 121 121 121 121 121 121 121 121 121 121 121 121 121 121 121 121 121 122 122 122 122 122 122 122 122 122 122 122 121 121 121 121 121 121 121 121 121 121 121 121 121 121 121 121 121 121 121 121 121 121 121 121 121 121 121 121 121 121 121 121 121 121 121 121 121 121 121 121 121 121 121 121 121 121 121 121 121 121 122 122 122 122 122 121 121 121 121 121 121 122 121 121 121 121 121 121 121 121 121 121 121 121 121 121 121 121 121 121 121 121 121 121 121 121 102 103 103 103 103 103 103 104 104 104 104 104 104 104 105 105 105 105 105 105 105 106 106 106 106 106 106 107 107 107 107 107 107 108 108 108 108 108 108 108 109 109 109 109 109 109 109 109 110 110 110 110 110 110 111 111 111 111 111 111 111 111 112 112 112 112 112 112 112 113 113 113 113 113 113 113 114 114 114 114 114 114 114 114 114 114 115 115 115 115 115 115 115 115 116 116 116 116 116 116 116 116 117 117 117 117 117 117 117 117 118 118 118 118 118 118 118 118 119 119 119 119 119 119 119 119 119 119 119 119 119 120 120 120 120 120 121 121 121 121 121 121 121 121 121 121 121 121 121 121 121 121 121 121 121 121 121 121 121 121 121 121 121 121 121 121 121 121 121 121 122 122 122 122 122 122 122 122 122 122 122 121 121 121 121 121 121 121 121 121 121 121 121 121 121 121 121 121 121 121 121 121 121 121 121 121 121 121 121 121 121 121 121 121 121 121 121 121 121 121 121 121 121 121 121 121 121 121 121 121 121 122 122 122 122 121 121 121 121 121 122 122 122 121 121 121 121 121 121 121 121 121 121 121 121 121 121 121 121 121 121 121 121 121 121 121 121 121 121 121 102 102 102 103 103 103 103 103 103 104 104 104 104 104 104 105 105 105 105 105 105 105 106 106 106 106 106 106 106 107 107 107 107 107 107 108 108 108 108 108 108 108 109 109 109 109 109 109 109 110 110 110 110 110 110 110 111 111 111 111 111 111 111 112 112 112 112 112 112 112 113 113 113 113 113 113 113 114 114 114 114 114 114 114 114 114 114 115 115 115 115 115 115 115 115 116 116 116 116 116 116 116 116 117 117 117 117 117 117 117 117 118 118 118 118 118 118 118 118 118 119 119 119 119 119 119 119 119 119 119 119 119 120 120 120 120 120 120 120 121 121 121 121 121 121 121 121 121 121 121 121 121 121 121 121 121 121 121 121 121 121 121 121 121 121 121 121 121 121 121 121 121 122 122 122 122 122 122 122 122 122 122 121 121 121 121 121 121 121 121 121 121 121 121 121 121 121 121 121 121 121 121 121 121 121 121 121 121 121 121 121 121 121 121 121 121 121 121 121 121 121 121 121 121 121 121 121 121 121 121 121 121 122 122 122 121 121 121 121 122 122 122 122 122 121 121 121 121 121 121 121 121 121 121 121 121 121 121 121 121 121 121 121 121 121 121 121 121 121 121 121 121 121 102 102 103 103 103 103 103 103 104 104 104 104 104 104 104 105 105 105 105 105 105 106 106 106 106 106 106 106 107 107 107 107 107 107 108 108 108 108 108 108 108 109 109 109 109 109 109 109 110 110 110 110 110 110 110 110 111 111 111 111 111 111 112 112 112 112 112 112 112 113 113 113 113 113 113 113 113 114 114 114 114 114 114 114 114 114 115 115 115 115 115 115 115 115 116 116 116 116 116 116 116 116 116 117 117 117 117 117 117 117 117 118 118 118 118 118 118 118 118 118 119 119 119 119 119 119 119 119 119 119 119 120 120 120 120 120 120 120 120 121 121 121 121 121 121 121 121 121 121 121 121 121 121 121 121 121 121 121 121 121 121 121 121 121 121 121 121 121 121 122 122 121 122 122 122 122 122 122 122 122 122 121 121 121 121 121 121 121 121 121 121 121 121 121 121 121 121 121 121 121 121 121 121 121 121 121 121 121 121 121 121 121 121 121 121 121 121 121 121 121 121 121 121 121 121 121 121 121 121 121 121 122 122 122 122 122 122 121 122 122 122 122 122 122 121 121 121 121 121 121 121 121 121 121 121 121 121 121 121 121 121 121 121 121 121 121 121 121 121 121 121 121 121 102 102 102 102 103 103 103 103 103 103 104 104 104 104 104 104 104 105 105 105 105 105 105 106 106 106 106 106 106 106 107 107 107 107 107 107 108 108 108 108 108 108 108 108 109 109 109 109 109 109 109 110 110 110 110 110 110 110 111 111 111 111 111 111 112 112 112 112 112 112 112 113 113 113 113 113 113 113 113 114 114 114 114 114 114 114 114 114 115 115 115 115 115 115 115 115 115 116 116 116 116 116 116 116 116 117 117 117 117 117 117 117 117 118 118 118 118 118 118 118 118 118 118 118 119 119 119 119 119 119 119 119 119 120 120 120 120 120 120 120 120 120 121 121 121 121 120 120 120 121 121 121 121 121 121 121 121 121 121 121 121 121 121 121 121 121 121 121 121 121 121 122 122 122 122 122 122 122 122 122 122 122 122 121 121 121 121 121 121 121 121 121 121 121 121 121 121 121 121 121 121 121 121 121 121 121 121 121 121 121 121 121 121 121 121 121 121 121 121 121 121 121 121 121 121 121 121 121 121 121 121 121 121 122 122 122 122 122 122 122 122 122 122 122 122 122 122 121 121 121 121 121 121 121 121 121 121 121 121 121 121 121 121 121 121 121 121 121 121 121 121 121 121 121 121 121 102 102 102 102 102 103 103 103 103 103 103 103 104 104 104 104 104 104 105 105 105 105 105 105 105 106 106 106 106 106 106 107 107 107 107 107 107 107 108 108 108 108 108 108 108 109 109 109 109 109 109 109 110 110 110 110 110 110 110 111 111 111 111 111 111 111 112 112 112 112 112 112 112 113 113 113 113 113 113 113 114 114 114 114 114 114 114 114 114 114 115 115 115 115 115 115 115 115 116 116 116 116 116 116 116 116 117 117 117 117 117 117 117 117 118 118 118 118 118 118 118 118 118 118 118 118 118 119 119 119 119 119 119 120 120 120 120 120 120 120 120 120 120 121 121 121 121 120 120 121 121 121 121 120 121 121 121 121 121 121 121 121 121 121 121 121 121 121 121 121 121 121 121 121 122 122 122 122 122 122 122 122 122 122 121 121 121 121 121 121 121 121 121 121 121 121 121 121 121 121 121 121 121 121 121 121 121 121 121 121 121 121 121 121 121 121 121 121 121 121 121 121 121 121 121 121 121 121 121 121 121 121 121 121 122 122 122 122 122 122 122 122 122 122 122 122 122 122 122 121 121 121 121 121 121 121 121 121 121 121 121 121 121 121 121 121 121 121 121 121 121 121 121 121 121 121 121 102 102 102 103 103 103 103 103 103 103 104 104 104 104 104 104 105 105 105 105 105 105 105 106 106 106 106 106 106 106 107 107 107 107 107 107 108 108 108 108 108 108 108 109 109 109 109 109 109 109 110 110 110 110 110 110 110 110 111 111 111 111 111 111 112 112 112 112 112 112 112 113 113 113 113 113 113 113 114 114 114 114 114 114 114 114 114 114 115 115 115 115 115 115 115 115 116 116 116 116 116 116 116 116 116 117 117 117 117 117 117 117 118 118 118 118 118 118 118 118 118 118 118 119 119 119 119 119 119 119 119 120 120 120 120 120 120 120 120 120 120 120 120 120 120 120 120 120 121 121 121 121 121 121 121 121 121 121 121 121 121 121 121 121 121 121 121 121 121 121 121 121 122 122 122 122 122 122 122 122 122 122 121 121 121 121 121 121 121 121 121 121 121 121 121 121 121 121 121 121 121 121 121 121 121 121 121 121 121 121 121 121 121 121 121 121 121 121 121 121 121 121 121 121 121 121 121 121 121 121 121 121 122 122 122 122 122 122 122 122 122 122 122 122 122 122 122 121 121 121 121 121 121 121 121 121 121 121 121 121 121 121 121 121 121 121 121 121 121 121 121 121 121 121 121 102 102 102 102 102 102 103 103 103 103 103 103 104 104 104 104 104 104 104 105 105 105 105 105 105 105 106 106 106 106 106 106 107 107 107 107 107 107 107 108 108 108 108 108 108 109 109 109 109 109 109 109 110 110 110 110 110 110 110 110 111 111 111 111 111 111 111 112 112 112 112 112 112 113 113 113 113 113 113 113 113 114 114 114 114 114 114 114 114 114 115 115 115 115 115 115 115 115 116 116 116 116 116 116 116 116 116 117 117 117 117 117 117 117 117 118 118 118 118 118 118 118 118 118 118 119 119 119 119 119 119 119 119 119 120 120 120 120 120 120 120 120 120 120 120 120 120 120 120 120 120 120 121 121 121 121 121 121 121 121 121 121 121 121 121 121 121 121 121 121 121 121 121 121 121 122 122 122 122 122 122 122 122 122 121 121 121 121 121 121 121 121 121 121 121 121 121 121 121 121 121 121 121 121 121 121 121 121 121 121 121 121 121 121 121 121 121 121 121 121 121 121 121 121 121 121 121 121 121 121 121 121 121 121 122 122 122 122 122 122 122 122 122 122 122 122 122 122 121 122 121 121 121 121 121 121 121 121 121 121 121 122 121 121 121 121 121 121 121 121 121 121 121 121 121 121 121 121 116 116 116 116 102 102 102 102 102 103 103 103 103 103 103 104 104 104 104 104 104 104 105 105 105 105 105 105 105 106 106 106 106 106 106 106 107 107 107 107 107 107 107 108 108 108 108 108 109 109 109 109 109 109 109 110 110 110 110 110 110 110 110 110 111 111 111 111 111 111 111 112 112 112 112 112 112 113 113 113 113 113 113 113 114 114 114 114 114 114 114 114 114 115 115 115 115 115 115 115 115 115 116 116 116 116 116 116 116 116 117 117 117 117 117 117 117 117 118 118 118 118 118 118 118 118 118 118 118 119 119 119 119 119 119 119 119 120 120 120 120 120 120 120 120 120 120 120 120 120 120 120 120 120 120 120 120 121 121 121 121 121 121 121 121 121 121 121 121 121 121 121 121 121 121 121 121 121 122 122 122 122 122 122 122 122 122 121 121 121 121 121 121 121 121 121 121 121 121 121 121 121 121 121 121 121 121 121 121 121 121 121 121 121 121 121 121 121 121 121 121 121 121 121 121 121 121 121 121 121 121 121 121 121 121 121 121 122 122 122 122 122 122 122 122 122 122 122 122 122 122 122 122 121 122 121 121 121 121 122 122 121 122 122 122 121 121 121 121 121 121 121 121 121 121 121 121 121 121 121 121 117 117 117 117 117 117 116 116 102 102 102 102 102 102 102 103 103 103 103 103 103 104 104 104 104 104 104 104 105 105 105 105 105 105 105 106 106 106 106 106 106 106 107 107 107 107 107 107 108 108 108 108 108 108 109 109 109 109 109 109 109 110 110 110 110 110 110 110 110 111 111 111 111 111 111 111 111 112 112 112 112 112 112 113 113 113 113 113 113 114 114 114 114 114 114 114 114 114 114 115 115 115 115 115 115 115 115 115 116 116 116 116 116 116 116 117 117 117 117 117 117 117 117 117 118 118 118 118 118 118 118 118 118 118 119 119 119 119 119 119 119 119 120 120 120 120 120 120 120 120 120 120 120 121 120 120 120 120 120 120 120 120 120 121 121 121 121 121 121 121 121 121 121 121 121 121 121 121 121 121 121 121 121 121 122 122 122 122 122 122 122 122 121 121 121 121 121 121 121 121 121 121 121 121 121 121 121 121 121 121 121 121 121 121 121 121 121 121 121 121 121 121 121 121 121 121 121 121 121 121 121 121 121 121 121 121 121 121 121 121 121 121 122 122 122 122 122 122 122 122 122 122 122 122 122 122 122 122 122 122 121 122 121 121 121 122 122 122 122 122 121 121 121 121 121 121 121 121 121 121 121 121 121 121 121 117 117 117 117 118 117 117 117 117 116 101 101 102 102 102 102 102 102 102 102 103 103 103 103 103 103 104 104 104 104 104 104 104 105 105 105 105 105 105 105 106 106 106 106 106 106 107 107 107 107 107 107 108 108 108 108 108 108 109 109 109 109 109 109 109 110 110 110 110 110 110 110 110 111 111 111 111 111 111 111 112 112 112 112 112 112 112 113 113 113 113 113 113 113 114 114 114 114 114 114 114 114 114 114 115 115 115 115 115 115 115 116 116 116 116 116 116 116 116 116 117 117 117 117 117 117 117 117 118 118 118 118 118 118 118 118 118 118 118 119 119 119 119 119 119 119 120 120 120 120 120 120 120 120 120 120 120 121 121 120 120 120 120 120 120 120 120 121 121 121 121 121 121 121 121 121 121 121 121 121 121 121 121 121 121 121 121 121 121 122 122 122 122 122 122 122 121 121 121 121 121 121 121 121 121 121 121 121 121 121 121 121 121 121 121 121 121 121 121 121 121 121 121 121 121 121 121 121 121 121 121 121 121 121 121 121 121 121 121 121 121 121 121 121 121 121 122 122 122 122 122 122 122 122 122 122 122 122 122 122 122 122 122 122 122 122 122 122 122 122 122 122 122 122 121 121 121 121 121 121 121 121 121 121 121 121 121 121 121 117 117 117 117 117 118 118 118 118 117 117 116 115 101 101 101 102 102 102 102 102 102 102 102 103 103 103 103 103 103 103 104 104 104 104 104 104 105 105 105 105 105 105 106 106 106 106 106 106 107 107 107 107 107 107 108 108 108 108 108 108 108 109 109 109 109 109 109 109 110 110 110 110 110 110 110 111 111 111 111 111 111 112 112 112 112 112 112 112 112 112 113 113 113 113 113 113 114 114 114 114 114 114 114 114 114 114 115 115 115 115 115 115 115 115 116 116 116 116 116 116 116 116 117 117 117 117 117 117 117 117 117 118 118 118 117 118 118 118 118 118 119 119 119 119 119 119 119 119 120 120 120 120 120 120 120 120 120 120 120 120 120 120 120 120 120 120 120 120 120 121 121 121 121 121 121 121 121 121 121 121 121 121 121 121 121 121 121 121 121 121 121 121 121 121 121 122 122 122 121 121 121 121 121 121 121 121 121 121 121 121 121 121 121 121 121 121 121 121 121 121 121 121 121 121 121 121 121 121 121 121 121 121 121 121 121 121 121 121 121 121 121 121 121 121 121 121 121 121 122 122 122 122 122 122 122 122 122 122 122 122 122 122 122 122 122 122 122 122 122 122 122 122 122 122 122 121 121 121 121 121 121 121 121 121 121 122 121 121 121 121 121 121 117 117 118 118 118 118 118 118 118 117 117 117 117 116 115 101 101 101 101 102 102 102 102 102 102 102 102 102 103 103 103 103 103 103 103 104 104 104 104 104 104 105 105 105 105 105 106 106 106 106 106 106 107 107 107 107 107 107 108 108 108 108 108 108 108 109 109 109 109 109 109 109 109 110 110 110 110 110 110 111 111 111 111 111 111 111 111 112 112 112 112 112 112 112 113 113 113 113 113 113 114 114 114 114 114 114 114 114 114 114 115 115 115 115 115 115 115 115 116 116 116 116 116 116 116 116 117 117 117 117 117 117 117 117 117 117 117 117 118 118 118 118 118 118 119 119 119 119 119 119 119 119 120 120 120 120 120 120 120 120 120 120 120 120 120 120 120 120 120 120 120 120 120 120 120 121 121 121 121 121 121 121 121 121 121 121 121 121 121 121 121 121 121 121 121 121 121 121 121 121 121 121 121 121 121 121 121 121 121 121 121 121 121 121 121 121 121 121 121 121 121 121 121 121 121 121 121 121 121 121 121 121 121 121 121 121 121 121 121 121 121 121 121 121 121 121 121 121 121 121 121 121 122 122 122 122 122 122 122 122 122 122 122 122 122 122 122 122 122 122 122 122 122 122 122 122 122 122 122 121 121 121 121 121 121 121 121 122 121 121 121 121 121 121 121 121 121 118 118 117 117 117 117 117 117 117 117 118 118 118 118 118 118 118 118 118 117 116 116 116 101 101 101 101 101 102 102 102 102 102 102 102 103 103 103 103 103 103 103 103 104 104 104 104 105 105 105 105 105 105 106 106 106 106 106 106 107 107 107 107 107 107 107 108 108 108 108 108 108 109 109 109 109 109 109 109 109 110 110 110 110 110 110 111 111 111 111 111 111 111 112 112 112 112 112 112 112 112 113 113 113 113 113 113 114 114 113 114 114 114 114 114 114 114 115 115 115 115 115 115 115 115 116 116 116 116 116 116 116 116 117 117 117 117 117 117 117 117 117 117 117 117 118 118 118 118 118 118 119 119 119 119 119 119 119 119 120 120 120 120 120 120 120 120 120 120 120 120 120 120 120 120 120 120 120 120 120 121 121 120 121 121 121 121 121 121 121 121 121 121 121 121 121 121 121 121 121 121 121 121 121 121 121 121 121 121 121 121 121 121 121 121 121 121 121 121 121 121 121 121 121 121 121 121 121 121 121 121 121 121 121 121 121 121 121 121 121 121 121 121 121 121 121 121 121 121 121 121 121 121 121 121 121 121 121 121 122 122 122 122 122 122 122 122 122 122 122 122 122 122 122 122 122 122 122 122 122 122 122 122 122 122 122 121 121 121 121 121 121 121 121 121 121 121 121 121 121 121 121 121 121 121 121 121 121 120 120 120 120 118 118 118 118 118 118 118 118 118 118 117 118 118 118 118 118 118 118 118 118 118 118 117 116 116 116 116 116 101 101 101 101 101 101 101 101 101 102 102 102 102 102 102 103 103 103 103 103 103 103 103 104 104 104 104 104 105 105 105 105 105 106 106 106 106 106 106 107 107 107 107 107 107 107 108 108 108 108 108 108 108 109 109 109 109 109 109 109 110 110 110 110 110 110 110 111 111 111 111 111 112 112 112 112 112 112 112 112 112 113 113 113 113 113 113 114 114 113 114 114 114 114 114 114 114 114 115 115 115 115 115 115 115 116 116 116 116 116 116 116 116 116 116 117 117 117 117 117 117 117 117 117 118 118 118 118 118 118 118 118 118 119 118 119 119 119 119 120 120 120 120 120 120 120 120 120 120 120 120 120 120 120 120 120 120 120 120 120 121 121 120 121 121 121 121 121 121 121 121 121 121 121 121 121 121 121 121 121 121 121 121 121 121 121 121 121 121 121 121 121 121 121 121 121 121 121 121 121 121 121 121 121 121 121 121 121 121 121 121 121 121 121 121 121 121 121 121 121 121 121 121 121 121 121 121 121 121 121 121 121 121 121 121 121 121 121 121 122 122 122 122 122 122 122 122 122 122 122 122 122 122 122 122 122 122 122 122 122 122 122 122 122 122 121 121 121 121 121 121 121 121 121 121 121 121 121 121 121 121 121 121 121 121 121 121 121 121 120 120 120 120 120 119 119 119 120 120 120 120 120 120 120 119 120 120 120 118 118 119 118 118 119 118 118 119 118 118 118 118 118 118 119 119 119 119 119 118 118 117 117 117 116 116 116 116 101 101 101 101 101 101 101 101 101 102 102 102 102 102 102 103 103 103 103 103 103 104 104 104 104 104 104 104 105 105 105 105 106 106 106 106 106 106 106 107 107 107 107 107 107 108 108 108 108 108 108 108 108 109 109 109 109 109 109 109 110 110 110 110 110 110 111 111 111 111 111 111 112 112 112 112 112 112 112 112 113 113 113 113 113 113 113 114 113 114 114 114 114 114 114 114 114 115 115 115 115 115 115 115 115 116 116 116 116 116 116 116 116 116 116 116 116 117 117 117 117 117 117 118 118 118 118 118 118 118 118 118 118 119 119 119 119 119 120 120 120 120 120 120 120 120 120 120 120 120 120 120 120 120 120 120 120 120 120 121 120 121 121 121 121 121 121 121 121 121 121 121 121 121 121 121 121 121 121 121 121 121 121 121 121 121 121 121 121 121 121 121 121 121 121 121 121 121 121 121 121 121 121 121 121 121 121 121 121 121 121 121 121 121 121 121 121 121 121 121 121 121 121 121 121 121 121 121 121 121 121 121 121 121 121 121 121 121 122 122 122 122 122 122 122 122 122 122 122 122 122 122 122 122 122 122 122 122 122 122 122 122 122 122 122 121 121 121 121 121 121 121 121 121 121 121 121 121 121 121 121 121 121 121 121 121 121 121 120 120 121 121 120 120 121 120 120 121 120 120 120 120 120 120 120 119 119 120 120 120 120 120 120 119 119 119 118 118 119 119 119 119 119 119 119 119 119 119 119 119 119 119 119 119 119 119 118 118 118 118 118 117 117 116 116 116 116 100 101 101 101 101 101 101 101 101 102 102 102 102 102 102 102 102 102 103 103 103 104 104 104 103 104 104 104 104 105 105 105 105 106 106 106 106 106 106 106 107 107 107 107 107 107 107 108 108 108 108 108 108 109 109 109 109 109 109 109 109 110 110 110 110 110 110 111 111 111 111 111 111 111 112 112 112 112 112 112 112 112 113 113 113 113 113 113 114 113 114 114 114 114 114 114 114 114 115 115 115 115 115 115 115 115 116 116 116 116 116 116 116 116 116 116 116 117 117 117 117 117 117 117 117 117 117 118 118 118 118 118 118 118 119 119 119 119 119 119 120 120 120 120 120 120 120 120 120 120 120 120 120 120 120 120 120 120 120 120 120 121 121 121 121 121 121 121 121 121 121 121 121 121 121 121 121 121 121 121 121 121 121 121 121 121 121 121 121 121 121 121 121 121 121 121 121 121 121 121 121 121 121 121 121 121 121 121 121 121 121 121 121 121 121 121 121 121 121 121 121 121 121 121 121 121 121 121 121 121 121 121 121 121 121 121 121 121 121 122 122 122 122 122 122 122 122 122 122 122 122 122 122 122 122 122 122 122 122 122 122 122 122 122 122 122 121 121 121 121 121 121 121 121 122 122 122 122 121 121 121 121 121 121 121 121 121 121 121 121 121 121 121 121 121 121 120 120 120 120 120 120 120 120 121 120 120 120 120 119 120 120 120 120 120 120 120 120 120 120 119 119 119 117 119 119 119 119 119 119 119 119 119 119 119 119 119 119 119 119 119 119 119 118 118 118 118 118 117 117 117 117 117 117 117 116 100 100 100 101 101 101 101 101 101 101 101 102 102 102 102 102 102 102 103 103 103 103 104 103 103 103 104 104 104 104 104 104 105 105 105 106 106 106 106 106 106 107 107 107 107 107 107 107 107 107 108 108 108 108 108 108 109 109 109 109 109 109 109 110 110 110 110 110 110 110 111 111 111 111 111 111 112 112 112 112 112 112 112 112 112 113 113 113 113 113 114 113 113 114 114 114 114 114 114 114 114 115 115 115 115 115 115 115 115 116 116 116 116 116 116 116 116 116 116 117 117 117 117 117 117 117 117 117 118 118 118 118 118 118 118 118 118 119 119 119 119 119 119 119 119 120 120 120 120 120 120 120 120 120 120 120 120 120 120 120 120 120 120 121 121 121 121 121 121 121 120 121 121 121 121 121 121 121 121 121 121 121 121 121 121 121 121 121 121 121 121 121 121 121 121 121 121 121 121 121 121 121 121 121 121 121 121 121 121 121 121 121 121 121 121 121 121 121 121 121 121 121 121 121 121 121 121 121 121 121 121 121 121 121 121 121 121 121 121 121 121 122 122 122 122 122 122 122 122 122 122 122 122 122 122 122 122 122 122 122 122 122 122 122 122 122 122 122 121 121 121 121 121 121 121 121 122 122 121 121 121 121 121 121 121 121 121 121 121 121 121 121 121 121 121 121 120 120 121 121 120 120 120 120 120 120 120 121 121 120 120 120 120 120 120 120 120 120 120 120 120 120 120 119 120 119 119 119 119 119 118 118 119 119 119 119 119 119 119 119 119 119 119 119 119 119 119 119 119 119 119 119 119 119 118 118 118 117 117 117 117 117 117 117 117 117 117 117 100 100 100 100 100 101 101 101 101 101 101 101 101 101 102 102 102 102 102 103 103 103 103 104 104 104 104 104 104 104 104 104 104 104 104 105 105 105 106 106 106 106 106 106 107 107 107 107 107 107 107 107 108 108 108 108 108 108 109 109 109 109 109 109 109 109 110 110 110 110 110 110 111 111 111 111 111 111 112 112 112 112 112 112 112 112 112 113 113 113 113 113 113 113 113 114 114 114 114 114 114 114 114 115 115 115 115 115 115 115 115 116 116 116 116 116 116 116 116 116 116 117 117 117 117 117 117 117 117 117 118 118 118 118 118 118 118 118 118 118 118 119 119 119 119 119 119 119 120 120 120 120 120 120 120 120 120 120 120 120 120 120 120 120 120 121 121 121 121 121 121 121 121 121 121 121 121 121 121 121 121 121 121 121 121 121 121 121 121 121 121 121 122 121 121 121 121 121 121 121 121 121 121 121 121 121 121 121 121 121 121 121 121 121 121 121 121 121 121 121 121 121 121 121 121 121 121 121 121 121 122 121 121 121 121 121 121 121 121 121 121 121 121 122 122 122 122 122 122 122 122 122 122 122 122 122 122 122 122 122 122 122 122 122 122 122 122 122 122 122 122 121 121 121 121 121 121 121 122 122 121 121 121 121 121 121 121 121 121 121 121 121 121 121 121 121 121 121 120 121 121 122 121 120 121 121 121 121 121 121 120 120 120 120 121 121 120 121 121 120 120 119 120 120 120 120 120 120 119 120 120 120 119 118 119 118 119 119 119 119 119 119 119 119 119 119 119 119 119 119 119 119 119 119 119 119 119 119 118 118 117 117 117 117 117 117 117 117 117 117 117 117 117 100 100 100 100 100 100 101 101 101 101 101 101 101 101 102 102 102 102 102 102 102 103 103 103 104 104 104 104 104 104 105 105 105 105 104 104 105 105 106 106 106 106 106 106 107 107 107 107 107 107 107 107 108 108 108 108 108 108 108 109 109 109 109 109 109 109 110 110 110 110 110 110 110 111 111 111 111 111 111 112 112 112 112 112 112 112 112 113 113 113 113 113 113 113 113 113 114 114 114 114 114 114 114 114 114 115 115 115 115 115 115 115 116 116 116 116 116 116 116 116 116 117 117 117 117 117 117 117 117 117 117 117 117 118 118 118 118 118 118 118 118 119 119 119 119 119 119 119 119 120 120 120 120 120 120 120 120 120 120 120 120 120 120 120 121 121 121 121 121 120 121 121 121 121 121 121 121 121 121 121 121 121 121 121 121 121 121 121 121 121 121 121 121 121 121 121 121 121 121 121 121 121 121 121 121 121 121 121 121 121 121 121 121 121 121 121 121 121 121 121 121 121 121 121 121 121 121 121 121 122 122 121 121 121 121 121 121 121 121 121 121 121 121 122 122 122 122 122 122 122 122 122 122 122 122 122 122 122 122 122 122 122 122 122 122 122 122 122 122 122 122 121 121 121 121 121 121 121 121 122 121 121 121 121 121 121 121 121 121 121 121 121 122 121 121 121 120 121 121 120 121 121 121 121 121 121 121 121 122 121 121 120 120 121 121 121 121 120 120 120 120 120 120 120 120 120 121 120 119 120 120 120 119 118 118 119 119 119 119 119 119 119 119 120 119 119 119 119 119 119 119 119 119 119 119 119 119 118 118 118 117 117 117 117 117 117 117 117 117 117 117 117 117 117 117 117 117 117 117 117 117 117 100 100 100 100 100 100 101 101 101 101 101 101 101 101 102 102 102 102 102 102 102 103 102 103 103 103 103 103 103 104 104 105 105 105 105 104 104 105 105 106 106 106 106 106 107 107 107 107 107 107 107 107 107 108 108 108 108 108 108 108 109 109 109 109 109 109 110 110 110 110 110 110 110 111 111 111 111 111 111 112 112 112 112 112 112 112 113 113 113 113 113 113 113 113 113 113 113 114 114 114 114 114 114 114 114 115 115 115 115 115 115 115 116 116 116 116 116 116 116 116 116 116 117 117 117 117 117 117 117 117 117 117 118 118 118 118 118 118 118 118 118 118 118 119 119 119 119 119 119 119 120 120 120 120 120 120 120 120 120 120 120 120 120 120 120 120 120 121 120 120 121 121 121 121 121 121 121 121 121 121 121 121 121 121 121 121 121 121 121 121 121 121 121 121 121 121 121 121 121 121 121 121 121 121 121 121 121 121 121 121 121 121 121 121 121 121 121 121 121 121 121 121 121 121 121 121 121 121 121 121 121 121 121 121 121 121 121 121 121 121 121 121 121 122 122 122 122 122 122 122 122 122 122 122 122 122 122 122 122 122 122 122 122 122 122 122 122 122 122 122 122 122 121 121 121 121 121 121 122 122 121 121 121 121 121 121 121 121 121 121 121 121 122 121 121 121 121 121 122 121 121 121 121 121 121 121 121 121 122 121 121 120 120 121 121 121 120 120 120 120 120 120 120 121 120 120 121 120 119 119 120 120 120 119 117 118 119 119 119 119 119 119 119 119 119 119 119 119 119 119 119 119 119 119 119 119 119 118 118 118 118 118 117 117 118 118 118 118 118 118 117 117 117 117 117 117 117 117 117 117 117 117 117 117 117 117 99 100 100 100 100 100 100 101 101 101 101 101 101 101 101 101 102 102 102 102 102 102 102 102 103 103 103 103 103 103 103 104 104 104 105 105 105 105 105 105 105 106 106 106 106 107 107 107 107 107 107 107 107 107 108 108 108 108 108 108 108 109 109 109 109 109 109 110 110 110 110 110 110 110 111 111 111 111 111 111 112 112 112 112 112 112 112 113 113 113 113 113 113 113 113 113 113 113 114 114 114 114 114 114 114 115 115 115 115 115 115 115 115 115 116 116 116 116 116 116 116 116 116 116 117 117 117 117 117 117 117 117 118 118 118 118 118 118 118 118 118 118 118 118 119 119 119 119 119 119 119 120 120 120 120 120 120 120 120 120 120 120 120 120 120 120 120 120 120 120 120 121 121 121 121 120 121 121 121 121 121 121 121 121 121 121 121 121 121 121 121 121 121 121 120 120 121 121 121 121 121 121 121 121 121 121 121 121 121 121 121 121 121 121 121 121 121 121 121 121 121 121 121 121 121 121 121 121 121 121 121 121 121 121 122 121 121 121 121 121 121 121 121 121 122 122 122 122 122 122 122 122 122 122 122 122 122 122 122 122 122 122 122 122 122 122 122 122 122 122 122 122 122 121 121 121 121 121 121 121 122 121 121 121 121 121 121 121 121 121 121 121 121 122 121 121 121 122 122 121 121 121 121 121 121 121 121 121 121 121 121 121 120 121 121 121 120 121 120 120 121 121 120 120 121 121 121 121 120 120 119 120 120 121 119 119 117 119 120 119 120 120 119 119 119 119 120 120 119 119 119 119 119 119 119 119 119 119 119 119 118 118 118 118 117 118 118 118 118 118 118 118 118 117 117 117 117 117 117 117 117 117 117 117 117 117 117 117 117 117 99 99 99 100 100 100 100 100 100 101 101 101 101 101 101 101 101 102 102 102 102 102 102 102 102 102 103 103 103 104 103 104 104 104 104 104 105 105 105 105 105 105 106 106 106 106 106 106 106 107 107 107 107 107 107 108 108 108 108 108 108 109 109 109 109 109 109 109 110 110 110 110 110 110 110 110 111 111 111 111 111 112 112 112 112 112 112 112 113 113 113 113 113 113 113 113 113 113 113 114 114 114 114 114 114 114 115 115 115 115 115 115 115 115 115 116 116 116 116 116 116 116 116 116 116 116 117 117 117 117 117 117 117 118 118 118 118 118 118 118 118 118 118 118 118 119 119 119 119 119 119 120 120 120 120 120 120 120 120 120 120 120 120 120 120 120 120 120 120 120 120 120 120 121 121 121 120 120 121 121 121 121 120 121 121 121 121 121 121 121 121 121 121 121 121 120 120 120 121 121 121 121 121 121 121 121 121 121 121 121 121 121 121 121 121 121 121 121 121 121 121 121 121 121 121 121 121 121 121 121 121 121 121 121 122 122 121 121 121 121 121 121 121 121 121 122 122 122 122 122 122 122 122 122 122 122 122 122 122 122 122 122 122 122 122 122 122 122 122 122 122 122 122 122 122 121 121 121 121 121 121 121 122 122 122 122 121 121 121 121 121 121 121 121 121 121 121 121 121 121 121 121 121 121 121 121 121 121 121 121 121 121 121 121 121 122 121 121 121 121 121 121 121 120 120 120 121 121 121 121 120 120 120 120 120 120 120 119 118 119 120 120 119 119 119 119 119 119 119 120 120 119 119 119 119 119 119 119 119 119 119 119 119 118 118 118 118 117 118 118 118 118 118 118 118 118 118 118 117 117 117 117 117 117 117 117 117 117 117 117 117 117 117 117 99 100 100 100 100 100 100 100 101 101 101 101 101 101 101 101 101 102 102 102 102 102 102 102 102 103 103 103 103 103 103 104 104 104 104 104 105 105 105 105 105 105 106 106 106 106 106 106 106 106 106 106 107 107 107 107 107 108 108 108 108 108 108 109 109 109 109 109 109 109 110 110 110 110 110 110 110 111 111 111 111 111 111 111 112 112 112 112 112 112 112 112 113 113 113 113 113 113 113 114 114 114 114 114 114 115 115 115 115 115 115 115 115 115 115 116 116 116 116 116 116 116 116 116 116 117 117 117 117 117 117 117 117 118 118 118 118 118 118 118 118 118 118 118 118 119 119 119 119 119 119 119 119 120 120 120 120 120 120 119 120 120 120 120 120 120 120 120 120 120 120 120 120 120 120 121 120 120 120 121 120 120 120 120 120 120 120 121 121 121 121 121 121 121 121 120 120 120 120 120 120 120 120 120 120 120 120 120 121 121 121 121 121 121 121 121 121 121 121 121 121 121 121 121 121 121 121 121 121 121 121 121 121 121 121 121 121 121 121 121 121 121 121 121 121 121 121 121 121 121 121 121 122 122 121 121 121 121 121 121 122 122 121 121 122 122 121 121 121 121 121 121 121 121 121 121 121 121 121 121 121 120 121 121 121 121 121 121 121 121 121 121 121 121 120 120 121 121 121 121 121 121 121 120 121 121 121 121 121 121 121 121 121 121 121 121 121 121 121 121 120 121 120 120 119 120 120 120 121 120 120 119 120 120 120 120 119 118 118 119 119 119 120 119 119 119 119 119 119 119 120 119 119 119 119 119 119 118 118 119 119 119 119 119 119 118 118 118 118 118 118 118 118 118 118 118 118 118 118 118 118 118 118 118 118 118 118 118 118 118 118 118 117 117 117 117 117 98 99 99 99 100 100 100 100 100 100 100 101 101 101 101 101 101 102 102 102 102 102 102 102 103 103 103 103 103 103 103 103 104 104 104 104 104 104 104 104 105 105 105 105 105 106 106 106 105 106 106 106 106 106 106 107 107 107 107 107 108 108 108 108 108 108 109 109 109 109 109 109 109 109 110 110 110 110 110 110 111 111 111 111 111 111 111 111 112 112 112 112 112 112 112 113 113 113 113 113 113 113 114 114 114 114 114 114 114 115 115 115 115 115 115 115 115 115 116 116 116 116 116 116 116 116 116 116 117 117 117 117 117 117 117 117 118 118 118 118 118 118 118 118 118 118 118 118 119 119 119 119 119 119 119 119 120 120 120 120 120 119 119 119 120 120 120 120 120 120 120 120 120 120 120 120 120 120 120 120 120 120 120 120 120 120 121 120 120 121 121 121 121 121 121 121 121 121 121 120 120 120 120 120 120 121 120 120 120 121 121 121 121 121 121 121 121 121 121 121 121 121 121 121 121 121 121 121 121 121 121 121 121 121 121 121 121 121 121 121 121 121 121 121 121 121 121 121 121 121 121 121 121 121 121 121 122 122 121 121 121 121 121 122 121 121 121 121 122 122 122 121 121 121 121 121 121 121 121 121 121 121 121 121 121 120 120 121 120 121 121 121 121 121 121 121 121 121 120 120 120 120 121 121 121 121 120 120 121 121 121 121 121 121 120 121 121 121 121 121 121 121 121 121 121 120 120 120 120 120 120 121 121 120 120 120 120 120 120 119 118 118 118 119 119 119 120 119 119 119 119 119 119 119 120 120 119 119 119 119 119 119 118 118 118 118 119 119 118 118 118 118 118 118 118 118 118 118 118 118 118 118 118 118 118 118 118 118 118 118 118 118 118 118 118 118 118 117 117 117 117 117 98 99 99 99 99 100 100 100 100 100 100 100 101 101 101 101 101 101 101 102 102 102 102 102 102 103 103 103 103 103 104 104 104 104 104 104 104 104 104 105 105 105 105 105 105 106 106 106 106 106 106 106 106 106 107 107 107 107 107 107 108 108 108 108 108 108 109 109 109 109 109 109 109 109 110 110 110 110 110 110 111 111 111 111 111 111 111 111 112 112 112 112 112 112 112 113 113 113 113 113 113 113 114 114 114 114 114 114 114 115 115 115 115 115 115 115 115 115 116 116 116 116 116 116 116 116 116 116 116 117 117 117 117 117 117 117 118 117 117 117 118 118 118 118 118 118 118 118 119 119 119 119 119 119 119 119 120 120 120 120 120 120 120 120 120 120 120 120 120 120 120 120 120 120 120 120 120 120 120 120 120 120 120 120 120 120 121 120 120 121 121 121 121 121 121 121 121 121 120 120 120 121 121 121 120 121 121 121 121 121 121 121 121 121 121 121 121 121 121 121 121 121 121 121 121 121 121 121 121 121 121 121 121 121 121 121 121 121 121 121 121 121 121 121 121 121 121 121 121 121 121 121 121 121 121 121 121 122 122 121 121 122 121 121 121 121 121 121 122 122 122 122 122 122 122 121 121 121 121 121 121 121 121 121 121 121 121 120 120 120 121 121 121 121 121 121 120 120 120 120 120 120 121 121 121 121 121 121 121 121 121 121 121 120 121 121 121 121 121 121 121 121 121 121 121 121 121 121 120 120 120 121 121 121 120 120 120 119 119 119 119 118 118 118 118 119 119 119 119 119 119 119 120 119 119 119 120 120 119 119 119 119 119 119 119 119 118 118 118 118 118 118 118 118 118 118 118 118 118 118 118 118 118 118 118 118 117 118 118 118 118 118 118 118 118 118 118 118 118 118 118 118 117 117 117 99 99 99 99 100 100 100 100 100 100 100 100 101 101 101 101 101 101 101 102 102 102 102 102 102 103 103 103 103 103 103 104 104 104 104 104 104 104 105 105 105 105 105 105 106 106 106 106 106 106 106 106 106 107 107 107 107 107 107 108 108 108 108 108 108 108 109 109 109 109 109 109 109 110 110 110 110 110 110 110 111 111 111 111 111 111 111 112 112 112 112 112 112 112 113 113 113 113 113 113 114 114 114 114 114 114 114 114 114 115 115 115 115 115 115 115 115 115 116 116 116 116 116 116 116 116 116 116 117 117 117 117 117 117 117 117 117 117 118 118 118 118 118 118 118 118 118 119 119 119 119 119 119 119 119 119 119 120 120 120 120 120 120 120 120 120 120 120 120 120 120 120 120 120 120 120 120 120 120 120 120 120 121 120 120 121 121 121 121 121 121 121 121 121 121 121 121 120 121 121 121 121 121 121 121 121 121 121 121 121 121 121 121 121 121 121 121 121 121 121 121 121 121 121 121 121 121 121 121 121 121 121 121 121 121 121 121 121 121 121 121 121 121 121 121 121 121 121 121 121 121 121 121 122 121 121 122 122 122 121 121 121 121 121 121 122 122 122 122 122 122 122 122 122 122 121 121 121 121 121 121 121 121 121 121 121 120 120 120 121 121 121 121 121 120 120 120 120 120 120 121 121 121 121 121 121 121 121 121 121 120 120 120 121 121 121 121 121 121 121 121 121 121 121 121 121 121 121 120 120 120 121 121 121 120 119 119 119 119 119 118 118 118 119 119 119 119 119 120 120 120 120 120 120 119 119 119 120 119 119 119 119 119 119 119 119 119 119 118 118 118 118 118 118 118 118 118 118 118 118 118 118 118 118 118 118 118 118 118 118 118 118 118 118 117 117 118 118 118 118 118 118 118 118 117 99 99 99 99 99 99 100 100 100 100 100 101 101 101 101 101 101 101 101 101 102 102 102 102 102 103 103 103 103 103 103 104 104 104 104 104 104 104 105 105 105 105 105 105 105 106 106 105 106 106 106 106 106 107 107 107 107 107 107 108 108 108 108 108 108 108 109 109 109 109 109 109 109 110 110 110 110 110 110 110 110 111 111 111 111 111 112 112 112 112 112 112 112 112 113 113 113 113 113 113 113 114 114 114 114 114 114 114 114 115 115 115 115 115 115 115 115 115 116 116 116 116 116 116 116 116 116 116 117 117 117 117 117 117 117 117 117 118 118 118 118 118 118 118 118 118 118 119 119 119 119 119 119 119 119 119 119 120 120 120 120 120 120 120 120 120 120 120 120 120 120 120 120 120 120 120 120 120 120 120 120 120 121 120 120 120 121 121 121 121 121 121 121 121 121 121 121 121 121 121 121 121 121 121 121 121 121 121 121 121 121 121 121 121 121 121 121 121 121 121 121 121 121 121 121 121 121 121 121 121 121 121 121 121 121 121 121 121 121 121 121 121 121 121 121 121 121 121 121 121 121 121 121 121 121 121 122 122 122 122 121 121 121 121 122 122 121 121 122 122 122 122 122 122 122 122 121 121 121 121 121 121 121 121 121 120 120 121 120 121 120 121 121 121 120 120 120 120 120 120 121 121 121 121 121 121 121 121 120 120 120 121 121 121 121 121 121 121 120 121 121 121 121 121 121 121 121 121 121 121 121 121 121 121 121 120 119 119 119 119 119 119 118 119 119 119 119 119 120 120 120 120 120 120 120 119 119 119 120 119 119 119 119 119 119 119 119 119 119 118 118 118 118 118 118 118 118 118 118 118 118 118 118 118 118 118 118 118 118 118 118 118 118 118 118 118 118 118 117 98 98 99 99 99 99 99 99 99 100 100 100 100 100 101 101 101 101 101 101 101 101 102 102 102 102 102 103 103 103 103 103 103 103 104 104 104 104 104 104 104 105 105 105 105 106 105 106 106 105 106 106 106 106 106 107 107 107 107 107 107 107 107 108 108 108 108 108 109 109 109 109 109 109 109 110 110 110 110 110 110 110 111 111 111 111 111 111 112 112 112 112 112 112 112 112 113 113 113 113 113 113 113 114 114 114 114 114 114 114 114 114 115 115 115 115 115 115 115 115 115 116 116 116 116 116 116 116 116 116 116 117 117 117 117 117 117 117 117 117 117 118 117 118 118 118 118 118 118 119 119 119 119 119 119 119 119 119 119 120 120 120 120 120 120 120 120 120 120 120 120 120 120 120 120 120 120 120 120 120 120 120 120 120 120 120 120 120 121 121 121 121 121 121 121 121 121 121 121 120 120 120 120 121 121 121 121 121 121 121 121 121 121 121 121 121 121 121 121 121 121 121 121 121 121 121 121 121 121 121 121 121 121 121 121 121 121 121 121 121 121 121 121 121 121 121 121 121 121 121 121 121 121 121 121 121 122 121 122 122 122 122 121 121 121 122 122 122 121 121 122 122 121 121 122 122 122 122 122 122 122 121 121 121 121 121 121 120 120 120 120 120 121 121 120 120 120 120 120 120 120 120 121 121 121 121 121 121 121 120 120 121 121 121 121 121 121 121 121 121 121 120 121 121 121 121 121 121 121 121 121 121 121 121 120 121 121 120 120 120 119 119 119 119 119 118 119 119 119 119 120 120 120 120 120 120 120 120 120 119 119 119 119 119 119 119 119 119 119 119 119 119 119 119 118 118 118 118 118 118 118 118 118 118 118 118 118 118 118 118 118 118 118 118 118 118 118 118 118 118 98 98 98 98 99 99 99 99 100 100 100 100 100 101 101 101 101 101 101 101 101 101 102 102 102 102 102 103 103 103 103 103 103 103 103 104 104 104 104 104 104 105 105 105 105 105 106 106 106 105 106 106 106 106 107 107 107 107 107 107 107 107 107 108 108 108 108 108 109 109 109 109 109 109 109 110 110 110 110 110 110 111 111 111 111 111 111 111 111 111 112 112 112 112 112 112 113 113 113 113 113 113 113 113 114 114 114 114 114 114 114 114 114 115 115 115 115 115 115 115 115 115 116 116 116 116 116 116 116 116 116 117 117 117 117 117 117 117 117 117 117 117 117 117 118 118 118 118 118 119 119 119 119 119 119 119 119 119 119 119 120 120 120 120 120 119 119 119 119 119 119 120 120 120 120 120 120 120 120 120 120 120 120 120 120 120 120 121 121 121 121 121 121 121 121 121 121 121 121 120 120 120 120 120 120 120 120 120 121 121 121 121 121 121 121 121 121 121 121 121 121 121 121 121 121 121 121 121 121 121 121 121 121 121 121 121 121 121 121 121 121 121 121 121 121 121 121 121 121 121 121 121 121 121 121 122 122 122 122 122 122 122 121 121 122 122 122 122 121 122 122 121 121 122 122 122 122 122 122 122 122 121 121 121 121 121 121 121 121 120 120 120 120 120 120 120 120 120 120 120 120 121 121 121 121 121 120 120 121 121 121 121 121 121 121 121 121 121 121 121 121 120 120 120 121 121 121 121 121 121 121 121 121 120 120 120 120 120 120 120 120 120 119 119 120 120 119 118 119 119 120 120 120 120 120 120 120 120 120 120 120 120 119 119 119 119 119 119 119 119 119 119 119 119 119 118 118 118 118 118 118 118 118 118 118 118 118 118 118 118 118 118 118 118 118 118 118 118 97 97 97 97 97 97 98 98 98 98 99 99 99 99 100 100 100 100 100 100 101 101 101 101 101 101 101 101 102 102 102 102 102 102 103 103 103 103 103 103 103 104 104 104 104 104 104 105 105 105 105 105 106 106 106 105 106 106 106 106 107 107 107 107 107 107 107 108 108 108 108 108 108 108 108 109 109 109 109 109 109 110 110 110 110 110 110 110 110 111 111 111 111 111 111 111 112 112 112 112 112 112 112 113 113 113 113 113 113 113 114 114 114 114 114 114 114 114 114 115 115 115 115 115 115 115 115 115 116 116 116 116 116 116 116 116 116 116 117 117 117 117 117 117 117 117 117 117 117 117 117 118 118 118 118 118 118 119 119 119 119 119 119 119 119 120 120 120 120 120 120 119 119 119 119 120 119 119 119 120 120 120 120 120 120 120 120 120 120 120 120 120 120 121 121 121 121 121 121 121 121 121 121 121 121 120 120 120 120 120 121 120 120 121 121 121 121 120 121 121 121 121 121 121 121 121 121 121 121 121 121 121 121 121 121 121 121 121 121 121 121 121 121 121 121 121 121 121 121 121 121 121 121 121 121 122 121 121 121 121 121 121 122 122 122 122 122 121 121 121 121 122 122 121 121 121 121 121 121 122 122 122 122 122 122 122 122 121 121 121 121 121 121 121 121 121 120 120 120 121 120 120 120 120 120 120 120 120 121 121 121 120 121 121 121 121 121 121 121 121 121 121 121 121 121 121 121 120 121 121 121 121 121 121 121 121 121 121 121 121 120 120 120 120 120 120 120 119 119 120 120 119 119 119 118 119 119 119 119 120 120 120 120 120 120 120 120 120 120 120 119 119 119 119 119 119 119 119 119 119 119 119 119 119 118 118 118 118 118 118 118 118 118 118 118 118 118 118 118 118 97 97 97 97 97 97 98 98 98 98 99 99 99 99 99 100 100 100 100 100 101 101 101 101 101 101 101 101 101 102 102 102 102 102 102 103 103 103 103 103 103 104 104 104 104 104 104 104 105 105 105 105 105 106 106 105 106 106 106 106 106 107 107 107 107 107 107 108 108 108 108 108 108 108 108 109 109 109 109 109 109 109 110 110 110 110 110 110 110 111 111 111 111 111 111 111 112 112 112 112 112 112 112 113 113 113 113 113 113 113 113 114 114 114 114 114 114 114 114 115 115 115 115 115 115 115 115 115 116 116 116 116 116 116 116 116 116 116 117 117 117 117 117 117 117 117 117 117 117 117 117 118 118 118 118 118 119 119 119 119 119 119 119 119 119 119 119 119 119 120 119 119 119 120 120 120 120 120 120 119 120 120 120 120 120 120 120 120 120 121 120 120 121 121 121 121 121 121 121 121 121 121 121 121 121 120 120 120 120 120 120 120 121 121 121 121 121 121 121 121 121 121 121 121 121 121 121 121 121 121 121 121 121 121 121 121 121 121 121 121 121 121 121 121 121 121 121 121 121 121 121 121 121 121 121 121 121 121 121 121 121 121 122 122 122 122 121 121 121 121 121 121 121 121 121 121 121 121 121 122 122 122 122 122 122 122 122 122 122 121 121 121 121 121 121 121 120 121 121 121 120 120 120 121 121 121 121 121 121 121 121 121 121 121 121 121 121 121 121 121 121 121 121 121 121 120 121 121 121 121 121 121 121 121 121 121 121 121 121 120 120 120 120 120 120 120 120 120 120 119 120 119 119 119 118 119 119 119 119 119 120 120 120 120 120 120 120 120 120 120 120 119 119 119 119 119 119 119 119 119 119 119 119 119 119 118 118 118 118 119 118 118 118 119 118 118 118 97 97 97 97 97 97 97 97 98 98 99 99 99 99 99 99 100 100 100 100 100 101 101 101 101 101 101 101 101 102 102 102 102 102 102 102 102 103 103 103 103 104 104 104 104 104 104 104 104 105 105 105 105 106 106 105 105 106 106 106 106 106 107 107 107 107 107 107 107 108 108 108 108 108 108 108 109 109 109 109 109 109 109 110 110 110 110 110 110 110 111 111 111 111 111 111 112 112 112 112 112 112 112 112 113 113 113 113 113 113 113 114 114 114 114 114 114 114 114 114 115 115 115 115 115 115 115 115 115 116 116 116 116 116 116 116 116 116 117 117 117 117 117 117 117 117 117 117 117 117 118 118 118 118 118 118 118 119 119 119 119 119 119 119 119 119 119 119 119 119 119 120 120 120 120 119 119 119 119 120 120 119 120 120 120 120 120 120 120 120 121 121 121 121 121 121 121 121 121 121 121 121 121 121 121 120 120 120 120 120 120 121 121 121 121 121 121 121 121 121 121 121 121 121 121 121 121 121 121 121 121 121 121 121 121 121 121 121 121 121 121 121 121 121 121 121 121 121 121 121 121 121 121 121 121 122 122 121 121 121 121 121 121 122 122 122 121 121 121 122 121 122 122 121 121 121 121 121 121 121 122 122 121 121 122 122 121 122 121 122 122 122 122 122 121 121 121 121 121 120 120 120 121 121 121 121 121 120 121 121 121 121 121 121 121 121 121 121 121 121 121 121 121 121 121 121 121 121 122 122 121 121 121 121 121 121 121 121 121 120 120 121 120 120 120 120 120 121 120 120 120 119 119 119 118 119 119 120 120 120 120 120 120 120 120 120 120 120 120 120 120 119 119 119 119 119 119 119 119 119 119 119 119 119 118 118 118 118 119 119 119 119 119 119 119 119 118 96 97 97 98 98 97 98 98 98 98 98 99 99 99 99 99 99 100 100 100 100 100 101 101 101 101 101 101 102 102 102 102 102 102 102 102 102 103 103 103 103 103 104 104 104 104 104 104 105 105 105 105 105 105 105 105 105 106 106 106 106 106 107 107 107 107 107 107 107 108 108 108 108 108 108 108 109 109 109 109 109 109 109 109 110 110 110 110 110 110 110 110 111 111 111 111 111 112 112 112 112 112 112 112 113 113 113 113 113 113 113 114 114 114 114 114 114 114 114 114 114 115 115 115 115 115 115 115 115 115 116 116 116 116 116 116 116 116 117 117 117 117 117 117 117 117 117 117 117 118 118 118 118 118 118 119 119 119 119 119 119 119 119 119 119 119 119 119 119 119 119 119 119 119 119 119 119 119 119 119 119 119 120 120 120 120 120 120 120 120 121 120 121 121 121 121 121 121 121 121 121 121 121 121 121 120 120 120 120 120 121 121 121 121 121 121 121 121 121 121 121 121 121 121 121 121 121 121 121 121 121 121 121 121 121 121 121 121 121 121 121 121 121 121 121 121 121 121 121 121 121 121 121 121 121 122 122 122 121 121 121 121 121 122 122 121 121 121 121 121 122 122 122 122 122 122 122 121 121 121 121 121 121 121 121 121 121 121 121 122 122 122 122 122 121 121 121 121 121 120 120 121 121 121 121 121 121 121 121 121 121 121 121 121 121 121 121 121 121 121 121 121 121 121 121 121 121 121 122 122 122 121 121 121 121 122 121 121 121 120 121 121 120 120 120 120 120 120 120 120 120 120 119 119 119 119 118 119 119 119 119 120 120 120 120 120 120 120 120 120 120 120 120 120 120 119 119 119 119 119 119 119 118 119 119 119 119 118 118 119 119 119 119 119 119 119 119 119 119 118 96 97 97 98 98 99 98 98 98 98 99 99 99 99 99 100 100 100 100 100 100 101 101 101 101 101 101 101 101 102 102 102 102 102 102 102 102 103 103 103 103 103 104 104 104 104 104 105 105 105 105 105 105 105 105 105 105 106 106 106 106 106 106 107 107 107 107 107 107 108 108 108 108 108 108 108 109 109 109 109 109 109 109 109 110 110 110 110 110 110 110 110 111 111 111 111 111 112 112 112 112 112 112 113 113 113 113 113 113 113 113 114 114 114 114 114 114 114 114 114 115 115 115 115 115 115 115 115 115 116 116 116 116 116 116 116 116 117 117 117 117 117 117 117 117 117 117 117 117 117 118 118 118 118 118 119 119 119 119 119 119 119 119 119 119 119 119 119 119 119 119 119 119 119 119 119 119 119 119 119 120 120 120 120 120 120 120 120 120 120 120 120 120 120 121 121 121 121 121 121 121 121 121 121 120 120 120 120 120 121 121 121 120 121 121 121 121 121 121 121 121 121 121 121 121 121 121 121 121 121 121 121 121 121 121 121 121 121 121 121 121 121 121 121 121 121 121 121 121 121 121 121 121 121 121 121 122 121 121 121 121 121 122 122 121 121 122 122 121 121 121 121 122 122 122 121 121 121 121 121 121 122 121 121 121 121 122 121 121 121 121 122 122 122 122 121 121 120 120 120 120 121 121 121 121 121 121 121 121 121 121 121 121 121 121 121 121 121 121 121 121 120 120 121 121 121 121 122 121 121 121 121 121 121 121 121 121 121 120 121 121 121 121 120 120 120 120 121 121 121 120 120 119 119 119 119 119 118 118 119 119 119 119 120 120 120 120 120 120 121 120 120 120 120 120 120 120 120 120 120 120 119 119 119 119 119 119 119 119 119 119 119 119 119 119 119 119 119 119 119 118 96 97 97 97 97 98 99 99 99 98 98 99 99 99 99 100 100 100 100 100 100 101 101 101 101 101 101 101 101 102 102 102 102 102 102 102 103 103 103 103 103 103 104 104 104 104 104 105 105 105 105 106 105 105 105 105 105 106 106 106 106 106 106 107 107 107 107 107 107 107 107 108 108 108 108 108 108 109 109 109 109 109 109 109 109 109 110 110 110 110 111 111 111 111 111 111 111 111 112 112 112 112 112 112 113 113 113 113 113 113 113 114 114 114 114 114 114 114 114 114 115 115 115 115 115 115 115 115 115 116 116 116 116 116 116 116 116 116 116 117 117 117 117 117 117 117 117 117 117 117 118 118 118 118 118 118 118 119 119 119 119 119 119 119 119 119 119 119 119 119 119 119 120 120 119 119 119 119 119 119 119 120 120 120 120 120 120 120 120 120 120 120 120 120 120 121 121 121 121 121 121 121 121 121 120 120 120 120 120 120 120 121 121 121 121 121 121 121 121 121 121 121 121 121 121 121 121 121 121 121 121 121 121 121 121 121 121 121 121 121 121 121 121 121 121 121 121 121 121 121 121 121 121 121 121 121 121 121 121 121 121 121 121 121 121 121 121 122 122 122 122 122 122 122 122 122 122 121 121 121 121 122 122 121 121 121 122 122 122 122 122 122 122 122 122 121 121 121 121 121 121 121 121 121 121 121 121 121 121 121 121 121 121 121 121 121 121 121 121 121 121 121 121 120 121 121 121 121 121 121 121 121 121 121 122 121 121 121 121 121 121 121 121 120 120 121 120 120 120 121 120 120 120 120 119 119 119 119 119 118 119 119 120 120 120 120 121 121 121 121 121 121 120 120 120 120 120 120 120 120 120 120 120 119 119 119 119 119 119 119 119 119 119 119 119 119 119 119 119 118 96 97 97 97 98 98 99 99 99 99 98 99 99 100 100 100 100 100 100 100 100 101 101 101 101 101 101 101 102 102 102 102 102 102 102 102 103 103 103 103 104 104 104 104 104 104 104 105 105 105 105 106 106 105 105 105 105 106 106 106 106 107 107 107 107 107 107 107 107 107 107 107 108 108 108 108 108 108 109 109 109 109 109 109 110 110 110 110 111 111 111 111 111 111 111 111 112 112 112 112 112 112 112 113 113 113 113 113 113 113 113 114 114 114 114 114 114 114 114 115 115 115 115 115 115 115 115 115 116 116 116 115 116 116 116 116 116 116 117 117 117 117 117 117 117 117 117 117 118 118 118 118 118 118 118 119 119 119 119 119 119 119 119 119 119 119 119 119 119 119 120 120 120 119 119 119 119 119 119 120 120 120 120 120 120 120 120 120 120 120 120 120 120 120 121 121 121 121 121 121 121 121 121 120 120 121 120 120 120 120 120 121 121 121 121 121 121 121 121 121 121 121 121 121 121 121 121 121 121 121 121 121 121 121 121 121 121 121 121 121 121 121 121 121 121 121 121 121 121 121 121 121 121 121 121 121 121 121 121 121 121 122 121 121 121 121 121 121 122 122 122 122 122 122 122 122 121 121 121 121 122 121 122 122 121 122 122 122 122 122 122 122 122 122 121 121 121 121 121 121 121 121 121 121 121 121 121 121 121 121 121 121 121 121 121 121 121 121 121 121 121 121 120 121 121 121 121 121 121 121 121 121 121 121 122 122 122 121 122 122 122 121 121 121 121 121 120 120 120 120 120 120 120 120 120 119 119 119 119 119 119 119 119 119 119 119 119 119 120 120 121 121 121 121 120 121 121 121 121 120 120 120 120 120 120 120 120 120 120 120 119 119 119 119 119 119 119 119 96 97 97 97 97 97 98 99 99 99 99 99 99 100 100 100 99 100 100 100 100 101 101 101 101 101 101 102 101 102 102 102 102 103 102 102 103 103 103 103 103 104 104 104 104 104 104 104 105 105 105 105 106 105 105 105 105 105 106 106 106 106 107 107 107 107 107 107 107 107 107 107 107 108 108 108 108 108 108 109 109 109 109 109 110 110 110 110 111 111 111 111 111 111 111 112 112 112 112 112 112 112 112 113 113 113 113 113 113 113 113 113 113 114 114 114 114 114 114 115 115 115 115 115 115 115 115 115 115 116 115 115 115 116 116 116 116 116 116 117 117 117 117 117 117 117 117 117 117 118 118 118 118 118 118 118 118 118 119 119 119 119 119 119 119 119 119 119 119 119 120 120 119 120 119 119 119 119 119 120 120 120 119 120 120 120 120 120 120 120 120 120 120 120 121 121 120 121 121 121 121 121 121 120 120 120 120 120 120 120 121 121 121 121 121 121 120 121 121 121 121 121 121 121 121 121 121 121 121 121 121 121 121 121 121 121 121 121 121 121 121 121 121 121 121 121 121 121 121 121 121 121 121 121 121 121 121 121 121 121 121 121 121 121 121 121 122 122 122 122 122 122 122 122 122 122 122 121 121 121 121 121 121 122 121 122 122 122 122 122 122 122 122 121 121 121 121 121 121 121 121 121 121 121 121 121 121 121 121 121 121 121 121 121 121 121 121 121 121 121 121 121 121 120 121 121 121 121 122 121 121 121 121 122 122 122 121 121 121 121 122 122 122 121 121 121 121 120 120 120 120 120 120 119 119 119 119 119 119 119 119 119 120 119 119 119 119 119 120 120 120 121 120 121 120 120 121 121 121 120 120 120 120 120 120 120 120 120 120 120 119 119 119 119 119 119 119 119 96 97 97 97 97 97 98 98 98 99 99 99 99 100 100 100 100 100 100 100 100 100 101 101 101 101 102 102 102 102 102 102 103 103 103 103 103 103 103 103 103 103 104 104 104 104 104 105 105 105 105 105 105 105 105 105 105 105 105 106 106 106 106 107 107 107 107 107 107 107 107 108 108 108 108 108 108 108 109 109 109 109 109 110 110 110 110 110 111 111 111 111 111 111 111 112 112 112 112 112 112 112 112 113 113 113 113 113 113 113 113 113 113 114 114 114 114 114 114 115 115 115 115 115 115 115 115 115 115 116 115 115 115 116 116 116 116 116 116 117 117 117 117 117 117 117 117 117 117 117 117 118 118 118 118 118 118 119 119 119 119 119 119 119 119 119 119 119 119 119 119 119 119 119 119 119 119 119 119 120 120 120 120 120 120 120 120 120 120 120 120 120 121 120 120 121 121 121 121 121 121 121 121 120 120 120 120 120 120 120 121 121 121 121 121 120 120 121 121 121 121 121 121 121 121 121 121 121 121 121 121 121 121 121 121 121 121 121 121 121 121 121 121 121 121 121 121 121 121 121 121 121 121 122 122 122 122 122 121 121 121 121 121 121 121 121 121 122 122 122 122 122 122 122 122 122 122 122 122 121 121 121 121 122 121 122 122 122 122 122 122 122 122 121 121 121 122 121 121 121 121 121 121 121 121 121 121 121 121 121 121 121 121 121 121 121 121 121 121 121 122 122 121 121 120 120 121 121 122 122 122 122 122 122 122 122 121 121 121 122 122 122 122 122 122 122 121 121 120 120 120 120 120 120 120 120 120 119 119 119 120 120 120 119 119 120 120 120 120 120 120 121 121 120 120 120 120 120 121 120 121 120 121 120 120 120 120 120 120 120 120 119 119 119 119 119 119 119 119 96 97 97 97 97 97 97 98 98 98 99 99 99 99 100 100 100 100 100 100 100 101 101 101 101 102 102 102 102 102 102 103 103 103 103 103 103 103 103 103 103 103 103 104 104 104 104 104 105 105 105 105 105 105 106 106 106 105 106 106 106 106 106 107 107 107 107 107 108 108 108 108 108 108 108 108 109 109 109 109 109 109 110 110 110 110 110 110 111 111 111 111 111 111 111 111 112 112 112 112 112 112 112 112 113 113 113 113 113 113 113 113 114 114 114 114 114 114 114 114 114 114 115 115 115 115 115 115 115 115 116 116 116 116 116 116 116 116 116 116 116 116 116 116 117 117 117 117 117 117 117 118 118 118 118 118 118 118 119 119 119 119 119 119 119 119 119 119 119 119 119 119 119 119 119 119 119 119 120 120 120 120 120 120 120 120 120 120 120 120 120 120 121 121 121 121 121 120 120 121 121 121 121 120 120 120 120 120 120 120 120 121 121 121 121 121 120 121 121 121 121 121 121 121 121 121 121 121 121 121 121 121 121 121 121 121 121 121 121 121 121 121 121 121 121 121 121 121 121 121 121 121 121 122 122 122 122 121 121 121 121 121 121 121 121 121 121 121 122 122 122 122 122 122 122 122 122 122 122 121 121 121 121 122 122 122 122 122 121 121 121 122 122 122 122 122 121 121 121 121 121 121 121 121 121 121 121 121 121 121 121 121 121 121 121 121 121 121 121 122 121 122 122 121 120 120 121 121 121 122 121 122 122 122 122 122 121 121 121 122 122 122 121 121 121 122 121 120 120 120 120 120 120 120 120 120 120 120 119 120 120 120 120 119 119 119 119 120 120 120 121 121 121 120 120 120 120 120 120 120 120 121 121 121 120 120 120 120 120 120 120 120 119 119 119 119 119 119 119 97 97 97 97 97 97 98 98 98 99 99 99 100 99 100 100 100 100 100 101 101 101 101 101 101 102 102 102 102 102 102 102 102 102 103 103 103 103 103 103 103 104 104 104 104 104 105 105 105 105 105 105 105 105 106 106 106 106 106 106 106 106 107 107 107 107 107 108 108 108 108 108 108 108 109 109 109 109 109 109 109 110 110 110 110 110 110 111 111 111 111 111 111 111 111 111 112 112 112 112 112 112 112 112 113 113 113 113 113 113 114 114 114 114 114 114 114 114 114 114 114 115 115 115 115 115 115 115 115 115 116 116 116 116 116 116 116 116 116 116 116 116 116 116 117 117 117 117 117 117 117 117 118 118 118 118 118 118 118 119 119 119 119 119 119 119 119 119 119 119 119 119 119 119 119 119 119 119 120 120 120 120 120 120 120 120 120 120 120 120 120 120 120 121 121 121 121 121 121 121 121 121 120 120 120 120 120 120 120 121 121 121 121 121 121 120 121 121 121 121 121 121 121 121 121 121 121 121 121 121 121 121 121 121 121 121 121 121 121 121 121 121 121 121 121 121 121 121 121 121 121 121 121 121 121 122 122 121 121 121 121 121 121 121 121 121 122 121 122 122 122 122 122 122 122 122 122 121 121 121 121 121 122 122 121 121 121 121 121 122 122 122 122 122 122 122 121 121 121 122 121 121 121 121 121 121 121 121 121 121 121 121 122 121 121 121 121 121 121 121 122 122 121 120 120 121 121 121 121 121 122 122 122 122 121 121 121 122 122 122 121 121 121 121 122 121 121 121 121 120 120 120 121 120 120 120 120 120 120 120 120 119 119 119 120 120 120 120 121 121 121 121 120 120 120 120 120 120 120 120 120 121 120 120 120 120 120 120 120 120 120 120 120 120 119 119 119 119 119 97 97 97 97 97 98 98 98 98 98 99 99 99 100 100 101 101 101 100 100 100 101 101 102 102 102 101 102 102 102 102 102 102 102 102 102 103 103 103 103 104 104 104 104 104 104 104 104 105 105 105 105 105 105 106 106 106 106 106 106 106 106 107 107 107 107 108 108 108 108 108 108 108 108 109 109 109 109 109 109 109 110 110 110 110 110 110 110 110 111 111 111 111 111 111 111 112 112 112 112 112 112 112 112 112 113 113 113 113 113 113 114 114 114 114 114 114 114 114 114 115 115 115 115 115 115 115 115 115 115 116 116 116 116 116 116 116 116 116 116 116 116 116 117 117 117 117 117 117 117 117 117 118 118 118 118 118 118 118 118 119 119 119 119 119 119 119 119 119 119 119 119 119 119 119 119 120 120 120 120 120 120 120 120 120 120 120 120 120 120 120 120 120 120 121 121 121 121 121 121 121 121 120 120 120 120 120 120 120 120 121 121 121 121 120 120 120 121 121 121 121 121 121 121 121 121 121 121 121 121 121 121 121 121 121 121 121 121 121 121 121 121 121 121 121 121 121 121 121 121 121 121 122 121 121 121 121 121 121 121 121 121 121 121 121 121 121 121 121 122 122 122 122 122 122 122 122 121 121 121 122 122 122 121 121 121 121 121 121 122 122 122 122 122 122 122 121 121 121 121 122 122 122 121 122 121 121 122 121 121 121 121 122 121 121 121 121 121 121 121 121 122 122 121 120 120 121 121 121 121 121 122 121 121 121 121 122 122 122 121 121 121 121 121 122 122 121 121 121 120 121 121 121 121 120 120 120 120 120 120 120 120 119 120 120 120 120 120 121 121 121 121 121 121 120 120 120 120 120 120 120 120 120 120 120 120 120 120 120 120 120 120 120 120 120 119 119 119 119 119 97 97 97 97 97 98 98 98 98 98 99 99 99 99 100 100 100 100 101 100 100 101 101 102 102 101 101 102 102 102 102 102 102 102 102 102 103 103 103 103 104 104 104 104 104 104 104 104 105 105 105 105 105 105 105 106 106 106 106 106 106 106 107 107 107 107 108 108 108 108 108 108 108 108 109 109 109 109 109 109 109 109 109 110 110 110 110 110 110 111 111 111 111 111 111 111 111 112 112 112 112 112 112 112 113 113 113 113 113 113 113 113 114 114 114 114 114 114 114 114 114 115 115 115 115 115 115 115 115 115 116 116 116 116 116 116 116 116 116 116 116 116 116 116 117 117 117 117 117 117 117 117 118 118 118 118 118 118 118 118 118 118 119 119 119 119 119 119 119 119 119 119 119 119 119 119 120 120 120 120 120 120 120 120 120 120 120 120 120 120 120 120 120 120 120 120 121 121 121 121 121 121 120 120 120 120 120 120 120 120 120 120 121 120 120 120 120 121 121 121 121 121 121 121 121 121 121 121 121 121 121 121 121 121 121 121 121 121 121 121 121 121 121 121 121 121 121 121 121 121 121 121 121 121 121 121 121 121 121 121 121 121 121 121 121 121 121 121 122 122 121 122 122 122 122 122 122 122 121 122 122 122 121 121 121 121 121 122 122 122 122 122 122 122 122 122 122 121 121 122 122 122 122 122 121 121 121 122 121 121 121 121 122 122 121 121 121 122 122 121 121 121 122 121 120 120 121 121 121 121 122 122 121 121 121 121 122 122 122 121 121 121 122 121 122 122 122 122 121 121 121 121 121 121 121 121 121 120 120 120 120 120 119 120 120 120 120 121 121 121 121 121 121 121 121 120 120 120 120 120 120 120 120 120 120 120 120 120 120 120 120 120 120 120 120 119 119 119 120 119 119 96 96 97 97 98 97 97 98 98 98 98 99 99 99 99 100 100 100 100 100 100 100 101 101 101 101 101 102 102 102 102 102 102 102 102 102 102 102 103 103 103 103 104 104 104 104 104 104 104 105 105 105 105 105 105 105 106 106 106 106 106 106 106 106 107 107 107 107 108 108 108 108 108 108 109 109 109 109 109 109 109 109 109 109 109 110 110 110 110 110 110 111 111 111 111 111 111 111 112 112 112 112 112 112 112 113 113 113 113 113 113 113 113 114 114 114 114 114 114 114 114 115 115 115 115 115 115 115 115 115 115 116 116 116 116 116 116 116 116 116 116 116 116 116 116 117 117 117 117 117 117 117 117 117 118 118 118 118 118 118 118 118 118 118 118 118 119 119 119 119 119 119 119 119 119 119 119 119 119 120 120 120 120 120 120 120 120 120 120 120 120 120 120 120 120 120 120 121 121 121 121 121 121 120 120 120 120 120 120 120 120 120 120 120 120 120 120 120 121 121 121 121 121 121 121 121 121 121 121 121 121 121 121 121 121 121 121 121 121 121 121 121 121 121 121 121 121 121 121 121 121 121 121 121 121 121 121 121 121 121 121 121 121 121 121 121 121 121 121 121 122 121 122 122 122 122 122 122 122 121 121 121 121 122 122 122 122 122 122 122 122 122 122 122 122 122 122 122 122 122 122 122 122 122 122 121 121 121 122 121 121 121 121 122 122 122 121 121 121 122 121 121 121 121 121 120 120 120 121 121 121 121 121 121 120 121 122 121 121 121 121 121 121 121 122 122 122 122 121 122 121 121 121 121 120 120 121 121 121 121 120 120 120 119 120 120 120 120 120 121 121 121 121 121 121 121 121 121 121 120 120 120 120 120 120 120 120 120 120 120 120 120 120 120 120 120 119 119 119 120 120 119 119 96 96 96 96 96 97 97 97 97 97 98 98 98 98 99 99 100 100 100 100 101 101 101 100 101 101 101 102 102 102 102 102 102 102 102 102 103 102 102 102 103 103 103 103 104 104 104 104 104 104 104 104 105 105 105 105 105 105 105 106 106 106 106 106 106 107 107 107 107 107 107 108 108 108 108 108 108 109 109 109 109 109 109 109 109 109 109 110 110 110 110 110 110 110 111 111 111 111 111 111 111 112 112 112 112 112 112 113 113 113 113 113 113 113 113 114 114 114 114 114 114 114 114 115 115 115 115 115 115 115 115 115 115 116 116 116 116 116 116 116 116 116 116 116 116 116 116 116 116 116 116 117 117 117 117 118 118 118 118 118 118 118 118 118 118 118 118 119 119 119 119 119 119 119 119 119 119 119 119 119 119 119 119 120 120 120 120 120 120 120 120 120 120 120 120 120 120 120 120 120 120 121 121 121 121 120 120 120 120 120 120 120 120 120 120 120 120 120 120 120 121 121 121 121 121 121 121 121 121 121 121 121 121 121 121 121 121 121 121 121 121 121 121 121 121 121 121 121 121 121 121 121 121 121 121 121 121 121 121 121 121 121 121 122 121 121 121 121 121 121 121 121 121 121 122 122 122 122 122 122 122 121 121 122 122 122 122 122 122 122 122 122 122 122 122 122 122 122 122 122 122 122 121 121 122 121 121 121 121 121 122 121 121 121 121 121 122 122 122 121 121 121 122 122 122 122 122 121 121 121 121 121 121 121 121 121 121 121 122 122 121 121 121 121 121 122 122 122 122 122 122 121 122 121 121 121 121 120 120 120 120 120 121 120 120 119 120 120 120 120 121 121 121 121 121 121 121 121 121 121 121 121 121 121 120 120 121 120 120 120 120 120 120 120 120 120 119 119 119 119 119 120 120 120 119 95 96 96 96 96 96 96 96 96 97 98 98 98 98 98 98 99 99 100 100 100 100 100 101 101 101 101 101 101 102 102 102 102 102 102 102 102 102 102 102 102 103 103 103 103 103 104 104 104 104 104 104 104 104 104 105 105 105 105 105 106 106 106 106 106 106 106 107 107 107 107 108 108 108 108 108 108 108 108 109 109 109 109 109 109 109 109 109 109 110 110 110 110 110 110 110 111 111 111 111 111 111 111 111 112 112 112 112 112 112 113 113 113 113 113 113 113 113 114 114 114 114 114 114 114 115 115 115 115 115 115 115 115 115 115 115 115 116 116 116 116 116 116 116 116 116 116 116 116 116 116 116 116 117 117 117 117 118 118 118 118 118 118 118 118 118 118 118 118 119 118 119 119 119 119 119 119 119 119 119 119 119 119 119 119 120 120 120 120 120 120 120 120 120 120 120 120 120 120 120 120 120 120 120 120 121 121 120 120 120 120 120 120 120 120 120 120 120 120 120 120 120 120 121 121 121 121 121 121 121 121 121 121 121 121 121 121 121 121 121 121 121 121 121 121 121 121 121 121 121 121 121 121 121 121 121 121 121 121 121 121 121 121 122 122 122 122 121 121 121 121 121 121 122 122 122 121 121 121 122 122 122 122 121 121 122 122 122 122 122 122 122 122 122 122 122 122 122 122 122 122 122 122 122 122 121 122 121 122 122 121 121 121 121 121 121 121 121 121 122 122 121 122 121 121 122 122 122 122 121 121 121 121 121 121 122 121 122 122 122 121 121 121 121 121 122 121 122 122 122 122 121 121 121 121 121 121 121 121 121 120 120 120 120 120 120 120 119 120 120 120 120 121 121 121 121 121 121 121 121 121 121 121 121 121 121 121 121 121 120 120 120 120 120 120 120 120 120 120 120 120 120 119 120 120 120 119 95 96 96 96 96 96 96 96 97 97 97 97 98 98 99 99 99 99 100 100 100 100 100 100 101 101 101 101 101 101 102 102 102 102 102 102 102 102 102 102 103 103 103 103 103 103 103 104 104 104 104 104 104 104 104 105 105 105 105 105 105 105 106 106 106 106 107 107 107 107 107 108 108 108 108 108 108 108 108 109 109 109 109 109 109 109 109 109 110 110 110 110 110 110 110 110 111 111 111 111 111 111 111 111 112 112 112 112 112 112 112 112 113 113 113 113 113 113 114 114 114 114 114 114 114 115 115 115 115 115 115 115 115 115 115 115 115 115 116 116 116 116 116 116 116 116 116 116 116 117 117 117 117 117 117 117 117 117 118 118 118 118 118 118 118 118 118 118 118 119 119 119 119 119 119 119 119 119 119 119 119 119 119 119 120 120 120 120 120 120 120 120 120 120 120 120 120 120 120 120 120 120 120 120 120 121 121 120 120 120 120 120 120 120 120 120 120 120 120 120 120 120 120 121 121 121 121 121 121 121 121 121 121 121 121 121 121 121 121 121 121 121 121 121 121 121 121 121 121 121 121 121 121 121 121 121 121 122 122 121 121 121 121 121 121 122 122 122 122 121 121 121 121 121 122 122 122 121 122 122 122 122 122 122 122 122 122 122 122 122 122 122 122 122 122 122 122 122 122 122 122 122 122 122 122 121 122 122 121 121 121 121 121 121 122 122 121 121 121 121 122 121 122 122 121 122 122 122 122 122 122 121 121 121 121 121 121 122 122 122 122 122 122 121 121 121 121 122 122 122 122 121 121 121 121 121 122 122 121 121 121 120 121 121 121 120 120 119 120 120 121 120 121 121 121 121 121 121 121 121 121 121 121 121 121 121 121 121 120 120 120 120 120 120 120 120 120 120 120 120 120 120 120 120 120 120 120 119 95 96 96 96 96 96 97 97 97 97 97 97 98 98 98 99 99 100 100 100 100 100 99 100 100 100 100 101 101 101 101 102 102 102 102 102 102 102 102 102 103 103 103 103 103 103 103 104 104 104 104 104 104 104 104 105 105 105 105 105 105 105 106 106 106 106 107 107 107 107 107 108 108 108 108 108 108 108 109 109 109 109 109 109 109 110 110 110 110 110 110 110 110 110 111 111 111 111 111 111 111 111 111 111 112 112 112 112 112 112 113 113 113 113 113 113 113 113 114 114 114 114 114 114 114 114 114 114 115 115 115 115 115 115 115 115 115 115 115 116 116 116 116 116 116 116 116 116 116 117 117 117 117 117 117 117 117 117 117 118 118 118 118 118 118 118 118 118 118 118 118 118 119 119 119 119 119 119 119 119 119 119 119 119 119 120 120 120 120 120 120 120 120 120 120 120 120 120 120 120 120 120 120 120 120 120 120 120 120 120 120 120 120 120 120 120 120 120 120 120 120 120 120 120 120 121 121 121 121 121 121 121 121 121 121 121 121 121 121 121 121 121 121 121 121 121 121 121 121 121 121 121 121 121 121 121 121 121 122 121 121 121 121 121 121 121 121 122 122 122 122 122 121 121 122 122 122 121 122 122 122 122 122 122 122 122 122 122 122 122 121 121 122 122 122 122 122 122 122 122 122 121 122 122 122 121 121 122 122 121 121 121 121 122 122 122 122 121 121 121 122 122 122 122 121 122 122 122 122 122 122 122 122 121 121 121 121 122 122 122 122 122 122 122 121 121 122 122 121 122 121 121 121 121 121 121 121 122 122 121 121 121 121 121 121 120 120 120 120 120 120 120 120 121 121 121 121 121 121 121 121 120 121 121 121 121 121 121 120 120 120 120 120 120 120 120 120 120 120 120 120 120 120 120 120 120 120 119 95 95 95 96 96 96 97 97 97 97 97 98 98 98 98 98 99 99 100 100 100 100 100 99 100 100 100 100 100 101 101 101 101 101 101 102 102 102 102 102 103 103 103 103 103 103 103 103 104 104 104 104 104 104 105 105 105 105 105 105 105 105 105 106 106 106 106 106 106 107 107 107 108 108 108 108 108 108 109 109 109 109 109 109 109 109 110 110 110 110 110 110 110 110 111 111 111 111 111 111 111 111 112 112 112 112 112 112 112 113 113 113 113 113 113 113 113 113 113 113 114 114 114 114 114 114 114 114 114 115 115 115 115 115 115 115 115 115 115 115 116 116 116 116 116 116 117 117 117 117 117 116 117 117 117 117 117 117 117 117 118 118 118 118 118 118 118 118 118 118 118 118 119 119 119 119 119 119 119 119 119 119 119 119 119 119 119 119 120 120 120 120 120 120 120 120 120 120 120 120 120 120 120 120 120 120 120 120 120 120 120 120 120 120 120 120 120 120 120 120 120 120 120 120 120 120 121 121 121 121 121 121 121 121 121 121 121 121 121 121 121 121 121 121 121 121 121 121 121 121 121 121 121 121 121 121 121 121 121 122 121 121 121 121 121 121 121 121 121 122 122 122 122 121 121 121 122 122 122 122 122 122 122 122 122 122 122 122 122 122 122 122 122 122 122 121 122 122 122 122 122 122 122 122 122 121 121 121 122 122 122 121 121 122 122 122 122 121 121 121 121 122 122 122 122 122 122 122 122 122 122 122 122 122 122 122 121 121 122 122 122 122 122 122 122 122 121 121 121 122 122 121 121 121 121 121 121 121 121 122 122 121 121 121 121 121 121 120 120 120 120 120 120 120 121 121 121 121 121 121 121 121 121 121 121 121 121 121 121 121 120 120 120 120 120 120 120 120 120 120 120 120 120 120 120 120 120 120 119 95 95 96 97 97 98 97 98 98 98 98 98 98 99 99 99 99 100 100 100 100 100 100 100 100 100 100 100 100 101 101 101 101 101 102 102 103 103 103 103 103 103 103 103 103 103 104 104 104 104 104 104 105 105 105 105 105 105 105 105 105 106 106 106 106 106 106 107 107 107 107 108 108 108 108 108 108 108 109 109 109 109 109 109 110 110 110 110 110 110 110 110 110 111 111 111 111 111 111 111 111 112 112 112 112 112 112 112 113 113 113 113 113 113 113 113 113 113 113 114 114 114 114 114 114 114 114 115 115 115 115 115 115 115 115 115 115 116 116 116 116 116 116 116 117 117 117 116 116 117 117 117 117 117 117 117 117 118 118 118 118 118 118 118 118 118 119 119 119 119 118 119 119 119 119 119 119 119 119 119 119 119 119 119 119 119 120 120 120 120 120 120 120 120 120 120 120 120 120 120 120 120 120 120 120 120 120 120 120 120 120 120 120 120 120 120 120 120 120 120 120 120 120 120 120 120 121 121 121 121 121 121 121 121 121 121 121 121 121 121 121 121 121 121 121 121 121 121 121 121 121 121 121 121 121 121 122 122 121 121 122 122 121 121 122 121 121 122 122 122 122 122 121 121 121 122 122 122 122 122 122 122 122 122 122 122 122 122 122 122 122 122 122 122 122 122 122 122 123 123 123 123 123 121 121 121 122 122 122 122 121 122 122 122 121 121 121 121 121 121 122 122 122 122 123 122 122 122 122 122 122 121 121 121 122 121 122 122 121 121 122 122 122 122 121 121 121 121 122 121 121 121 122 121 121 122 121 121 121 121 121 121 121 121 121 120 120 120 120 120 120 120 121 121 121 121 121 121 121 121 121 121 121 121 121 121 121 121 121 121 121 120 121 121 121 120 120 120 120 120 120 120 120 120 120 120 119 120 95 95 95 96 96 97 97 97 98 98 97 98 98 98 98 98 99 99 99 100 100 100 100 100 100 100 100 100 101 100 100 101 101 102 102 102 103 103 103 103 103 103 103 103 103 104 104 104 104 104 104 104 104 104 105 105 105 105 105 105 105 105 105 105 106 106 106 106 107 107 107 107 107 108 108 108 108 108 108 109 109 109 109 109 109 109 110 110 110 110 110 110 110 110 110 111 111 111 111 111 111 111 111 112 112 112 112 112 112 112 113 113 113 113 113 113 113 113 113 113 114 114 114 114 114 114 114 114 114 114 115 115 115 115 115 115 115 116 116 116 116 116 116 116 116 117 116 116 116 116 116 116 116 117 117 117 117 117 117 118 118 118 118 118 118 118 118 118 119 119 119 119 119 118 118 119 119 119 119 119 119 119 119 119 119 119 120 120 120 120 120 120 120 120 120 120 120 120 120 120 120 120 120 120 120 121 121 120 120 120 120 120 120 120 120 120 120 120 120 120 120 120 120 120 120 120 120 120 120 121 121 121 121 121 121 121 121 121 121 121 121 121 121 121 121 121 121 121 121 121 121 121 121 121 121 121 121 122 122 121 122 122 121 121 121 122 122 121 122 122 122 122 122 122 121 121 122 122 122 122 122 122 122 122 122 122 122 122 121 121 121 121 122 122 122 122 123 122 122 122 122 122 123 123 122 122 121 122 123 122 122 122 122 122 122 122 122 121 122 122 121 121 121 122 122 122 122 122 122 121 121 122 122 122 122 122 121 122 122 122 122 122 122 122 122 121 122 121 121 121 121 121 121 121 121 121 122 121 121 121 122 122 121 121 121 121 121 120 120 120 120 121 121 121 121 121 122 121 121 121 121 121 121 121 121 121 121 121 121 121 121 121 121 121 121 121 121 120 120 120 121 120 120 120 120 120 120 120 120 95 95 95 96 97 97 96 96 97 97 98 98 98 98 98 99 99 99 100 100 100 101 100 100 100 100 101 101 100 101 101 101 101 102 102 102 103 103 103 103 103 103 103 103 103 104 104 104 104 104 104 104 105 105 105 105 104 105 105 105 105 105 105 106 106 106 107 107 107 107 107 107 108 108 108 108 108 108 108 108 109 109 109 109 109 110 110 110 110 110 110 110 110 110 110 111 111 111 111 111 111 111 111 112 112 112 112 112 112 113 113 113 113 113 113 113 113 113 113 113 114 114 114 114 114 114 114 114 114 114 115 115 115 115 115 115 116 116 116 116 116 116 116 116 117 117 117 117 117 117 117 117 117 116 117 117 117 117 118 117 118 118 118 118 118 118 118 118 118 119 119 118 118 118 118 119 119 119 119 119 119 119 119 119 119 120 120 120 120 120 120 120 120 120 120 120 120 120 120 120 120 120 120 120 121 121 120 120 120 120 120 120 120 120 120 120 120 120 120 120 120 120 120 120 120 120 120 121 121 121 121 121 121 121 121 121 121 121 121 121 121 121 121 121 121 121 121 121 121 121 121 121 121 121 121 121 122 121 121 122 121 121 121 121 122 122 121 122 122 122 122 122 122 122 121 122 122 122 122 122 122 122 122 122 122 122 122 122 122 122 122 122 122 122 122 123 122 122 122 122 122 122 122 122 122 122 122 123 123 123 123 123 123 122 122 122 122 122 122 122 122 121 121 122 122 122 121 121 121 122 122 122 122 122 121 122 122 122 122 122 122 122 123 122 122 122 122 121 121 121 121 121 121 121 121 121 121 121 122 121 121 122 121 121 121 121 120 120 120 120 121 121 121 121 121 122 121 121 121 121 121 121 121 121 121 121 121 121 121 121 121 121 121 121 121 121 120 121 121 121 120 120 120 120 120 120 120 120 120 95 96 97 96 96 96 97 97 98 98 98 98 98 99 99 99 99 99 100 100 100 100 101 101 101 101 101 102 101 101 101 101 102 102 103 103 103 103 103 103 103 103 103 104 104 103 103 104 104 104 105 105 105 105 105 105 105 105 105 105 105 106 106 106 106 106 107 107 107 108 108 108 108 108 108 108 108 108 108 108 109 109 109 109 110 110 110 110 110 110 110 110 111 111 111 111 111 111 111 111 111 112 112 112 112 112 112 112 113 113 113 113 113 113 113 113 113 113 113 114 114 114 114 114 114 114 114 114 114 115 115 115 115 115 115 116 116 116 116 116 116 116 116 116 116 117 117 117 117 117 117 117 117 117 117 117 117 117 117 117 117 117 118 118 118 118 118 118 118 119 119 119 119 119 119 119 119 119 119 119 119 119 119 120 120 120 120 120 120 120 120 120 120 120 120 120 120 120 120 120 120 121 121 121 120 120 120 120 120 120 120 120 120 120 120 120 120 120 120 120 120 120 120 120 120 120 121 121 121 121 121 121 121 121 121 121 121 121 121 121 121 121 121 121 121 121 121 121 121 121 121 121 121 121 122 121 121 121 121 122 121 121 121 122 122 121 122 122 122 122 122 122 121 122 122 122 122 122 122 122 122 122 122 122 121 121 122 122 122 122 122 122 123 123 122 122 122 122 122 122 122 122 122 123 123 122 123 123 123 123 122 122 123 122 122 122 122 122 122 122 121 122 122 122 122 122 122 122 122 122 122 122 122 122 122 122 122 122 122 122 123 122 122 122 122 122 121 121 121 121 121 121 121 121 121 121 122 121 121 122 121 121 121 121 120 120 121 120 121 121 121 121 121 121 121 121 121 121 121 121 121 121 121 121 121 121 121 121 121 121 121 121 121 120 120 121 121 121 121 120 120 120 120 120 120 120 120 120 95 96 96 96 96 96 96 97 97 98 98 99 99 98 99 99 99 99 100 101 101 101 101 101 101 101 102 102 102 102 102 102 101 102 102 103 103 103 103 103 103 103 103 104 104 103 103 104 104 104 105 105 105 105 105 105 105 105 105 106 105 106 106 106 106 106 106 107 107 107 108 108 108 108 108 108 108 108 108 109 109 109 109 109 110 110 110 110 110 110 110 111 111 111 111 111 111 111 111 111 111 111 112 112 112 112 112 112 112 112 113 113 113 113 113 113 113 114 114 114 114 114 114 114 114 115 115 114 114 115 115 115 115 115 115 116 116 116 116 116 116 116 116 116 116 116 117 117 117 117 117 117 117 117 117 117 117 117 117 117 117 117 118 118 118 118 118 118 118 118 119 119 119 119 119 119 119 119 119 119 119 119 119 119 120 120 120 120 120 120 120 120 120 120 120 120 120 120 120 120 120 121 121 121 120 120 120 120 120 120 120 120 120 120 120 120 120 120 120 120 120 120 120 120 120 120 121 121 121 121 121 121 121 121 121 121 121 121 121 121 121 121 121 121 121 121 121 121 121 121 121 121 121 121 122 121 122 122 122 122 121 121 121 122 122 122 122 122 122 122 122 122 122 122 122 122 122 122 122 122 122 122 122 122 122 122 122 122 122 122 122 122 122 122 122 122 123 123 122 122 122 122 122 123 123 122 123 123 123 123 122 122 123 123 123 123 122 122 122 123 122 122 123 123 122 122 122 122 122 122 122 122 122 123 122 122 122 123 123 123 123 123 123 123 123 122 122 121 121 121 121 121 121 121 121 121 121 122 121 121 121 121 120 121 120 121 121 120 120 121 121 121 121 121 121 121 121 121 121 121 121 121 121 121 121 121 121 121 121 121 121 121 121 121 121 121 121 121 121 121 120 120 120 120 120 120 120 120 120 95 96 96 96 96 97 97 97 97 97 98 99 99 98 98 98 99 100 100 100 100 101 101 100 100 101 101 102 102 102 103 102 102 102 102 103 103 103 103 103 103 103 103 103 104 103 103 104 104 104 105 105 105 105 104 105 105 105 105 106 106 106 106 106 106 106 107 107 107 107 107 108 108 108 108 108 108 108 108 108 109 109 109 109 110 110 110 110 110 110 110 110 110 110 111 111 111 111 111 111 111 111 112 112 112 112 112 112 112 112 113 113 113 113 113 113 114 114 114 114 114 114 114 114 114 115 115 115 115 115 115 115 115 115 115 115 115 116 116 116 116 116 116 116 116 116 117 117 117 117 117 117 117 117 118 118 118 118 117 118 118 118 118 118 118 118 118 118 118 118 118 119 119 119 119 119 119 119 119 119 119 119 119 119 119 120 120 120 120 120 120 120 120 120 120 120 120 120 120 121 121 120 121 121 120 120 120 120 120 120 120 120 120 120 120 120 120 120 120 120 120 120 120 120 121 121 121 121 121 121 121 121 121 121 121 121 121 121 121 121 121 121 121 121 121 121 121 121 121 121 121 121 121 121 122 122 122 122 122 121 121 121 121 122 122 122 122 122 122 122 121 122 122 122 122 122 122 122 122 122 122 122 122 122 122 122 122 122 122 122 122 123 123 122 122 122 122 122 122 122 122 122 122 123 122 122 123 122 123 123 122 122 122 123 123 123 123 123 123 123 123 123 123 123 122 123 123 123 123 122 122 122 122 123 123 122 122 122 123 123 123 123 123 123 123 123 121 121 122 122 121 121 121 121 121 121 121 121 121 122 121 121 121 121 121 121 121 121 121 121 121 122 121 121 122 122 122 121 121 121 121 121 121 121 121 121 121 121 121 121 121 121 121 121 121 121 121 121 121 121 120 120 120 120 120 120 120 120 120 120 95 96 97 97 97 97 98 98 98 98 99 98 98 98 98 99 100 99 100 99 100 100 100 100 100 100 101 102 102 102 103 103 103 103 103 103 102 102 102 103 103 103 103 104 103 103 103 104 104 105 105 105 105 104 105 105 105 105 106 106 106 106 106 106 106 107 107 107 107 107 108 108 108 108 108 108 108 108 108 109 109 109 109 110 110 110 110 110 110 110 110 110 110 111 111 111 111 111 111 111 111 112 112 112 112 112 112 112 112 112 112 113 113 113 113 113 114 114 114 114 114 114 114 115 115 115 115 115 115 115 115 115 115 115 115 115 116 116 116 116 116 116 116 116 116 116 117 116 117 117 117 117 117 118 118 118 118 118 118 118 118 118 118 118 118 118 118 118 118 118 118 118 119 119 119 119 119 119 119 119 119 119 119 120 120 120 119 119 120 120 120 120 120 120 120 120 120 120 120 120 120 121 121 120 120 120 120 120 120 120 120 120 120 120 120 120 120 121 120 120 120 120 121 120 121 121 121 121 121 121 121 121 121 121 121 121 121 121 121 121 121 121 121 121 121 121 121 121 121 121 121 121 121 122 122 122 122 122 121 122 121 121 122 122 122 122 122 122 122 122 122 122 122 122 122 122 122 122 122 122 122 122 122 122 121 121 121 122 122 122 123 122 121 122 122 122 121 122 122 122 122 122 122 122 122 123 122 123 123 122 122 122 123 123 123 123 123 123 123 123 123 123 123 123 122 122 122 122 122 122 122 122 123 122 122 122 122 122 123 123 123 123 123 123 123 122 122 122 121 121 121 121 121 121 121 121 121 121 121 121 121 121 121 121 121 122 122 121 121 121 122 122 121 121 122 121 121 121 121 121 121 121 121 121 121 121 121 121 121 121 121 121 121 121 121 121 121 121 121 121 120 120 120 120 120 120 120 120 120 120 96 97 97 97 97 97 97 98 98 98 98 98 99 99 99 99 100 99 99 100 100 101 100 100 101 101 102 102 102 103 103 103 103 103 103 103 103 102 103 103 103 104 104 104 104 104 105 105 105 105 105 105 105 105 105 105 106 106 106 106 106 106 107 107 107 107 107 107 107 108 108 108 108 108 108 109 109 108 109 109 109 109 110 110 110 110 110 110 110 110 110 111 111 111 111 111 111 111 111 111 112 112 112 112 112 112 112 112 113 113 113 113 113 113 114 114 114 114 114 114 114 114 115 115 115 115 115 115 115 115 115 115 115 115 115 116 116 116 116 116 116 116 116 116 116 117 117 117 117 117 117 118 118 118 118 118 118 118 118 118 118 118 118 118 119 118 118 118 118 118 118 118 119 119 119 119 119 119 119 119 119 120 120 120 119 119 120 120 120 120 120 120 120 120 120 120 120 120 120 120 121 120 120 120 120 120 120 120 120 120 120 120 120 121 121 121 120 120 121 121 121 121 121 121 121 121 121 121 121 121 121 121 121 121 121 121 121 121 121 121 121 121 121 121 121 121 121 121 121 121 121 122 122 122 122 122 122 122 122 121 122 122 122 122 122 122 122 122 122 122 122 122 122 122 122 122 122 122 122 122 122 121 121 121 122 122 122 122 122 121 121 121 122 121 122 122 122 123 123 122 122 122 122 123 122 123 123 122 122 123 123 123 123 123 123 123 123 123 123 123 123 123 123 123 122 122 122 122 122 123 123 123 123 123 122 123 123 123 123 123 123 123 123 122 122 122 121 121 121 121 121 121 121 121 121 121 121 121 121 121 121 121 121 122 122 122 121 121 121 122 122 121 121 121 121 121 121 121 121 121 121 121 121 121 121 121 121 121 121 121 121 121 121 121 121 121 121 121 120 120 120 120 120 120 120 120 120 120 120 95 96 96 96 96 96 97 97 98 98 97 98 98 99 99 99 100 99 99 100 101 100 100 100 101 101 101 102 102 102 103 103 103 103 103 103 103 103 103 103 104 103 104 104 104 104 104 104 105 105 105 105 105 105 105 105 106 106 106 106 107 107 107 107 107 107 107 107 108 108 108 108 108 108 108 108 109 109 109 109 109 109 110 109 110 110 110 110 110 110 110 110 111 111 111 111 111 111 111 111 112 112 112 112 112 112 112 112 113 113 113 113 113 113 113 114 114 114 114 114 114 114 114 115 115 115 115 115 115 115 115 115 115 115 115 115 116 116 116 116 116 116 116 116 116 117 117 117 117 117 117 118 118 118 118 118 118 118 118 118 118 118 118 119 119 119 118 118 118 118 118 118 118 119 119 119 119 119 119 119 119 119 120 120 119 119 120 120 120 120 120 120 120 120 120 120 120 120 120 120 120 120 120 120 120 120 120 120 120 120 120 120 120 120 120 121 120 120 121 121 121 121 121 121 121 121 121 121 121 121 121 121 121 121 121 121 121 121 121 121 121 121 121 121 121 121 121 121 121 121 121 121 122 122 122 122 122 122 122 122 122 122 122 122 122 122 121 122 122 122 122 122 122 122 122 122 122 122 122 122 122 121 121 121 122 123 121 121 122 121 121 122 122 121 122 122 122 123 123 122 122 122 122 122 122 122 122 122 123 122 123 123 123 123 123 123 123 123 123 122 123 123 123 123 122 122 122 123 123 123 123 123 123 123 123 122 123 123 123 123 123 123 123 123 122 122 122 121 121 121 121 122 122 121 121 121 121 121 121 122 121 121 121 122 122 122 121 121 121 121 122 121 121 122 122 122 122 121 121 121 121 121 121 121 121 121 121 121 121 121 121 121 121 121 121 121 121 121 121 120 120 120 120 120 120 120 120 120 120 120 120 120 120 95 95 96 96 96 97 98 98 99 99 99 98 99 99 99 99 100 101 101 100 100 101 101 101 102 102 102 103 102 103 103 104 104 104 104 104 103 103 103 104 104 104 104 104 104 105 105 105 105 105 105 105 105 106 106 106 106 106 107 107 107 107 107 107 107 107 107 108 108 108 108 108 108 109 109 109 109 109 109 109 110 110 110 110 110 110 110 110 110 111 111 111 111 111 111 111 111 111 112 112 112 112 112 112 112 113 113 113 113 113 113 113 113 114 114 114 114 114 114 115 115 115 115 115 115 115 115 115 115 115 115 116 116 116 116 116 116 116 116 116 116 116 117 117 117 117 117 117 118 118 118 118 117 118 118 118 118 118 118 118 118 119 119 118 118 118 118 118 118 118 118 119 119 119 119 119 119 119 119 119 119 119 119 120 120 120 120 120 120 120 120 120 120 120 120 120 120 120 120 120 120 120 120 120 120 120 120 120 120 120 120 120 121 120 120 121 121 121 121 121 121 121 121 121 121 121 121 121 121 121 121 121 121 121 121 121 121 121 121 121 121 121 121 121 121 121 121 121 121 122 122 122 122 122 122 122 122 122 122 122 122 122 122 121 122 122 122 122 122 122 122 122 122 122 122 122 122 122 121 121 121 123 122 122 121 121 121 122 122 122 121 122 122 122 123 123 122 122 122 122 122 122 122 122 122 123 122 122 123 123 122 123 122 123 123 122 123 122 123 123 123 123 123 123 123 123 123 123 123 123 123 123 122 123 123 123 123 123 123 124 123 123 123 122 121 121 121 122 122 122 122 121 122 122 121 121 122 122 121 121 122 122 122 122 122 121 121 121 121 122 122 122 122 122 122 121 121 121 121 121 121 121 121 121 121 121 121 121 121 121 121 121 121 121 121 121 121 120 120 120 120 120 120 120 120 120 120 121 121 120 120 120 120 120 120 120 120 120 96 97 97 98 98 99 98 98 98 98 99 99 100 100 100 100 100 101 102 101 101 101 102 102 102 102 103 103 104 104 104 104 103 103 103 104 104 104 104 104 104 104 105 105 105 105 105 105 106 106 106 106 106 106 107 107 107 107 107 107 107 107 108 108 108 108 108 108 108 108 108 109 109 109 109 109 110 110 110 110 110 110 110 110 110 111 111 111 111 111 111 111 111 112 112 112 112 112 112 112 112 113 113 113 113 113 113 113 113 113 114 114 114 114 114 115 115 115 115 115 115 115 115 115 115 115 115 115 115 116 116 116 116 116 116 116 116 117 117 117 117 117 117 117 117 118 118 117 117 118 118 118 118 118 118 118 118 119 119 119 119 118 118 118 118 118 118 118 119 119 119 119 119 119 119 119 119 119 119 120 120 120 120 120 120 120 120 120 120 120 120 120 120 120 120 120 120 120 120 120 120 120 120 120 120 120 120 121 121 121 121 121 121 121 121 121 121 121 121 121 121 121 121 121 121 121 121 121 121 121 121 121 121 121 121 121 121 121 121 121 121 121 121 121 122 121 122 122 122 122 121 122 122 122 122 122 122 122 122 121 122 122 122 122 122 122 122 122 122 122 122 122 122 122 121 121 121 122 121 122 121 121 121 122 122 122 122 122 122 122 122 122 122 122 122 122 122 122 122 122 122 122 122 122 122 122 122 123 122 123 123 122 123 122 123 123 123 123 123 123 123 123 123 122 122 122 122 122 122 123 122 123 123 123 123 123 123 123 123 122 121 121 121 122 122 122 121 122 122 122 122 121 121 122 122 122 121 122 122 122 122 121 121 121 121 122 122 122 122 122 122 122 122 122 121 121 121 121 121 121 121 122 122 121 121 121 121 121 121 121 121 120 120 120 120 120 120 121 121 120 121 121 121 121 121 121 121 121 121 121 121 121 121 120 120 97 97 97 98 98 98 98 98 99 100 100 100 101 101 101 101 102 102 101 102 102 102 103 103 104 104 104 104 104 104 104 104 104 104 104 104 105 105 105 105 105 105 106 106 106 106 106 106 106 106 107 107 107 107 107 107 108 108 108 108 108 108 108 108 108 108 108 109 109 109 109 109 109 110 110 110 110 110 110 110 110 111 111 111 111 111 111 112 112 112 112 112 112 112 112 112 113 113 113 113 113 113 113 113 113 114 114 114 114 114 114 114 115 115 115 115 115 115 115 115 115 115 115 115 116 116 116 116 116 116 116 116 117 117 117 117 117 117 117 117 117 118 117 118 118 118 118 118 118 118 118 119 119 119 119 119 119 119 119 119 119 118 118 119 119 119 119 119 119 119 119 119 119 119 120 120 120 120 120 120 120 120 120 120 120 120 120 120 121 120 120 120 120 120 120 120 120 120 120 120 120 120 121 121 121 121 121 121 121 121 121 121 121 121 121 121 121 121 121 121 121 121 121 121 121 121 121 121 121 121 121 121 121 121 121 121 121 121 121 122 122 122 122 122 122 122 121 121 122 122 122 122 122 122 122 122 122 122 122 122 122 122 122 122 122 122 122 122 122 122 122 122 121 121 121 122 121 121 122 122 122 121 121 122 122 122 122 122 122 122 122 122 122 122 122 122 122 122 122 122 122 122 123 122 123 123 123 123 122 123 123 123 123 123 123 123 123 123 123 123 123 123 123 123 123 123 123 123 123 123 123 123 123 123 122 121 121 122 122 122 122 122 122 122 122 122 122 121 122 122 122 122 122 122 122 121 121 121 121 121 122 122 122 122 122 122 122 122 122 122 122 122 122 122 122 122 122 122 121 121 121 121 121 121 120 121 121 121 121 120 120 120 120 121 121 121 121 121 121 121 121 121 121 121 121 121 121 121 121 121 120 97 97 99 99 99 100 101 101 101 101 102 101 101 101 102 102 103 103 104 103 104 104 104 104 104 104 105 105 105 105 105 105 105 105 105 105 105 106 106 106 106 106 106 107 106 107 107 107 107 107 108 108 108 108 108 108 109 109 109 109 108 108 109 109 109 109 109 109 110 110 110 110 110 110 110 111 111 111 111 111 112 112 112 112 112 112 112 112 112 112 112 113 113 113 113 113 113 113 113 114 114 114 114 114 114 115 115 115 115 115 115 115 115 115 115 115 115 115 116 116 116 116 116 116 116 116 116 117 116 117 117 117 117 117 117 118 118 117 118 118 118 118 118 118 118 119 119 119 119 119 119 119 119 119 119 119 119 119 119 119 119 119 119 119 119 119 119 120 120 120 120 120 120 120 120 120 120 120 120 120 120 120 120 120 120 120 120 120 120 120 120 120 120 120 120 120 120 120 120 121 121 121 121 121 121 121 121 121 121 121 121 121 121 121 121 121 121 121 121 121 121 121 121 121 121 121 121 121 121 121 121 121 121 122 122 122 122 122 122 122 122 122 122 122 122 122 122 122 122 122 122 122 122 122 122 122 122 122 122 121 121 121 122 122 122 123 122 121 121 121 121 121 122 122 121 121 122 122 122 122 122 122 122 122 122 122 122 122 122 122 123 122 122 123 123 122 123 122 122 123 123 122 123 123 123 123 123 123 123 123 123 123 123 123 123 123 123 123 123 123 123 123 123 123 123 123 123 123 122 121 122 122 122 122 122 122 122 122 122 122 122 122 122 122 122 122 123 122 122 121 121 121 121 122 122 122 122 122 122 122 122 122 122 122 122 122 122 122 122 122 122 122 121 121 121 121 121 121 121 121 121 121 121 120 120 120 121 121 121 121 121 121 121 121 121 121 121 121 121 121 121 121 121 121 121 99 99 99 100 101 101 101 101 101 101 102 102 103 103 103 103 103 102 103 103 103 103 103 104 105 106 106 106 106 106 105 105 105 106 106 106 106 106 106 106 107 106 107 106 107 107 107 108 108 108 108 108 108 108 108 108 108 108 108 109 109 109 109 109 109 109 110 110 110 110 110 110 110 110 111 111 111 111 111 111 112 112 112 112 112 112 112 112 112 113 113 113 113 113 113 113 113 113 114 114 114 114 114 115 115 115 115 115 115 115 115 115 115 115 115 115 115 116 116 116 116 116 116 116 117 116 117 116 117 117 117 117 117 118 118 118 118 118 118 118 118 118 118 118 118 119 119 119 119 119 119 119 119 119 119 119 119 119 119 119 119 119 119 119 119 119 119 119 120 120 120 120 120 120 120 120 120 120 120 120 120 120 119 120 120 120 120 120 120 120 120 120 120 120 120 120 120 121 121 121 121 121 121 121 121 121 121 121 121 121 121 121 121 121 121 121 121 121 121 121 121 121 121 121 121 121 121 121 121 121 122 122 122 122 122 122 122 122 122 122 122 122 122 122 122 122 122 122 122 122 122 122 122 122 122 122 121 121 122 121 122 122 122 122 122 121 121 121 121 122 122 122 121 121 121 122 122 122 123 123 122 122 122 122 122 122 122 123 123 122 123 123 122 122 122 122 122 123 122 123 123 123 123 123 123 123 123 123 123 124 124 124 124 123 123 123 123 123 123 123 123 123 123 123 123 122 122 121 122 122 122 122 122 122 122 122 122 122 122 122 122 122 122 122 122 123 123 122 121 121 122 122 122 122 122 122 122 122 122 122 122 122 122 122 122 122 122 122 122 122 122 121 121 121 121 121 121 121 121 121 121 120 120 120 121 121 121 121 121 121 121 121 121 121 121 121 121 121 121 121 121 121 121 99 100 101 101 101 101 101 101 102 102 103 103 103 103 103 102 102 103 103 103 103 103 104 105 105 105 106 106 106 106 105 105 106 106 107 106 106 106 106 106 106 106 107 107 108 108 108 108 108 108 108 108 108 109 109 109 109 109 109 109 109 109 109 110 110 110 110 110 110 110 110 110 111 111 111 111 111 111 112 112 112 112 112 112 112 112 112 113 113 113 113 113 113 113 113 113 114 114 114 114 114 115 115 115 115 115 115 115 115 115 115 115 115 115 115 116 116 116 116 116 116 116 116 117 116 116 116 117 117 117 117 117 117 118 117 118 118 118 118 118 118 118 118 118 119 119 119 119 119 119 119 119 119 119 119 119 119 119 119 119 119 120 119 119 119 119 119 119 120 120 120 120 120 120 120 120 120 120 120 119 119 120 120 120 120 120 120 120 120 120 120 120 120 120 120 120 120 121 121 121 121 121 121 121 121 121 121 121 121 121 121 121 121 121 121 121 121 121 121 121 121 121 121 121 121 121 121 121 122 122 122 122 122 122 122 122 122 122 122 122 122 122 122 122 122 122 122 122 122 122 122 122 122 122 122 122 122 122 122 122 122 122 121 121 121 121 121 121 122 122 121 121 121 121 122 122 122 122 123 122 122 122 122 122 123 123 122 122 123 123 122 122 122 122 122 122 122 123 123 123 123 123 123 123 123 123 123 124 124 124 124 123 123 123 123 123 123 123 123 123 123 123 123 123 122 122 122 122 122 122 122 123 122 122 122 122 122 122 122 122 122 122 122 123 123 122 122 121 121 121 122 122 122 122 122 122 122 122 122 122 122 122 122 122 122 122 122 122 122 121 121 121 121 121 121 121 121 121 121 120 120 120 121 121 121 121 121 121 121 121 121 121 121 121 121 121 121 121 121 121 121 100 100 100 100 101 101 102 102 102 102 102 102 103 103 102 103 103 104 104 104 104 104 104 104 105 105 105 106 106 106 106 106 107 107 107 107 106 106 106 106 107 107 108 108 108 108 108 108 108 108 109 109 109 109 109 109 109 110 110 110 110 109 109 109 110 110 110 110 110 111 111 111 111 111 111 111 111 112 112 112 112 112 112 112 112 112 112 113 113 113 113 113 113 113 113 114 114 114 114 114 114 114 115 115 115 115 115 115 115 115 115 115 116 116 116 116 116 116 116 116 116 116 116 116 116 116 116 117 117 117 117 117 117 117 118 118 118 118 118 118 118 118 118 119 119 119 119 119 119 119 119 119 119 119 119 119 119 119 119 119 119 119 119 119 120 120 119 120 120 120 120 120 120 120 120 120 120 120 120 120 120 120 120 120 120 120 120 120 120 120 120 120 120 120 120 120 121 121 121 121 121 121 121 121 121 121 121 121 121 121 121 121 121 121 121 121 121 121 121 121 121 121 121 121 121 121 121 121 122 122 122 122 122 122 122 122 122 122 122 122 122 122 122 122 122 122 122 122 122 122 122 122 122 122 122 123 123 122 122 122 122 122 121 122 122 122 122 121 121 121 122 122 122 122 122 122 122 122 122 122 122 122 122 122 122 123 123 123 123 122 122 123 123 123 122 122 122 122 122 123 123 123 123 123 123 123 123 123 123 123 123 123 123 123 123 123 123 123 123 123 123 123 123 122 122 122 122 122 122 122 123 123 123 122 122 122 122 122 122 122 122 122 122 123 122 122 122 122 122 121 121 122 122 122 122 122 122 122 122 122 122 122 122 122 122 122 122 122 122 122 121 121 121 121 121 121 121 121 120 120 120 121 121 121 121 121 121 121 121 121 121 121 121 121 121 121 121 121 121 100 101 101 101 101 102 101 102 102 102 102 102 102 102 103 103 103 104 104 104 105 105 105 105 105 105 105 106 106 107 107 107 107 107 107 107 107 107 107 107 107 107 107 107 107 107 108 108 108 109 109 109 109 109 109 109 109 109 110 110 110 109 109 110 110 110 110 110 111 111 111 111 111 111 111 111 111 112 112 112 112 112 112 112 112 112 112 112 113 113 113 113 113 113 113 114 114 114 114 114 114 114 114 114 115 115 115 115 115 115 115 115 115 116 116 116 116 116 116 116 116 116 116 116 116 116 117 117 117 117 118 117 117 118 118 118 118 118 118 118 118 118 118 119 119 119 119 119 119 119 119 119 119 120 119 119 119 119 119 119 119 119 119 119 120 120 120 120 120 120 120 120 120 120 120 120 120 120 119 120 120 120 120 120 120 120 120 120 120 120 120 120 120 120 120 120 120 120 121 121 121 121 121 121 121 121 121 121 121 121 121 121 121 121 121 121 121 121 121 121 121 121 122 121 121 121 121 121 121 121 122 122 122 122 122 122 122 122 122 122 122 122 122 122 122 122 122 122 122 122 122 122 122 122 122 123 123 122 122 122 122 122 122 122 122 122 122 121 121 121 121 122 122 122 122 123 122 122 122 122 122 122 122 122 122 122 122 122 122 122 123 123 123 123 123 122 122 122 122 123 123 123 123 123 124 124 124 123 123 123 123 123 123 123 123 123 123 123 123 123 123 123 123 122 122 122 122 122 122 123 123 123 122 122 122 122 122 122 122 122 122 122 122 123 123 123 122 122 122 122 122 122 122 122 122 122 122 122 122 122 122 122 122 122 122 122 122 122 122 121 121 121 121 121 121 121 121 121 120 120 121 121 121 121 121 121 121 121 121 121 121 121 121 121 121 121 121 121 121 99 100 101 101 102 101 101 101 101 101 101 102 102 102 103 103 103 104 104 104 104 105 105 106 106 105 105 105 105 105 106 106 107 106 106 107 107 107 107 107 107 107 107 107 107 107 107 107 108 108 109 109 109 109 109 109 109 109 110 109 109 109 110 110 110 110 110 110 110 110 111 111 111 111 111 111 111 112 112 112 112 112 112 112 112 113 113 113 113 113 113 113 113 113 113 113 113 113 114 114 114 114 114 114 114 114 114 115 115 115 115 115 115 115 115 115 115 115 116 116 116 117 116 117 116 117 117 116 117 117 117 117 117 117 117 118 118 118 118 118 118 118 119 119 119 119 119 119 119 119 119 119 119 120 119 119 119 119 119 119 119 119 119 119 119 119 120 120 120 120 120 120 120 120 120 120 120 120 120 119 120 120 120 120 120 120 120 120 120 120 120 120 120 120 120 120 120 120 120 120 120 120 120 120 120 121 121 121 121 121 121 121 121 121 121 121 121 121 121 121 121 121 121 121 121 121 121 121 121 122 122 121 122 122 122 122 122 122 122 122 122 122 122 122 122 122 122 122 122 122 122 122 122 122 122 122 123 123 123 123 122 122 122 122 122 122 122 122 122 121 121 121 121 122 122 122 123 123 122 122 122 122 122 122 122 122 122 122 122 123 123 123 123 123 123 123 123 123 123 123 123 123 123 124 124 124 124 124 124 123 123 123 123 123 123 124 124 123 123 123 123 123 123 123 123 122 122 122 122 122 123 123 123 122 122 122 122 122 122 122 122 122 122 123 123 124 123 122 122 122 122 122 122 122 122 122 122 122 122 122 122 122 122 122 122 122 122 122 122 122 122 122 122 122 122 121 121 121 121 120 120 121 121 121 121 121 121 121 121 121 121 121 121 121 121 121 121 121 121 121 101 101 101 101 101 101 101 101 102 102 103 102 103 103 103 103 103 103 104 104 104 105 106 106 105 105 105 105 105 106 106 106 107 108 107 107 107 107 108 108 107 107 107 107 107 108 108 108 108 109 109 109 109 109 109 109 109 109 109 109 109 110 110 110 110 110 110 110 111 111 111 111 111 112 112 112 112 112 112 112 112 112 112 113 113 113 113 113 113 113 113 113 113 113 113 113 114 114 114 114 114 114 114 114 114 115 115 115 115 115 115 115 116 115 115 115 116 116 116 116 116 116 117 117 117 117 116 117 117 117 117 117 117 117 118 118 118 118 118 118 118 118 119 119 119 119 119 119 119 119 119 119 119 119 119 119 119 119 119 119 119 120 120 119 120 120 120 120 120 120 120 120 120 120 120 120 120 119 120 120 120 120 120 120 120 120 120 120 120 120 120 120 120 120 120 120 120 120 120 120 120 120 121 121 121 121 121 121 121 121 121 121 121 121 121 121 121 121 121 121 121 121 121 121 121 121 121 122 122 122 122 122 122 122 122 122 122 122 122 122 122 122 122 122 122 122 122 122 122 122 122 122 122 123 123 123 123 123 123 122 123 122 122 122 122 122 122 121 121 121 121 121 122 122 122 123 122 123 123 122 122 122 122 122 122 122 122 122 122 122 123 123 123 123 123 123 123 123 123 123 123 123 123 124 123 123 124 124 123 123 123 123 123 124 124 124 123 123 123 123 123 123 123 122 122 122 122 122 122 123 123 122 122 122 122 122 122 122 122 122 122 122 123 123 122 122 122 122 122 122 122 122 122 122 122 122 122 122 122 122 122 122 122 122 122 122 122 122 122 122 122 122 122 122 121 121 121 120 120 121 121 121 121 121 121 121 121 121 121 121 121 121 121 121 121 121 121 100 101 101 101 101 101 102 102 102 103 102 102 103 103 103 104 104 104 103 103 104 104 105 106 106 106 106 105 105 106 106 106 107 108 108 107 107 107 107 107 107 107 108 108 108 108 108 108 108 108 109 109 109 109 109 109 109 109 109 109 109 110 110 110 110 110 110 110 111 111 111 111 112 112 112 112 112 112 112 112 112 112 113 113 113 113 113 113 113 114 113 113 113 113 113 114 114 114 114 114 114 114 115 114 114 115 115 115 115 115 115 115 116 116 115 115 116 116 116 116 116 116 116 117 117 117 117 117 117 118 118 118 118 117 118 118 118 118 118 118 119 119 119 119 119 119 119 119 119 119 119 119 119 119 119 119 119 119 119 119 119 120 120 120 120 120 120 120 120 120 120 120 120 120 120 120 120 119 120 120 120 120 120 120 120 120 120 120 120 120 120 120 120 120 120 120 120 120 120 120 121 121 121 121 121 121 121 121 121 121 121 121 121 121 121 121 121 121 121 121 121 121 121 121 121 121 121 122 122 122 122 122 122 122 122 122 122 122 122 122 122 122 122 122 122 122 122 122 122 122 122 122 123 123 123 123 123 123 123 123 123 123 122 122 122 122 122 121 121 121 121 121 122 122 123 123 123 123 123 123 123 122 122 122 122 122 122 122 122 122 122 122 122 122 122 123 123 123 123 123 123 123 123 123 123 123 124 124 124 123 124 123 123 123 124 123 123 123 123 123 123 123 124 123 122 122 122 122 122 122 123 122 122 122 122 122 122 122 122 122 122 122 122 123 123 123 122 122 122 122 122 122 122 122 122 122 122 122 122 122 122 122 122 122 122 122 122 122 122 122 122 122 122 121 121 121 121 121 121 121 121 121 121 121 121 121 121 121 121 121 121 121 121 121 121 101 101 101 101 101 102 102 102 102 103 103 103 103 104 104 104 104 104 104 104 104 104 105 107 107 107 107 106 105 106 107 107 107 108 108 107 107 107 107 107 107 108 108 108 108 108 108 108 109 109 109 109 109 109 109 110 110 109 109 109 109 110 110 110 110 111 111 110 110 110 111 111 111 112 112 112 112 112 112 112 112 113 113 113 113 113 113 113 113 113 113 114 113 113 113 114 114 114 114 114 114 114 114 114 114 115 115 115 115 115 115 115 115 115 116 116 116 116 116 117 117 116 116 117 117 117 117 117 117 117 118 118 118 118 118 118 119 119 118 118 119 119 119 119 119 119 119 119 119 119 119 119 119 119 119 119 119 119 119 119 119 119 120 120 120 120 120 120 120 120 120 120 120 120 120 120 120 120 120 120 120 120 120 120 120 120 120 120 120 120 120 120 120 120 120 121 120 120 121 120 121 121 121 121 121 121 121 121 121 121 121 121 121 121 121 121 121 121 121 121 121 121 121 121 121 121 121 122 122 122 122 122 122 122 122 122 122 122 122 122 122 122 122 122 122 122 122 122 122 122 122 123 123 123 123 123 123 123 123 123 123 122 122 122 123 122 122 121 121 121 122 122 122 123 123 123 123 123 123 123 123 123 123 123 122 122 122 122 122 122 122 122 122 122 122 122 123 123 123 123 123 123 123 123 123 123 123 123 123 123 124 124 123 123 124 123 123 123 123 124 123 123 123 124 123 122 122 122 122 122 122 122 122 123 122 122 122 122 122 122 122 122 122 123 123 123 123 123 123 122 122 122 122 122 122 123 122 122 122 122 122 122 122 122 122 122 122 122 122 122 121 121 121 121 121 121 121 121 121 121 121 121 121 121 121 121 121 121 121 121 121 121 121 121 101 101 101 101 101 101 102 102 102 103 103 103 103 103 103 103 103 104 105 104 104 104 105 106 106 107 107 107 106 106 106 107 107 108 108 107 107 107 107 107 107 108 108 108 108 109 109 109 109 109 109 109 109 109 109 109 109 109 109 109 109 109 110 110 110 111 111 111 111 110 110 111 111 111 112 112 112 112 112 112 112 113 113 113 113 113 113 113 113 113 113 113 113 113 114 114 114 114 114 114 114 114 114 114 114 115 115 115 116 115 115 115 115 115 116 116 116 116 116 116 116 116 116 117 117 117 117 118 118 118 117 118 118 118 118 118 118 118 118 118 118 118 118 118 118 118 119 119 119 119 119 119 119 119 119 119 119 119 119 119 119 119 119 120 120 120 120 120 120 120 120 120 120 120 121 121 121 120 120 120 120 120 120 120 120 120 120 120 120 120 120 120 120 120 121 121 120 120 121 121 121 121 121 121 121 121 121 121 121 121 121 121 121 121 121 121 121 121 121 121 121 121 121 121 121 121 121 122 122 122 122 122 122 122 122 122 122 122 122 122 122 122 122 122 122 122 122 122 122 122 122 122 122 123 123 123 123 123 123 123 123 122 122 122 123 123 122 122 121 121 121 122 123 123 123 123 123 123 123 123 123 123 123 123 123 122 122 123 123 123 122 122 122 122 122 123 122 122 123 123 123 124 123 123 123 123 123 123 123 123 124 124 123 123 124 123 123 123 123 123 124 123 123 123 124 123 122 122 122 122 122 122 123 123 122 122 122 122 122 123 122 122 122 123 123 123 123 122 122 122 122 122 122 122 122 123 123 122 122 122 122 122 122 122 122 122 122 122 122 121 121 121 121 121 121 121 121 121 121 121 121 121 121 121 121 121 121 121 121 121 121 121 121 121 101 101 101 101 102 102 103 102 103 103 102 103 103 104 105 105 105 105 105 105 105 105 106 107 107 107 107 106 106 107 107 108 108 109 109 108 108 107 107 108 109 109 109 109 109 109 108 109 109 109 109 109 109 109 109 109 109 109 109 110 110 111 111 111 111 111 111 111 111 111 111 111 112 112 112 112 112 112 113 113 113 113 113 113 113 113 113 114 114 114 114 114 114 114 113 113 114 113 114 114 114 114 114 115 115 115 115 115 115 115 115 116 116 116 116 116 116 116 116 116 116 117 117 117 117 117 117 118 118 118 118 118 118 119 118 118 118 118 118 118 118 118 118 119 119 119 119 119 119 119 119 119 119 119 120 120 119 119 119 119 120 120 120 120 120 120 120 120 120 120 120 121 120 121 120 120 120 120 120 120 120 120 120 120 120 120 120 120 120 120 120 120 120 120 121 121 121 121 121 121 121 121 121 121 121 121 121 121 121 121 121 121 121 121 121 121 122 121 121 121 122 121 121 121 121 122 122 122 122 122 122 122 122 122 122 122 122 122 122 122 122 122 122 122 122 122 122 122 122 122 123 123 123 123 122 122 122 123 122 122 122 122 122 122 122 121 121 122 122 123 123 123 123 123 123 123 123 123 123 123 123 122 123 123 122 123 123 123 123 122 122 123 123 123 123 123 123 123 124 124 123 123 123 123 124 124 124 124 124 123 123 123 123 123 123 123 123 123 123 123 123 123 124 124 123 122 123 123 123 123 124 123 122 122 122 122 122 122 122 123 123 123 123 123 123 123 122 122 122 122 122 122 123 123 123 122 122 122 122 122 122 122 122 122 122 122 122 122 122 122 122 122 122 122 121 121 121 121 121 121 121 121 121 121 121 121 121 121 121 121 101 101 101 102 102 102 102 102 103 103 104 104 105 105 105 106 105 105 105 106 106 107 107 107 107 107 107 107 107 108 108 109 109 108 107 107 108 108 109 109 109 109 109 109 109 109 109 109 109 110 110 110 109 109 110 109 109 110 110 111 111 111 111 111 111 112 112 111 111 111 112 112 112 112 112 112 112 112 112 112 113 113 113 113 114 114 114 114 113 113 113 113 113 114 114 113 114 115 114 114 114 114 114 115 115 115 115 115 115 115 116 116 116 116 117 116 116 116 116 116 116 116 117 117 117 117 118 118 118 118 118 118 118 118 118 118 118 118 118 118 119 119 118 119 119 119 119 119 119 119 119 119 119 119 119 119 119 119 120 120 120 120 120 120 120 120 120 120 120 120 120 120 120 120 120 120 120 120 120 120 120 120 121 120 120 120 120 120 120 120 120 121 121 121 121 121 121 121 121 121 121 121 121 121 121 121 121 121 121 121 121 121 121 121 121 121 121 121 121 122 122 121 121 122 122 122 122 122 122 122 122 122 122 122 122 122 122 122 122 122 122 122 122 122 122 122 122 123 123 123 123 123 122 122 122 122 122 123 123 122 122 121 121 121 121 122 123 123 123 123 123 123 123 123 123 123 123 123 123 122 123 123 122 122 122 123 123 123 123 123 123 123 124 124 123 124 124 124 123 123 123 123 124 124 124 124 124 123 123 123 123 123 123 123 123 123 123 123 123 123 123 124 124 123 123 123 123 123 124 123 122 122 122 122 122 122 123 123 123 123 123 123 123 123 123 122 122 122 122 122 122 123 123 123 122 122 123 123 122 122 122 122 122 122 122 122 122 122 122 122 122 122 121 121 121 121 121 121 121 121 121 121 121 121 121 121 100 101 101 101 102 102 102 103 103 103 103 104 105 105 105 104 105 106 106 106 107 107 107 108 108 108 108 109 109 109 109 109 108 108 108 108 108 109 109 109 109 109 109 109 109 110 110 110 110 110 110 110 111 110 110 110 110 111 111 111 112 112 112 112 112 112 112 111 111 112 112 112 112 112 112 112 113 113 113 113 113 114 114 114 114 114 114 114 114 114 114 114 114 114 114 114 115 115 115 114 114 115 115 115 115 115 115 115 115 116 116 116 116 117 117 117 117 117 117 117 117 117 117 117 117 117 118 118 118 118 118 118 118 118 118 118 118 119 119 119 118 118 118 118 119 119 119 119 119 119 119 119 119 119 119 119 119 119 120 120 120 120 120 120 120 120 120 120 120 120 120 120 120 120 120 120 121 121 120 121 121 121 121 121 121 121 121 121 121 121 121 121 121 121 121 121 121 121 121 121 121 122 121 121 122 122 122 122 122 122 122 122 122 122 122 122 122 122 122 122 122 121 121 122 122 122 122 122 122 122 122 122 122 122 122 122 122 122 122 122 122 122 122 122 122 122 122 122 123 122 122 122 122 122 122 122 122 122 122 121 122 121 121 121 122 122 123 123 123 123 123 123 123 123 123 123 123 123 123 122 123 122 122 123 122 123 123 124 124 124 124 124 124 123 124 124 123 123 124 123 123 123 123 123 124 124 123 123 122 123 122 122 122 122 123 122 123 123 122 122 122 123 124 123 122 123 123 123 122 122 122 122 123 123 123 123 123 123 123 123 123 123 123 123 122 122 122 122 122 122 122 122 122 122 123 123 123 122 122 122 122 122 122 122 122 122 122 122 122 122 121 121 121 121 121 121 121 122 121 121 121 121 121 121 122 101 101 101 102 102 102 102 102 102 103 104 105 105 105 104 105 105 106 106 107 107 107 108 108 108 108 109 109 109 109 109 109 109 109 109 109 109 109 109 109 109 109 109 110 110 110 110 111 111 111 111 111 111 111 110 110 110 110 111 111 112 112 112 112 112 112 111 112 112 112 112 112 112 112 113 113 113 113 113 113 113 114 114 114 114 114 114 114 114 114 114 114 114 114 114 114 114 114 114 114 114 115 115 116 116 115 116 116 115 116 116 116 116 117 117 117 117 117 117 117 117 117 117 117 117 117 117 118 118 118 118 118 118 119 119 118 118 119 119 118 118 118 118 118 119 119 119 119 119 119 119 119 119 119 119 119 119 119 120 120 120 120 120 120 120 120 120 120 120 120 120 120 120 120 121 121 121 120 121 121 121 121 121 121 121 121 121 121 121 121 121 121 121 121 121 121 121 121 121 121 121 121 122 122 122 122 122 122 121 122 122 122 122 122 122 122 122 122 122 122 122 122 122 122 122 122 122 122 122 122 122 122 122 122 122 122 122 122 122 122 122 122 122 122 122 122 122 122 122 122 122 122 122 122 122 122 122 122 122 122 121 121 122 122 122 123 123 123 123 124 123 123 123 123 123 123 123 123 123 123 123 123 123 123 123 123 123 124 124 123 123 123 123 124 124 123 123 124 124 124 123 123 123 124 124 123 123 123 123 123 123 123 122 122 122 122 122 122 123 123 123 123 123 122 122 122 123 123 123 122 122 123 123 123 123 123 123 123 123 123 123 123 123 123 122 122 122 122 122 123 122 122 122 122 122 122 122 122 122 122 122 122 122 122 122 122 122 121 121 122 122 121 122 122 121 121 121 121 121 121 121 121 121 121 122 100 101 101 102 102 102 103 103 104 103 104 104 104 105 105 106 106 107 107 108 108 108 108 108 109 109 109 109 109 109 109 109 110 110 110 110 110 110 110 110 110 110 111 110 111 111 111 111 111 111 110 110 110 111 111 110 111 111 111 111 112 112 112 112 112 113 113 113 113 113 113 113 113 113 113 113 113 113 113 114 114 114 114 114 114 114 114 115 115 115 115 115 115 115 115 115 115 115 116 116 116 116 116 116 116 116 116 116 116 116 117 117 117 117 117 117 117 117 117 117 117 117 117 117 118 118 118 118 118 118 119 119 118 118 119 119 119 118 119 118 119 119 118 118 119 119 119 119 119 119 119 119 119 119 119 120 120 120 120 120 120 120 120 120 120 120 120 120 120 121 121 121 121 121 121 121 121 121 121 121 121 121 121 121 121 121 121 121 121 121 121 121 121 121 121 121 121 121 121 122 122 122 122 122 122 122 122 122 122 122 122 122 122 122 122 122 122 122 122 122 122 122 122 122 122 122 122 122 122 122 122 122 122 122 122 122 122 122 122 122 122 122 122 123 123 123 122 122 122 122 122 122 122 122 122 122 122 122 122 122 122 122 123 123 123 124 124 124 124 124 124 124 124 123 124 123 123 123 123 123 123 123 123 123 123 123 123 123 123 123 123 124 124 123 123 124 124 123 124 124 124 124 124 123 123 123 123 123 123 123 123 122 122 122 122 123 123 122 122 123 122 122 122 123 123 123 123 122 122 123 123 123 123 123 123 123 123 123 123 123 123 122 122 122 122 122 123 123 122 122 122 122 122 122 122 122 122 122 122 122 122 122 122 122 121 122 122 122 122 122 122 122 122 122 122 121 122 121 121 121 121 101 101 102 103 103 103 103 103 104 105 104 105 105 106 106 107 107 108 108 108 108 108 109 109 109 109 109 110 110 110 110 110 111 111 110 110 110 110 110 111 110 110 110 110 110 111 110 110 110 110 112 111 111 111 111 111 111 112 112 113 113 112 112 113 114 114 113 113 113 113 113 113 113 113 113 113 113 113 114 114 114 114 114 115 115 115 116 116 116 116 116 116 116 116 116 116 116 116 116 116 116 116 116 116 116 116 116 117 117 117 117 117 117 117 117 117 117 117 117 117 117 118 118 118 119 119 118 119 119 119 119 120 119 119 119 119 119 119 118 118 119 119 119 118 118 119 119 120 120 119 120 120 120 120 120 120 120 120 120 120 121 120 120 121 120 120 121 121 121 121 121 121 121 121 121 121 121 121 121 121 120 121 121 121 121 121 121 121 121 121 121 121 121 121 121 121 121 121 121 122 122 122 122 122 121 121 122 122 122 122 122 122 122 122 122 122 122 122 122 122 122 122 122 122 122 122 122 122 122 122 122 122 122 122 122 122 122 122 122 122 122 123 123 122 122 122 122 122 122 122 122 123 122 122 122 122 122 122 123 123 123 124 124 124 124 124 124 124 124 124 124 124 124 124 124 124 124 124 124 123 123 124 123 123 123 123 123 123 123 124 123 123 123 124 124 124 124 124 124 124 123 123 123 123 123 123 123 123 122 122 122 122 122 122 122 122 122 122 122 122 123 123 123 123 123 123 123 122 123 123 123 123 123 123 123 123 123 123 122 122 122 122 122 122 123 123 123 122 122 122 122 122 122 122 122 122 122 122 122 122 122 122 122 122 122 122 122 122 122 122 122 122 122 122 122 122 121 121 102 103 103 103 103 103 104 105 106 106 106 106 107 107 107 108 108 108 108 108 108 109 109 109 109 109 109 110 110 110 110 111 111 111 110 110 110 110 110 110 110 110 110 110 110 110 110 111 111 111 111 111 111 112 111 111 112 112 112 112 113 113 113 114 114 114 114 114 114 113 114 113 113 113 113 113 114 114 114 115 115 115 115 116 116 116 116 116 116 116 116 116 116 116 116 116 116 116 116 116 116 116 116 116 116 116 116 117 117 117 117 117 117 117 117 117 117 117 118 118 118 118 118 119 119 119 120 120 120 120 119 118 118 118 119 119 118 119 119 119 119 119 119 118 119 119 120 120 120 120 120 120 120 120 120 120 120 120 120 120 121 121 121 121 121 121 121 121 121 121 121 121 121 121 121 121 121 121 120 120 121 121 121 121 121 121 121 121 121 121 121 121 121 121 121 121 121 121 121 121 122 122 122 122 121 122 122 122 122 122 122 122 122 122 122 122 122 122 122 122 122 122 122 122 122 122 122 122 122 122 122 122 122 122 122 122 122 122 122 122 122 122 122 122 122 122 122 122 122 122 123 123 123 123 123 123 123 123 123 124 124 124 124 124 124 124 124 124 124 124 124 124 124 124 124 124 124 124 123 124 124 124 123 123 123 123 124 123 123 123 123 123 123 124 124 124 124 124 124 124 123 123 122 123 123 123 123 122 122 122 123 123 123 123 122 122 122 122 123 123 123 123 123 123 123 123 123 122 123 123 123 123 123 123 123 123 123 123 122 122 122 122 122 123 123 123 123 123 122 122 122 123 122 122 122 122 122 122 122 122 122 122 122 122 122 122 122 122 122 122 122 122 122 122 122 121 122 102 102 103 103 103 103 104 104 104 105 106 106 106 107 108 107 108 107 108 108 108 108 109 109 108 108 109 109 108 109 110 110 110 110 110 110 111 111 110 110 110 110 110 110 110 110 110 110 111 111 112 112 112 112 112 112 112 112 112 113 113 113 113 114 114 114 115 115 114 114 114 114 114 114 114 114 113 113 114 115 115 115 115 116 116 116 116 116 116 116 116 116 116 116 116 116 116 116 116 116 116 116 117 117 116 116 116 116 116 117 117 117 117 117 117 117 117 117 117 118 118 118 118 118 118 118 119 119 119 119 120 119 118 118 118 118 118 119 119 119 119 119 119 119 119 119 119 120 120 120 120 120 120 120 120 120 120 120 120 120 120 120 121 121 120 121 121 121 121 121 121 121 121 121 121 121 121 121 120 120 121 121 121 121 121 121 121 121 121 121 121 121 121 121 121 121 121 121 122 121 121 121 122 122 122 122 122 122 122 122 122 122 122 122 122 122 122 122 122 122 122 122 122 122 122 122 122 122 122 122 122 122 122 122 122 122 122 122 122 122 122 122 122 122 122 122 122 122 122 122 122 122 122 123 123 123 123 123 123 124 124 124 124 125 124 124 125 125 125 125 125 124 125 124 124 123 124 124 123 124 124 124 124 124 124 124 124 124 123 123 123 123 123 123 123 124 124 124 124 123 123 123 123 122 122 123 123 123 123 122 122 122 123 123 123 123 122 122 122 122 123 123 123 123 123 124 123 123 123 122 123 123 123 123 123 123 123 123 123 123 122 122 122 122 122 123 123 123 123 123 123 123 123 122 122 122 122 122 122 122 122 121 121 122 122 122 122 122 122 121 121 121 121 121 122 122 122 122 102 103 104 104 104 104 104 104 105 105 106 107 108 108 108 108 108 109 109 109 109 109 108 108 108 108 109 109 110 110 110 110 110 110 111 111 111 111 110 110 111 110 111 111 111 111 112 112 112 112 112 112 112 112 112 112 112 113 114 114 114 114 114 115 115 114 114 114 115 115 115 115 114 114 115 114 115 115 115 116 116 116 116 116 116 116 116 116 116 116 116 116 116 116 116 116 116 116 116 117 117 117 117 116 116 117 117 117 117 117 117 117 117 117 118 118 118 118 118 118 118 118 118 118 119 119 119 120 119 119 119 119 119 119 119 119 119 119 119 119 120 120 119 119 120 120 120 120 120 120 120 120 120 120 120 120 120 120 120 120 120 120 120 121 121 121 121 121 121 121 121 121 121 121 121 121 121 121 121 121 121 121 121 121 121 121 121 121 121 121 121 121 121 122 122 122 122 121 121 121 122 122 122 122 122 122 122 122 122 122 122 122 122 122 122 122 122 122 122 122 122 122 122 122 122 122 122 122 122 122 122 122 122 122 122 122 122 122 122 122 123 122 122 122 122 122 122 122 122 122 122 122 122 122 122 123 123 123 123 124 124 124 124 125 125 125 125 125 125 125 125 124 124 124 124 124 124 124 124 124 124 124 124 124 124 124 124 124 123 123 123 123 123 123 123 123 123 123 123 123 123 122 123 123 123 123 123 123 122 123 123 123 123 123 122 122 122 123 123 123 123 123 123 123 123 123 122 123 123 123 123 123 123 123 123 123 123 122 122 122 122 122 122 123 123 123 123 123 123 123 122 122 122 122 121 121 121 121 121 121 122 121 121 122 122 122 122 122 122 121 122 122 122 122 102 103 103 104 104 104 104 104 104 105 105 106 107 108 108 108 109 109 109 109 109 109 109 108 108 108 109 109 110 110 110 110 110 110 110 111 111 111 111 111 111 111 111 111 111 111 111 111 112 112 112 112 112 112 112 113 113 113 114 114 114 114 114 114 114 114 114 114 115 115 115 115 115 115 115 115 115 115 115 116 116 116 115 116 116 116 116 116 116 116 116 116 116 116 116 116 116 116 116 116 117 117 117 117 117 117 117 117 117 117 117 117 117 118 118 118 118 118 118 118 118 118 118 118 119 119 119 119 119 119 119 120 120 119 120 120 120 119 119 119 120 120 119 119 120 120 120 120 120 120 120 120 120 120 120 120 120 120 120 120 120 120 120 121 121 121 121 121 121 121 121 121 121 121 121 121 121 121 121 121 121 121 121 121 121 121 121 121 121 121 121 121 122 122 122 122 121 121 122 122 122 122 122 122 122 122 122 122 122 122 122 122 122 122 122 122 122 122 122 122 122 122 122 122 122 122 122 122 122 122 122 122 122 122 122 122 122 122 123 122 122 122 122 122 122 122 122 122 122 122 122 122 122 122 122 122 122 122 122 122 123 123 123 123 124 124 124 124 124 124 124 124 124 124 124 124 125 125 125 125 125 125 125 125 125 124 124 124 124 124 123 123 122 122 122 123 123 123 123 123 123 122 123 123 123 123 123 123 123 122 122 123 123 123 122 122 122 123 123 123 123 123 123 123 123 123 123 123 123 123 123 123 123 123 123 123 122 122 122 122 122 122 122 122 122 122 123 123 123 123 122 122 122 122 122 121 121 121 121 121 122 121 121 121 122 122 122 122 122 121 122 122 122 122 102 103 103 103 104 104 104 105 105 105 105 106 106 106 107 107 108 109 109 109 108 108 108 108 109 110 110 110 110 110 110 110 111 111 111 110 110 111 111 111 111 111 111 111 111 111 111 111 111 111 111 112 112 113 113 113 113 113 114 114 114 114 114 114 114 114 114 115 115 115 115 115 115 115 115 115 115 115 116 115 115 116 116 116 116 116 116 116 116 116 116 116 116 116 116 116 116 116 116 117 117 117 117 117 117 117 117 117 117 118 118 118 118 118 118 118 118 118 118 118 118 118 118 119 119 119 119 119 119 119 119 119 119 120 119 119 119 120 120 120 119 119 119 120 120 120 120 120 120 120 120 120 120 120 120 120 120 120 120 120 120 120 120 121 121 121 121 121 121 121 121 121 121 121 121 121 121 121 121 121 121 121 121 121 121 121 121 121 121 121 122 122 122 122 121 121 122 122 122 122 121 122 122 122 122 122 122 122 122 122 122 122 122 122 122 122 122 122 122 122 122 122 122 122 122 122 122 122 122 122 122 122 122 122 122 122 122 123 122 122 122 122 122 122 122 122 122 122 122 122 122 123 123 122 122 122 122 122 122 123 123 123 123 123 123 124 123 123 124 125 124 124 124 124 125 124 124 125 125 125 125 125 125 125 125 125 124 124 124 124 123 122 122 122 123 123 123 123 123 123 123 122 123 123 123 123 123 123 123 122 123 123 123 123 122 122 123 122 122 123 123 123 123 123 123 123 122 123 123 123 123 123 123 123 123 123 122 122 122 122 122 122 122 122 122 123 123 123 123 123 122 122 122 122 121 121 121 121 121 122 121 121 121 122 122 122 122 121 121 122 122 122 122 122 102 103 103 104 104 104 104 105 105 104 105 106 106 106 106 107 107 107 108 108 108 108 108 108 109 109 109 109 110 110 110 111 111 111 111 110 110 110 111 111 111 111 111 111 111 111 111 112 112 112 112 112 113 112 112 112 112 113 114 113 113 114 114 114 114 114 115 115 115 115 115 115 115 115 115 115 115 115 115 115 116 116 116 116 116 116 117 117 117 117 116 116 116 116 116 116 116 116 117 117 117 117 117 117 117 118 118 118 118 118 118 118 118 118 118 118 118 118 118 118 118 118 119 119 119 119 118 119 119 119 119 119 119 119 119 119 119 119 119 119 119 120 120 120 120 120 120 120 120 120 120 120 120 120 120 120 120 120 121 120 120 120 121 121 121 121 121 121 121 121 121 121 121 121 121 121 121 121 121 121 121 121 121 121 121 121 121 121 122 122 122 122 122 122 122 122 122 122 122 122 122 122 122 122 122 122 122 122 122 122 122 122 122 122 122 122 122 122 122 122 122 122 122 122 122 122 122 122 122 122 122 122 122 122 122 122 122 122 122 122 122 122 122 122 122 122 122 123 122 122 122 123 123 123 123 122 122 122 122 122 123 123 123 123 123 123 123 124 124 125 124 124 124 124 124 124 124 125 125 125 125 125 125 125 125 125 125 125 124 123 122 122 122 122 123 123 123 123 123 123 123 123 123 123 123 123 123 123 123 123 122 122 123 123 123 123 123 123 123 123 123 123 123 123 123 122 123 123 123 123 123 123 123 123 123 123 122 122 122 122 122 122 122 122 123 123 123 123 123 122 122 122 121 121 121 121 121 121 122 122 122 121 122 122 122 121 121 121 122 122 122 122 122 102 103 103 103 103 104 105 104 104 105 105 106 105 106 106 106 107 108 109 109 108 108 108 109 108 108 109 110 110 110 111 111 111 111 111 110 110 110 111 111 111 111 111 111 111 111 112 112 112 112 113 113 112 112 112 113 113 113 113 113 113 114 114 114 114 114 115 115 115 115 115 115 115 115 115 115 115 115 115 115 116 116 116 116 116 116 117 117 117 116 116 116 116 116 116 116 116 117 117 117 117 117 117 117 118 118 118 118 118 118 118 118 118 118 118 119 118 118 118 118 118 118 119 119 119 119 118 119 119 119 119 119 119 119 119 119 119 119 119 119 120 120 120 120 120 120 120 120 120 120 120 120 120 120 120 120 120 120 120 120 120 120 121 121 121 121 121 121 121 121 121 121 121 121 121 121 121 121 121 121 121 121 121 121 121 121 121 121 122 122 122 122 122 122 122 122 122 122 122 122 122 122 122 122 122 122 122 122 122 122 121 121 122 122 122 121 122 122 122 122 122 122 122 122 122 122 122 122 122 122 122 122 122 122 122 122 122 122 122 122 122 122 122 122 122 122 123 122 122 122 122 123 123 123 123 123 123 123 123 123 123 123 123 123 123 124 124 124 124 124 123 124 124 124 124 125 125 125 125 125 125 125 125 125 125 125 125 125 124 123 122 122 122 123 123 123 123 123 123 123 122 123 123 123 123 123 123 123 123 123 123 123 123 123 123 123 123 122 122 123 123 123 123 122 123 123 123 123 123 123 123 123 123 123 123 123 122 122 122 122 122 122 122 123 123 123 122 122 122 122 121 121 121 121 122 122 122 122 122 121 121 121 121 122 121 121 121 122 122 122 122 122 104 104 104 105 106 105 106 106 107 107 108 109 109 109 108 108 108 109 109 110 110 110 110 111 110 110 110 111 111 111 111 111 111 111 111 112 112 111 111 112 112 112 112 112 112 112 112 113 113 113 113 113 113 113 114 114 114 114 114 115 115 115 115 115 115 115 115 115 115 115 115 115 116 115 116 116 116 116 116 116 117 117 117 117 117 116 116 116 116 116 117 117 117 117 117 117 117 118 118 118 118 118 118 118 118 118 118 118 118 118 118 118 118 118 118 119 119 119 118 119 119 119 119 119 119 119 119 119 119 119 119 120 120 120 120 120 120 120 120 120 120 120 120 120 120 120 120 120 120 120 120 120 120 120 120 121 121 121 121 121 121 121 121 121 121 121 121 121 121 121 121 121 121 121 121 121 121 121 121 121 122 122 122 122 122 122 122 122 121 121 121 121 121 122 122 121 122 122 122 122 122 121 121 121 121 121 122 121 121 122 122 122 122 122 122 122 122 122 122 122 122 122 122 122 122 122 122 122 122 122 123 122 122 122 122 122 122 122 122 123 123 123 123 123 123 122 122 122 123 123 123 124 124 123 123 123 123 123 124 123 123 123 123 124 124 124 124 124 124 125 125 125 125 125 125 125 125 125 125 125 125 124 124 123 122 122 123 123 123 123 124 123 123 123 123 123 123 123 123 123 123 123 123 123 123 123 123 123 123 123 123 122 122 123 123 122 123 123 123 123 123 123 123 123 123 123 123 123 123 122 123 123 123 123 123 123 122 123 123 123 122 122 122 122 121 121 122 122 122 122 122 122 122 122 122 121 121 121 121 122 122 122 122 122 122 123 104 104 105 105 106 106 107 107 107 107 108 109 109 108 108 108 109 109 110 110 110 110 110 110 110 110 111 111 111 111 111 111 111 111 112 112 112 111 111 112 112 112 112 112 112 112 112 112 113 113 113 113 114 114 114 114 114 114 115 115 115 115 115 115 115 115 115 115 115 115 115 115 115 116 116 116 116 116 116 116 117 117 117 117 117 117 116 116 116 116 117 117 117 117 117 117 118 118 118 118 118 118 118 118 118 118 118 118 118 118 118 118 119 119 119 119 118 118 119 119 119 119 119 119 119 119 119 119 119 120 120 120 120 120 120 120 120 120 120 120 120 120 120 120 121 120 120 121 120 120 120 120 120 120 120 121 121 121 121 121 121 121 121 121 121 121 121 121 121 121 121 121 121 121 121 122 121 122 122 122 122 122 121 121 121 121 121 121 122 122 121 121 122 122 121 121 121 121 121 122 121 121 121 121 121 121 121 122 122 121 122 122 122 122 122 122 122 122 122 122 122 122 122 122 122 122 122 122 122 122 122 122 122 123 123 123 123 123 123 123 123 123 123 123 123 123 123 123 123 123 123 123 124 124 124 124 124 124 124 124 124 124 123 124 125 125 125 124 124 125 125 125 125 125 125 125 125 125 125 125 125 124 123 122 122 122 123 123 123 123 123 123 123 123 123 123 123 123 123 123 123 123 123 123 123 123 123 123 123 123 123 122 123 123 122 123 123 123 123 123 123 123 123 123 123 123 123 122 122 123 123 123 123 123 123 123 122 122 122 122 122 122 122 122 122 122 122 122 122 122 122 122 122 122 122 122 122 122 122 122 123 123 123 104 104 105 105 105 106 107 106 106 107 108 108 109 109 108 108 108 109 110 110 110 110 110 110 110 111 111 111 111 111 111 111 111 111 112 112 112 112 112 112 112 112 112 113 113 112 112 113 113 114 114 114 114 114 114 114 114 114 115 115 115 115 115 115 115 115 115 115 115 115 115 115 115 115 116 116 116 116 116 116 117 117 117 117 117 117 117 116 116 116 117 117 117 117 117 117 118 118 118 118 118 118 118 118 118 118 118 118 118 118 118 119 119 119 119 119 119 119 119 119 119 119 119 119 119 119 119 119 119 120 120 120 120 120 120 120 120 120 120 120 120 120 120 121 121 120 121 121 121 120 120 120 120 120 120 120 120 121 121 121 121 121 121 121 121 121 121 121 121 121 121 121 121 121 121 122 121 121 121 121 121 121 122 122 121 122 121 122 122 122 121 121 122 122 122 121 121 121 121 121 121 121 121 121 121 121 121 121 121 122 122 122 122 122 122 122 122 122 122 122 122 122 122 122 122 122 122 122 122 122 122 122 122 122 123 123 123 123 123 123 123 123 123 123 123 124 123 123 124 124 124 124 123 123 124 124 124 124 124 125 125 124 124 124 124 125 125 125 125 125 125 125 125 125 125 125 125 125 125 125 125 124 123 122 122 122 123 123 123 123 123 123 123 123 123 123 123 123 123 123 123 123 123 123 123 123 123 123 123 123 123 123 123 123 123 122 123 123 123 123 123 123 123 123 123 122 122 122 122 122 123 123 123 123 123 123 123 122 122 122 122 122 122 122 122 122 122 122 122 122 122 122 122 122 122 122 122 106 106 106 107 107 108 107 108 109 109 108 108 109 109 110 110 110 110 110 110 110 111 111 111 111 111 111 111 112 111 111 111 112 112 112 112 112 112 113 113 112 113 113 113 113 114 114 114 114 114 114 114 114 114 115 115 115 115 115 115 115 115 115 115 115 115 116 116 116 116 116 116 116 116 116 117 117 117 117 117 117 117 117 117 117 117 117 117 117 117 117 117 117 118 118 118 118 118 118 118 118 118 118 118 118 118 118 118 119 119 119 119 119 119 119 119 119 119 119 119 119 119 119 119 120 120 120 120 120 120 120 120 120 120 120 120 120 120 120 121 121 121 121 121 120 120 120 120 121 121 121 121 120 120 121 121 121 121 121 121 121 121 121 121 121 121 121 121 121 121 121 121 121 122 121 121 121 121 122 122 122 122 122 122 122 122 122 122 122 122 122 122 122 121 122 121 121 121 122 122 122 122 121 121 122 121 122 122 122 122 122 122 122 122 122 122 122 122 122 122 122 122 122 122 122 122 123 122 122 122 122 122 122 122 123 123 123 123 123 123 123 123 124 124 124 124 124 124 124 123 124 124 124 124 125 125 125 125 124 124 125 125 125 125 125 125 125 125 125 125 125 125 125 125 125 125 124 123 122 122 122 123 123 123 123 123 124 124 124 124 123 123 123 123 123 123 123 123 124 123 123 123 123 123 123 123 123 123 123 123 123 123 123 123 123 123 123 123 123 122 122 122 122 122 122 123 122 123 123 123 123 122 122 122 122 122 122 122 122 123 122 122 122 122 122 122 122 122 122 105 106 106 106 106 107 107 107 108 109 109 108 108 109 109 110 110 110 110 110 110 110 111 111 111 111 111 111 111 111 111 111 111 112 112 112 112 112 112 112 112 112 113 113 113 114 114 114 114 114 114 115 114 114 114 115 115 115 115 115 115 115 115 115 115 115 115 116 116 116 116 116 116 116 116 116 116 116 117 117 117 118 117 117 117 117 117 117 117 117 117 117 117 118 118 118 118 118 118 118 118 118 118 118 118 118 118 118 118 119 119 119 119 119 119 119 118 118 119 119 119 119 119 119 119 119 120 120 120 120 120 120 120 120 120 120 120 120 120 120 120 121 121 121 121 120 120 120 120 121 121 121 121 121 121 121 121 121 121 121 121 121 121 121 121 121 121 121 121 122 122 122 121 122 122 121 122 121 122 122 122 122 122 122 122 122 122 122 122 122 122 122 122 122 121 122 121 122 122 122 122 122 122 122 122 122 122 122 122 122 122 122 122 122 122 122 122 122 122 122 122 122 123 123 122 122 122 123 123 122 122 122 123 123 123 122 123 123 123 123 123 124 124 124 124 125 124 125 124 124 124 124 124 124 124 124 124 125 125 125 125 125 125 125 125 125 125 125 125 125 125 125 125 125 125 125 125 124 124 123 122 122 123 123 123 123 123 123 123 124 123 124 123 123 123 123 123 123 123 124 124 123 123 123 123 123 123 123 123 123 122 123 123 123 123 123 123 123 123 123 123 122 122 122 122 122 123 122 123 123 122 122 122 122 122 122 123 123 123 123 123 123 123 122 122 122 122 122 122 122 123 105 106 107 107 106 106 106 107 108 109 108 108 108 109 109 110 110 110 110 110 110 110 110 110 111 111 111 111 111 111 111 112 111 112 112 112 112 112 112 113 112 112 112 113 113 114 114 114 114 114 114 114 114 114 114 114 114 114 115 115 115 115 115 115 115 115 115 116 116 116 116 116 116 116 116 116 116 116 117 117 117 117 117 117 117 117 116 117 117 117 117 118 118 118 118 118 117 117 117 118 118 118 118 118 118 118 118 118 118 118 118 118 118 118 118 118 118 118 119 119 119 119 119 119 119 119 119 119 120 120 120 120 120 120 120 120 120 120 120 120 120 120 120 120 120 120 120 120 121 121 121 121 121 121 121 121 121 121 121 121 121 121 121 121 121 121 121 121 121 121 121 121 122 122 122 121 122 121 122 122 122 122 122 122 122 122 122 122 122 122 122 122 122 121 121 122 121 122 122 122 122 122 122 122 122 122 122 122 122 122 122 122 122 122 122 122 122 122 122 122 122 122 122 122 122 122 123 123 123 123 123 123 123 123 123 123 123 123 123 123 123 123 123 124 124 124 124 124 124 124 124 124 124 124 124 124 124 124 125 125 126 125 125 125 125 125 125 125 125 125 125 125 125 125 125 125 125 124 123 123 122 122 122 123 123 123 123 124 124 123 123 123 124 123 123 123 123 123 123 123 124 124 123 123 123 123 123 123 123 123 122 122 123 123 123 123 123 123 123 123 123 123 123 123 122 122 122 122 123 123 122 122 122 122 123 123 123 123 123 123 123 123 123 123 123 123 122 123 123 123 123 106 107 107 107 107 106 107 108 108 108 108 109 109 109 109 110 110 110 111 111 110 110 110 110 111 111 111 111 111 111 111 111 112 112 112 112 112 112 112 113 113 113 113 113 114 114 114 114 114 114 114 114 114 114 114 114 114 114 115 115 115 115 115 115 115 115 115 116 116 116 116 116 116 116 116 116 116 117 117 117 117 117 117 117 117 117 117 117 117 117 117 118 118 118 118 118 117 117 118 118 118 118 118 118 119 119 119 119 119 119 118 118 118 118 118 118 119 119 119 119 119 120 119 119 120 119 119 120 120 120 120 120 120 120 120 120 120 120 120 120 120 120 120 120 120 120 121 121 121 121 121 121 121 121 121 121 121 121 121 121 121 121 121 121 121 121 122 121 121 122 122 122 122 122 122 122 122 122 122 122 122 122 122 122 122 122 122 122 122 122 122 122 121 121 122 121 122 122 122 122 122 122 122 122 122 122 122 122 122 122 122 122 122 122 122 122 122 122 122 122 122 122 122 123 122 122 123 123 123 123 123 123 123 123 123 123 123 123 123 123 123 124 124 123 124 124 125 125 124 124 124 124 124 124 125 125 124 125 125 125 125 125 125 125 125 125 125 125 125 125 125 125 125 125 124 124 123 123 123 123 122 122 123 123 123 123 124 124 123 123 123 123 124 123 123 123 123 123 123 123 124 124 123 123 123 123 123 123 123 123 123 123 123 123 123 123 123 123 123 123 123 123 123 123 123 123 122 122 122 122 123 123 123 123 123 123 123 123 123 123 123 123 123 123 123 123 123 123 123 98 99 105 106 107 107 107 107 107 107 107 108 108 108 108 108 109 109 110 110 110 110 111 111 111 111 111 110 110 111 111 111 111 111 111 111 112 112 112 112 112 112 113 113 113 114 114 114 114 114 114 114 114 115 115 115 115 115 114 114 114 114 114 114 115 115 115 116 116 116 115 116 116 116 116 116 116 116 116 117 117 117 117 117 117 117 117 118 117 117 117 117 117 117 117 117 118 118 118 117 117 118 118 118 118 118 118 118 118 119 119 119 119 119 119 118 119 119 119 119 119 119 119 119 119 120 120 119 119 119 119 120 120 120 120 120 120 120 120 121 121 120 120 120 120 120 120 120 120 120 121 121 121 121 121 121 121 121 121 121 121 121 121 121 121 121 121 121 122 122 121 122 122 122 122 122 122 122 122 122 122 122 122 122 122 122 122 122 122 122 122 122 122 122 122 121 122 122 122 122 122 122 122 122 122 122 122 122 122 122 122 122 122 122 122 122 122 122 122 122 122 122 122 122 122 122 122 122 122 122 123 123 123 123 123 123 123 124 124 124 123 123 124 123 123 123 123 124 124 124 124 125 125 125 125 125 125 125 125 125 125 125 125 125 124 124 125 125 125 125 125 125 125 125 125 124 124 124 124 124 124 124 123 122 123 123 123 123 123 123 123 123 123 123 123 124 124 124 124 124 123 123 123 124 124 124 124 124 123 123 123 123 123 123 123 123 123 123 123 123 123 123 123 123 123 123 123 123 123 123 123 123 123 123 123 123 123 123 123 123 123 98 100 100 105 105 105 106 107 107 107 108 108 108 107 107 107 107 108 108 108 109 109 110 110 110 110 110 110 110 110 110 110 111 111 111 111 112 112 111 111 111 112 112 112 112 112 112 113 113 113 113 114 114 114 114 114 114 114 115 115 115 115 115 115 115 115 115 115 115 115 115 115 116 116 116 116 116 116 116 116 116 116 116 117 117 117 117 117 117 117 117 118 117 117 117 117 118 118 117 117 117 118 118 117 117 117 117 117 118 118 118 118 118 118 118 119 119 119 120 119 119 119 119 119 119 119 119 119 119 119 119 120 120 120 120 120 120 120 120 120 120 120 120 120 120 120 120 120 120 120 120 120 120 121 121 121 121 121 121 121 121 121 121 121 121 121 121 121 121 121 121 121 122 121 121 121 122 122 122 122 122 122 122 122 122 123 122 122 122 122 122 122 122 122 122 122 122 122 122 122 122 122 121 122 122 122 122 122 122 122 122 122 122 122 122 122 122 122 122 122 122 122 122 122 122 122 122 122 122 122 122 122 122 123 122 122 122 123 123 123 124 124 124 124 124 124 124 124 124 124 124 124 124 124 124 124 124 124 125 125 125 125 125 125 125 126 125 125 125 125 125 125 125 125 125 125 125 125 125 124 124 124 125 125 124 123 123 122 123 123 123 123 123 123 123 123 123 123 123 123 124 124 124 124 124 123 123 123 123 124 124 124 123 123 124 124 124 123 123 123 123 123 123 123 123 123 123 123 123 123 123 123 123 123 122 123 123 123 123 123 123 98 101 102 100 99 99 99 99 99 104 105 105 106 106 106 106 107 107 107 107 107 108 108 107 108 108 108 108 108 109 109 109 110 110 110 110 110 110 110 111 111 111 111 111 111 112 112 112 111 111 111 112 112 112 112 112 113 113 113 113 113 114 114 114 114 114 114 114 115 115 115 115 115 115 115 115 115 115 115 115 115 115 116 116 116 116 116 116 116 116 116 116 117 117 117 117 117 117 117 117 118 118 117 117 117 117 117 117 117 117 118 117 117 117 118 118 118 118 118 118 118 118 118 119 119 119 120 119 119 119 119 119 119 120 120 119 119 119 119 119 120 120 120 120 120 120 120 120 120 120 120 120 120 120 120 120 120 120 120 120 121 120 120 120 121 121 121 121 121 121 121 121 121 121 121 121 121 121 121 121 122 121 121 121 121 122 122 122 122 122 122 122 122 122 122 122 122 122 122 122 122 122 122 122 122 122 122 122 122 122 122 121 122 122 122 122 122 122 122 122 122 122 122 122 122 122 122 122 122 122 122 122 122 122 122 122 122 122 122 123 122 122 122 122 123 123 123 123 124 123 124 124 123 123 123 124 124 124 124 124 125 125 124 125 125 124 124 124 124 124 125 125 125 125 125 125 125 125 125 125 125 125 125 125 125 125 125 125 125 125 125 125 125 124 123 123 122 123 123 123 123 123 123 123 124 123 123 123 124 124 124 124 124 124 124 123 123 123 123 123 124 124 124 124 124 124 124 123 123 123 123 123 123 123 123 123 123 123 123 123 123 123 123 123 123 123 123 123 123 123 98 100 102 102 101 100 101 102 102 100 99 105 105 106 106 107 107 107 107 108 108 107 107 107 107 107 108 108 108 108 108 108 109 110 110 110 110 111 110 111 111 111 111 112 112 112 112 112 112 112 111 111 111 111 112 112 112 112 112 113 113 113 113 113 114 113 114 114 114 114 114 115 115 115 115 115 115 115 115 116 116 115 115 115 115 116 116 116 116 116 116 116 116 116 116 116 117 117 117 117 117 117 117 117 118 118 118 118 118 118 118 118 118 117 118 118 118 118 118 118 118 118 118 118 118 119 119 119 119 119 119 119 119 119 119 119 119 119 119 119 119 119 119 120 120 120 120 120 120 120 120 120 120 120 120 120 120 120 120 120 120 120 121 121 120 120 120 121 121 121 121 121 121 121 121 121 121 121 121 121 121 121 121 121 122 122 122 122 122 122 122 122 121 121 122 122 122 122 122 122 122 122 122 122 122 122 122 122 122 122 122 122 122 121 122 122 122 122 122 122 122 122 122 122 122 122 122 122 122 122 122 122 122 122 122 122 122 122 122 122 122 123 123 123 123 123 123 123 123 123 123 123 124 124 123 123 123 124 124 124 124 124 124 124 125 125 125 125 125 125 125 125 125 125 125 125 125 125 125 125 125 125 125 125 125 125 125 125 125 125 125 125 125 125 125 124 123 123 123 123 123 123 123 123 123 123 123 123 124 123 124 124 124 124 124 124 124 124 123 123 123 123 123 124 124 124 124 124 123 123 123 123 123 123 123 123 123 123 123 123 123 123 123 123 123 123 123 123 123 123 123 124 99 100 101 102 101 101 103 103 103 101 100 100 100 100 104 105 105 105 106 106 106 107 107 107 108 108 108 108 107 107 108 108 108 109 109 109 108 108 109 109 110 111 110 111 111 111 111 112 112 112 112 112 112 112 112 112 112 112 112 112 112 112 112 113 113 113 113 113 113 114 114 114 114 114 114 114 114 115 115 115 115 115 115 115 115 116 116 115 115 115 116 116 116 116 116 116 116 116 116 116 116 116 117 117 117 117 117 117 117 117 117 118 118 118 118 118 118 118 117 118 118 118 118 119 118 118 118 119 119 119 119 119 119 119 119 119 119 119 119 119 119 119 119 119 119 119 119 119 120 120 120 120 120 120 120 120 120 120 120 120 120 120 120 120 120 120 120 121 120 120 120 120 121 121 121 121 121 121 121 121 121 121 121 121 121 121 121 122 122 122 122 122 122 122 122 122 122 121 121 121 122 122 122 122 122 121 122 122 122 122 122 122 122 122 122 122 122 122 121 122 122 122 122 122 122 122 122 122 122 122 122 122 122 122 122 122 122 122 122 122 122 122 122 122 122 122 122 122 122 123 123 123 123 123 123 123 123 123 124 123 123 123 123 124 124 124 124 125 124 125 125 125 125 125 125 125 125 125 125 125 125 125 125 125 125 125 125 125 125 125 125 125 125 125 125 125 125 125 124 124 124 124 124 123 123 123 123 123 123 123 123 123 123 124 124 124 124 124 124 124 124 124 124 124 123 123 123 124 124 124 124 124 124 124 123 123 123 123 123 123 123 123 123 123 123 123 123 123 123 123 123 123 123 123 123 123 124 99 101 101 101 102 103 104 104 103 102 102 102 101 100 104 104 105 105 105 105 106 106 106 107 107 107 107 108 108 108 107 107 108 108 109 109 109 108 109 109 109 110 110 110 110 111 111 111 111 111 111 111 111 111 111 111 112 112 112 113 113 112 112 112 112 112 112 113 113 113 114 114 114 114 114 114 114 114 114 114 114 115 115 115 115 115 115 115 115 115 115 115 115 116 116 116 116 116 116 116 116 116 116 116 117 117 117 117 117 117 117 117 117 117 118 118 118 117 118 118 117 118 118 118 118 119 119 119 119 119 119 119 119 119 119 119 119 119 119 119 119 119 119 119 119 119 119 119 119 119 120 120 120 120 120 120 120 120 120 120 120 120 120 120 121 121 120 120 120 120 120 120 121 121 121 120 121 121 121 121 121 121 121 121 122 122 122 122 122 122 122 122 122 122 122 122 121 121 122 122 122 121 121 122 122 122 121 122 122 122 122 122 122 122 122 122 122 122 122 122 122 122 122 122 122 122 122 122 122 122 122 122 122 122 122 122 122 122 122 122 122 122 122 122 122 122 122 122 122 122 122 123 123 123 123 123 123 123 124 123 123 123 123 123 123 123 124 124 124 125 124 124 124 124 125 125 125 125 125 125 125 125 125 125 125 125 125 125 125 125 125 125 125 125 125 125 125 124 124 124 124 124 124 123 123 123 123 123 123 123 123 123 123 124 124 124 124 123 123 124 124 124 124 124 124 124 123 124 124 124 124 124 124 124 124 123 123 123 123 123 123 123 124 123 123 123 123 123 123 123 123 123 123 123 123 123 123 123 124 124 100 101 102 102 103 103 103 103 103 103 102 101 101 101 101 101 104 105 105 105 105 105 106 107 106 107 106 107 107 108 108 108 107 107 108 109 109 109 109 109 109 110 110 110 110 110 111 111 111 110 110 110 111 111 111 111 111 111 111 112 112 112 113 113 113 113 112 112 112 113 113 113 113 114 114 114 114 114 114 114 114 114 114 115 115 115 115 115 115 115 115 114 115 115 115 116 116 116 116 116 116 116 116 116 116 117 117 117 117 117 117 117 117 117 117 118 118 118 118 117 118 118 117 118 118 118 118 118 119 119 118 119 119 119 119 119 119 119 119 119 119 119 119 119 119 119 119 119 119 119 119 120 120 120 120 120 120 120 120 120 120 120 120 120 120 120 121 121 120 120 120 121 120 120 120 120 120 120 121 121 121 121 121 121 121 121 121 121 121 121 122 122 122 122 122 122 122 122 121 121 121 121 121 121 121 121 122 122 122 122 122 122 122 122 122 122 122 122 122 122 122 122 122 122 122 122 122 122 122 122 122 122 122 122 122 122 122 122 122 122 122 122 122 122 122 122 122 122 122 122 122 122 122 123 123 123 123 123 122 123 123 123 123 123 123 123 123 124 124 124 125 125 125 125 125 125 125 125 125 125 125 125 125 125 125 125 125 125 125 125 125 125 125 125 125 125 125 125 125 125 124 124 124 124 124 123 123 123 123 123 123 123 123 123 123 123 124 124 124 124 123 123 124 124 124 124 124 124 124 124 124 124 124 124 124 124 124 123 123 123 123 123 123 123 123 123 123 123 123 123 123 123 123 123 123 123 123 123 123 123 124 100 101 102 102 103 103 103 103 104 103 102 102 101 102 103 103 103 103 103 103 102 102 102 102 103 103 103 102 103 103 103 103 103 104 104 104 105 105 105 105 106 106 106 106 107 107 107 108 108 108 107 108 108 109 109 109 109 109 110 109 110 110 111 111 111 111 111 111 110 110 110 111 111 111 111 111 111 112 112 112 112 113 113 113 113 113 113 112 113 113 114 114 114 114 114 114 114 114 114 114 115 115 115 115 116 116 115 115 115 115 115 114 115 115 116 116 116 116 116 116 116 116 116 116 117 117 117 117 117 117 117 117 118 118 118 118 118 118 118 118 118 118 118 118 118 118 118 118 118 118 119 119 120 119 119 119 119 119 119 119 119 119 119 119 119 119 119 119 120 120 120 120 120 120 120 120 120 120 120 120 120 120 120 120 120 121 120 121 121 121 121 121 120 120 120 120 121 121 121 121 121 121 121 121 121 121 121 121 121 121 122 122 122 122 122 122 122 122 121 122 122 121 121 121 121 122 122 122 122 122 122 122 122 122 122 122 122 122 122 122 122 122 122 122 122 122 122 122 122 122 122 122 122 122 122 122 122 122 122 122 122 122 122 122 122 122 122 122 122 122 122 123 123 123 123 122 123 123 122 122 122 123 123 123 124 124 124 124 124 125 125 125 125 125 125 125 125 125 125 125 125 125 125 125 125 125 125 124 124 125 125 125 124 124 124 125 125 124 124 124 123 123 124 123 123 123 124 124 124 123 123 123 123 124 124 124 124 124 124 123 124 124 124 124 124 124 124 124 124 123 124 124 124 124 124 124 123 123 123 124 123 123 123 123 123 123 123 123 123 123 123 123 123 123 124 123 123 124 124 101 103 103 103 103 103 103 103 102 101 101 102 103 104 104 104 104 104 104 104 103 104 104 104 104 103 103 103 104 104 104 105 105 105 105 106 105 106 106 106 106 106 107 107 108 107 108 108 108 108 108 108 109 108 109 109 109 109 110 110 111 111 111 111 111 111 111 111 111 111 111 111 111 111 112 112 112 112 112 112 113 113 113 113 113 113 112 113 114 114 114 114 114 114 114 114 114 114 115 115 115 115 115 116 116 116 116 116 115 115 115 115 115 115 116 116 116 116 116 117 117 117 117 117 117 117 117 117 117 117 118 118 118 118 118 118 118 118 118 118 118 118 118 118 118 118 118 118 119 119 119 120 120 120 119 119 119 119 119 119 119 119 119 119 119 119 120 120 120 120 120 120 120 120 120 120 120 120 120 120 120 120 120 121 121 121 121 121 121 121 121 121 120 120 121 121 121 121 121 121 121 121 121 121 121 121 121 121 121 122 122 122 122 122 122 122 121 122 122 121 121 121 121 121 122 122 122 122 122 122 122 122 122 122 122 122 122 122 122 122 122 121 121 121 122 122 122 122 122 122 122 122 122 122 122 122 122 122 122 122 122 122 122 122 122 122 122 122 123 123 123 122 122 123 123 123 123 123 123 123 123 123 123 123 124 124 124 125 124 125 125 125 125 125 125 125 125 125 125 125 125 125 125 125 124 124 124 124 125 125 124 124 124 125 125 125 124 124 124 123 123 123 123 123 124 124 124 124 123 123 123 123 124 124 124 124 124 124 124 124 124 124 124 124 124 124 124 124 124 124 124 124 124 124 124 123 124 124 124 124 123 123 123 124 123 123 123 123 123 123 123 123 124 124 124 124 124 102 102 102 103 103 103 102 102 102 102 102 102 104 104 105 105 105 105 105 105 105 105 105 105 105 105 104 104 104 104 105 105 105 105 105 106 106 107 106 106 106 107 107 107 107 107 108 108 108 108 108 108 108 109 109 109 110 110 111 111 111 111 111 111 111 111 111 111 111 111 111 111 111 112 112 112 112 112 113 113 112 113 113 113 113 112 113 113 113 114 114 114 114 114 114 114 114 115 115 115 115 115 115 115 115 115 116 116 116 115 115 115 116 115 116 116 117 116 117 117 117 117 117 117 117 117 117 117 117 118 118 118 118 118 118 118 118 118 118 118 118 118 118 118 118 118 119 119 119 119 119 119 119 119 119 119 120 120 119 119 119 119 119 119 120 120 120 120 120 120 120 120 120 120 120 120 120 120 120 120 120 120 121 121 121 121 121 121 121 121 120 120 120 121 121 121 121 121 122 122 121 121 121 121 121 121 121 121 122 122 121 122 122 122 122 122 122 122 122 121 121 121 121 122 122 122 122 122 122 122 122 122 122 122 122 122 122 122 121 121 121 122 122 122 122 122 122 122 122 122 122 122 122 122 122 122 122 122 122 122 122 122 122 122 122 123 123 123 123 122 122 123 123 124 124 123 124 123 123 124 123 124 124 124 124 124 124 124 124 124 125 125 125 125 125 125 125 125 125 125 125 124 124 124 124 125 125 125 124 124 123 124 124 124 124 124 124 123 123 123 123 123 124 124 124 124 124 124 123 123 123 124 124 124 124 124 124 124 124 124 124 124 124 124 124 124 124 124 124 124 124 124 124 123 123 123 124 124 124 124 124 124 124 123 123 123 123 123 123 123 123 123 124 124 124 124 102 102 103 104 104 103 102 103 102 102 103 104 105 105 106 106 105 105 106 106 106 105 106 106 106 106 106 105 105 105 104 105 105 105 106 106 106 107 107 107 107 107 107 108 108 108 108 108 108 108 109 109 109 109 109 109 110 110 110 111 111 111 111 111 111 111 111 111 111 111 112 112 112 112 112 112 112 113 113 113 112 112 113 113 112 113 113 114 114 114 114 114 114 114 114 115 115 115 114 115 115 115 115 115 115 116 116 115 115 115 116 116 116 116 116 116 116 116 117 117 117 117 117 117 117 117 117 117 118 118 118 118 118 118 118 118 118 118 118 118 119 118 118 118 118 118 119 119 119 119 119 119 120 119 120 120 120 120 119 119 119 119 119 120 120 120 120 120 120 120 120 120 120 120 120 120 120 120 120 120 120 120 121 121 121 121 121 121 121 120 121 120 120 121 121 121 121 121 122 122 121 121 121 121 121 122 122 122 122 122 122 122 122 122 122 122 122 121 121 121 121 121 121 122 122 122 122 122 122 122 122 122 122 122 122 122 121 122 122 122 122 122 122 122 121 122 122 122 122 122 122 122 122 122 122 122 122 122 122 122 122 123 123 123 123 123 123 123 122 122 123 123 123 124 124 124 124 124 124 124 124 124 124 124 124 124 124 124 124 124 125 125 125 125 125 125 125 125 125 124 124 124 124 125 125 125 125 124 124 123 124 124 124 124 124 124 124 123 123 123 123 124 124 124 124 124 124 124 124 123 124 124 124 124 124 124 124 124 124 124 124 124 124 124 124 123 123 123 123 123 123 124 124 124 124 124 124 124 124 124 123 123 123 123 123 123 123 124 124 124 124 124 124 103 104 105 105 104 104 104 104 104 104 104 105 106 106 106 106 106 107 106 106 106 107 106 106 106 106 105 105 105 105 106 106 105 106 106 106 107 107 107 107 107 107 107 108 108 108 108 108 108 109 109 109 109 109 110 110 110 111 111 111 111 111 111 111 111 111 111 111 111 111 112 112 112 112 112 112 112 113 113 113 113 112 112 113 113 113 114 114 114 114 114 114 114 114 115 115 115 114 114 115 115 114 115 115 116 116 116 116 116 115 115 115 116 116 116 116 116 117 117 117 117 117 117 117 117 118 118 118 118 118 118 118 118 118 118 118 118 118 118 118 118 118 118 118 119 118 118 119 119 119 119 119 120 119 119 120 120 120 119 119 119 119 120 120 120 120 120 120 120 120 120 120 120 120 120 120 120 120 120 120 120 121 121 121 121 121 121 121 121 121 121 121 120 121 121 121 122 122 122 121 121 121 121 121 122 122 122 122 122 121 122 122 122 122 122 122 122 121 122 122 122 122 122 122 122 122 122 122 122 122 122 122 122 122 122 121 122 122 122 122 122 122 121 121 122 122 122 122 122 122 122 122 122 122 122 122 122 122 122 122 122 123 123 123 123 122 122 123 122 123 123 123 123 123 123 124 123 123 124 124 124 124 124 124 125 125 125 125 124 125 125 125 125 125 125 125 124 124 124 124 125 125 125 125 124 124 124 124 124 124 124 124 124 123 123 123 123 123 123 123 124 124 124 124 124 124 124 124 124 124 124 124 124 124 123 124 124 124 124 124 124 124 124 124 124 123 123 123 123 123 124 124 124 124 123 124 124 124 124 123 123 123 124 123 123 123 124 124 124 124 124 124 105 105 104 104 104 104 104 104 104 105 105 106 106 106 106 106 107 107 106 107 107 107 107 107 106 106 106 106 107 107 106 107 107 106 106 106 107 107 108 107 108 108 108 109 109 109 109 109 109 110 110 109 110 110 110 110 111 111 111 111 111 112 111 111 111 111 111 111 112 112 112 112 112 112 112 112 112 113 113 113 113 113 113 113 113 114 114 114 114 114 114 114 115 115 115 115 115 114 114 114 114 115 116 115 115 116 116 116 115 115 115 116 116 116 117 116 116 117 117 117 117 117 117 117 117 118 118 118 118 118 118 118 118 118 118 118 118 118 118 118 118 119 119 119 119 119 119 119 119 119 119 119 119 119 119 119 119 119 120 120 120 120 120 120 120 120 120 120 120 120 120 120 120 120 120 120 120 120 120 120 120 120 121 121 121 121 121 121 121 121 121 121 120 121 121 122 122 122 121 121 121 121 121 121 122 122 122 122 121 122 122 122 122 122 122 122 122 122 122 122 122 122 122 122 122 122 122 122 122 122 122 122 122 122 122 122 122 122 122 122 122 121 121 122 122 122 122 122 122 122 122 122 122 122 122 122 123 122 122 123 123 123 123 123 122 122 122 122 123 123 123 124 124 123 123 123 124 124 124 124 123 124 124 124 125 125 125 125 125 125 125 125 125 125 124 124 123 124 124 125 125 125 125 124 124 124 124 124 124 124 123 124 124 123 123 123 123 123 123 124 124 124 124 124 124 124 124 124 124 124 123 123 123 124 124 124 124 124 124 124 124 124 124 124 124 123 123 123 123 123 124 123 123 123 123 123 123 123 123 124 124 124 123 123 123 124 124 124 124 124 124 105 105 105 105 105 105 105 105 105 105 105 105 106 106 106 107 107 107 107 108 108 107 107 107 107 107 107 107 108 108 108 108 108 108 108 107 107 107 108 108 109 109 109 110 110 110 110 110 110 111 111 110 110 110 110 110 110 111 111 111 111 112 112 112 112 112 111 112 112 112 112 112 112 112 112 112 112 113 113 113 113 114 113 113 113 114 114 114 115 115 115 115 115 115 115 115 115 115 114 114 114 115 115 115 115 115 115 114 115 116 115 116 116 116 116 116 116 116 117 117 117 117 117 117 118 118 118 118 118 118 118 118 118 118 118 118 118 118 118 118 118 119 119 119 119 119 119 119 119 119 119 119 119 119 119 119 119 120 120 120 120 120 120 120 120 120 120 120 120 120 120 120 120 120 120 120 120 120 120 120 120 121 121 121 121 121 121 121 121 121 121 121 121 121 121 121 122 122 121 121 121 121 121 121 121 122 122 122 122 122 122 122 122 122 122 122 122 122 122 122 122 122 122 122 122 122 122 122 122 122 122 122 122 122 121 121 122 122 122 122 121 121 121 122 122 122 122 122 122 122 122 122 122 122 122 122 123 123 123 123 123 123 123 123 123 123 123 123 123 123 123 123 124 124 123 123 123 124 124 124 123 123 124 124 124 124 124 125 125 125 125 125 125 125 125 124 123 124 124 124 125 124 124 124 124 123 124 124 124 124 124 124 123 123 123 123 123 123 123 124 124 124 124 124 124 124 124 124 123 124 124 124 124 124 124 124 124 124 124 124 124 124 124 124 124 123 123 123 123 123 123 123 123 123 123 123 124 124 124 124 124 124 124 123 124 124 124 124 124 124 124 105 105 104 104 105 105 105 106 105 105 105 105 106 106 107 107 107 107 108 108 107 108 108 108 107 107 108 108 108 108 108 108 108 108 108 108 109 109 109 110 110 110 110 110 110 110 110 111 111 111 110 110 110 110 110 110 111 111 111 111 111 112 112 112 112 112 112 112 112 112 112 112 112 112 112 112 113 113 113 113 113 113 113 114 114 114 114 115 115 115 115 115 115 115 115 114 114 114 114 114 114 114 115 115 115 114 115 116 117 117 116 116 116 116 116 116 116 116 117 117 117 117 117 117 118 118 118 118 118 118 118 118 118 118 118 118 118 118 118 118 119 119 119 119 119 119 119 119 119 119 119 119 119 119 119 119 120 120 120 120 120 120 120 120 120 120 120 120 120 120 120 120 120 120 120 120 120 120 120 120 121 121 121 121 121 121 121 121 121 122 121 121 121 121 121 122 122 122 121 121 121 121 121 121 121 121 122 122 122 122 122 122 122 122 122 122 122 122 122 122 122 122 122 122 122 122 122 122 122 122 122 122 122 121 122 122 122 122 122 122 121 121 122 122 122 122 122 122 122 122 122 122 122 122 122 123 123 123 123 123 123 123 123 123 123 123 123 123 123 123 123 123 123 123 123 123 124 124 124 123 123 123 124 124 124 124 124 125 125 125 125 125 125 125 125 124 124 123 124 124 124 123 123 124 124 124 124 124 124 124 124 124 124 123 123 123 123 124 124 124 124 124 124 124 123 123 123 123 124 124 124 124 124 124 124 124 124 124 124 124 124 124 124 124 124 123 124 124 123 123 123 123 124 124 124 124 124 124 124 124 124 124 124 124 124 124 124 124 124 124 105 105 104 105 105 105 105 105 105 105 106 105 106 107 107 107 107 108 108 107 107 108 108 108 108 108 108 109 109 109 109 109 109 109 109 109 109 109 110 110 110 110 110 110 110 110 111 111 111 111 111 111 111 111 110 110 111 111 111 111 111 112 112 112 112 112 112 112 112 112 112 112 112 112 112 113 113 113 113 113 113 113 114 114 114 114 114 115 115 115 115 116 115 115 115 114 114 115 115 115 115 116 116 116 115 115 116 116 116 116 116 116 116 116 116 116 116 117 117 117 117 117 117 118 118 118 118 118 118 118 118 118 118 118 118 118 118 118 119 119 119 119 119 119 119 119 119 119 119 119 119 119 119 119 120 120 120 120 120 120 120 120 120 120 120 120 120 119 119 120 120 120 120 120 120 120 120 120 120 120 120 121 121 121 121 121 121 121 121 121 121 121 122 122 121 122 121 121 121 121 121 121 121 121 121 122 121 121 121 122 122 122 122 122 122 122 122 122 122 122 122 122 122 122 122 122 122 122 122 122 122 122 121 122 122 122 122 122 122 121 121 122 122 122 122 122 122 122 122 122 122 122 122 122 123 123 123 123 123 123 123 123 123 123 123 123 123 123 123 123 123 123 123 123 123 124 124 123 123 123 123 124 124 124 124 124 124 124 125 125 125 125 125 125 125 124 124 123 124 124 124 123 123 123 124 124 124 124 124 124 124 124 124 124 123 124 124 124 124 124 124 124 124 124 124 124 124 124 124 124 124 124 124 124 124 124 124 125 124 124 124 124 124 124 124 124 124 124 124 124 124 124 124 124 124 124 124 124 124 124 124 123 124 124 124 124 124 124 124 105 104 105 105 105 105 105 105 106 105 105 106 106 107 107 107 108 108 108 107 108 108 108 108 108 108 108 109 108 109 109 109 110 110 109 110 109 110 110 110 110 110 110 110 110 111 111 111 111 111 111 111 111 110 110 111 111 111 111 111 111 112 112 112 112 112 112 112 112 112 112 112 112 112 113 113 113 113 113 113 113 114 114 114 114 114 114 115 115 115 115 115 115 115 114 115 115 115 116 116 116 116 116 116 115 116 116 116 116 117 117 117 117 117 117 117 117 117 117 117 117 117 117 117 118 118 118 118 118 118 119 118 118 118 118 119 119 119 119 119 119 119 119 119 119 119 119 119 119 119 119 119 119 120 120 120 120 120 120 120 120 120 120 120 120 120 120 119 119 119 120 120 120 120 120 120 120 120 120 121 121 120 121 121 121 121 121 122 121 121 122 122 122 121 121 122 122 122 122 122 121 121 121 121 122 122 121 121 121 121 121 122 122 122 122 122 122 122 122 122 122 122 122 122 122 122 122 122 122 122 122 122 122 122 122 122 122 122 121 121 122 122 122 122 122 122 123 122 122 122 122 122 123 123 123 123 123 123 123 123 123 123 123 123 123 123 123 123 123 123 123 123 123 123 124 124 123 123 123 124 124 124 124 124 124 124 124 124 125 125 125 125 125 125 125 124 124 123 123 123 124 123 123 124 124 124 124 124 124 124 124 124 124 124 124 124 124 124 124 124 124 124 124 124 124 124 124 124 124 124 124 124 124 124 124 125 125 124 124 124 124 124 124 124 124 124 124 124 124 124 124 124 124 124 124 124 124 124 124 124 124 124 124 124 124 124 124 124 104 104 105 105 105 105 105 106 106 106 106 106 107 107 107 108 108 108 108 108 108 108 108 108 108 108 108 108 108 109 109 109 109 109 109 110 110 110 110 109 110 110 110 110 111 111 111 111 111 111 111 111 111 111 111 111 111 111 111 111 111 111 112 112 112 113 112 112 112 113 113 113 113 113 113 113 113 113 113 114 114 114 114 114 114 114 114 114 115 115 115 114 114 114 115 115 115 115 115 115 116 116 116 116 116 116 116 116 117 117 117 117 117 117 117 117 117 117 117 117 117 117 118 118 118 118 118 118 118 119 118 118 118 119 119 119 119 119 119 119 119 119 119 119 119 119 119 119 119 119 120 120 120 120 120 120 120 120 120 120 120 120 120 120 120 120 120 119 120 120 120 120 120 120 120 120 120 120 121 121 121 121 121 121 121 121 122 122 122 122 121 121 121 121 122 122 122 122 122 122 122 121 122 122 122 122 122 122 122 121 121 122 122 122 122 122 122 122 122 122 122 122 122 122 122 122 122 122 122 122 122 122 122 122 122 121 121 121 121 122 122 122 122 123 123 123 123 122 122 122 122 122 123 123 123 123 123 123 123 123 123 123 123 123 123 123 123 123 123 123 123 123 123 124 124 123 124 124 123 124 124 124 125 124 124 124 125 125 125 125 125 125 125 125 125 124 124 124 124 123 123 123 123 123 124 124 124 124 124 124 123 123 124 124 124 124 124 124 124 124 124 124 124 124 124 124 124 124 124 124 124 124 124 125 125 124 124 124 124 124 124 124 124 124 124 124 124 124 124 124 124 124 124 124 124 124 124 124 124 124 124 124 124 124 124 124 105 106 106 106 106 106 106 106 106 106 106 107 107 108 108 108 108 108 108 108 108 108 108 108 108 108 108 108 108 109 109 109 109 109 110 110 109 109 109 109 110 110 110 110 111 111 111 111 111 111 111 111 111 111 111 111 111 111 111 111 111 111 111 112 112 112 112 113 113 113 113 113 113 113 113 113 113 114 114 114 114 114 114 114 114 114 115 114 115 114 114 114 115 115 115 115 115 115 115 115 116 116 116 116 116 116 116 116 116 117 117 117 117 117 117 117 117 117 117 117 118 118 118 118 118 118 118 118 118 118 118 118 119 119 119 119 119 119 119 119 119 119 119 119 119 119 119 119 120 120 120 120 120 120 120 120 120 121 121 121 121 121 121 120 120 119 119 120 120 120 120 120 120 120 120 120 120 120 121 121 121 121 121 121 121 121 122 122 122 122 122 122 122 121 122 122 122 122 122 122 122 122 122 122 122 122 121 122 121 121 122 122 122 122 122 122 122 122 122 122 122 122 122 122 122 122 122 122 122 122 122 122 122 121 121 122 122 122 122 122 122 122 123 123 123 123 123 122 122 122 122 122 122 123 123 123 123 123 123 123 123 123 123 123 123 123 123 123 123 123 123 123 123 123 123 124 124 124 124 124 124 124 124 124 124 124 125 125 125 125 125 125 125 125 125 124 124 124 124 123 123 123 123 124 124 124 123 124 124 124 124 124 124 124 124 124 124 124 124 124 124 124 124 124 124 124 124 124 124 124 125 125 125 125 124 124 124 124 124 124 124 124 124 124 124 124 124 124 124 124 124 124 124 124 124 124 124 124 124 124 124 124 124 124 124 105 105 106 106 106 106 106 106 106 106 106 107 108 108 108 108 108 108 108 108 108 108 108 108 108 108 108 108 109 109 110 110 110 110 110 110 110 109 109 110 110 110 110 110 110 110 111 111 111 111 111 111 111 111 111 111 111 111 111 111 111 111 112 112 112 112 112 113 113 113 113 113 113 113 113 113 114 114 114 114 114 114 114 115 115 115 115 115 115 115 115 115 115 115 115 115 115 115 115 115 116 116 116 116 116 116 116 116 117 117 117 118 117 117 117 117 117 117 117 117 118 118 118 118 118 118 118 118 118 118 118 118 119 119 119 119 119 119 119 119 119 119 119 119 119 119 120 120 120 120 120 120 120 120 120 120 120 120 121 121 121 121 120 120 120 120 120 119 120 120 120 120 120 120 120 120 120 121 121 121 121 121 121 121 121 121 122 122 122 122 122 121 122 122 122 122 122 122 122 122 122 122 122 122 121 122 121 121 121 122 122 122 122 122 122 122 122 122 122 122 122 122 122 122 122 122 122 122 122 122 123 122 122 122 122 122 122 122 122 122 122 123 123 123 123 123 123 123 122 122 122 122 123 123 123 123 123 123 123 123 123 123 123 123 123 123 123 123 123 123 123 123 123 123 123 123 123 123 124 124 124 124 124 124 124 125 124 124 124 125 125 124 125 125 124 124 124 124 124 123 123 123 123 124 124 124 124 124 124 124 124 124 124 124 124 124 124 124 124 124 124 124 124 125 124 124 124 124 125 125 125 125 125 125 124 124 124 124 124 124 124 124 124 124 124 124 124 124 124 124 124 124 124 124 124 124 124 124 124 124 124 124 124 124 106 106 106 106 106 106 106 107 107 107 107 108 108 108 108 108 108 108 108 108 108 108 108 108 108 108 109 109 109 110 110 110 110 110 110 110 110 110 110 110 110 110 110 111 111 111 111 110 111 111 111 111 111 111 111 111 112 112 111 111 111 112 112 111 111 112 112 113 113 113 113 113 113 113 113 114 114 114 114 114 114 115 115 115 115 115 115 115 115 115 116 116 115 115 115 115 115 115 115 116 116 116 116 116 116 117 117 117 117 117 117 117 117 117 117 117 117 117 117 117 118 118 118 118 118 118 118 118 118 118 118 119 119 119 119 119 119 119 119 119 119 119 119 120 120 120 120 120 120 120 120 120 120 120 120 120 120 121 121 121 121 121 121 120 120 120 120 120 120 120 120 120 120 120 120 120 120 120 121 121 121 121 121 121 121 122 122 122 122 122 122 122 122 122 122 122 122 122 122 122 122 122 122 122 122 122 121 121 122 122 122 122 122 122 122 122 122 122 122 122 122 122 122 122 122 122 122 122 123 122 122 122 122 122 122 122 122 122 122 123 123 123 123 123 123 123 123 122 123 123 123 123 123 123 123 123 123 123 123 123 123 123 124 123 123 123 123 123 123 123 123 123 123 123 123 123 123 123 124 124 124 124 124 124 124 124 124 124 124 124 124 124 124 124 124 124 124 124 124 124 124 123 123 124 124 124 124 124 124 124 124 124 124 124 124 124 124 124 124 124 124 124 125 125 124 124 125 125 125 125 125 125 125 125 124 125 124 124 124 124 124 124 124 124 124 124 124 124 124 124 124 124 124 124 124 124 124 124 124 124 124 124 106 106 106 106 105 106 106 107 107 107 107 108 108 108 108 108 107 108 108 108 108 108 108 108 108 109 110 110 110 110 110 110 111 110 111 110 110 110 110 110 110 111 111 111 111 111 111 111 111 112 112 112 112 112 112 112 112 112 111 111 111 111 111 111 111 112 112 113 113 113 113 113 113 114 114 114 114 114 114 114 115 115 115 115 115 115 115 115 115 115 116 116 115 115 115 115 116 116 116 116 116 116 116 116 117 116 117 117 117 117 117 118 118 117 117 118 118 117 117 117 118 118 118 118 118 118 118 118 118 118 119 119 119 119 119 119 119 119 119 119 120 120 120 120 120 120 120 120 120 120 120 120 120 120 120 120 121 121 121 121 121 121 120 120 120 120 120 120 120 120 120 120 120 120 120 120 120 121 121 121 121 121 121 121 121 121 122 122 122 122 122 122 122 122 122 122 122 122 122 122 122 122 122 122 122 122 122 122 122 122 122 122 122 122 122 122 122 122 122 122 122 122 123 122 123 123 123 123 122 122 122 121 122 122 122 122 122 122 123 123 123 123 123 123 123 123 123 123 123 123 123 123 123 123 123 123 123 123 123 123 123 123 124 123 123 123 123 123 123 124 124 124 124 123 123 124 124 124 124 124 124 124 124 124 124 124 124 124 124 124 124 124 124 124 124 124 124 124 124 123 123 124 124 124 124 124 124 124 124 124 124 124 124 124 124 124 124 124 124 124 124 124 125 124 124 125 125 125 125 125 125 125 125 124 124 124 124 124 124 124 124 124 124 124 124 124 124 124 124 124 124 124 124 124 124 124 124 124 124 125 125 106 106 106 106 107 107 107 107 108 107 108 107 107 107 108 108 107 107 108 108 108 108 108 108 109 109 109 110 110 110 110 111 111 111 111 111 110 111 111 111 111 111 111 111 111 111 112 112 112 112 112 112 113 113 112 112 112 112 112 112 112 112 112 112 111 112 113 113 113 113 114 114 114 114 114 114 114 114 115 115 115 115 115 115 115 115 115 115 115 116 116 116 115 115 115 115 116 116 116 116 116 116 116 116 116 116 117 117 117 117 117 118 118 118 118 118 118 117 117 117 118 118 118 118 118 118 118 118 118 119 119 119 119 119 119 119 119 119 119 120 120 120 120 120 120 120 120 120 120 120 120 120 120 120 120 120 121 121 121 121 120 120 120 120 120 120 120 120 120 120 120 120 120 120 120 120 121 122 121 121 121 121 122 122 122 122 122 122 122 122 123 123 123 123 122 122 122 122 122 122 122 122 122 122 122 122 122 122 122 122 122 122 122 122 122 122 122 122 122 122 122 123 123 123 123 123 123 122 122 122 122 122 122 122 122 122 122 123 123 123 123 123 123 123 123 123 123 123 123 123 123 123 123 123 123 123 123 123 123 123 123 124 123 124 124 123 123 123 124 124 124 124 124 124 124 124 124 124 124 124 124 124 124 124 124 124 124 124 124 124 124 124 124 124 124 124 124 124 124 124 124 124 124 124 124 124 124 124 124 124 124 124 124 124 124 124 124 124 124 125 125 124 124 124 124 125 125 125 125 125 125 124 125 124 124 125 124 124 124 124 124 124 124 124 124 124 124 124 124 124 124 124 124 124 124 124 124 124 125 106 106 106 105 106 106 106 106 107 107 107 107 107 107 107 107 107 107 108 108 109 109 109 109 109 109 109 110 110 110 111 111 111 111 111 111 111 111 111 111 111 111 111 111 111 112 112 112 112 112 112 113 113 113 113 113 113 113 113 113 112 112 112 112 112 112 112 113 113 113 114 114 114 114 114 114 114 115 115 115 115 115 115 115 115 115 115 115 115 115 116 116 116 116 115 115 115 116 116 116 116 116 116 116 116 117 117 117 117 117 117 117 118 118 118 118 118 118 118 117 118 118 118 118 118 118 118 118 118 118 119 119 119 119 119 119 119 119 119 120 120 120 120 120 120 120 120 120 120 120 120 120 120 120 120 120 121 121 121 121 121 121 120 120 120 120 120 120 120 120 120 120 120 120 120 120 121 121 121 121 121 122 122 122 122 122 122 122 122 122 122 122 122 122 122 122 122 122 122 122 122 122 122 122 122 122 122 122 122 122 122 122 122 122 122 122 122 122 122 122 122 123 123 123 123 123 123 122 122 122 122 122 122 122 122 122 122 123 123 123 123 123 123 123 123 123 123 123 123 123 123 123 123 123 123 123 123 123 123 123 123 123 124 124 124 123 123 123 123 124 124 124 124 124 124 124 124 124 124 124 124 124 124 124 123 124 124 124 124 124 124 124 124 124 124 124 124 124 124 124 124 124 124 124 124 124 124 124 124 124 124 124 124 124 124 124 125 125 125 125 124 124 124 124 124 124 125 125 125 125 124 124 125 125 125 125 124 124 124 124 124 124 124 124 124 124 124 124 124 124 124 124 124 124 124 124 124 125 106 106 105 105 105 105 105 106 106 106 107 107 107 107 107 107 107 108 109 109 109 109 110 110 110 110 110 110 110 110 111 111 111 111 111 111 111 111 111 111 111 111 111 111 111 112 112 112 112 113 113 113 113 113 113 113 113 113 113 113 113 113 113 112 112 112 112 113 113 113 113 113 114 114 114 114 114 114 114 115 115 115 115 115 115 115 115 116 116 115 116 116 116 116 115 115 116 116 116 116 116 116 116 116 117 117 117 117 117 117 117 117 118 118 118 118 118 118 118 118 118 118 118 118 118 118 118 118 119 119 119 119 119 119 119 119 119 119 120 120 120 120 120 120 120 120 120 120 120 120 120 120 120 120 120 121 121 121 121 121 121 120 120 120 120 120 120 120 120 120 120 120 120 120 121 121 121 121 121 121 122 121 121 122 122 122 122 122 122 122 122 122 122 122 122 122 122 122 122 122 122 122 122 122 122 122 122 122 122 122 123 123 123 122 122 122 122 122 123 122 123 123 123 124 123 123 122 122 122 122 122 122 122 122 122 123 123 123 123 123 123 123 123 123 123 123 123 123 123 123 123 123 123 123 123 123 123 123 123 123 123 123 124 123 123 124 124 123 123 124 124 124 124 124 124 124 124 124 124 124 124 124 124 123 123 123 124 124 124 124 124 124 124 124 124 124 124 123 123 124 124 124 124 124 124 124 124 124 124 124 124 124 124 124 124 125 125 125 125 124 124 124 124 124 124 124 125 125 124 124 124 124 125 124 124 124 124 124 124 124 124 124 124 124 124 124 124 124 124 124 124 124 124 124 124 125 125 106 106 106 106 106 105 105 106 107 106 107 107 107 106 106 107 108 108 109 108 109 109 110 110 110 110 110 110 110 110 110 111 111 111 111 111 111 111 111 111 111 111 112 112 112 112 112 112 113 113 113 113 113 113 113 113 113 113 113 113 113 113 113 113 112 112 112 113 113 113 113 114 114 114 114 114 114 114 115 115 115 115 115 115 115 115 115 116 116 116 116 116 116 116 116 116 116 116 116 116 116 116 117 117 117 117 117 117 117 117 117 117 118 118 118 119 118 119 118 118 118 118 118 118 118 118 119 119 119 119 119 119 119 119 119 119 119 120 120 120 120 120 120 120 120 120 120 120 120 120 120 120 120 120 121 121 121 121 121 121 121 120 120 120 120 120 120 120 120 120 121 121 121 121 121 121 121 121 121 122 121 122 122 122 122 122 122 122 122 122 122 122 122 122 122 122 122 122 122 122 122 122 122 122 122 122 123 123 123 123 123 122 122 122 122 123 123 123 123 123 123 123 123 123 122 122 122 122 122 122 122 122 122 122 123 123 123 123 123 123 123 123 123 123 123 123 123 123 123 123 123 123 123 123 123 123 123 123 123 124 123 123 123 123 123 124 123 123 123 124 124 124 124 124 124 124 124 124 124 124 124 124 123 123 123 123 123 124 124 124 124 124 124 124 124 123 123 124 124 123 123 124 124 124 124 124 124 124 124 124 124 124 124 124 124 124 125 125 124 124 124 124 124 124 124 124 124 124 124 124 124 124 124 124 124 124 124 124 124 124 124 124 124 124 124 124 124 124 124 124 124 124 124 124 125 125 106 107 105 105 106 107 107 106 107 107 107 107 107 107 108 108 108 109 109 109 110 110 110 110 110 110 110 110 110 111 111 111 111 111 111 111 112 112 112 112 112 112 112 112 112 113 113 113 113 113 113 113 113 113 113 114 114 114 114 113 113 113 113 113 113 113 114 114 114 114 114 114 114 114 115 115 115 115 115 115 115 115 115 115 116 116 116 116 116 116 116 116 117 117 116 116 116 116 116 117 117 117 117 117 117 117 117 117 117 117 118 118 119 119 118 118 118 118 118 118 118 118 118 118 119 119 119 119 119 119 119 119 119 119 120 120 120 120 120 120 120 120 120 120 120 120 120 120 120 120 120 121 121 121 121 121 121 121 121 120 120 120 120 120 120 120 120 121 121 121 121 121 121 121 122 122 121 122 122 122 122 122 123 122 122 122 122 122 123 123 123 122 122 122 122 122 122 122 122 122 122 122 123 123 123 123 123 122 122 122 122 122 123 123 123 123 123 123 123 123 123 122 122 122 122 122 122 122 122 122 122 123 123 123 123 123 123 123 123 123 123 123 123 123 123 123 123 123 123 123 123 123 123 124 123 123 124 123 124 123 123 124 124 123 123 123 123 123 123 124 124 125 124 124 124 124 125 124 124 123 123 123 123 123 123 124 124 124 124 124 123 123 123 123 123 124 123 123 123 123 124 124 124 124 124 124 124 124 124 124 124 124 124 124 125 125 124 124 124 124 124 124 124 124 125 125 125 124 124 124 124 125 125 124 124 124 124 124 124 124 124 124 124 124 124 124 124 124 124 124 124 124 124 125 106 105 106 107 107 106 107 106 107 107 107 108 108 108 108 108 109 109 111 111 111 111 111 111 111 110 110 110 110 110 111 111 111 111 111 112 112 112 112 112 112 112 112 113 113 113 113 113 113 113 113 113 113 113 113 114 114 114 114 114 114 114 114 114 114 115 114 114 114 114 114 114 114 115 115 115 115 115 115 115 115 115 116 116 116 116 116 116 116 117 117 117 117 116 116 116 116 116 117 117 117 117 117 117 117 118 118 118 118 118 118 119 119 119 119 119 118 119 118 118 118 119 119 119 119 119 119 119 119 119 119 119 120 120 120 120 120 120 120 120 120 120 120 120 120 120 120 120 120 120 121 121 121 121 121 121 121 121 121 121 120 120 120 120 120 121 121 121 121 121 121 121 121 122 121 121 121 121 122 122 123 122 122 122 122 123 122 123 123 122 122 122 122 122 122 122 122 122 122 122 122 123 122 123 122 122 123 123 123 123 123 123 123 123 123 123 123 124 123 122 122 122 122 122 122 122 122 122 122 123 123 123 123 123 123 123 123 123 123 123 123 123 123 123 123 123 123 123 123 123 124 124 124 124 124 123 123 123 123 124 124 124 124 124 124 124 123 123 124 124 124 125 124 124 125 125 125 124 124 124 123 123 123 124 124 124 124 124 124 124 124 124 124 124 124 125 124 123 124 124 124 125 124 124 124 124 124 124 124 124 124 124 125 125 124 124 124 124 124 125 125 125 125 125 125 125 125 125 125 125 125 124 124 124 124 124 124 124 124 124 124 125 124 124 124 124 124 124 124 124 124 124 107 106 106 107 107 106 106 107 107 107 108 108 108 109 109 109 109 109 110 111 111 111 111 111 111 111 111 111 111 111 111 111 111 111 111 112 112 112 112 112 113 113 113 113 113 113 113 113 113 113 113 113 114 114 113 113 113 113 113 113 114 114 114 114 114 114 114 115 115 115 115 114 114 115 115 115 115 115 115 116 115 115 116 116 116 116 116 116 116 116 117 117 117 116 116 116 116 117 117 117 117 117 117 117 118 118 118 118 118 118 118 118 119 119 119 119 119 119 118 118 119 119 119 119 119 119 119 119 119 119 119 119 120 120 120 120 120 120 120 120 120 120 120 120 120 120 120 120 120 120 120 121 121 121 121 121 121 121 121 121 121 120 120 120 120 121 121 121 121 121 121 121 121 121 122 122 122 122 122 122 123 122 122 122 122 122 122 122 122 123 123 122 122 122 122 122 122 122 123 123 122 122 123 122 123 123 123 123 123 123 123 123 123 123 123 123 123 123 122 122 122 122 122 122 122 122 122 122 123 123 123 123 123 123 123 123 123 123 123 123 123 123 123 123 123 123 123 123 123 123 123 124 124 123 124 124 123 123 124 124 124 124 124 124 124 124 124 124 123 124 124 124 124 124 124 125 125 125 125 125 124 124 124 124 124 124 124 124 124 124 125 125 126 126 126 127 125 124 124 124 124 125 124 124 124 124 124 124 124 124 124 124 125 124 124 124 124 124 125 125 125 125 125 125 125 125 124 124 124 124 124 124 124 124 125 125 124 124 124 124 124 124 125 125 124 124 124 124 124 124 125 124 124 106 106 106 107 107 107 108 108 108 109 109 110 110 110 110 111 111 111 111 112 112 112 112 111 111 111 111 111 111 111 111 111 112 112 112 112 112 112 113 113 113 113 113 113 113 113 114 113 113 113 114 114 114 114 113 113 113 113 113 113 113 113 114 114 114 115 115 115 115 115 115 115 115 115 115 115 115 115 116 116 116 116 116 116 116 116 116 116 117 117 116 116 116 116 116 117 117 117 118 117 118 118 118 118 118 118 118 118 118 119 119 119 119 119 119 119 118 118 119 119 119 119 119 119 119 119 119 119 119 120 120 120 120 120 120 120 120 120 120 120 120 120 120 120 120 120 120 120 121 121 120 121 121 121 122 122 121 121 121 120 120 121 121 121 121 121 121 121 121 121 121 121 122 122 122 122 122 122 122 122 122 122 122 122 122 122 122 122 123 122 122 122 122 123 123 123 123 123 123 123 123 123 123 123 123 123 123 123 123 123 122 123 123 123 123 122 122 122 122 122 122 122 122 122 122 123 123 123 123 123 123 123 123 123 123 123 123 123 123 123 123 123 123 124 123 123 123 123 124 124 123 124 123 123 124 124 124 124 124 124 124 124 124 124 125 124 124 124 124 124 124 124 125 125 125 125 125 125 125 124 124 124 124 124 124 124 125 126 126 126 126 126 126 126 125 125 124 124 125 124 125 125 125 125 124 125 124 124 124 124 125 125 125 124 124 125 125 125 125 125 125 125 125 125 124 124 124 124 124 124 124 125 125 125 125 124 124 124 124 125 124 124 124 124 125 125 125 125 124 125 125 106 107 107 107 107 108 108 108 109 110 110 110 110 110 111 111 111 112 112 112 112 112 112 112 112 112 112 112 111 112 112 112 112 112 112 112 112 112 113 113 113 113 113 113 113 113 113 113 113 113 114 114 114 114 113 113 114 114 114 114 113 113 113 113 114 115 115 115 115 116 115 116 115 115 115 115 115 116 116 116 116 116 116 116 116 116 116 116 117 117 117 117 116 116 117 117 117 117 117 118 118 118 118 118 118 118 118 118 118 119 119 119 119 119 118 119 119 119 119 119 119 119 119 119 119 119 119 120 120 120 120 120 120 120 120 120 120 120 120 120 120 120 120 120 120 120 120 120 120 121 121 120 121 121 121 121 121 121 121 121 121 121 121 121 121 121 121 121 121 121 121 122 122 122 122 122 122 122 122 123 122 122 122 122 122 122 122 122 122 122 122 122 123 123 123 123 123 123 123 123 123 123 123 123 123 123 123 123 122 122 122 123 123 123 122 122 122 122 122 122 122 122 122 122 123 123 123 123 123 123 123 123 123 123 123 123 123 123 123 123 123 123 123 124 123 123 123 123 123 123 123 124 124 124 124 124 123 123 124 124 124 124 124 124 124 124 124 125 124 124 124 125 125 125 125 125 125 125 125 125 125 124 124 125 125 125 125 125 125 125 125 125 126 126 126 125 124 125 125 125 125 125 124 124 125 125 124 124 124 125 125 125 125 125 125 125 125 125 125 125 125 125 125 124 124 124 124 124 124 124 125 125 125 125 125 124 125 125 125 124 124 124 125 125 125 125 125 125 124 125 125 107 107 107 108 108 108 109 109 109 109 110 110 110 110 111 111 111 111 112 112 112 112 112 112 112 112 112 112 112 112 112 112 112 112 112 112 112 112 113 113 113 113 113 113 113 113 113 113 113 113 113 114 114 114 113 113 114 114 115 114 114 113 113 113 113 114 114 114 115 115 115 115 115 115 115 115 115 115 116 116 116 117 117 117 117 117 117 117 117 117 117 117 117 116 116 117 117 117 117 118 118 118 118 118 118 118 118 118 118 119 119 119 119 119 119 119 119 119 119 119 119 119 119 119 119 119 119 119 120 120 120 120 120 120 120 120 120 120 120 120 120 120 121 121 121 121 120 120 121 121 120 121 121 121 121 121 121 121 121 121 121 121 121 121 121 121 121 121 121 121 121 121 121 122 121 122 122 122 123 123 123 122 122 123 122 122 122 122 122 122 122 122 123 123 123 123 122 123 123 123 122 123 123 123 123 123 123 123 123 122 122 123 123 123 122 122 122 122 122 122 123 123 122 122 123 123 123 123 123 123 123 123 123 123 123 123 123 123 123 123 123 123 123 123 123 123 123 123 123 123 124 124 124 124 124 124 124 124 124 124 124 124 124 124 124 124 124 124 124 124 124 124 125 125 125 125 124 125 125 125 125 125 125 125 125 125 125 125 125 125 125 125 126 126 126 126 125 125 125 125 126 125 125 125 125 125 125 125 125 124 125 125 125 125 125 125 125 125 125 124 125 125 125 124 124 124 125 124 125 125 125 125 125 125 125 125 125 125 124 124 124 124 125 125 125 125 125 125 125 125 125 125 107 107 107 107 108 108 108 109 109 109 110 110 110 111 111 111 111 111 112 112 112 112 112 113 113 113 112 112 112 112 112 112 112 112 112 112 112 112 113 113 113 113 113 113 113 113 113 113 113 113 113 113 113 113 113 114 114 114 114 114 114 114 114 114 114 114 114 114 114 114 114 115 115 115 115 115 115 115 116 116 116 116 117 117 117 117 117 117 117 117 117 117 117 116 116 117 117 117 118 118 118 118 118 118 118 118 118 118 118 119 119 119 119 120 120 119 119 119 120 120 120 120 120 120 120 120 120 120 120 121 121 121 121 121 121 121 121 121 121 121 121 121 121 121 122 122 121 121 121 121 121 122 122 122 122 122 122 122 122 122 122 122 122 121 121 121 121 121 121 121 121 122 122 122 122 122 123 123 122 123 123 123 123 122 122 122 122 122 122 122 122 122 122 122 122 122 122 122 122 123 123 123 122 123 123 123 123 122 123 123 123 122 122 122 122 123 123 123 123 123 123 123 123 123 123 123 123 123 123 124 124 124 124 124 124 123 123 123 123 123 123 124 124 124 124 124 124 124 124 124 124 124 124 124 124 125 124 124 125 125 125 125 124 124 123 124 124 124 124 124 125 125 125 124 124 124 124 124 125 125 125 125 125 125 125 125 125 125 126 126 126 126 126 125 125 125 125 124 125 125 125 125 125 125 125 125 125 124 124 125 125 125 124 125 125 125 125 125 124 124 126 125 125 124 124 125 124 124 125 125 125 125 125 125 125 125 124 124 124 124 124 124 124 125 125 125 125 125 125 125 126 107 107 107 107 108 108 108 109 109 110 110 110 111 111 111 111 111 112 112 112 112 112 113 113 113 113 113 113 113 113 113 113 113 113 112 112 112 113 113 114 114 114 114 114 113 113 113 113 113 113 114 114 114 113 114 114 114 114 115 115 115 115 114 114 114 114 115 114 115 115 116 115 115 115 115 115 116 116 116 116 116 117 117 117 117 117 117 117 117 117 117 116 116 117 117 117 117 117 118 118 118 118 118 118 118 118 118 118 119 119 119 119 120 120 120 119 120 120 120 120 120 120 120 120 120 120 121 121 121 121 121 121 121 121 121 121 121 121 121 121 121 121 122 122 122 122 122 122 122 122 121 122 122 122 122 122 122 122 122 122 122 122 121 121 121 121 121 121 122 121 121 121 122 122 122 122 123 122 122 122 123 122 122 122 122 122 122 122 122 122 122 123 123 123 123 123 123 123 123 123 123 122 122 122 122 122 122 123 123 123 123 123 123 123 123 123 123 123 123 123 123 123 123 123 123 123 123 123 124 124 124 124 124 124 124 123 123 123 124 124 124 124 124 124 124 124 124 124 124 124 124 124 124 124 124 124 124 125 124 124 124 124 124 124 123 124 124 124 125 125 125 125 124 124 124 124 125 125 125 125 125 125 125 125 125 125 125 125 125 126 126 125 125 125 125 125 124 124 125 125 125 125 125 125 125 125 124 124 125 124 124 124 125 125 125 125 125 124 124 125 126 125 125 125 124 124 125 125 125 125 125 125 125 125 125 125 125 124 124 124 124 124 125 125 126 125 125 125 125 126 107 107 107 108 108 108 109 109 109 110 110 111 111 111 111 112 112 112 112 112 113 113 113 113 113 113 113 113 113 114 113 113 113 113 113 113 113 113 114 114 114 114 114 114 113 113 113 113 113 114 114 114 114 113 113 114 115 115 115 115 115 115 115 115 115 115 115 115 115 116 115 115 115 115 115 115 116 116 116 116 116 117 117 117 117 117 117 117 117 117 117 118 117 117 117 117 117 118 118 118 118 118 118 118 118 119 119 118 119 119 119 120 120 120 120 120 120 120 120 120 120 120 120 120 121 121 121 121 121 121 121 121 121 121 121 121 121 121 121 121 122 122 122 122 122 122 122 122 122 122 122 122 122 122 122 122 122 122 122 122 122 121 121 121 121 121 121 121 121 122 122 122 122 122 122 122 122 122 122 123 122 122 122 122 122 122 122 122 122 122 122 123 123 123 123 123 123 123 123 123 123 122 122 122 122 123 123 123 123 123 123 123 123 123 123 123 123 123 123 123 123 123 123 123 123 123 124 124 124 124 124 124 124 124 123 124 124 124 124 124 124 124 124 124 124 124 124 124 124 124 124 124 124 124 124 124 124 124 124 124 125 124 124 124 124 124 124 125 125 125 125 124 124 124 124 125 125 125 125 125 125 125 125 125 125 125 125 125 125 125 125 125 125 125 125 125 124 125 125 125 125 125 125 125 125 125 125 125 125 125 124 125 125 125 125 125 124 124 126 126 126 126 125 125 125 125 125 125 125 125 125 125 125 125 125 125 124 124 124 124 124 125 125 125 125 125 125 126 108 108 108 108 109 109 110 110 110 111 111 111 111 111 112 112 112 112 112 113 113 113 113 113 113 114 113 113 114 113 113 113 113 113 113 113 113 114 114 114 114 114 114 113 113 113 113 114 114 115 115 114 113 114 115 115 115 115 115 116 116 116 115 115 115 115 115 116 116 115 115 115 115 115 115 116 116 116 116 116 116 117 117 117 117 117 117 117 117 118 117 117 118 117 117 117 118 118 118 118 118 118 119 119 119 119 119 119 119 121 120 121 120 120 120 120 120 120 120 120 121 121 121 121 121 121 121 121 121 121 121 121 121 121 121 121 121 121 122 122 122 122 122 122 122 122 122 122 122 122 122 122 122 122 122 122 122 122 122 121 121 121 121 121 121 121 122 122 122 122 122 122 121 122 121 122 122 123 122 122 122 122 122 122 122 122 122 122 122 123 122 122 122 123 123 123 123 123 123 123 123 123 123 123 123 123 123 123 123 123 123 123 123 123 123 123 123 123 123 123 123 123 123 124 124 124 124 124 124 124 124 124 123 124 124 124 124 124 124 124 124 124 124 124 124 124 124 124 124 124 124 124 124 124 124 124 124 124 124 124 124 125 125 125 125 124 125 125 125 124 124 124 124 124 124 124 125 125 125 125 125 125 125 125 125 125 125 125 125 125 125 125 125 125 125 125 125 125 125 125 125 125 125 125 125 125 125 125 125 125 125 125 125 124 124 125 125 126 126 126 126 126 125 125 125 125 125 125 125 125 125 125 125 125 124 125 125 125 125 125 125 125 125 125 125 125 126 109 109 108 108 109 109 109 109 110 110 111 111 111 111 112 112 113 113 113 113 113 113 113 114 113 113 113 113 113 114 114 114 114 114 114 114 113 113 114 114 114 114 114 114 114 114 114 114 114 114 114 114 114 115 115 115 115 115 115 115 116 116 115 115 115 115 116 116 115 115 115 115 115 115 116 116 116 116 117 117 117 117 117 117 117 117 117 117 117 117 118 118 117 118 118 118 118 118 118 118 118 118 118 119 119 119 119 119 120 120 120 120 120 120 120 120 120 121 121 121 121 120 121 121 121 121 121 121 121 121 121 121 121 121 121 121 121 122 122 122 122 122 122 122 122 122 122 122 122 122 122 122 122 122 122 122 122 122 121 121 121 121 121 121 121 122 122 122 122 122 122 121 121 122 123 123 123 122 122 122 122 123 122 122 122 122 122 122 122 123 122 122 123 123 123 123 123 123 123 123 123 123 123 123 123 123 123 123 123 123 123 123 123 123 123 123 123 123 123 123 123 123 124 124 124 124 124 124 124 124 123 124 124 124 124 124 124 124 125 125 125 125 125 124 124 125 125 124 124 124 124 124 124 124 125 125 125 125 124 124 125 125 125 125 124 124 125 125 124 124 124 124 124 124 124 124 125 125 125 125 125 125 125 125 125 125 125 125 125 125 125 125 125 126 125 125 125 125 125 126 125 125 125 125 125 126 125 125 125 125 125 125 125 125 125 125 126 126 126 126 126 125 126 125 125 125 125 125 125 125 125 125 125 125 125 125 125 125 125 125 126 125 125 125 125 126 108 109 109 109 109 109 109 109 110 110 111 112 112 112 112 113 113 113 113 113 113 113 113 113 113 113 113 113 113 114 114 114 114 114 114 114 114 114 114 114 114 114 114 114 114 114 114 114 113 113 114 115 115 115 115 115 115 115 116 116 115 115 115 115 115 115 116 115 115 115 115 115 115 116 116 116 116 117 117 117 117 117 117 117 117 117 117 117 117 117 118 118 118 118 118 118 118 118 118 118 118 118 119 119 119 119 119 119 120 120 120 121 120 120 120 120 120 120 120 120 120 121 120 121 121 121 121 121 121 121 121 121 121 121 121 121 121 121 121 122 122 122 122 122 122 122 122 122 122 122 122 122 122 122 122 122 122 122 121 121 121 121 121 121 121 122 122 122 122 123 122 122 121 122 122 122 122 122 122 122 123 123 123 122 122 122 122 122 122 123 123 123 123 123 123 123 123 123 123 123 123 123 123 123 123 123 123 123 123 123 123 123 123 124 124 124 123 123 123 123 123 123 124 124 124 124 124 124 124 124 123 124 124 124 124 124 124 124 124 125 125 125 125 125 125 125 125 125 125 125 125 125 125 125 125 126 126 126 124 124 125 125 125 125 124 124 124 125 125 124 124 124 124 125 125 124 125 125 124 124 124 125 125 125 125 125 125 125 125 125 125 125 125 125 125 125 125 125 125 125 126 126 125 125 125 125 125 125 125 125 125 125 125 125 125 126 127 126 126 126 126 125 125 125 125 125 125 125 125 125 125 125 125 125 125 125 125 125 125 125 125 125 125 125 125 126 126 109 109 109 109 109 109 109 110 111 111 111 111 112 113 113 113 113 113 113 113 113 114 114 114 113 113 113 113 113 113 114 114 114 114 114 114 114 114 114 114 114 114 114 114 114 115 115 114 114 114 113 114 115 115 115 115 115 115 115 116 116 116 115 115 115 115 116 115 115 115 115 115 115 116 116 116 116 117 116 117 117 117 117 117 117 117 117 118 118 118 118 118 118 118 118 118 118 118 118 118 118 118 118 118 119 119 119 120 120 120 120 120 121 121 121 121 120 120 121 121 121 121 121 121 121 121 121 121 121 121 121 121 121 121 121 121 121 121 121 122 122 122 122 122 122 122 122 122 122 122 122 122 122 122 122 122 123 123 121 121 121 121 121 121 121 121 122 121 122 123 123 122 121 122 122 122 122 122 122 122 123 123 123 123 123 122 122 122 122 122 123 123 123 123 123 123 123 123 123 123 123 123 123 123 123 123 123 123 123 123 123 123 123 123 123 123 124 123 123 123 123 123 124 124 124 124 124 124 124 124 124 124 124 124 124 124 124 124 124 124 124 125 125 125 125 125 125 125 125 125 125 125 125 126 126 126 125 125 124 124 125 125 125 125 125 124 124 125 124 124 124 125 125 125 125 124 124 124 125 125 125 125 125 125 125 125 125 125 125 125 125 125 125 125 125 125 125 125 126 126 126 126 126 126 126 126 125 125 126 125 125 125 125 125 125 126 127 127 126 125 125 125 125 125 125 125 125 125 125 125 125 125 125 125 125 125 125 125 125 125 125 126 126 126 126 126 126 109 110 110 110 109 109 109 110 111 111 112 112 112 112 113 113 113 113 113 113 114 114 114 114 114 114 113 113 113 113 113 114 114 114 115 115 115 115 114 114 114 114 114 114 115 115 115 114 114 114 114 115 115 115 115 115 115 115 116 115 116 115 116 115 115 116 116 116 116 116 116 116 115 115 116 116 116 116 117 117 117 117 117 117 117 117 117 117 118 118 118 118 118 118 118 118 118 119 118 118 118 119 119 118 119 119 119 119 120 120 120 120 120 120 120 120 120 120 120 121 121 121 121 121 121 120 120 120 121 121 121 121 121 121 121 121 121 121 121 122 122 122 122 122 122 122 122 122 122 122 122 122 122 122 122 122 123 123 121 122 121 121 121 121 121 121 121 122 122 122 122 122 121 122 122 122 122 122 122 122 123 123 123 122 123 123 123 122 122 122 122 123 123 123 123 123 123 123 123 123 123 124 124 123 123 123 123 123 123 123 123 123 123 123 123 123 123 123 123 123 123 123 124 124 124 124 124 124 124 124 124 124 124 124 124 124 124 124 124 124 125 125 125 125 125 125 125 125 125 125 125 125 125 126 126 126 125 125 124 124 125 125 125 125 125 125 125 124 124 124 125 125 125 125 125 125 125 124 125 125 125 125 125 125 125 125 125 125 125 125 125 125 126 125 125 125 125 125 125 125 126 126 126 126 126 126 126 125 126 126 125 125 125 125 125 126 126 126 126 125 125 125 125 125 125 125 125 125 125 125 125 125 125 125 125 125 125 125 125 125 125 125 126 126 126 125 126 126 110 110 110 110 109 109 110 111 112 112 112 112 112 112 113 113 113 113 113 113 113 113 114 114 114 114 114 113 113 113 113 113 114 114 114 114 114 114 114 115 115 115 115 115 115 114 114 114 114 114 115 115 115 115 115 115 115 116 116 115 116 117 116 116 116 116 116 116 116 116 116 115 115 116 116 117 117 117 117 117 117 117 117 117 117 117 117 117 117 118 118 118 118 119 119 119 119 119 119 119 119 119 119 119 119 120 120 120 121 120 120 120 120 120 120 120 120 120 120 120 121 121 121 121 121 120 120 121 121 121 121 121 121 121 121 121 121 121 121 121 121 122 122 122 122 122 122 122 122 122 122 122 122 122 122 122 123 121 122 122 122 122 122 121 121 121 121 121 122 122 122 122 122 121 122 122 122 122 122 123 123 122 122 122 123 123 123 123 123 123 123 123 123 123 123 123 123 123 123 123 123 124 123 123 124 124 124 124 124 124 124 123 123 123 123 123 123 123 123 123 124 124 124 124 124 124 123 124 124 124 124 124 124 124 124 124 124 124 125 125 125 125 125 125 125 125 125 125 125 125 125 125 125 125 125 125 125 125 124 124 125 125 125 125 125 125 125 124 124 124 125 125 125 125 125 125 125 125 125 125 125 125 125 125 125 125 125 125 125 125 125 126 126 125 125 125 125 125 125 125 125 125 125 126 126 125 125 125 125 125 125 125 125 125 125 126 126 126 126 125 125 125 125 125 125 125 125 125 125 125 125 125 125 125 125 125 125 125 125 125 125 125 125 125 125 125 126 126 110 110 110 110 110 109 110 111 111 112 113 112 113 113 113 113 113 113 113 113 113 113 114 114 114 114 115 114 114 113 114 114 114 114 114 114 114 114 115 115 115 115 115 115 115 115 115 114 114 114 115 115 115 116 116 116 116 115 115 116 116 116 116 116 116 116 116 116 116 115 115 115 115 116 116 116 116 117 117 118 117 118 117 117 117 118 117 118 118 118 118 119 119 119 119 119 119 119 119 119 119 119 119 119 120 120 120 121 121 120 119 120 121 121 120 120 120 120 120 120 120 120 121 121 121 121 120 120 121 121 121 121 121 121 121 121 121 121 121 121 122 122 122 122 122 122 122 122 122 122 122 122 122 122 122 122 122 121 121 122 122 122 122 122 121 121 121 122 122 122 122 122 122 122 122 122 122 122 123 123 123 122 122 122 122 123 123 123 123 123 123 123 123 123 123 123 123 123 123 123 123 123 124 123 123 123 123 124 124 124 124 124 123 123 123 123 123 123 123 123 123 124 124 124 124 124 123 124 124 124 124 124 124 123 124 124 124 124 125 125 125 125 125 125 125 125 125 125 125 125 125 125 125 125 125 125 125 125 125 124 125 125 125 125 125 125 125 125 124 124 124 125 125 125 125 125 125 125 125 125 125 125 125 125 125 125 125 125 125 125 125 125 125 125 125 125 125 125 125 125 125 126 126 126 126 125 125 125 125 125 125 125 126 125 125 125 125 126 125 125 125 125 125 125 125 125 125 125 125 125 125 125 125 125 125 125 125 125 126 126 126 125 125 125 126 126 126 126 126 126 110 110 110 110 110 110 111 111 112 112 112 113 113 113 114 113 113 113 113 114 114 114 114 114 114 115 115 114 114 114 114 114 114 114 114 114 114 114 115 115 115 115 115 115 114 114 114 114 115 115 115 115 116 116 116 115 116 116 116 116 116 115 115 115 115 115 115 115 115 115 116 116 116 116 116 116 117 117 118 118 118 118 118 118 118 118 118 118 118 118 118 118 119 119 119 119 119 119 120 119 119 119 119 120 120 119 120 120 119 120 121 121 121 120 120 120 120 120 120 120 120 121 121 120 120 120 120 120 121 121 122 121 121 121 121 122 122 122 121 121 122 122 122 122 122 122 122 122 122 122 122 122 122 122 122 123 121 121 121 122 122 122 122 122 122 122 121 121 122 122 122 122 122 122 122 122 122 122 122 123 123 122 122 122 122 123 123 123 123 123 123 123 123 123 123 123 123 123 123 123 123 124 124 124 124 124 124 124 124 124 124 124 124 124 124 124 124 124 123 123 123 123 123 124 124 123 124 124 124 124 124 124 123 123 124 124 124 125 125 125 125 125 125 125 125 125 125 125 125 125 125 125 125 125 125 125 125 125 125 125 125 125 124 125 125 125 124 124 124 124 124 125 125 125 125 125 125 125 125 125 125 125 125 125 125 125 125 125 125 125 125 125 125 125 125 125 125 125 125 125 126 126 127 126 126 125 125 125 125 125 126 125 125 125 125 125 125 126 126 125 125 125 125 125 125 125 125 125 125 125 125 125 125 125 125 125 125 125 125 125 126 125 126 125 125 125 126 125 126 126 109 109 109 110 111 110 110 110 111 111 111 112 113 114 114 114 114 114 114 113 114 114 114 114 114 114 115 115 115 115 114 114 114 114 114 114 114 114 114 114 115 115 115 115 115 114 114 115 115 116 116 115 115 116 116 116 116 116 116 116 116 116 116 116 116 115 116 116 116 116 115 115 116 116 117 117 117 117 117 118 117 117 118 118 118 118 119 118 118 118 118 118 118 119 119 119 119 119 119 120 120 119 120 120 120 119 119 120 120 120 120 120 121 121 121 121 120 120 120 120 120 120 120 120 120 120 120 121 120 121 121 122 122 122 121 121 122 122 122 122 121 122 122 122 122 122 122 122 122 122 123 122 122 122 122 123 123 121 121 121 122 122 122 122 122 122 122 122 122 121 122 122 122 122 122 122 122 122 122 122 122 123 122 122 123 123 123 123 123 123 123 123 123 123 123 123 123 123 123 123 123 123 124 124 123 123 123 124 124 124 124 124 124 124 124 124 124 124 124 124 124 123 123 124 124 124 124 123 123 124 124 124 123 124 124 124 124 125 125 125 125 125 125 125 125 125 125 125 125 125 125 125 125 125 125 125 125 125 125 125 125 125 124 125 125 125 125 124 124 124 124 124 125 125 125 125 125 125 125 125 124 124 124 125 125 125 125 125 125 125 125 125 125 126 126 125 125 125 126 125 126 126 126 126 126 125 125 125 126 125 125 126 126 125 125 126 126 125 125 126 126 126 126 126 125 125 125 125 125 125 125 125 125 125 125 125 125 125 126 126 125 125 125 125 125 125 125 125 126 126 126 126 126 126 126 109 109 109 109 110 111 111 110 111 111 111 111 112 112 113 113 113 113 114 114 114 114 114 114 114 114 114 114 115 115 115 115 115 115 115 115 115 114 114 114 114 114 114 114 114 114 114 114 115 115 116 116 116 116 116 116 116 116 116 116 116 116 116 117 117 116 115 116 117 117 117 116 115 115 116 116 117 117 117 117 117 117 117 118 118 118 118 119 119 118 118 118 119 119 119 119 119 119 119 120 120 120 120 120 120 120 120 120 121 121 120 121 121 121 121 122 122 121 121 120 120 121 121 120 120 120 121 120 121 121 121 121 121 122 122 121 121 122 122 123 122 122 122 122 123 123 123 123 122 122 122 122 122 122 122 122 122 123 122 122 122 122 122 122 122 122 122 122 122 122 122 122 122 122 122 122 123 122 122 123 122 122 122 122 122 122 123 123 123 123 123 123 123 123 123 123 123 123 123 123 123 123 123 124 124 124 123 123 123 124 124 124 124 124 124 124 124 124 124 124 124 124 124 123 124 124 124 124 124 124 124 123 123 124 124 124 124 124 124 125 125 125 125 125 125 125 125 125 125 125 125 125 125 125 125 125 125 125 125 125 125 125 125 125 125 125 125 125 125 125 125 124 124 124 125 125 125 124 124 124 124 124 124 124 124 124 124 124 125 125 125 125 125 125 125 126 125 125 126 125 125 126 126 125 126 126 126 125 126 126 126 126 126 126 126 125 125 126 126 126 125 125 126 126 126 125 125 125 125 125 125 125 125 125 125 125 126 125 125 126 126 126 126 125 125 125 125 125 125 125 125 126 126 126 126 126 107 108 109 109 110 110 111 111 111 112 111 112 112 113 113 113 113 113 112 112 113 113 114 114 114 114 115 115 115 115 115 115 115 115 115 115 115 115 115 116 115 115 115 115 115 115 115 115 115 115 115 115 116 115 116 116 116 117 117 117 116 116 116 116 116 116 116 115 116 116 117 116 116 116 116 116 116 116 116 117 117 117 117 118 118 118 118 118 119 119 119 119 119 119 119 119 119 119 120 119 119 120 120 120 120 121 121 120 120 121 121 120 121 122 121 121 122 122 122 121 120 120 120 120 120 120 121 121 121 121 121 121 122 122 122 122 122 122 122 122 122 122 122 122 122 122 123 123 123 123 122 122 122 122 122 122 122 122 123 122 122 122 122 122 122 122 122 122 122 122 122 122 122 122 122 122 122 122 122 123 122 122 122 122 123 123 123 123 123 123 123 123 123 123 123 123 123 123 123 123 123 123 123 123 124 124 124 124 124 124 124 124 124 124 124 124 124 124 124 124 124 124 124 124 123 124 124 124 124 124 124 124 124 124 124 124 124 124 124 125 125 125 125 125 125 125 125 125 125 125 125 125 125 125 126 125 125 125 125 125 125 125 125 125 125 125 125 125 125 125 126 125 125 125 124 125 124 124 124 124 124 124 124 124 124 124 124 124 124 125 125 125 124 124 125 125 125 125 125 125 125 125 126 125 125 125 125 125 126 126 126 126 126 126 126 126 126 125 125 126 126 126 126 125 126 126 126 126 125 125 125 125 125 125 125 125 126 126 126 126 125 126 126 126 126 126 126 126 125 125 125 125 125 125 126 126 126 127 108 108 108 108 108 109 109 109 110 109 110 111 111 112 112 112 112 113 113 113 113 113 112 113 113 113 114 114 114 115 115 115 115 115 115 115 114 114 115 115 115 116 115 115 116 116 116 116 116 116 116 115 115 116 116 116 115 116 116 117 117 117 117 117 117 116 116 116 116 116 116 116 116 116 116 116 116 116 116 116 116 116 117 117 117 117 118 118 118 118 118 119 118 119 119 119 119 119 119 120 120 120 120 120 120 120 120 120 121 121 120 120 120 120 121 122 122 122 122 122 121 121 121 120 120 120 119 120 121 121 122 122 122 122 122 122 122 122 122 123 123 122 122 122 122 122 122 123 123 123 123 123 123 122 122 122 122 122 122 122 123 122 122 122 122 122 122 122 122 122 122 122 122 122 122 122 122 122 122 122 122 122 122 122 122 122 122 123 123 123 123 123 123 123 123 123 123 123 123 123 123 123 123 123 123 123 123 124 124 124 124 124 124 124 124 124 124 124 124 124 124 124 124 124 124 124 124 124 124 125 125 125 125 125 125 125 125 124 124 124 124 124 125 125 125 125 125 125 125 125 125 125 125 125 125 125 125 125 125 125 125 125 125 125 125 125 125 124 124 125 125 125 125 125 125 125 124 125 125 125 125 125 125 125 125 125 125 125 125 125 125 124 125 124 124 124 124 125 125 125 125 125 125 125 125 126 125 125 125 125 126 126 126 126 126 126 126 126 126 126 126 126 126 125 126 126 125 126 126 126 125 125 125 125 125 125 125 125 125 125 125 125 125 125 125 126 126 126 127 127 126 126 126 126 126 125 125 126 126 107 108 109 109 108 108 108 108 108 109 109 111 111 111 111 112 112 112 113 113 113 113 113 113 113 113 114 114 114 115 115 115 115 115 115 115 114 114 114 115 115 115 115 115 115 115 116 115 116 116 115 115 116 116 116 116 116 116 116 116 116 116 117 117 117 116 116 117 117 117 116 116 116 116 116 116 116 116 117 116 117 116 117 117 117 118 118 118 118 118 118 118 118 119 119 119 119 119 119 120 120 120 120 121 121 121 121 121 121 121 120 120 120 120 121 121 122 122 122 121 121 121 121 121 121 120 120 120 121 121 121 121 122 123 123 123 122 122 122 122 122 122 122 122 122 122 122 122 123 123 123 123 123 122 122 123 123 122 122 122 123 121 122 122 122 122 122 122 122 122 122 122 122 122 122 122 122 122 122 122 122 122 122 122 122 123 123 123 123 123 123 123 123 123 123 123 123 123 123 123 123 123 123 123 123 123 123 124 124 124 124 124 124 124 124 124 124 124 124 124 124 124 124 124 124 124 124 124 125 125 125 125 125 125 125 125 125 124 124 124 124 124 125 125 125 125 125 125 125 125 125 125 125 125 125 125 125 126 126 126 126 125 125 125 125 125 125 125 125 124 125 125 126 125 125 125 124 125 125 126 125 125 125 124 125 125 125 126 126 125 125 125 125 125 125 125 125 125 126 126 126 126 126 125 125 125 125 125 126 126 126 126 126 126 125 126 126 126 126 126 126 126 126 126 126 126 125 126 126 126 125 125 125 125 125 125 125 125 125 125 126 126 126 126 126 126 126 126 126 127 127 127 127 126 126 126 125 126 126 108 108 109 109 109 109 110 109 109 108 109 110 110 111 112 112 112 113 113 113 113 113 113 113 113 113 114 114 115 115 115 115 115 116 115 115 115 115 116 116 116 115 115 115 115 115 115 115 115 115 115 115 116 116 116 116 116 116 117 116 116 117 117 116 116 116 116 117 116 116 116 116 116 117 117 117 117 117 117 117 117 117 117 117 117 118 118 118 117 118 118 119 119 119 119 119 120 120 120 119 120 120 120 120 120 121 121 121 121 120 120 121 121 121 121 121 122 122 122 121 121 120 121 121 120 120 120 120 121 121 121 121 122 123 123 122 121 122 122 122 122 122 122 122 122 123 123 123 123 123 123 124 123 123 123 122 122 122 122 123 122 122 122 122 122 122 122 122 122 122 122 122 122 122 122 122 122 122 122 122 122 122 122 122 123 123 123 123 123 123 123 123 123 123 123 123 123 124 123 124 124 124 123 123 123 123 123 124 123 124 124 124 124 124 124 124 124 124 124 124 124 124 124 124 124 124 124 125 124 125 125 125 125 125 125 124 124 124 124 124 124 124 124 125 125 125 125 125 125 125 125 125 125 125 125 126 126 126 126 126 125 125 125 125 125 125 125 126 125 125 125 125 126 125 125 125 125 125 126 126 125 125 125 125 125 125 126 126 126 126 126 126 126 126 126 126 126 126 126 126 126 126 125 125 125 125 125 125 126 126 127 126 126 125 125 126 126 126 126 126 126 126 126 126 126 126 126 126 126 126 125 125 125 125 125 125 126 126 126 126 126 127 127 127 126 126 127 127 126 126 127 127 127 126 126 126 126 126 126 107 106 106 108 108 109 109 109 109 110 110 110 110 109 110 111 110 110 111 112 112 113 113 113 113 113 113 113 114 114 114 114 114 115 115 115 116 116 116 115 115 116 116 116 116 115 116 116 116 116 115 116 116 117 116 116 115 116 117 117 117 117 117 117 116 117 118 118 117 117 117 117 117 116 116 117 117 117 117 117 117 117 117 117 117 117 117 117 117 117 117 118 118 118 118 119 119 119 119 119 120 120 119 120 120 120 120 120 120 121 121 121 121 120 121 122 121 121 121 121 122 122 122 121 121 121 120 121 121 121 120 120 121 121 121 122 123 123 123 123 123 122 122 122 122 122 122 122 122 123 122 123 123 123 123 124 123 123 122 122 122 122 123 123 122 122 122 122 122 122 122 122 122 122 122 122 122 122 122 123 122 123 122 122 122 122 122 122 122 123 123 123 123 123 123 123 123 123 123 124 124 124 124 124 124 124 124 124 124 123 123 123 123 123 124 124 124 124 124 124 124 124 124 124 124 124 124 124 124 124 124 124 125 125 125 125 125 125 125 124 124 124 124 124 124 125 125 125 125 125 125 125 125 125 125 125 125 125 125 126 126 126 126 126 125 125 125 125 125 125 125 126 126 125 125 126 126 125 126 125 125 125 126 126 125 125 126 126 126 125 126 126 127 127 127 127 127 127 127 127 127 127 126 126 127 126 126 125 125 125 126 126 126 126 127 127 126 126 126 126 126 126 126 126 126 126 126 126 126 126 126 126 126 126 126 125 125 126 126 126 126 126 126 126 126 126 127 127 126 126 126 126 127 127 127 127 127 127 127 127 127 127 127 107 108 107 107 106 106 106 108 108 109 109 109 110 110 111 111 110 111 112 112 111 110 111 112 112 113 113 113 113 113 113 114 114 114 114 114 114 114 115 115 115 116 116 116 116 116 116 116 116 116 116 117 116 116 117 117 117 117 117 116 116 117 117 118 117 117 117 117 117 117 118 118 118 117 118 117 117 117 117 117 117 117 117 117 117 117 117 117 117 118 118 117 117 117 117 118 118 118 119 119 119 119 120 119 119 119 120 120 120 120 120 121 121 122 122 121 121 122 122 122 122 122 121 122 122 122 121 122 121 121 120 120 121 121 120 120 121 122 123 123 123 122 122 123 123 123 123 123 123 122 122 122 122 123 123 123 123 124 124 124 123 123 123 123 123 123 123 121 121 122 122 122 122 122 122 122 122 122 122 122 122 122 122 122 122 123 123 122 123 123 122 123 123 123 123 123 123 123 123 123 123 123 124 124 124 124 124 124 124 124 124 124 124 124 124 124 124 124 124 124 124 124 124 124 124 124 124 124 124 124 124 124 124 125 125 125 125 125 125 125 125 125 125 125 125 125 125 125 125 125 125 125 125 125 125 125 126 126 126 126 126 126 126 126 126 126 126 125 125 125 125 125 125 125 126 126 126 126 126 126 126 126 126 126 125 126 126 126 126 127 127 126 126 126 126 126 127 127 127 127 127 127 127 127 127 127 127 126 126 126 126 125 126 126 126 126 126 126 126 126 126 126 126 126 126 126 126 126 126 126 126 126 126 126 126 126 126 126 126 126 126 126 126 126 126 126 126 126 127 127 127 127 127 126 127 126 127 127 127 127 127 128 128 127 128 128 106 106 106 107 108 107 108 108 108 108 108 107 107 106 106 106 106 106 108 108 108 109 109 109 110 111 111 112 112 112 112 112 111 111 112 113 113 113 113 113 113 114 114 114 114 114 114 115 115 115 115 116 116 116 116 116 115 116 116 116 116 116 116 116 117 117 116 116 117 117 116 116 116 117 118 118 118 118 117 117 117 117 118 118 118 118 117 117 117 117 117 117 116 117 117 118 117 117 117 118 118 118 118 118 117 118 118 119 120 119 119 120 119 119 120 120 119 119 120 120 120 121 121 121 122 122 122 123 123 123 123 123 123 123 122 122 122 123 122 121 121 121 121 121 121 121 120 121 122 123 122 122 122 122 122 122 123 123 122 122 122 123 123 122 123 123 123 123 123 124 124 124 124 124 123 123 123 121 121 122 122 122 122 122 122 122 122 123 123 122 122 122 122 123 123 123 123 123 123 123 123 123 123 123 123 123 123 123 123 123 123 123 123 124 124 124 124 124 124 124 124 124 124 124 124 124 124 124 124 124 124 124 124 124 124 124 124 124 124 124 124 125 125 125 125 125 125 125 125 125 125 125 125 125 125 125 125 125 125 125 125 125 125 125 125 125 125 126 126 126 126 126 126 126 126 126 126 125 125 125 125 125 125 125 125 126 126 126 126 126 126 126 126 126 126 126 126 127 127 127 127 127 127 126 126 126 126 127 127 127 127 127 127 127 127 127 127 127 127 127 127 126 126 126 126 126 126 126 127 126 126 126 126 126 126 126 126 126 126 126 126 126 126 126 126 126 126 126 126 126 126 126 126 126 126 126 126 127 127 127 127 127 127 127 127 127 126 126 127 128 127 127 127 127 127 128 107 106 107 107 108 108 108 107 107 107 107 107 106 106 107 107 107 108 108 109 109 109 108 108 109 109 109 110 110 110 112 112 112 112 112 112 112 112 112 112 112 114 113 113 114 114 114 114 114 115 115 115 115 115 116 116 116 116 116 116 116 116 117 117 117 116 116 116 116 116 116 116 116 116 117 117 117 117 118 118 118 118 118 117 117 117 118 118 118 118 118 118 117 117 117 117 117 118 118 118 118 118 118 118 118 118 118 117 118 118 119 119 119 119 119 119 120 121 121 120 120 120 120 121 121 121 121 122 122 122 124 124 124 124 124 123 123 123 122 123 123 122 121 121 121 121 121 121 121 121 120 121 121 122 121 122 121 122 122 123 123 123 123 122 123 123 123 122 123 123 124 124 124 124 125 125 124 123 124 123 122 121 122 122 122 122 122 122 122 122 122 122 122 122 122 122 123 123 123 123 123 123 123 123 123 123 123 123 123 123 123 123 123 123 123 123 123 124 124 124 124 124 124 124 124 124 124 124 124 124 124 124 124 124 124 124 124 124 124 124 125 125 125 125 125 125 125 125 125 125 125 125 125 125 125 125 125 125 125 125 125 125 125 125 125 125 125 125 125 125 125 126 126 126 126 126 126 126 126 126 125 125 125 125 125 125 125 125 125 126 126 126 125 126 126 126 126 126 126 126 127 127 126 126 127 127 127 126 126 126 126 126 127 127 127 127 127 127 127 127 127 127 127 127 126 126 126 126 126 126 127 126 126 126 126 125 126 126 126 126 126 126 126 126 126 126 126 126 126 126 126 126 126 126 126 126 126 126 126 126 126 126 127 127 127 128 128 128 127 127 126 127 127 127 127 127 127 127 128 107 106 107 107 108 108 108 107 107 106 107 107 107 107 108 108 107 107 107 107 107 108 109 109 109 110 110 111 110 109 109 108 108 109 109 109 109 110 110 111 112 113 113 113 113 112 113 112 112 113 114 114 113 113 114 114 114 114 115 115 115 115 115 116 116 116 116 116 116 116 116 117 117 117 117 116 116 116 117 116 117 117 117 117 117 117 117 118 118 118 119 119 119 118 118 118 118 118 118 117 117 117 117 118 118 118 118 117 118 118 118 119 118 118 118 118 118 118 118 118 119 119 118 119 119 119 119 120 120 120 120 121 122 121 121 122 122 122 122 123 123 123 123 123 123 123 123 123 123 123 122 121 121 121 121 121 121 121 121 121 120 120 121 121 122 121 122 123 123 123 123 122 122 123 123 123 123 123 123 123 123 124 124 124 125 125 124 124 124 123 122 122 123 123 122 122 122 122 122 122 122 122 122 122 122 122 123 123 123 123 122 123 123 123 123 123 123 123 123 123 123 123 123 123 123 124 123 124 124 124 124 124 124 124 124 124 124 124 124 124 124 124 124 124 124 124 124 124 124 125 125 125 125 125 125 125 125 125 125 125 125 125 125 125 125 125 125 125 125 125 125 125 125 125 126 126 126 125 125 125 125 126 126 126 126 126 126 126 126 125 125 125 125 125 125 125 125 125 126 126 126 126 125 126 126 126 126 126 126 126 126 126 126 126 126 127 127 127 126 126 127 127 127 127 127 127 127 127 127 127 127 127 127 126 126 126 126 127 127 127 127 127 126 126 126 126 126 126 126 126 126 126 126 126 126 126 126 126 126 126 126 126 126 126 126 126 126 126 126 126 126 126 127 127 127 127 127 128 128 127 127 127 127 127 127 128 128 128 107 107 107 108 108 108 108 107 107 107 107 108 108 108 108 108 108 108 108 107 108 109 108 108 109 110 110 110 109 109 109 109 109 109 110 110 110 110 111 112 112 112 112 112 113 113 113 113 114 114 114 114 113 114 114 115 115 115 116 116 115 115 115 116 115 116 116 117 117 117 117 117 117 117 117 117 117 117 118 118 118 118 118 117 117 117 117 117 118 118 118 118 118 117 117 117 118 118 118 117 117 117 118 118 118 118 117 118 119 119 119 119 119 119 119 119 119 118 118 118 119 119 119 120 120 120 119 120 120 121 121 122 122 121 121 122 122 122 122 123 122 122 122 122 123 124 124 124 123 122 122 121 121 121 121 121 121 121 122 121 120 120 121 121 121 123 122 122 123 123 123 123 123 124 124 123 124 124 124 124 124 124 124 124 125 125 125 125 124 124 124 124 124 123 123 123 123 123 122 123 123 123 122 122 122 123 123 123 122 123 123 123 123 123 123 123 123 123 123 123 123 123 123 123 124 124 124 124 124 124 124 124 124 124 124 124 124 124 124 124 124 124 124 124 124 124 125 124 124 125 125 125 125 125 125 125 125 125 125 125 125 125 125 125 125 125 125 125 125 125 125 125 125 126 126 126 125 125 126 125 125 126 126 126 126 126 126 126 125 125 125 125 125 125 125 125 125 125 126 126 126 126 125 126 126 126 126 125 125 126 126 126 126 126 127 127 127 126 127 127 127 127 127 127 127 127 127 127 127 127 127 127 127 127 126 126 126 127 127 127 127 127 126 126 126 126 126 126 126 126 126 126 126 126 126 126 126 126 126 126 126 126 126 126 126 126 126 126 126 126 126 127 127 127 127 127 127 127 128 127 127 127 128 127 127 128 128 108 107 108 108 108 109 108 108 108 108 108 108 109 109 109 108 108 107 108 108 108 108 108 109 109 109 110 109 109 109 109 109 109 109 110 110 110 111 112 112 112 112 112 113 113 114 114 114 114 114 114 113 114 114 115 115 115 116 116 116 115 115 116 116 116 116 116 117 117 117 117 117 117 117 117 118 118 118 118 118 118 118 117 118 118 118 118 118 118 118 119 118 117 117 117 118 118 117 117 118 118 118 119 118 118 118 118 119 119 119 119 119 118 118 119 119 119 118 119 120 120 120 120 120 120 120 121 121 121 121 121 122 121 121 122 122 122 123 123 122 122 122 122 122 123 123 124 124 123 123 122 123 122 121 122 122 122 122 121 121 120 121 121 122 123 123 123 122 123 123 123 123 123 123 124 124 124 124 124 124 125 125 125 125 125 125 125 124 124 124 124 124 124 124 124 123 123 123 123 123 123 122 122 123 122 123 123 123 123 123 123 123 123 123 123 123 123 123 123 123 123 123 124 124 124 124 124 124 124 124 124 124 124 124 124 124 124 124 124 124 124 124 125 124 125 125 124 124 125 125 125 125 125 125 125 125 125 125 125 125 125 125 125 125 125 125 125 125 125 125 125 126 126 126 126 126 126 126 126 126 126 126 126 126 126 126 126 126 125 125 126 125 125 125 125 125 125 126 126 126 126 126 126 126 126 126 126 126 126 126 126 126 126 126 127 127 126 127 127 127 127 127 127 127 127 127 127 127 127 127 127 127 127 127 127 127 127 127 127 127 127 127 126 126 126 126 126 126 126 126 126 126 126 126 126 126 126 126 126 126 126 126 126 126 126 126 126 126 127 127 127 127 126 126 127 127 127 127 128 128 128 128 127 127 128 128 108 108 108 108 109 110 109 109 109 109 109 109 110 109 109 108 108 108 107 108 108 109 109 109 109 109 109 110 110 109 109 109 109 109 109 110 110 110 112 112 112 112 112 112 113 113 114 114 114 114 114 114 113 113 114 114 115 115 115 116 116 116 116 116 116 116 116 116 116 116 116 117 117 117 117 117 117 118 118 117 117 117 117 117 118 119 119 119 119 120 119 119 119 118 117 117 117 117 117 118 118 118 119 119 118 119 119 119 119 118 119 119 119 119 118 119 119 119 118 118 119 120 120 120 120 121 121 121 121 121 121 121 121 121 121 121 121 122 123 123 123 122 122 122 122 122 122 122 123 123 123 123 123 123 123 123 123 122 122 122 121 121 121 122 122 123 123 123 123 123 123 124 124 124 124 124 124 124 124 124 124 125 125 125 125 125 125 125 124 124 124 124 124 124 124 124 124 124 124 124 123 123 122 123 123 123 123 123 123 123 123 123 123 123 123 123 123 123 123 123 123 123 124 124 124 124 124 124 124 124 124 124 124 124 124 124 124 124 124 124 124 124 125 125 125 125 125 124 124 125 125 125 125 125 125 125 125 125 125 125 125 125 125 125 125 125 125 125 125 125 125 125 126 126 126 126 126 126 126 126 126 126 126 126 126 126 126 126 126 126 125 126 126 125 126 126 125 126 126 126 126 126 126 126 126 126 126 126 126 126 126 126 126 126 127 127 127 127 127 127 127 127 127 127 127 126 126 127 127 127 127 127 127 127 127 127 127 127 127 127 127 127 127 127 126 126 126 126 125 125 125 126 126 126 126 126 126 126 126 126 126 126 126 126 127 127 126 127 127 127 127 126 127 127 127 127 127 127 127 127 127 127 128 127 127 128 128 129 108 108 109 109 109 110 109 109 108 108 108 109 110 110 109 108 108 108 108 109 109 108 109 110 109 109 110 110 110 110 109 109 109 109 109 109 109 109 109 110 111 113 113 112 112 112 113 113 114 113 114 114 114 115 114 114 114 114 115 115 116 116 116 116 116 116 116 116 116 116 116 117 117 117 117 117 117 117 118 118 118 118 118 117 117 117 117 118 118 118 118 119 119 119 118 118 117 118 118 118 118 118 118 119 119 119 119 119 119 119 119 118 118 119 119 119 118 118 118 118 118 119 118 119 119 120 120 121 121 122 122 122 122 122 122 122 121 121 121 122 122 123 123 123 123 123 122 122 121 122 122 122 122 123 124 124 124 123 122 122 121 121 121 120 121 122 122 122 123 123 123 124 124 124 124 124 125 125 124 125 125 125 125 125 126 125 125 125 125 125 125 125 125 124 124 124 125 124 124 124 124 123 123 123 123 123 123 123 123 123 123 124 123 123 123 123 123 123 123 123 123 123 123 124 124 124 124 124 124 124 124 124 124 124 124 124 124 124 124 124 124 124 124 124 125 125 125 125 124 124 125 125 125 125 125 125 125 125 125 125 125 125 125 125 125 125 125 125 125 125 125 125 125 125 126 126 126 126 126 126 126 126 126 126 126 126 126 126 126 126 126 126 126 126 126 125 126 126 125 125 126 126 126 126 126 126 126 126 126 126 126 126 126 126 126 126 126 127 127 127 127 127 127 127 127 127 127 126 126 127 127 127 127 127 127 127 127 127 126 126 127 127 127 127 127 127 127 126 126 126 125 126 126 126 126 126 126 126 126 126 127 127 126 126 126 126 126 126 127 127 127 127 126 127 127 127 127 127 127 127 127 127 127 127 127 127 127 128 128 128 108 108 108 109 109 109 109 109 108 108 108 108 109 109 109 109 108 108 108 109 110 110 109 109 110 110 110 109 110 111 111 110 110 110 110 109 109 109 109 109 110 111 111 112 112 112 112 112 112 113 113 113 114 114 114 114 115 115 114 115 115 115 115 116 116 116 116 116 117 117 117 117 117 117 117 117 118 118 117 118 118 118 118 118 119 118 118 118 118 118 119 118 118 118 118 118 118 118 118 118 118 118 119 119 119 119 119 119 119 118 118 118 118 118 118 118 118 118 118 119 119 119 119 119 119 119 119 120 120 121 121 121 121 122 122 122 122 121 121 120 121 122 122 123 123 122 122 123 122 121 122 123 122 122 123 123 123 123 123 123 122 121 121 120 120 121 122 122 122 122 123 124 125 125 124 124 124 125 125 124 125 125 126 126 126 126 125 125 125 125 125 124 125 125 124 124 124 124 124 124 125 125 124 124 124 124 124 124 123 123 123 124 124 124 124 124 123 123 123 123 123 123 123 123 124 124 124 124 124 124 124 124 124 124 124 124 124 124 124 124 124 124 124 124 125 125 125 125 125 124 124 125 125 125 125 125 125 125 125 125 125 125 125 125 125 125 126 125 125 125 125 125 125 125 125 126 126 126 126 126 126 126 126 126 126 126 126 126 126 126 126 126 126 126 126 126 126 126 126 125 126 126 126 126 126 126 126 126 126 126 126 126 126 126 126 126 126 126 126 127 127 127 127 126 126 126 126 127 127 127 127 127 127 127 127 127 127 126 126 126 126 127 127 127 127 127 127 127 127 126 126 126 126 126 126 126 127 126 126 126 126 127 127 126 126 126 126 126 126 126 127 127 127 127 127 126 126 126 126 126 126 127 127 127 127 127 127 127 127 128 128 109 109 109 109 109 108 108 109 109 109 109 109 108 108 108 108 108 108 107 108 109 110 110 109 109 110 111 111 111 111 111 112 111 111 111 110 110 110 110 110 110 110 111 111 111 112 113 113 113 114 113 113 113 113 113 114 114 114 114 115 114 115 115 116 116 116 116 116 116 116 117 117 117 117 117 117 117 117 117 117 118 118 118 118 118 119 119 118 119 119 120 120 119 119 119 118 118 118 118 118 118 118 118 119 120 119 119 118 118 119 119 118 118 118 118 118 119 119 118 118 119 119 120 120 120 119 119 119 120 121 121 121 121 121 121 122 122 122 122 122 121 121 121 122 122 122 121 121 121 121 121 121 122 121 121 122 123 123 123 123 123 123 122 121 121 120 121 122 122 123 123 124 124 125 124 123 123 124 125 124 124 125 125 125 126 126 126 125 125 125 125 125 124 124 124 124 124 124 124 124 124 125 125 125 124 124 124 124 124 124 124 124 124 124 124 124 124 124 124 124 124 123 124 124 124 124 124 124 124 124 124 124 124 124 124 124 124 124 124 124 124 124 124 124 124 125 125 125 125 124 124 125 125 125 125 125 125 125 125 125 125 125 125 125 125 126 126 125 125 125 125 125 126 126 125 125 126 126 126 126 126 126 126 126 126 126 126 126 126 126 126 126 126 126 126 126 126 126 126 126 126 126 126 126 126 126 126 126 126 126 126 126 126 126 126 126 126 126 126 126 127 127 127 127 126 127 127 127 127 127 127 127 127 127 127 127 126 126 126 126 126 126 127 127 127 127 127 127 127 126 126 126 126 127 126 126 126 127 126 126 126 126 126 126 127 126 126 126 126 126 126 126 126 126 126 126 126 127 127 127 127 127 127 127 127 127 127 127 128 128 128 128 129 109 108 109 109 110 109 108 108 109 109 108 108 109 109 108 107 107 107 108 108 109 109 110 109 109 109 110 110 111 111 112 112 112 112 112 112 111 112 111 110 110 110 110 111 111 112 112 113 113 114 114 114 113 113 113 113 113 114 114 114 114 115 115 115 115 116 116 116 116 116 116 116 116 116 117 117 116 116 117 117 117 117 117 118 118 118 118 119 119 119 119 120 119 120 120 119 119 118 118 118 118 118 118 118 119 119 119 119 118 118 118 118 118 118 119 119 119 119 119 119 118 119 120 120 120 120 120 120 121 121 121 121 121 121 121 121 122 122 122 122 122 122 122 122 121 121 121 121 122 122 122 121 121 121 121 121 122 123 123 123 123 123 123 123 122 121 121 121 122 123 123 123 124 124 124 124 123 123 124 124 123 124 124 124 125 125 125 125 125 125 125 125 125 124 124 124 124 124 124 125 125 125 125 125 125 124 124 124 124 124 124 124 124 124 124 124 124 124 124 124 124 124 124 124 124 124 124 124 124 124 124 124 124 124 124 124 124 124 124 124 124 124 124 124 124 124 125 125 125 124 124 125 125 125 125 125 125 125 125 125 125 125 125 125 125 125 126 125 125 125 125 125 126 126 126 125 126 126 126 126 126 126 126 126 126 126 126 126 126 126 126 126 126 125 126 126 126 126 126 126 126 126 126 126 126 126 126 126 126 126 126 126 126 126 126 126 126 126 126 126 127 127 127 127 127 126 126 127 127 127 127 127 127 127 127 126 126 126 126 127 126 126 126 127 127 127 127 127 127 127 127 126 126 127 127 127 126 126 127 127 127 127 126 126 126 126 127 127 126 126 126 126 127 127 127 127 127 127 127 127 127 127 127 128 128 128 128 128 128 128 128 128 128 129 108 108 108 109 110 109 108 108 109 109 109 108 108 108 108 108 108 109 109 109 110 110 109 109 109 109 109 110 110 111 111 111 111 111 112 112 113 113 112 111 111 111 111 111 111 111 112 112 112 113 113 114 114 114 114 114 114 114 114 114 115 115 115 115 115 116 116 116 116 116 116 116 117 117 117 116 116 117 117 117 117 117 118 118 118 118 119 119 119 119 119 119 120 120 120 120 120 119 118 118 118 118 118 118 119 119 119 119 119 119 118 118 119 119 119 119 120 119 119 119 119 119 119 120 120 120 121 121 122 121 121 121 121 121 121 121 121 122 122 121 121 121 121 121 121 122 122 122 122 123 123 122 122 121 121 121 122 123 122 123 123 122 122 122 122 122 121 122 123 123 123 123 123 123 123 123 123 123 124 124 123 124 124 124 124 124 125 125 126 125 125 125 125 123 124 123 124 124 124 124 124 124 125 125 124 124 124 124 124 124 124 124 124 125 124 124 124 124 124 124 124 124 124 124 124 124 124 124 124 124 124 124 124 124 124 124 124 124 124 124 124 124 124 124 125 125 125 125 124 124 124 125 125 125 125 125 125 125 125 125 125 125 125 125 125 126 126 125 125 125 125 125 126 126 126 126 126 126 126 126 126 126 126 126 126 126 126 126 126 126 126 126 126 125 126 126 126 126 126 126 126 126 126 126 126 126 126 126 126 126 126 126 126 126 126 126 126 127 127 127 127 127 127 127 127 126 126 126 126 126 127 126 127 127 126 126 126 126 126 126 127 127 126 127 127 127 127 127 127 127 126 126 126 127 127 127 127 127 127 127 127 127 126 126 126 127 127 127 127 126 126 126 126 127 127 127 127 127 127 127 127 127 127 127 127 128 128 128 128 127 127 127 128 128 129 108 108 108 108 109 109 109 108 108 109 109 109 108 108 108 108 109 110 110 111 111 110 109 109 110 110 110 109 110 111 111 111 111 111 112 112 112 113 113 112 111 111 110 111 112 111 111 111 111 112 112 113 113 114 115 115 115 116 116 115 115 116 116 116 116 116 116 116 116 117 117 116 117 117 117 117 117 117 117 117 118 117 118 118 118 118 119 119 119 119 119 119 119 119 120 120 120 120 120 119 119 119 119 119 119 119 119 120 119 119 118 119 119 120 120 120 119 119 119 119 120 119 119 119 119 120 121 122 122 121 121 121 121 121 121 121 121 121 121 121 121 121 121 121 122 122 122 122 123 123 123 122 122 121 121 121 121 122 122 123 123 123 123 122 122 122 121 122 122 122 122 122 123 123 124 123 123 123 123 123 124 124 124 125 125 125 125 126 126 126 125 125 126 124 124 124 124 124 124 124 124 124 124 124 124 124 125 124 124 124 124 124 124 124 124 124 124 124 124 124 124 124 124 124 124 124 124 124 124 124 124 124 124 124 124 124 125 125 124 124 124 125 124 124 125 125 125 124 124 124 125 125 125 125 125 125 125 125 125 125 125 125 125 125 125 125 126 125 125 125 125 125 125 126 126 126 126 126 126 126 126 126 126 126 126 126 126 126 126 126 126 127 126 126 126 126 126 126 126 126 126 126 126 126 126 126 126 126 126 126 126 126 126 126 127 127 126 126 126 126 126 127 127 126 127 126 126 126 126 126 126 126 126 126 126 126 126 127 127 127 126 127 127 127 126 127 127 127 127 126 126 127 127 127 127 127 127 127 127 127 127 127 127 127 126 127 127 127 127 127 126 126 126 126 127 127 127 127 127 127 127 127 127 127 128 128 128 127 128 127 128 128 128 129 129 130 109 109 108 108 108 108 109 109 109 108 109 108 109 109 109 109 110 111 111 111 111 111 110 111 111 111 111 110 110 110 111 111 112 112 112 112 113 113 113 113 112 112 111 112 112 112 112 112 112 111 112 112 113 114 114 115 115 116 116 116 116 116 116 116 116 116 117 117 117 117 117 117 117 117 117 118 118 117 117 117 117 118 118 118 118 118 119 119 119 119 119 119 120 120 120 120 120 120 120 120 119 119 119 119 119 119 119 120 119 119 119 119 119 120 120 120 120 119 119 120 120 119 120 120 120 120 121 121 122 122 122 122 122 122 122 122 122 121 121 121 121 121 121 122 122 122 123 123 123 124 124 122 122 122 122 121 121 121 122 123 123 124 123 122 122 121 121 122 122 122 123 123 123 124 124 124 123 123 123 123 124 124 124 125 125 125 126 126 126 126 126 126 126 124 124 125 125 125 125 124 124 124 124 124 124 124 125 124 124 124 124 125 124 124 124 124 124 124 124 124 124 124 124 124 124 124 124 124 124 124 124 124 124 124 124 124 125 125 125 124 125 125 124 125 125 125 124 124 125 125 125 125 125 125 125 125 125 125 125 125 125 125 125 125 125 125 125 125 125 125 125 126 125 126 126 126 126 126 126 126 126 126 126 126 126 126 126 127 126 127 127 126 126 126 126 126 126 126 126 126 126 126 126 126 126 126 126 126 126 126 126 126 126 127 127 127 126 126 126 126 126 127 127 126 126 127 126 126 126 126 126 127 127 127 126 127 127 127 127 127 126 127 126 127 126 126 126 126 126 126 126 127 127 127 127 127 127 127 128 128 128 128 127 127 127 127 127 127 127 127 126 126 126 126 127 126 126 127 127 127 127 127 127 127 127 128 127 127 127 128 128 128 128 128 129 130 110 110 109 109 108 108 108 108 108 108 108 109 109 109 109 110 110 111 111 111 110 110 110 110 111 112 112 112 111 110 111 112 112 112 112 113 113 113 114 114 113 113 113 113 113 113 113 113 113 112 112 112 113 114 114 114 114 115 115 115 115 116 116 116 116 116 117 117 117 117 117 117 117 117 118 118 118 118 118 117 117 117 118 118 119 119 119 119 119 119 119 119 120 120 120 119 120 120 120 120 120 119 118 118 119 119 119 119 119 119 119 119 119 119 120 120 120 120 120 120 120 119 120 120 121 121 121 121 122 122 122 122 122 122 122 122 121 121 121 121 121 121 121 122 122 123 124 124 124 125 124 123 123 123 122 122 122 122 122 123 123 123 123 122 122 122 122 122 122 123 123 124 124 124 123 123 123 123 124 124 124 124 124 125 126 126 126 127 127 128 127 126 126 124 125 125 125 124 124 124 124 124 124 124 124 124 125 125 124 124 124 125 124 124 124 124 124 124 124 124 124 124 124 124 124 124 124 124 124 124 124 124 124 124 124 125 125 125 125 125 125 125 125 125 125 124 124 124 125 125 125 125 125 125 125 125 125 125 125 125 125 125 125 125 125 126 126 126 126 125 126 125 126 126 126 126 126 126 126 126 126 126 126 126 126 126 126 127 127 127 127 126 127 126 126 126 126 126 126 126 126 126 126 126 126 126 126 126 126 126 126 126 126 127 127 127 126 126 126 126 126 126 126 126 126 126 126 126 126 126 126 126 127 127 127 127 127 127 127 127 126 126 126 127 126 126 127 127 127 127 127 127 127 127 127 128 128 128 128 128 128 128 128 128 127 128 128 128 128 127 127 126 127 126 126 126 127 127 127 127 127 127 127 127 127 127 127 127 128 128 128 127 127 128 129 129 130 110 110 109 108 108 108 109 108 109 109 109 109 110 110 110 111 111 111 111 110 111 111 111 112 112 112 112 111 111 112 112 112 112 112 113 113 114 113 113 113 113 114 114 113 113 113 113 113 112 112 112 113 113 113 113 114 114 115 115 115 115 115 116 116 117 117 117 118 118 118 117 117 118 118 118 118 118 118 118 117 118 118 119 119 119 119 119 120 120 120 119 119 119 120 120 120 120 120 120 119 119 119 119 119 119 119 119 120 119 119 119 119 119 120 120 120 120 120 120 119 120 120 121 121 122 122 122 122 122 122 122 121 121 121 122 121 121 122 122 122 122 123 123 123 124 124 125 125 125 124 124 123 123 122 122 122 122 122 122 123 123 122 122 122 122 122 122 122 123 123 123 123 123 122 123 123 124 124 124 125 125 125 125 126 126 127 127 128 127 127 126 125 125 125 125 125 125 124 124 124 124 124 124 124 124 124 125 124 125 124 125 124 124 124 124 124 124 124 124 124 124 124 124 124 124 124 124 124 124 124 124 124 124 124 125 125 125 125 125 125 125 124 124 125 125 125 125 125 125 125 125 125 125 125 125 125 125 125 125 125 125 125 125 125 126 126 126 126 126 126 126 126 126 126 126 126 126 126 126 126 126 126 126 126 127 127 127 127 126 127 127 126 126 126 126 126 126 126 126 126 126 126 126 126 126 126 126 126 126 126 127 127 127 126 126 126 126 127 126 126 126 126 126 126 126 126 126 126 126 127 127 127 127 127 126 126 126 127 127 127 126 127 126 127 127 127 127 127 127 128 128 128 128 128 128 128 128 128 128 128 128 128 128 128 128 128 128 127 127 126 127 126 126 126 126 126 126 127 127 127 127 127 127 128 128 128 128 128 127 127 128 128 129 129 130 110 110 109 109 109 109 109 109 109 109 110 110 111 111 112 111 111 111 111 111 111 111 112 113 113 112 112 112 113 113 113 113 113 114 113 113 112 113 113 114 114 114 113 113 113 113 112 113 113 113 113 114 114 114 115 114 115 115 115 115 115 115 116 116 117 117 117 118 118 118 118 118 118 118 118 118 118 117 118 118 118 119 119 119 120 120 120 120 120 120 120 120 121 120 120 120 120 120 119 118 119 119 120 119 120 120 119 119 119 119 120 120 120 120 120 120 120 120 120 120 120 121 122 122 122 122 122 121 121 122 123 122 122 121 122 123 123 123 123 124 123 123 124 124 125 124 124 124 123 123 123 122 122 122 123 122 122 122 122 122 122 121 122 122 122 122 122 122 122 122 122 123 124 124 124 125 125 125 126 126 126 126 126 127 127 127 127 127 126 125 125 126 126 126 126 125 124 125 124 124 124 124 124 124 124 124 124 125 124 125 124 124 124 124 124 124 124 124 124 124 125 125 125 125 125 124 124 124 125 124 124 125 125 125 125 125 125 124 124 124 124 125 125 125 125 125 125 125 125 125 125 125 125 125 126 125 126 125 125 125 125 125 125 126 126 126 126 126 126 126 126 126 126 126 126 126 126 126 126 127 126 126 126 127 127 127 127 127 127 126 126 126 126 126 126 126 126 126 126 126 127 126 126 126 126 126 126 127 127 127 126 126 126 127 127 126 126 126 126 126 125 126 126 126 126 126 126 127 127 127 127 127 127 127 127 127 127 127 127 127 127 126 126 126 127 127 127 127 128 128 128 128 128 128 128 128 128 128 128 128 128 128 128 128 128 128 127 127 127 127 126 127 127 126 126 126 127 127 127 127 127 127 127 127 127 128 128 128 128 128 129 129 129 130 131 131 131 110 110 109 109 109 110 109 109 110 111 111 111 111 112 111 111 111 111 112 113 113 113 113 113 113 112 112 113 114 114 114 114 113 113 112 112 112 114 114 114 113 113 113 112 113 114 114 115 115 115 115 115 115 115 115 115 115 116 116 116 116 117 117 117 118 118 118 118 118 118 118 118 118 118 118 118 118 118 119 119 119 119 120 120 120 120 120 120 120 121 121 120 120 121 121 120 119 119 119 120 120 120 120 120 119 119 119 119 120 120 120 120 120 120 120 121 121 121 120 122 123 123 122 121 121 122 121 122 123 122 121 121 122 123 124 124 124 124 124 124 124 124 124 124 124 124 123 122 122 122 122 123 123 123 122 122 122 122 122 122 122 122 123 122 122 123 122 122 122 123 123 124 124 124 125 125 125 126 126 126 126 127 128 127 127 127 127 126 125 125 126 126 126 126 125 125 124 124 124 125 124 124 124 124 124 125 125 125 125 124 124 124 124 124 124 124 124 124 124 124 124 124 124 124 124 124 124 124 125 125 125 125 125 125 124 124 124 124 125 125 125 125 125 125 125 125 125 125 125 125 125 125 126 126 126 125 125 126 126 126 126 126 126 126 126 126 126 126 126 126 126 126 126 126 126 126 126 126 126 127 127 127 127 127 127 127 127 126 126 126 126 126 126 126 126 126 126 126 127 127 126 126 126 126 127 127 127 127 126 126 127 127 126 126 126 126 126 126 126 126 126 126 127 126 126 127 127 127 127 127 127 127 127 127 126 126 126 127 126 126 126 127 127 127 127 127 128 128 127 127 127 127 128 128 128 128 128 128 128 128 128 128 128 128 128 128 127 127 127 127 127 127 127 126 126 127 127 127 127 127 127 128 128 128 128 128 128 129 129 129 129 130 130 130 129 129 130 111 111 110 111 111 110 111 111 111 111 111 111 111 111 111 111 113 113 113 114 114 114 113 113 113 113 113 113 114 114 113 112 113 112 112 113 114 114 114 113 112 112 113 113 114 114 115 116 116 116 115 116 117 116 116 117 117 116 116 116 117 117 118 118 118 118 118 118 118 119 119 118 119 119 119 118 118 119 119 119 120 120 120 120 120 120 120 121 121 121 121 121 121 121 120 120 120 120 120 120 120 120 120 120 119 119 120 121 120 120 120 120 120 120 121 122 121 122 123 123 122 122 122 122 122 122 122 122 122 121 122 123 123 123 123 124 125 125 124 124 124 125 125 124 123 123 123 124 123 123 123 122 122 122 122 122 123 123 122 123 123 124 123 123 123 122 123 123 123 124 124 125 125 125 125 125 125 126 126 126 127 126 126 127 127 126 126 126 125 126 126 126 125 125 124 124 125 125 125 124 124 124 124 124 125 125 124 125 125 124 124 124 124 124 124 124 124 125 125 125 124 124 124 124 124 125 125 125 125 125 125 124 124 124 124 125 125 125 125 125 125 125 125 125 126 125 126 125 125 126 126 126 127 126 127 127 126 126 126 126 126 126 126 126 126 126 126 126 126 126 126 126 126 126 126 126 127 127 127 127 127 127 127 127 127 126 126 126 126 126 126 126 126 126 126 126 127 127 127 126 126 126 127 127 127 126 126 127 127 127 126 127 127 127 127 127 127 127 127 127 127 127 127 127 127 126 126 126 126 126 126 126 126 126 126 127 127 127 127 127 127 127 127 127 127 128 127 128 128 128 128 128 128 128 128 128 128 128 128 128 128 128 128 128 128 128 128 128 127 128 127 127 127 127 127 127 127 127 127 127 128 128 128 128 128 129 129 129 129 129 129 129 128 128 129 130 112 111 111 111 111 111 111 112 112 112 112 113 113 114 114 114 114 114 114 113 113 113 114 114 114 113 113 114 113 112 113 114 114 114 113 113 113 113 113 114 114 114 115 115 116 116 117 117 117 117 117 117 117 117 117 117 118 118 118 118 118 118 118 118 119 119 119 119 119 119 119 118 119 119 119 120 120 120 120 120 121 121 121 121 122 121 121 121 122 121 121 121 121 121 121 121 120 121 120 119 119 120 120 120 120 120 120 120 121 121 122 122 123 123 123 122 123 123 123 122 122 123 122 122 121 122 122 122 122 123 124 125 124 124 124 124 125 125 125 124 123 123 124 123 123 123 123 123 123 123 123 123 123 123 122 123 123 123 122 122 123 123 123 124 125 125 125 125 124 125 125 125 125 125 126 126 126 126 126 127 125 126 126 126 126 126 126 126 126 126 125 124 124 124 124 124 124 124 124 125 125 124 124 124 125 124 124 124 124 124 124 124 124 124 124 124 124 124 125 125 125 125 125 125 125 124 124 124 124 124 125 125 125 125 125 125 125 125 125 126 126 126 126 125 125 125 126 126 127 127 127 126 126 126 126 126 126 126 126 126 127 126 126 126 126 126 126 126 126 126 127 127 127 127 127 127 127 127 126 126 126 126 126 126 126 126 126 126 126 126 126 127 127 127 127 126 127 127 127 126 126 126 127 126 126 127 127 127 127 127 127 127 128 127 127 127 127 127 127 127 126 126 126 126 126 126 126 126 126 127 127 127 127 127 127 127 127 127 128 128 128 128 127 128 128 128 128 128 128 128 128 128 128 128 128 128 128 128 129 128 128 128 128 128 128 128 128 127 127 127 127 127 127 128 128 128 127 127 128 128 129 129 128 129 129 129 128 128 129 130 130 112 112 112 111 111 111 112 113 113 113 113 114 114 114 114 115 115 115 114 114 115 115 115 114 114 114 114 113 113 113 113 113 113 113 113 114 114 114 114 114 114 115 115 116 116 117 117 116 116 117 117 117 117 117 118 118 118 118 118 118 118 118 119 119 119 119 119 119 119 119 119 119 119 120 120 120 120 120 120 121 121 121 121 121 121 121 122 122 122 122 122 121 120 121 121 120 120 120 120 121 121 120 120 120 121 121 120 121 121 122 123 123 123 123 123 123 124 124 123 123 123 123 122 122 122 122 123 123 123 124 124 124 125 125 125 125 125 125 124 124 124 124 124 123 123 124 124 124 123 123 123 123 123 123 123 123 122 122 123 123 123 123 124 124 124 125 125 124 124 125 124 125 126 126 125 126 126 126 127 125 126 126 125 126 127 126 126 126 125 125 125 124 124 124 125 124 124 124 124 125 125 125 124 125 125 125 124 124 124 124 124 125 124 124 124 124 125 125 125 125 125 125 125 124 124 124 124 124 125 125 125 125 125 125 125 125 125 125 126 126 126 126 125 125 125 126 126 127 127 127 126 127 127 127 126 126 126 126 126 127 126 126 126 126 126 126 126 126 126 127 127 127 127 127 127 126 126 126 126 126 126 126 126 126 126 126 126 126 126 126 127 127 127 127 127 127 126 127 127 127 127 126 126 126 126 126 127 127 127 127 127 127 127 127 128 127 127 127 127 127 126 126 126 127 127 127 127 127 127 127 127 127 127 127 127 127 127 127 127 128 128 128 128 128 128 128 128 128 128 128 128 128 128 128 128 129 129 128 128 129 128 129 129 128 128 128 127 127 127 127 127 128 128 127 127 127 128 128 129 129 129 128 129 129 128 128 129 129 129 130 130 131 131 132 132 113 113 113 112 112 113 113 113 113 114 114 114 114 115 115 115 115 115 115 115 115 115 115 115 115 115 114 113 114 114 113 113 113 113 114 114 114 114 114 115 115 116 116 117 116 116 116 116 117 118 118 118 118 118 118 118 118 118 118 118 118 118 119 119 119 119 119 119 119 119 119 120 120 120 120 120 121 121 121 121 121 121 121 121 121 121 121 122 122 122 121 120 120 120 121 120 120 121 122 122 121 120 120 121 122 121 121 121 122 123 123 123 124 124 124 124 123 123 123 123 123 123 122 122 122 122 122 123 124 124 124 125 125 125 125 125 125 125 125 124 124 124 124 124 124 124 123 124 123 123 123 123 123 123 123 123 123 123 123 124 124 124 124 124 125 125 125 124 124 125 125 126 126 125 125 126 126 127 126 125 125 126 126 126 126 126 127 126 125 125 125 125 125 125 125 125 124 124 125 125 125 125 125 125 125 125 125 125 125 125 125 124 125 125 125 125 125 125 125 125 125 125 124 124 124 124 125 125 125 125 125 125 125 125 125 126 125 125 126 126 126 126 125 125 126 126 126 127 128 128 128 128 127 127 126 126 126 126 126 126 126 127 126 126 126 126 127 127 127 127 127 126 126 126 126 126 126 126 126 126 126 126 126 126 126 126 126 126 126 126 127 127 127 127 127 127 127 127 127 127 127 127 127 127 127 127 128 127 127 128 128 128 127 128 128 127 127 127 127 127 126 127 127 127 127 127 127 127 127 127 127 127 127 127 127 127 127 128 128 128 128 128 128 128 128 128 128 128 128 128 128 128 128 128 128 128 128 128 128 129 128 128 128 128 128 127 127 127 127 127 127 127 128 128 128 128 128 129 129 128 128 128 129 129 129 129 130 129 129 129 130 131 131 131 131 131 132 113 113 113 114 114 114 114 114 114 115 115 115 115 115 115 115 115 115 115 116 115 115 115 115 114 114 114 114 114 113 113 114 115 115 115 115 115 115 115 116 116 116 116 116 116 117 117 118 119 119 119 119 119 119 119 119 118 119 119 119 119 119 119 119 120 119 119 119 119 120 120 120 121 121 121 121 121 121 121 121 121 121 122 122 122 122 122 122 121 120 120 121 120 120 121 122 122 121 121 120 121 122 121 121 121 122 123 123 123 124 124 124 123 124 123 122 122 122 122 122 123 122 123 123 124 125 124 125 125 125 125 125 125 125 125 124 124 124 124 124 124 124 124 123 123 123 123 123 124 124 124 124 123 123 123 123 124 123 123 124 124 125 125 125 124 125 125 126 127 126 126 126 126 126 126 125 125 126 126 126 126 126 127 126 126 126 125 125 125 125 125 124 125 124 124 125 125 125 125 125 125 125 125 125 125 125 125 125 125 125 125 125 125 125 125 125 125 125 125 125 125 125 125 125 125 125 125 125 125 125 126 125 126 126 125 126 126 127 126 126 126 126 126 126 127 128 128 127 127 127 126 127 126 127 127 126 126 126 127 127 127 126 127 127 127 127 127 126 127 127 126 127 126 127 127 126 126 126 126 126 126 126 126 126 126 126 126 127 127 127 127 127 127 127 127 127 127 127 127 127 128 127 127 128 128 128 128 128 128 128 128 128 128 128 127 127 127 127 127 127 127 127 127 127 127 127 127 127 127 127 127 127 127 127 127 128 128 128 128 128 128 128 128 128 128 128 128 128 128 128 128 128 128 128 128 128 128 128 128 129 128 128 128 127 127 127 127 127 127 127 127 128 128 128 128 129 128 128 129 129 129 129 129 129 129 129 130 129 130 130 130 130 131 131 132 114 114 114 114 114 114 115 115 115 115 115 115 115 115 115 115 115 115 115 115 115 115 114 115 115 114 114 113 113 113 114 114 115 115 115 115 115 116 116 116 116 116 116 117 118 118 119 119 119 119 119 120 120 119 119 119 119 119 119 119 119 119 119 119 120 120 120 120 120 120 120 120 121 121 121 121 121 121 121 121 122 122 122 122 122 121 121 121 121 121 120 120 121 121 122 122 121 121 121 122 122 121 122 122 123 123 123 123 124 123 123 123 123 123 124 124 123 123 123 122 123 123 124 125 125 125 125 125 125 125 125 125 124 124 124 123 123 124 124 124 124 123 123 123 124 123 123 123 123 123 123 123 123 123 123 123 123 123 123 124 124 124 125 125 126 126 126 126 126 126 127 126 126 125 125 125 126 126 126 126 127 126 126 125 125 124 125 125 125 125 125 125 125 125 125 126 125 125 126 125 125 125 125 125 125 125 125 125 125 125 125 125 125 125 125 125 125 125 125 125 126 126 125 125 125 125 125 125 126 126 126 126 126 127 127 127 127 127 127 126 127 127 128 128 128 128 127 127 127 127 127 127 127 126 126 127 127 127 126 126 127 127 127 127 127 127 127 127 127 127 127 127 127 126 126 126 126 126 126 126 126 126 126 126 126 126 127 127 127 127 127 127 127 127 127 127 127 127 128 127 127 128 128 128 128 128 128 128 128 128 128 128 128 128 128 127 127 127 127 127 127 127 127 127 127 127 127 127 127 127 127 127 127 127 127 127 128 128 128 128 128 128 128 128 128 128 128 128 128 128 128 129 129 128 128 128 128 128 128 128 128 128 128 127 127 127 127 127 127 127 127 128 128 128 128 128 129 129 129 130 130 130 129 129 129 130 130 130 130 131 132 132 133 114 114 115 115 115 115 115 115 115 115 115 115 115 115 115 115 115 115 115 114 114 114 115 115 115 114 114 113 113 114 114 114 114 114 115 116 116 116 116 116 116 117 117 118 119 119 119 119 119 119 120 120 119 119 119 119 119 119 119 119 119 119 120 119 120 120 121 121 121 121 121 121 121 121 121 121 122 122 122 122 122 122 122 122 122 121 121 121 120 121 121 122 122 122 121 121 122 123 122 121 121 122 123 123 123 123 123 123 123 123 123 124 124 124 123 124 123 122 123 124 124 125 125 125 125 125 125 125 125 125 125 124 123 123 123 123 124 124 124 124 124 124 123 123 123 123 123 123 123 123 123 123 123 124 124 124 124 125 124 124 124 125 125 125 125 125 126 126 126 127 127 125 126 126 126 126 126 127 127 127 127 126 125 125 125 125 125 125 125 125 125 125 125 126 126 125 126 126 125 125 125 124 124 124 125 125 125 125 125 125 125 125 125 125 125 125 125 125 126 125 125 125 125 126 126 126 126 126 127 127 127 127 127 127 128 128 127 127 127 128 128 128 128 129 129 128 127 128 128 128 127 127 127 127 127 127 127 126 126 127 127 127 127 127 127 128 128 128 128 128 127 126 127 127 127 127 127 127 127 127 127 126 126 126 127 127 127 127 127 127 127 127 127 127 127 127 127 127 127 128 128 128 128 128 128 128 128 128 128 128 128 128 128 128 127 127 127 127 127 127 127 127 127 127 127 127 127 127 127 127 127 127 127 127 127 128 128 128 128 128 129 129 128 128 128 128 128 128 128 128 129 129 129 128 128 128 128 128 128 128 128 127 128 128 127 127 127 127 127 127 127 129 129 129 129 129 129 129 129 129 130 130 130 130 130 130 131 132 132 132 133 134 115 115 115 115 115 115 115 115 115 115 116 115 115 114 113 114 114 115 116 115 115 114 114 113 114 114 114 114 115 115 116 116 116 115 116 117 117 118 119 119 118 119 119 119 120 120 120 119 119 119 120 120 120 119 119 119 119 119 120 120 120 121 121 121 121 121 121 121 122 122 122 122 122 122 122 122 122 122 122 121 121 121 120 121 121 122 122 122 121 121 121 121 122 122 122 122 122 123 123 123 123 123 123 123 124 123 124 124 123 124 124 124 123 123 124 124 125 125 125 125 125 125 125 125 125 125 124 124 123 123 123 124 124 124 124 124 124 123 123 123 123 123 123 123 123 123 124 124 124 124 124 125 126 125 124 124 124 125 125 125 125 126 126 126 127 128 126 126 127 127 127 126 126 127 127 127 126 126 125 125 125 125 125 125 125 125 125 125 125 125 125 126 126 126 125 125 125 124 125 125 125 125 125 125 125 124 124 125 125 125 125 126 126 126 126 125 125 126 126 127 127 127 127 127 127 127 127 127 127 127 127 127 127 127 128 128 127 128 129 129 129 128 129 129 128 127 127 127 127 127 127 127 126 126 126 127 127 127 127 128 128 128 128 128 128 127 127 127 127 127 127 127 127 127 127 127 126 126 126 127 127 127 127 127 127 127 127 127 128 127 127 127 127 127 127 127 127 127 128 127 128 128 127 128 128 128 128 128 128 128 128 127 127 127 127 127 128 128 127 127 127 127 127 127 127 127 127 127 127 127 127 128 128 128 128 129 128 128 128 128 128 128 128 128 129 129 129 129 129 129 128 128 128 128 127 127 127 127 128 128 127 128 128 127 127 127 128 129 129 129 129 129 129 130 129 129 130 130 130 130 130 132 132 131 131 132 132 133 133 133 133 132 132 133 133 115 115 115 115 115 115 115 115 115 116 115 115 115 114 113 113 114 114 115 115 115 114 114 114 115 115 114 114 115 115 115 115 115 116 117 118 119 119 119 119 119 118 119 119 120 120 120 120 120 120 120 120 120 120 120 119 119 120 120 120 121 121 121 121 121 122 122 122 122 122 122 122 122 122 122 122 122 122 122 122 122 122 121 121 121 121 122 122 122 121 122 122 122 123 123 122 123 123 123 123 123 123 123 124 123 124 124 124 123 124 125 124 124 123 124 124 124 125 125 125 125 125 125 125 125 124 124 124 124 123 123 123 123 124 124 124 124 124 123 123 123 123 123 123 123 123 123 124 124 125 125 126 125 125 124 124 125 125 125 126 125 125 126 127 127 127 127 127 126 127 127 127 126 126 127 127 127 126 125 125 125 125 125 126 126 126 125 125 125 125 125 125 125 126 126 125 125 125 125 125 125 125 125 125 125 124 124 125 125 125 125 126 126 126 126 126 126 126 127 127 127 127 127 127 127 127 127 127 127 127 127 127 128 128 128 128 127 128 128 128 128 129 129 129 128 128 127 127 127 127 127 127 127 126 126 127 127 128 128 128 128 128 128 128 128 128 127 127 127 127 127 127 127 127 127 127 126 126 127 127 127 127 127 127 127 127 127 127 127 127 127 127 127 127 127 127 127 127 127 127 128 128 127 128 127 128 128 128 128 128 128 127 127 127 128 128 128 128 128 128 128 128 127 127 127 128 128 127 127 127 127 127 128 128 128 128 128 128 128 128 128 128 128 128 128 128 128 129 129 129 129 128 128 128 128 127 127 127 128 129 128 128 128 128 128 128 128 128 129 129 129 130 129 130 130 130 129 130 130 131 131 132 131 131 130 130 131 132 132 132 132 131 131 132 131 132 132 116 116 115 116 116 116 116 116 116 116 115 115 115 115 114 113 114 114 114 114 114 114 114 115 116 116 116 115 115 115 115 115 116 117 117 118 118 119 119 119 119 119 119 120 120 120 120 120 120 120 120 120 120 120 120 120 121 121 121 120 120 121 121 121 121 121 121 122 122 122 122 122 122 122 122 122 122 123 122 123 123 122 121 121 121 122 122 122 122 121 122 122 122 123 123 123 123 124 124 124 124 123 123 124 124 124 124 124 123 124 125 124 124 124 124 124 125 125 125 125 125 125 124 124 124 124 124 124 124 124 123 123 123 124 124 124 124 124 124 124 124 124 123 123 123 123 124 124 124 125 125 126 125 125 124 125 126 126 126 126 126 126 126 126 126 127 127 127 127 127 127 127 126 127 127 127 127 126 125 125 126 126 126 126 125 125 125 125 126 126 125 125 125 125 126 126 125 125 125 125 125 125 125 125 125 125 125 125 125 125 125 126 126 126 127 127 126 126 127 127 127 127 127 126 127 127 127 127 127 127 127 128 128 128 128 127 127 128 128 127 127 128 128 128 128 128 128 128 128 128 128 128 127 127 127 127 127 128 128 128 128 128 128 128 128 128 127 127 127 127 127 127 127 127 126 127 127 127 127 127 127 127 127 127 127 127 127 127 127 127 127 127 127 127 127 127 127 127 127 127 127 127 127 128 127 128 128 128 127 128 127 127 127 127 127 127 128 128 128 128 128 128 127 127 127 128 127 127 127 127 128 128 128 128 128 128 128 128 128 128 128 128 128 128 128 128 128 128 128 129 129 128 128 129 129 128 128 127 127 128 129 128 128 129 129 129 129 128 128 129 129 129 129 129 130 130 130 131 132 132 132 131 130 130 130 130 131 131 131 131 132 131 130 130 131 131 131 132 116 116 116 116 116 116 116 116 116 115 115 114 114 113 113 114 115 114 114 114 114 114 115 115 116 116 116 116 116 116 116 116 116 116 117 117 118 119 119 119 119 119 120 120 119 120 120 120 120 120 120 120 120 120 120 121 121 121 121 120 121 121 121 121 121 122 122 122 122 122 122 122 122 122 122 122 122 122 123 123 122 121 121 121 121 122 122 122 122 122 122 122 122 123 124 124 124 124 124 124 123 124 124 124 124 124 124 123 124 124 124 124 123 124 124 125 125 125 125 125 125 124 124 123 123 123 123 123 123 123 123 123 123 124 124 124 124 124 124 124 124 124 123 123 123 124 124 125 125 126 126 125 125 125 125 126 127 127 127 127 127 127 126 126 127 127 127 127 127 126 127 126 127 127 128 127 126 126 125 125 125 125 125 125 125 126 125 126 126 126 125 125 125 125 125 126 125 125 125 125 125 125 125 125 125 125 125 125 125 126 126 126 126 127 127 127 126 127 127 127 127 127 126 127 127 127 126 127 127 127 127 127 127 127 127 127 128 128 127 127 127 128 128 127 128 128 128 128 128 128 128 128 128 128 127 128 128 128 128 128 128 128 128 128 128 127 127 127 127 127 126 126 126 127 127 127 127 127 127 127 127 127 127 127 127 127 127 127 127 127 127 127 127 127 127 128 128 127 127 127 127 127 127 127 127 127 127 127 127 127 127 127 127 128 128 129 128 128 128 128 128 128 128 129 129 129 128 128 128 128 128 128 128 128 128 128 128 128 128 128 128 128 128 129 129 128 128 128 128 128 129 129 129 129 128 128 127 127 128 129 129 128 129 129 129 129 129 128 128 129 129 129 130 131 131 131 132 132 132 132 131 131 130 129 129 130 130 131 130 131 132 131 130 130 131 131 132 133 116 116 116 116 116 116 116 116 115 114 113 113 113 114 114 115 115 115 115 114 114 114 114 115 115 116 115 116 117 117 117 117 117 117 118 117 117 118 119 119 118 119 119 119 119 120 120 120 120 120 120 120 120 120 120 121 121 121 121 121 121 121 121 121 121 122 122 122 122 122 122 122 122 122 122 122 123 123 123 123 122 121 121 122 122 122 122 122 123 122 123 123 123 124 124 124 124 124 124 124 124 124 124 125 125 125 124 123 124 124 125 124 124 124 124 125 125 126 126 125 125 124 124 123 124 124 123 124 125 124 124 123 123 123 124 123 123 123 124 124 124 123 123 123 124 124 124 124 125 125 126 126 126 126 125 127 127 127 128 128 128 128 127 127 127 127 127 128 127 127 127 127 127 127 127 127 126 126 126 126 126 126 126 125 126 126 126 126 126 125 125 126 125 125 125 125 126 126 125 126 126 125 125 125 125 125 125 125 125 126 126 126 126 126 126 127 127 127 127 127 127 127 127 126 127 127 127 127 127 127 127 127 127 127 127 127 127 127 127 127 128 128 128 128 127 128 128 128 128 128 128 128 128 128 128 128 128 128 128 128 127 128 128 127 128 127 127 127 127 127 127 127 127 127 127 127 127 127 127 127 128 128 127 127 127 127 127 127 127 127 127 127 127 128 128 128 128 127 127 127 127 127 127 127 127 128 128 128 127 127 127 127 127 128 127 128 129 129 129 128 129 129 129 129 129 129 129 129 129 129 129 128 128 128 127 128 128 129 129 129 129 130 129 129 129 129 128 128 128 128 128 129 129 129 129 129 128 127 127 128 128 128 128 128 129 129 129 129 128 129 129 129 129 130 131 131 131 131 131 131 131 131 131 130 130 129 130 131 130 131 131 131 130 130 131 131 131 132 132 116 116 116 116 116 116 116 115 114 113 114 114 114 115 115 116 116 115 115 114 114 114 115 115 115 115 115 116 116 117 118 118 118 119 119 118 118 119 119 118 118 119 119 119 119 120 120 120 120 120 120 121 121 121 121 121 121 121 121 121 121 121 122 122 122 122 122 122 122 122 123 123 123 123 123 123 123 123 123 123 122 121 122 123 123 122 122 123 123 123 124 124 124 124 124 125 125 125 124 124 124 124 124 124 124 123 124 124 124 124 124 124 124 125 126 126 126 126 125 125 124 124 124 123 124 124 125 125 124 124 124 123 123 123 123 124 124 124 124 124 124 123 123 123 123 124 124 124 125 126 126 126 126 126 127 127 127 128 129 128 128 128 128 128 127 127 128 128 128 127 127 127 127 127 126 126 125 126 126 126 126 125 125 126 126 126 126 125 126 125 126 125 125 125 125 125 125 125 125 125 125 125 125 125 125 125 125 125 125 126 126 126 126 126 127 126 127 127 127 127 127 127 126 126 127 127 127 127 127 127 127 127 127 127 128 127 127 127 127 128 128 128 128 128 127 128 128 128 127 128 127 128 128 128 127 128 128 128 128 128 127 127 128 127 127 127 127 127 127 127 127 127 127 127 127 127 127 127 127 128 128 128 128 128 128 128 128 128 128 128 128 128 128 128 128 127 127 127 128 128 128 127 128 128 128 128 128 128 127 127 127 127 127 127 127 127 128 127 127 127 128 128 128 128 128 127 128 128 129 129 129 129 128 128 128 128 129 130 129 130 130 129 129 129 128 128 128 128 128 128 129 129 129 129 129 128 127 128 128 128 128 128 128 128 129 130 129 129 129 129 129 129 130 130 130 131 131 131 130 131 131 131 131 130 130 130 130 130 130 130 130 130 130 130 130 131 131 132 132 116 116 116 116 117 116 115 114 114 114 114 115 115 116 117 116 115 115 115 115 115 115 115 115 116 116 116 116 116 117 117 117 118 119 119 118 118 118 119 120 119 119 120 120 120 120 120 120 121 121 121 121 121 121 121 121 121 121 121 122 121 121 122 122 122 122 122 122 122 122 122 123 123 123 123 123 123 123 123 122 122 122 123 123 122 123 123 123 124 124 124 125 124 124 125 125 125 125 125 124 125 124 124 124 124 125 125 124 125 125 125 125 125 126 126 126 125 125 124 124 124 123 125 124 124 125 125 125 124 124 124 123 124 124 124 124 124 124 123 123 123 124 124 124 124 124 125 125 126 126 127 127 127 127 128 128 128 129 129 129 129 128 128 128 128 128 128 128 127 127 127 126 126 125 125 125 125 125 126 126 125 126 126 126 127 126 126 126 126 126 125 125 125 126 125 126 125 125 125 125 126 125 125 125 125 125 125 125 126 126 126 126 126 127 126 126 127 127 127 127 127 127 126 127 127 127 127 127 127 127 127 127 127 127 127 127 127 127 128 127 128 127 128 127 127 128 128 128 128 128 127 127 128 128 128 128 128 128 128 128 128 127 128 127 127 127 127 127 127 127 127 127 127 127 127 127 127 127 128 128 128 128 128 128 128 128 128 128 128 128 128 128 128 127 128 128 128 128 128 128 127 128 128 128 128 128 127 128 128 128 128 127 127 127 127 127 127 126 126 126 127 127 127 127 127 127 128 128 129 129 129 130 129 130 130 129 129 130 130 130 130 129 129 129 129 128 128 128 128 128 128 129 130 129 129 128 128 128 128 128 128 129 129 129 129 130 129 129 129 129 130 130 130 130 130 130 130 130 130 131 130 130 130 130 130 130 130 130 130 130 131 131 131 131 131 131 132 133 133 133 117 117 117 117 117 117 116 115 115 115 116 116 116 116 116 115 115 115 115 115 115 115 115 115 116 117 117 116 117 117 117 117 118 119 119 119 118 119 120 120 120 120 120 120 120 120 120 120 121 121 121 121 121 121 121 121 121 121 121 121 121 122 121 121 121 121 121 121 122 122 122 122 122 123 123 123 123 122 122 121 121 122 122 122 122 122 123 123 123 124 124 123 123 123 123 124 124 124 124 124 124 124 124 124 124 124 124 124 124 124 124 124 126 126 126 125 125 125 125 124 124 124 125 125 125 125 125 125 125 124 125 124 124 124 124 124 124 124 123 124 124 124 124 125 125 125 125 126 126 127 128 129 128 128 129 129 130 129 129 130 129 129 129 129 129 129 128 128 127 127 127 127 127 127 127 127 126 127 127 126 127 127 127 127 127 126 126 126 126 126 126 126 126 127 127 126 126 126 126 126 126 126 126 126 127 127 126 126 126 127 127 127 126 127 127 127 127 127 127 127 127 127 127 127 127 127 127 127 127 127 127 127 127 127 127 127 127 127 127 127 127 127 127 127 128 128 128 128 128 128 128 128 128 128 128 128 128 128 128 128 128 128 128 128 128 128 128 128 128 128 128 128 128 128 128 128 128 128 128 129 129 129 129 129 129 129 128 128 129 129 128 128 128 128 128 128 128 128 128 128 128 128 128 128 128 128 129 129 128 127 127 128 128 127 127 126 126 127 127 127 127 127 127 127 127 127 128 128 128 129 129 130 130 130 130 130 130 130 130 130 130 130 130 129 128 128 128 129 129 129 129 129 130 129 128 128 128 128 128 128 129 129 129 129 130 129 129 129 129 129 130 130 130 129 129 129 130 130 130 130 129 130 131 131 131 131 130 130 130 131 132 132 132 133 132 133 133 133 133 133 133 117 117 117 116 116 116 116 116 116 116 116 115 115 115 115 115 115 115 116 115 115 115 116 117 117 118 118 118 118 118 119 120 119 118 118 119 120 120 120 120 120 120 120 120 120 121 121 121 121 121 121 121 121 121 121 121 121 122 122 121 121 121 121 122 122 122 122 122 122 122 122 122 122 123 123 123 122 122 122 123 123 123 123 123 123 123 123 123 122 122 123 122 123 124 124 124 124 124 124 124 125 125 124 124 125 125 125 125 125 126 125 126 126 126 125 124 124 124 125 125 125 125 125 125 125 125 125 125 124 124 124 124 123 123 124 124 124 124 124 124 125 125 126 126 126 126 126 127 128 129 129 129 129 130 130 130 130 130 130 129 129 128 128 128 128 128 128 127 127 127 127 128 127 127 127 127 127 127 126 126 126 126 126 126 126 126 126 126 127 126 127 127 127 127 126 126 126 126 126 127 127 127 127 126 126 126 127 127 127 126 127 127 127 127 127 127 127 127 127 127 127 127 127 127 127 127 127 127 127 127 127 127 127 127 127 127 127 127 127 127 127 128 128 128 128 128 128 128 128 128 128 128 128 128 128 128 128 128 128 128 128 128 128 128 128 128 128 128 128 128 128 128 128 128 128 129 129 129 129 129 129 128 128 128 128 128 128 128 128 128 128 128 128 128 128 128 128 128 128 128 128 128 128 128 128 128 128 129 129 128 128 128 127 127 127 128 129 128 127 127 127 127 127 127 128 128 128 128 129 129 129 129 130 129 129 130 130 130 130 129 129 129 128 128 129 129 129 129 129 129 129 129 129 129 128 128 128 128 128 129 129 129 129 129 129 129 129 130 130 130 130 130 130 129 130 130 130 130 130 130 130 131 132 131 131 131 132 132 133 133 133 133 133 133 132 132 132 133 117 117 116 116 116 116 116 116 116 115 116 116 115 116 116 116 115 115 115 115 116 116 117 117 118 118 119 119 120 119 119 119 118 119 119 120 120 121 121 121 120 121 121 121 121 121 121 121 121 121 121 121 122 122 122 122 121 121 122 122 122 122 122 122 122 122 122 122 122 123 123 123 123 123 123 123 123 123 123 123 123 123 123 123 123 122 122 122 122 123 124 124 125 125 124 124 125 125 125 124 125 125 126 125 125 124 125 125 125 125 126 125 125 125 124 125 125 124 124 124 124 124 124 125 125 124 124 124 124 124 124 124 124 124 124 124 125 126 126 125 125 125 125 126 127 128 128 129 129 129 129 129 130 130 130 130 129 129 128 128 128 128 128 127 127 127 127 128 128 128 127 127 128 127 127 127 127 126 127 127 126 126 126 126 126 126 127 127 127 127 126 126 126 126 126 127 127 127 127 127 126 126 127 127 127 127 126 127 127 127 127 127 127 127 127 127 127 127 127 127 127 127 127 127 128 128 127 128 127 128 128 128 127 127 127 127 128 127 128 128 128 128 128 128 128 128 128 128 128 128 128 128 128 128 128 128 128 128 128 128 128 128 128 128 128 128 129 128 128 128 128 128 128 129 129 129 129 129 129 129 128 128 128 128 128 128 128 128 128 128 128 128 128 128 128 128 128 128 128 128 128 128 128 128 129 129 129 128 128 128 127 127 128 128 128 128 127 127 127 127 127 128 128 128 128 128 129 129 129 129 129 129 129 129 129 129 129 129 128 129 129 129 129 129 129 129 129 129 129 129 129 129 128 128 128 128 128 129 129 129 129 129 129 130 130 129 130 129 130 130 130 130 129 129 130 130 130 131 131 132 132 132 132 132 133 133 132 132 133 132 132 132 132 133 134 134 118 117 116 116 116 116 116 116 115 116 116 116 117 117 116 115 116 116 115 115 115 116 116 117 118 119 120 120 120 120 120 119 119 119 120 120 120 121 121 121 121 121 121 121 121 121 121 122 122 122 122 122 122 122 122 121 121 122 122 122 122 122 122 122 122 122 122 122 123 123 123 123 123 123 123 123 123 123 123 123 123 123 123 122 122 123 122 123 123 123 124 124 124 124 125 125 125 125 125 125 125 126 125 125 124 125 124 125 125 126 126 126 125 125 125 124 124 124 124 124 124 124 125 124 124 124 125 124 124 124 124 124 124 125 125 125 125 125 125 125 125 126 126 127 127 128 129 129 129 129 129 130 130 130 130 129 128 128 127 127 127 127 127 127 127 128 128 129 128 127 128 128 128 127 127 127 127 127 127 126 127 126 126 127 126 126 127 127 127 126 126 126 126 126 127 127 127 127 126 126 126 127 127 127 127 126 127 127 127 127 127 127 127 127 127 127 127 127 127 127 127 128 127 127 128 127 128 128 128 128 128 128 127 127 127 128 128 128 128 128 128 128 128 128 128 128 128 128 128 128 128 128 128 128 128 128 128 128 128 128 128 128 129 129 128 128 129 128 128 128 128 128 129 129 129 129 129 129 129 129 129 129 128 129 128 128 129 128 128 128 128 128 128 128 128 128 128 128 128 128 128 128 128 128 128 128 128 128 129 128 128 128 128 128 128 128 127 127 127 127 127 127 128 128 129 129 129 128 128 129 129 129 129 129 129 130 130 129 129 129 129 129 128 128 128 128 128 129 129 129 129 129 129 129 128 128 128 129 129 129 129 130 130 130 129 129 129 129 129 129 129 129 130 130 130 130 131 132 131 131 132 132 132 132 132 132 132 132 131 131 132 133 134 134 134 133 118 118 117 117 116 117 116 116 116 116 116 116 117 117 117 116 117 117 117 116 116 115 116 116 117 118 119 120 120 120 121 121 120 120 120 120 120 121 121 121 121 121 121 121 121 121 121 121 121 122 122 122 122 122 122 122 121 122 122 122 122 122 122 122 122 122 122 122 122 122 123 123 122 123 123 123 123 123 123 123 123 123 123 123 122 122 122 122 123 123 123 123 124 124 125 125 125 126 126 125 125 126 126 125 125 124 125 124 125 125 125 126 125 125 125 124 124 124 124 124 124 124 124 124 124 124 124 125 125 124 124 125 125 125 125 125 125 125 125 125 126 125 126 127 127 128 128 128 129 129 129 129 130 130 130 131 130 130 128 128 128 127 128 128 128 128 128 128 128 128 127 127 127 127 128 128 128 128 128 128 127 127 126 126 127 127 126 127 127 127 127 127 127 126 127 127 127 127 127 127 127 127 127 127 127 127 127 127 127 127 127 127 127 127 127 127 127 127 127 127 127 127 127 128 127 127 127 128 128 128 128 128 128 128 128 128 128 128 128 128 128 128 128 128 128 128 128 128 128 128 128 128 128 128 128 128 128 128 128 128 128 128 128 128 129 129 129 129 129 129 129 128 128 129 129 129 129 129 129 129 129 129 129 129 129 128 128 129 129 129 128 129 129 128 128 128 128 128 128 128 128 128 128 128 128 128 128 128 129 129 129 128 128 128 129 129 128 128 127 127 127 127 127 127 128 128 128 128 129 129 129 129 129 129 130 130 130 130 129 129 129 128 128 129 128 128 128 128 129 129 129 129 129 129 129 129 128 128 128 129 129 129 129 129 129 129 129 129 129 129 130 130 131 131 131 131 131 132 132 131 131 131 132 132 132 132 132 131 131 132 132 133 133 133 133 133 132 118 118 118 118 117 117 117 116 116 116 117 117 117 117 117 117 117 117 117 117 117 117 116 116 117 118 118 119 120 120 120 121 121 121 120 121 121 121 121 121 121 120 121 120 121 121 121 121 122 121 121 122 122 122 122 122 122 122 122 122 122 122 122 122 122 122 122 122 122 122 122 122 122 122 122 122 123 123 123 123 123 123 123 123 123 123 122 123 123 123 124 123 123 124 124 125 125 125 125 125 125 125 126 125 125 124 123 125 125 124 125 125 126 125 125 125 124 124 124 124 124 124 124 124 124 124 124 124 124 124 124 124 124 125 125 125 125 125 125 126 126 126 126 126 126 127 128 128 128 128 129 129 130 130 130 130 131 130 129 128 128 128 127 128 128 128 128 128 128 127 128 128 127 127 127 127 127 127 127 127 128 128 127 126 127 127 127 127 127 127 127 128 127 127 127 127 128 128 128 127 127 127 127 128 127 128 128 127 127 127 127 127 127 127 127 127 127 127 127 127 127 127 127 127 128 128 127 128 128 128 128 128 128 128 128 128 128 128 128 128 128 128 128 128 128 128 128 128 128 128 128 128 128 128 128 128 128 128 128 128 128 128 128 128 128 129 129 129 129 129 129 129 129 129 129 129 129 129 129 129 129 129 129 129 129 129 129 128 129 129 129 129 129 128 128 128 128 129 129 128 128 128 128 128 128 129 129 128 128 128 128 128 129 129 128 128 129 129 128 128 128 128 127 127 127 128 128 128 128 129 129 129 128 129 129 129 129 129 129 129 129 129 128 128 128 128 128 128 128 129 129 129 129 129 129 129 129 129 128 128 129 129 129 129 129 128 128 128 129 130 129 129 130 130 130 130 131 131 131 131 130 131 131 132 132 132 132 132 131 131 132 132 132 133 133 132 132 131 118 118 118 118 118 118 117 117 116 117 117 118 117 117 117 118 118 118 118 118 117 117 116 116 117 118 118 119 119 120 120 121 121 121 121 121 122 122 121 121 120 120 120 121 121 121 121 122 122 122 121 121 122 122 122 122 122 122 122 122 122 122 122 122 122 122 122 122 122 123 123 122 122 123 122 123 123 123 123 123 123 123 123 124 123 122 122 122 123 123 124 124 123 123 123 124 125 125 125 125 125 125 125 124 124 124 123 125 125 124 125 125 125 126 126 125 125 125 124 124 124 125 125 125 125 125 124 125 125 124 124 124 125 124 125 125 125 125 126 126 126 126 126 126 126 127 127 128 128 128 129 129 129 130 130 131 130 129 129 128 128 127 128 128 128 128 128 128 128 128 127 127 128 128 127 127 127 127 127 127 127 128 128 127 127 127 128 127 127 127 127 128 128 128 128 128 128 128 128 127 127 127 127 128 128 128 128 127 127 127 127 127 127 127 127 127 127 127 127 127 127 127 127 127 127 128 128 128 128 128 128 128 128 128 128 128 128 128 128 128 128 128 128 128 128 128 128 128 128 128 128 128 128 128 128 128 128 129 128 129 128 128 128 128 128 128 129 129 129 129 129 129 129 129 129 129 129 129 129 129 129 129 129 129 129 129 129 129 129 129 129 129 129 128 128 128 128 129 129 129 129 128 128 128 128 128 129 129 129 129 129 128 129 129 129 129 129 129 129 129 128 128 128 128 128 128 128 128 128 128 128 128 128 129 129 129 129 129 129 129 129 128 128 128 129 129 129 128 128 128 129 129 129 129 129 129 129 129 129 129 129 129 129 129 128 128 128 129 130 130 129 129 129 129 130 130 130 130 131 131 130 130 131 132 132 132 133 132 131 131 132 132 132 133 133 132 131 131 132 118 118 118 118 118 118 117 117 117 117 118 117 117 117 118 118 118 118 118 117 116 116 117 118 118 118 119 119 119 120 120 121 121 121 122 122 122 121 121 120 120 121 121 121 122 122 122 122 122 122 122 122 122 122 122 122 122 122 122 122 122 122 122 122 122 122 122 123 123 123 123 123 123 123 123 123 123 123 123 123 123 124 124 123 122 122 122 123 123 123 124 123 123 124 124 124 125 125 125 125 124 124 124 123 124 124 125 125 125 125 125 125 126 126 126 125 125 125 125 125 125 125 125 125 125 125 124 124 124 124 125 125 125 125 125 125 125 126 126 126 126 125 126 126 127 127 127 128 128 128 129 129 130 130 131 131 129 129 128 128 127 127 128 128 127 128 128 128 128 127 127 127 128 127 128 128 128 128 127 127 127 128 128 128 128 128 127 127 127 128 128 129 128 128 128 127 128 128 127 127 128 128 128 128 128 128 127 127 127 127 127 127 127 127 127 127 127 127 127 127 127 127 128 127 128 128 128 128 128 128 128 128 128 128 128 128 128 128 128 128 128 128 128 128 128 128 128 128 128 128 128 128 128 128 128 129 129 129 129 129 129 129 129 129 129 129 129 129 129 129 129 128 128 129 129 129 129 129 129 129 129 129 129 129 129 129 129 129 129 129 129 128 129 128 128 128 128 129 129 129 129 129 128 128 128 128 128 129 129 129 129 129 129 129 129 129 129 129 129 129 129 128 128 128 128 128 128 128 128 128 128 128 128 128 128 129 128 128 129 129 128 128 128 128 128 129 129 128 128 128 129 129 129 129 129 129 129 129 129 129 129 129 128 128 129 129 129 130 130 130 130 129 129 129 130 130 130 130 130 130 130 131 131 132 132 132 132 131 131 131 132 132 133 132 132 131 131 132 132 132 118 118 118 118 118 118 118 117 117 117 117 118 118 118 117 117 118 118 117 116 117 118 118 118 118 118 119 119 119 120 120 121 121 122 122 122 121 121 121 121 121 121 121 122 122 122 122 122 122 122 122 123 122 122 122 122 122 122 122 122 123 123 122 122 122 122 123 123 123 123 123 123 123 123 123 123 123 124 124 124 124 124 123 123 122 122 123 122 123 123 123 123 123 123 124 124 125 124 124 124 123 123 123 123 123 125 125 125 125 125 125 125 125 125 125 125 125 125 125 125 124 124 124 125 124 124 124 125 125 125 125 125 125 125 125 125 125 125 125 125 126 126 126 126 127 127 128 128 128 129 129 129 129 130 131 129 128 128 127 127 128 127 127 127 128 128 127 127 128 128 127 127 127 127 128 127 127 128 127 127 127 127 128 128 128 128 128 128 128 129 128 128 128 128 127 127 127 127 127 127 128 128 128 128 128 127 127 127 127 127 127 127 128 127 128 128 128 128 127 127 127 128 128 128 128 128 128 128 128 128 128 128 128 128 128 128 128 128 128 128 128 128 128 128 128 128 128 128 128 128 128 128 128 128 128 129 129 129 129 129 129 129 129 129 129 129 129 129 129 129 129 129 129 129 129 129 129 129 129 129 129 129 129 129 129 129 129 129 129 129 129 129 129 128 128 128 128 128 129 129 130 129 129 129 128 128 128 129 129 129 129 129 129 129 129 129 129 129 129 128 128 128 128 128 128 128 128 128 128 128 128 128 128 128 128 128 128 128 128 128 129 128 128 128 129 129 129 128 128 128 129 129 129 129 129 129 129 129 129 129 129 129 129 129 129 129 129 130 130 130 129 129 129 129 129 130 130 130 130 130 130 130 131 132 132 132 132 131 131 132 132 133 132 132 131 131 131 131 132 119 119 119 119 119 118 118 118 118 118 118 118 117 117 117 117 117 117 117 117 117 117 118 118 118 119 119 119 119 120 120 121 121 121 121 121 121 122 122 121 121 121 122 122 122 122 122 122 122 123 122 122 122 122 122 122 122 122 122 122 123 123 123 123 123 122 123 123 123 123 123 123 124 123 123 123 123 124 124 124 124 124 123 123 122 122 122 123 123 123 124 123 123 124 124 124 124 124 123 123 123 123 123 123 123 125 125 125 125 125 126 126 125 125 125 125 125 125 125 125 125 125 124 124 125 124 125 125 125 126 125 125 125 125 125 125 125 126 125 125 126 126 126 126 126 127 127 128 128 128 128 128 129 130 129 129 129 128 128 128 128 128 127 127 127 127 128 127 127 127 127 127 127 127 127 127 127 127 127 127 127 127 128 128 127 128 128 128 129 129 129 128 128 128 127 127 127 128 128 127 127 128 128 128 128 127 127 127 127 127 127 127 127 128 128 128 128 128 128 127 127 128 128 128 128 128 128 128 128 128 128 128 128 128 128 128 128 128 128 128 128 128 128 128 128 128 128 128 128 128 128 128 128 128 128 129 129 129 129 129 129 129 129 129 129 129 129 129 129 129 129 129 129 129 129 129 129 129 129 129 129 129 129 129 128 129 129 129 129 129 129 129 129 129 128 128 128 128 128 129 129 129 129 129 129 128 128 128 128 129 129 129 129 129 129 129 129 129 128 128 129 129 129 128 128 128 128 128 128 128 128 128 128 128 128 128 128 128 128 129 128 128 128 128 129 129 129 129 128 128 129 129 129 129 129 129 129 129 129 128 129 129 129 129 129 130 130 130 130 130 129 129 129 129 130 130 130 130 129 130 130 131 131 131 131 132 132 131 131 131 132 132 133 133 132 131 131 131 132 132 119 119 119 119 118 118 118 118 118 117 117 116 117 117 117 118 118 118 117 118 118 118 118 119 119 119 120 120 121 120 120 121 122 122 122 122 121 121 122 122 122 122 123 123 123 123 123 123 123 123 123 123 122 122 122 122 122 123 123 123 123 123 123 123 123 123 123 123 123 123 123 124 124 124 124 124 124 124 124 124 124 123 123 122 122 123 123 123 123 124 124 124 124 124 124 123 123 123 123 123 123 123 125 125 125 125 125 126 126 126 125 125 125 124 125 125 125 125 125 124 124 124 124 125 125 125 126 125 125 125 125 125 125 126 126 125 126 126 126 126 126 127 127 127 128 127 127 127 128 129 129 128 128 128 128 128 128 128 128 127 128 128 128 128 128 127 127 128 128 127 127 127 127 127 127 128 128 127 127 127 127 128 128 128 128 128 129 128 128 128 128 128 128 127 127 128 128 128 128 128 128 128 127 127 127 127 127 127 127 128 128 128 127 128 128 128 128 128 128 128 128 128 128 128 128 128 128 128 128 128 128 128 128 128 128 128 128 128 128 128 128 128 128 128 128 128 128 128 128 128 128 128 129 129 129 129 129 129 129 129 129 129 129 129 129 129 129 129 129 129 129 129 129 129 129 129 129 129 129 129 129 129 129 129 129 129 129 130 130 129 129 128 128 128 128 128 128 129 129 129 129 130 129 128 128 129 129 129 129 129 129 129 129 129 129 129 129 129 129 129 128 128 128 128 128 128 128 128 128 128 128 128 128 128 128 128 128 129 128 128 128 128 128 129 129 129 128 129 128 128 128 129 129 129 129 129 129 129 129 129 129 130 130 130 131 130 130 129 130 129 129 129 129 130 129 130 130 131 130 130 130 130 131 132 132 131 132 132 132 132 132 132 131 131 131 132 133 132 119 119 119 119 119 118 117 116 117 117 117 117 117 118 118 117 118 118 118 118 119 119 119 120 120 120 120 120 121 122 122 122 122 121 121 122 122 123 123 122 122 122 123 123 123 123 123 123 123 122 122 122 122 123 123 123 123 123 123 123 123 123 123 123 123 124 124 124 124 124 124 124 124 124 124 124 124 124 124 123 123 122 122 123 123 123 123 124 124 124 124 124 123 123 123 123 123 123 123 125 125 125 125 125 125 125 126 125 125 125 125 124 125 125 125 125 125 125 124 125 125 125 126 126 125 125 125 125 125 125 125 125 125 126 126 126 126 127 127 127 127 127 127 128 128 128 128 128 128 128 128 128 128 128 128 128 128 128 128 128 128 128 127 127 128 128 127 127 128 128 127 128 129 128 127 127 127 127 127 128 128 128 128 128 128 128 128 128 128 128 128 128 128 127 128 128 128 128 128 127 127 127 127 127 128 128 127 127 128 128 128 128 128 128 128 128 128 128 128 128 128 128 128 128 128 128 128 128 128 128 128 128 128 128 128 128 128 128 128 128 128 128 128 128 128 128 128 128 128 129 129 129 129 129 129 129 129 129 129 129 129 129 129 129 129 129 129 129 129 129 129 129 128 129 129 129 129 129 129 129 129 130 129 130 130 130 130 129 129 129 128 128 128 129 129 128 128 129 130 130 128 128 128 129 129 129 129 129 129 129 129 129 129 129 129 129 129 128 128 128 127 127 128 128 128 128 128 128 128 128 128 128 128 128 128 128 128 128 128 129 128 128 128 128 128 128 128 129 129 129 129 129 129 129 129 129 129 129 129 130 130 131 130 130 130 130 130 130 130 129 129 130 130 130 130 130 130 129 130 132 132 132 131 131 132 132 132 132 132 131 131 132 132 132 132 119 119 118 117 117 118 117 118 118 118 118 118 117 118 118 118 119 119 118 118 119 120 120 120 121 121 122 122 122 121 121 121 122 122 122 122 122 122 122 123 123 123 123 123 123 123 122 123 122 122 123 123 123 123 123 123 123 123 123 123 123 123 124 124 124 124 124 124 124 124 124 124 124 124 124 124 123 123 123 123 123 123 123 123 124 124 124 124 124 123 123 124 123 123 123 123 125 125 125 125 125 125 125 125 126 126 125 125 125 124 124 125 125 125 125 124 125 125 126 126 125 125 125 126 126 126 125 125 125 125 126 126 126 126 126 126 126 127 127 127 127 127 128 128 128 127 127 127 127 128 128 129 128 128 128 127 127 128 128 127 128 128 128 128 128 128 128 128 129 128 128 127 127 128 128 127 127 127 128 127 127 127 128 128 128 128 128 128 128 128 128 128 128 128 128 128 127 127 127 128 128 127 127 127 127 127 127 127 127 128 128 128 128 128 128 128 128 128 128 128 128 128 128 128 128 128 128 128 128 127 127 127 127 128 128 128 128 128 128 128 128 128 128 128 128 128 129 129 129 129 129 129 129 129 129 129 129 129 129 129 129 129 129 129 129 129 129 129 129 129 129 129 129 130 130 130 130 130 130 130 130 130 130 130 129 129 129 129 128 128 129 129 129 129 129 129 130 129 129 129 129 128 129 128 129 129 129 129 129 128 129 129 129 130 129 128 128 127 127 127 128 128 128 128 128 128 128 128 128 128 128 128 128 128 128 128 128 128 128 128 128 128 128 128 128 129 129 129 129 129 129 129 129 129 129 129 129 130 130 130 131 130 131 131 130 130 130 129 129 129 129 129 130 130 130 131 132 132 132 131 131 131 131 132 132 132 131 131 131 131 131 132 133 133 119 118 117 118 118 118 118 118 118 118 118 118 118 118 118 118 118 119 119 119 119 120 121 121 121 121 122 122 121 122 122 122 122 122 122 122 122 123 123 123 123 123 123 123 123 122 123 123 122 123 123 123 123 123 123 123 123 124 124 123 123 124 124 124 124 124 124 124 124 124 124 124 124 124 124 123 123 123 123 123 123 123 124 124 124 124 124 124 124 124 124 124 123 123 123 125 125 125 125 125 125 125 125 125 126 125 125 125 125 125 125 125 125 125 124 125 125 125 126 126 126 126 126 126 126 126 126 125 125 125 126 126 127 126 127 127 127 127 128 128 128 128 128 128 127 127 127 128 128 128 129 128 128 128 127 127 127 128 128 128 129 129 129 129 129 128 128 128 128 128 128 128 128 129 128 127 127 127 127 127 128 128 128 128 128 128 128 128 128 128 128 128 128 128 128 127 127 128 128 128 127 127 127 128 127 127 127 127 128 128 128 127 128 128 128 128 128 128 128 128 128 128 128 128 128 128 128 128 128 127 127 127 128 128 128 128 128 128 128 128 128 128 128 128 128 129 129 129 129 129 129 129 129 129 129 129 129 129 129 129 129 129 129 129 129 129 129 129 129 129 129 130 130 130 130 130 130 130 130 129 129 129 129 129 129 129 129 129 129 129 129 129 129 129 129 129 130 130 129 129 129 129 129 129 129 129 129 129 128 128 129 129 130 130 129 128 128 128 128 128 128 128 128 128 128 128 128 128 128 128 128 128 128 128 128 128 128 128 129 128 128 128 128 128 128 129 129 129 129 129 129 129 129 129 129 129 130 130 130 130 130 130 130 131 131 131 130 130 129 129 129 130 130 130 130 131 131 132 132 131 131 131 132 132 132 131 131 132 132 132 132 133 133 133 133 119 118 118 118 118 117 118 118 118 118 118 119 119 119 119 118 118 119 119 120 120 121 121 121 121 121 122 122 122 122 122 123 123 122 122 122 123 123 123 124 124 123 123 123 122 123 123 123 122 123 123 123 123 123 123 123 124 124 123 124 124 124 124 124 124 124 124 124 124 124 124 124 124 124 124 124 123 123 123 123 123 124 124 124 124 124 125 125 124 124 124 124 124 123 125 125 125 125 125 125 125 125 125 126 126 126 126 125 125 125 125 125 125 125 125 125 126 126 126 126 126 127 127 126 126 125 125 125 125 126 126 127 127 127 127 128 128 128 128 128 128 128 127 127 127 128 128 128 128 128 128 128 128 127 127 128 128 128 128 128 129 129 129 128 128 128 128 129 129 128 128 129 129 128 127 127 127 127 127 127 127 128 128 127 128 128 128 128 128 128 128 128 129 129 128 128 128 128 127 127 127 128 128 128 127 127 127 127 127 127 127 127 128 128 128 128 128 128 128 128 128 128 128 128 128 128 128 128 128 128 127 128 128 128 128 128 128 128 128 128 128 128 128 128 129 129 129 129 129 129 129 129 129 129 129 129 129 129 129 129 129 129 129 129 129 129 129 129 129 130 129 129 129 129 130 130 130 130 129 129 129 129 129 129 129 129 129 129 129 129 129 129 129 129 129 129 130 131 130 130 129 129 129 129 129 128 128 129 128 128 129 129 130 130 129 129 128 128 128 128 128 128 128 128 128 128 128 128 128 128 128 128 128 129 129 129 129 129 129 129 129 129 128 128 128 128 129 129 129 129 129 129 129 129 130 130 130 130 130 130 130 130 130 131 131 131 131 131 130 130 129 129 129 130 130 130 131 132 132 131 131 131 132 131 131 132 132 133 133 133 132 133 133 133 133 120 119 118 118 118 117 118 118 118 118 119 120 120 119 118 118 119 120 120 121 121 121 121 121 121 121 121 122 122 123 123 123 123 123 122 123 123 123 124 124 123 123 123 123 123 123 123 123 123 123 123 123 123 123 123 123 123 123 124 124 124 124 124 124 124 124 124 124 124 124 124 124 125 125 124 123 123 123 123 123 123 123 123 124 124 125 125 125 125 124 124 124 124 124 125 125 125 126 126 126 125 125 125 126 126 126 126 126 125 125 125 126 126 125 125 125 126 126 127 126 126 126 126 126 126 126 126 125 125 126 126 126 126 126 127 128 128 127 127 127 128 128 127 127 127 127 127 128 128 128 128 129 128 128 128 127 128 128 128 129 129 129 129 129 128 128 128 128 128 128 128 128 129 128 128 127 127 128 127 127 127 127 127 127 128 128 128 129 128 128 128 128 128 128 128 128 128 128 127 128 128 128 128 128 128 127 127 127 127 128 128 128 128 128 128 128 128 128 128 128 128 128 128 128 128 128 129 128 129 128 128 128 128 128 128 128 128 128 128 128 128 128 128 128 128 129 129 129 129 129 129 129 129 129 129 129 129 129 129 129 129 129 129 129 129 129 129 129 129 129 129 129 129 129 129 130 130 129 129 129 129 129 129 129 129 129 129 129 130 130 129 129 129 129 129 129 129 130 131 131 131 129 129 129 129 129 129 129 129 128 129 129 130 131 129 129 128 128 128 128 128 129 129 128 128 128 128 128 128 128 129 129 129 129 129 129 130 130 131 130 130 130 129 129 128 128 128 129 129 129 129 129 129 130 130 130 130 130 130 130 130 130 130 130 130 130 131 131 131 131 131 130 129 129 129 130 131 132 132 132 131 131 132 131 131 132 132 133 132 132 132 133 133 133 133 133 134 133 133 133 134 120 119 119 119 118 118 118 118 118 118 119 119 119 118 118 118 118 120 120 120 120 120 120 120 120 121 121 121 122 123 123 123 123 123 123 124 124 124 124 124 123 123 124 124 123 123 123 123 123 123 124 124 123 123 123 123 123 124 124 124 124 124 124 124 124 124 124 124 124 124 124 125 125 125 124 124 124 124 123 123 123 123 123 124 124 125 124 124 124 124 124 125 125 124 126 126 126 126 126 126 126 125 125 125 126 126 126 126 125 125 125 125 125 126 126 126 126 126 126 126 126 126 126 126 126 126 126 125 125 125 126 126 126 126 127 127 128 127 127 127 127 127 127 127 128 128 128 128 129 129 129 129 128 128 127 128 128 129 129 129 129 130 129 129 129 129 128 128 128 128 129 129 128 128 128 128 127 128 128 128 128 128 127 127 128 128 128 128 129 128 128 128 128 128 128 128 128 128 128 128 128 128 128 128 128 128 127 127 128 128 128 128 128 128 128 128 128 128 128 128 128 129 128 128 128 128 128 129 129 128 128 128 128 128 128 128 128 128 129 128 128 128 128 128 128 129 129 129 129 129 129 129 129 129 129 129 129 129 129 129 129 129 129 129 129 129 129 129 129 129 129 129 129 129 129 129 129 129 129 129 129 129 130 130 130 130 129 130 130 130 130 129 129 129 129 129 129 129 129 130 130 131 130 130 129 129 129 129 129 129 129 129 130 130 130 129 128 128 128 128 128 128 129 129 129 128 128 128 128 129 129 129 129 129 130 130 130 130 130 130 131 131 130 130 130 129 129 129 129 130 129 129 130 130 130 130 130 130 131 131 131 130 130 130 130 130 130 131 131 131 131 131 131 131 130 130 131 131 132 132 131 131 132 132 131 132 132 132 132 132 132 133 133 133 133 133 133 134 133 133 133 134 134 120 120 119 119 119 118 119 118 118 118 118 118 118 118 118 119 119 119 120 120 120 120 120 121 121 121 121 122 122 123 123 124 124 124 124 124 124 124 124 124 124 124 123 123 123 124 124 124 124 124 124 123 123 123 124 124 124 124 124 124 124 124 124 125 125 124 124 125 125 125 125 125 124 124 125 125 125 124 123 123 123 123 123 124 124 124 124 123 124 124 124 124 126 125 125 126 126 126 126 126 125 126 126 126 126 126 125 125 126 126 125 126 126 126 126 126 127 126 126 126 126 126 126 126 126 125 125 125 125 126 126 126 126 127 127 128 127 127 127 127 127 128 128 128 129 128 128 128 129 129 129 128 128 128 128 129 129 129 130 129 129 129 130 129 129 128 128 128 129 129 129 129 129 128 128 129 129 129 128 128 127 128 127 127 127 128 128 128 128 128 129 129 128 128 128 128 128 128 128 128 128 128 128 128 127 127 127 128 128 128 128 128 128 128 128 128 128 128 128 128 129 128 128 129 129 129 129 129 129 128 128 128 128 128 128 128 129 128 129 129 128 128 128 129 129 129 129 129 129 129 129 129 129 129 129 129 129 129 129 129 129 129 129 129 129 129 129 129 129 129 129 129 129 129 129 130 130 130 130 130 130 130 130 129 129 129 129 129 130 130 130 129 129 129 129 129 129 130 130 130 131 132 131 131 130 129 129 129 129 129 130 131 131 130 129 128 128 128 128 128 129 129 129 129 129 129 129 129 129 129 130 130 130 131 131 131 130 130 130 130 130 130 130 131 130 130 130 130 129 129 129 130 130 130 130 130 130 131 131 131 131 131 131 130 130 130 131 131 131 131 131 131 130 130 131 131 132 132 132 132 131 131 131 132 132 133 132 131 132 133 132 132 133 132 133 133 133 133 134 134 134 134 135 120 119 119 119 118 118 119 119 119 118 119 120 120 120 121 121 121 121 122 122 121 121 122 122 122 123 124 124 124 124 124 124 124 124 124 124 124 124 124 123 124 124 124 124 124 124 124 124 123 123 124 124 124 124 124 124 124 124 125 125 124 124 125 125 125 125 125 125 124 125 125 125 125 125 125 124 124 123 123 123 123 124 124 123 123 123 124 124 126 126 125 126 126 126 126 126 126 125 126 126 126 126 125 125 126 126 126 126 126 126 127 127 126 126 126 126 126 126 126 126 126 126 126 126 125 125 126 127 126 126 127 128 127 127 128 128 128 129 128 128 128 128 128 128 128 129 129 128 128 128 128 129 129 129 129 129 128 129 129 130 129 129 128 128 129 130 129 128 128 128 128 128 129 129 129 128 128 128 127 128 128 127 128 128 128 128 128 129 128 128 128 128 128 128 128 128 128 128 127 127 127 127 127 128 128 128 128 128 128 128 129 129 128 128 128 128 128 128 129 129 130 129 128 128 128 128 128 128 128 128 128 128 129 129 129 129 129 128 128 129 129 129 129 129 129 129 129 129 129 129 129 129 129 129 129 130 130 129 129 129 130 130 130 129 129 129 130 129 129 129 130 130 130 130 130 130 130 130 130 130 129 129 129 129 129 129 129 129 129 129 129 129 129 130 130 129 130 132 133 133 131 130 130 130 129 129 130 132 132 131 130 129 128 128 128 129 129 129 130 130 129 129 129 130 130 129 130 130 130 130 130 130 130 130 130 130 130 130 130 130 130 131 131 130 130 130 129 130 130 130 130 130 130 130 131 131 131 131 131 131 131 131 131 131 131 130 130 130 130 130 130 131 131 131 132 132 131 131 131 132 132 132 132 132 132 133 133 132 132 132 132 132 133 133 133 134 134 134 121 120 120 119 119 119 119 119 119 119 120 120 120 121 120 121 121 121 121 121 122 122 122 123 123 124 124 124 124 124 124 124 124 124 124 125 124 124 124 124 124 124 124 124 124 124 124 124 124 124 124 124 124 124 124 124 125 125 124 124 124 125 125 125 125 124 125 125 125 125 125 125 125 125 125 124 123 123 122 123 123 123 123 123 123 123 125 125 125 125 126 126 126 126 126 126 126 125 126 126 125 126 126 126 126 126 126 126 127 127 127 126 126 126 126 126 126 126 126 126 126 126 126 125 126 126 126 127 127 127 127 128 128 128 128 127 127 127 128 128 128 129 128 129 129 129 128 128 129 129 129 129 129 129 129 128 129 129 129 129 128 128 129 129 130 129 128 128 128 128 129 129 129 128 128 128 128 128 128 128 128 128 128 128 128 128 128 128 128 128 128 128 128 128 128 128 128 127 127 128 127 128 128 128 128 129 128 128 129 129 128 128 128 128 128 128 129 129 129 129 129 129 129 128 129 129 128 128 129 129 129 129 130 129 129 128 128 129 129 129 129 129 129 129 129 129 129 130 129 129 129 129 130 130 130 130 129 130 130 130 130 130 130 130 130 130 129 130 130 130 130 129 130 130 130 130 130 130 130 130 129 129 129 129 129 129 129 129 129 129 129 129 130 130 130 130 132 132 133 133 132 132 131 130 131 132 132 131 131 130 129 128 128 128 129 129 129 130 130 130 130 130 130 130 130 130 130 130 130 130 130 130 130 130 130 130 130 130 130 130 130 130 130 130 130 130 130 130 130 130 130 130 130 130 131 131 131 131 132 132 132 132 132 131 130 130 130 130 130 130 130 131 131 132 131 131 132 133 132 131 131 132 132 132 133 133 132 132 132 132 133 133 133 133 134 119 120 120 120 120 119 120 120 121 121 121 121 122 123 122 122 123 123 124 124 124 124 124 124 124 124 124 124 125 124 124 124 124 124 124 124 124 124 124 124 124 124 124 124 124 124 124 124 124 124 124 124 125 125 125 125 125 125 125 125 125 125 125 125 125 125 125 125 125 124 124 123 123 122 122 123 123 122 122 124 125 125 125 125 126 126 126 126 126 126 126 126 125 125 126 126 126 126 127 127 126 126 127 127 127 127 126 126 126 127 126 126 127 127 126 126 126 126 126 126 127 127 127 127 128 128 128 127 127 127 128 128 128 128 129 129 129 129 129 129 129 129 129 129 129 129 129 129 129 128 128 128 128 128 128 129 130 130 129 129 128 128 128 129 129 129 129 129 128 128 129 129 128 128 128 128 128 128 128 127 128 128 128 127 128 128 128 128 128 127 127 127 128 128 128 128 128 128 129 129 129 129 128 128 128 128 128 128 129 129 129 129 129 129 129 129 129 129 129 129 128 128 129 130 130 129 129 129 129 129 129 129 129 129 129 129 130 130 130 130 130 129 129 129 130 130 130 130 130 130 130 130 130 130 130 130 130 130 130 129 130 130 130 130 130 130 130 130 130 130 130 130 130 129 129 130 130 129 129 129 129 129 129 129 129 129 129 129 129 130 131 132 133 133 133 133 132 132 132 132 132 132 131 130 129 128 128 129 129 129 130 131 131 131 131 131 131 131 131 131 130 130 130 130 130 130 130 130 130 130 130 130 130 130 130 130 130 130 130 130 130 130 130 130 130 130 130 130 130 131 131 131 131 132 132 132 132 131 130 130 130 130 130 130 130 130 130 131 131 132 132 132 131 132 132 132 133 132 132 133 132 132 132 132 133 133 133 134 119 120 120 120 121 120 121 122 122 122 123 123 122 123 123 124 124 124 124 124 124 124 125 125 125 125 124 124 124 124 124 124 125 125 124 124 124 124 124 124 124 124 125 125 124 124 124 125 125 125 125 125 125 125 125 125 125 125 125 125 125 125 125 125 125 125 125 125 125 124 123 124 124 124 124 123 124 124 125 125 125 126 126 126 126 126 126 126 126 126 126 126 126 126 126 126 127 127 127 127 127 127 127 126 127 127 126 126 127 127 126 126 126 126 126 126 126 127 127 127 127 128 128 127 127 128 128 128 128 128 128 128 129 129 129 129 130 130 129 129 129 129 129 129 130 129 128 129 130 129 129 128 129 129 129 129 129 129 128 128 129 130 130 129 129 129 128 129 129 128 128 128 128 128 128 128 127 127 128 128 127 127 127 127 127 127 127 127 127 128 128 128 128 128 128 129 129 128 128 128 128 128 128 129 129 129 129 129 129 129 129 130 130 129 129 129 129 129 129 129 130 130 129 129 130 130 129 129 129 129 129 129 129 130 130 130 130 130 130 129 130 130 130 130 130 130 130 130 130 130 130 130 130 130 130 130 130 130 130 130 130 130 130 130 130 130 130 131 130 131 130 130 130 130 129 130 129 129 129 129 130 129 129 130 130 129 129 130 131 133 133 133 133 133 132 132 132 132 133 132 131 130 129 128 128 129 129 129 130 130 131 131 131 131 131 131 131 131 130 130 130 130 130 130 130 130 130 130 130 130 130 130 130 130 130 131 131 131 130 130 130 130 130 130 130 130 130 130 131 131 131 131 132 132 132 131 131 131 131 130 130 130 130 130 130 130 130 131 131 131 132 132 132 132 132 132 132 132 133 132 133 133 133 133 133 134 119 120 121 121 121 121 121 122 123 123 123 123 123 123 123 124 124 124 124 124 125 125 125 125 125 125 124 124 124 124 124 125 125 125 125 124 124 124 124 124 124 125 125 125 125 125 125 125 124 125 125 124 125 125 125 125 125 125 125 125 125 125 125 125 125 125 125 126 125 125 125 125 125 124 124 124 125 125 125 125 125 125 126 126 126 126 126 126 126 126 126 126 126 126 127 126 126 127 127 127 127 127 127 127 127 127 127 126 127 127 127 126 126 126 127 127 126 126 126 127 128 128 128 127 127 128 128 128 128 128 128 129 128 129 129 130 130 130 130 129 129 129 129 129 129 130 129 129 130 130 129 128 128 129 129 129 130 130 129 129 129 130 130 129 129 129 129 128 129 129 129 128 128 128 128 128 127 127 127 127 127 127 127 127 127 128 128 127 127 128 128 128 128 129 128 129 129 129 129 128 128 128 129 129 129 129 128 128 128 129 129 130 130 130 130 130 129 129 129 129 130 130 130 130 130 129 129 129 129 129 129 129 130 130 130 130 130 130 130 130 130 130 130 130 130 130 130 130 130 130 130 130 130 130 130 130 130 130 130 130 130 130 130 130 130 130 130 131 131 131 131 131 130 130 130 130 130 129 129 129 129 130 130 130 130 130 130 130 130 132 133 133 133 133 133 132 132 132 132 132 131 131 130 129 129 129 129 129 130 130 130 131 131 131 131 131 130 130 130 130 130 130 130 130 130 130 130 130 130 130 131 131 131 131 131 131 131 131 131 131 130 130 130 130 130 130 130 130 131 131 131 131 131 131 132 132 132 132 132 132 132 132 132 131 131 131 130 130 131 131 131 131 132 132 132 132 132 132 132 132 133 132 132 133 133 119 120 121 121 121 122 122 122 122 122 123 123 123 123 123 123 124 124 124 124 124 125 125 124 125 125 125 124 124 124 124 124 124 125 125 125 125 125 125 125 125 125 125 125 125 125 125 125 125 124 124 124 124 125 125 125 125 125 125 125 125 125 125 126 125 125 125 126 126 126 125 125 125 125 124 124 124 126 125 125 125 125 125 125 125 126 126 126 126 126 126 127 126 126 126 127 127 127 127 127 127 127 128 128 128 128 128 127 127 127 127 127 127 127 126 127 126 126 126 126 127 127 127 128 127 127 127 127 128 127 128 128 128 129 129 129 129 129 130 131 130 129 130 130 130 130 130 130 131 130 130 129 129 128 129 129 130 130 130 130 129 129 130 130 130 129 129 129 128 128 129 129 129 129 129 128 128 127 127 127 127 127 127 128 127 128 128 128 128 127 128 128 128 128 129 129 129 129 129 129 129 128 128 129 128 128 128 129 129 128 128 129 129 130 130 129 129 130 130 130 130 130 130 130 130 129 129 129 129 129 129 129 130 130 130 130 130 130 130 130 130 130 130 130 130 130 130 130 130 130 130 130 130 130 130 130 130 130 130 130 130 130 130 130 130 130 130 131 130 130 131 131 131 130 131 130 130 130 130 129 129 129 130 130 130 130 130 130 130 130 132 132 133 133 133 133 133 132 132 132 132 131 131 130 130 130 129 129 130 130 130 130 130 131 131 131 131 131 131 131 131 131 130 130 130 130 130 130 130 130 130 130 131 131 131 131 131 131 131 131 131 131 131 131 130 130 130 130 130 130 131 132 132 131 131 131 131 132 132 132 132 131 132 132 132 132 132 131 130 131 131 131 132 132 132 132 132 132 133 133 132 132 133 133 133 133 120 121 121 121 121 122 122 123 123 123 123 123 123 123 123 124 124 124 124 124 124 125 125 125 125 125 124 124 124 124 124 125 125 125 125 125 125 125 125 125 125 125 125 125 125 125 125 125 125 124 124 124 125 124 125 125 125 125 125 125 126 125 125 125 125 125 126 126 126 126 125 124 124 124 123 123 125 125 125 125 125 126 126 126 126 126 126 126 126 126 126 127 127 126 126 127 127 127 127 128 128 128 128 128 128 128 128 128 128 128 127 127 127 127 127 127 126 126 126 126 126 127 127 127 128 128 128 127 127 128 128 129 129 128 129 129 130 130 131 131 131 131 131 130 130 130 130 131 131 130 130 129 129 129 129 130 130 131 130 130 130 130 130 130 130 129 129 129 128 128 129 128 129 128 128 128 127 127 128 128 127 127 128 128 128 128 128 128 128 128 128 128 128 128 129 129 129 129 129 129 128 128 128 129 129 129 129 129 129 129 129 129 130 130 129 129 129 129 129 130 130 130 130 129 129 129 129 130 130 130 129 129 130 130 130 130 130 130 130 130 130 130 130 130 130 130 130 130 130 130 130 130 130 130 130 130 130 130 130 130 130 130 130 130 130 130 130 130 130 131 131 131 131 131 131 131 130 130 130 129 130 130 130 130 130 130 130 130 130 130 131 132 132 132 132 132 133 133 133 132 132 131 130 130 129 130 129 130 130 130 130 130 131 131 131 131 131 131 131 131 131 130 130 130 130 130 130 130 130 130 130 130 130 130 130 131 131 131 131 131 131 131 131 131 130 130 130 130 130 131 131 131 131 131 131 131 131 132 132 132 131 131 131 132 132 132 132 132 131 131 131 131 132 132 132 132 132 133 133 133 133 133 133 133 133 120 121 121 121 122 123 123 123 123 123 123 123 123 123 124 124 124 124 125 125 125 125 125 125 124 124 124 124 125 125 125 125 125 125 125 125 125 125 125 125 125 125 125 125 125 125 125 125 125 125 125 125 125 125 125 125 125 125 125 125 125 125 126 126 126 126 125 125 124 124 123 123 124 124 125 126 126 126 126 126 126 126 126 126 126 126 126 126 126 126 127 127 127 127 127 127 127 127 128 128 128 128 128 128 128 128 128 128 128 128 128 128 128 127 127 127 127 127 127 127 127 128 128 128 128 127 128 128 128 128 128 128 129 129 130 131 131 130 130 131 131 131 130 130 130 130 130 130 130 130 130 130 130 131 130 130 131 130 130 130 130 130 129 129 129 129 129 128 128 128 128 128 128 128 127 127 128 128 127 127 128 128 128 128 128 128 128 128 128 128 128 128 128 129 129 129 129 128 128 129 129 129 129 129 129 129 129 130 130 129 129 129 129 129 129 129 129 130 129 129 130 129 129 129 129 130 130 130 130 130 130 130 130 130 130 130 130 130 130 130 130 130 130 130 130 130 130 130 130 130 130 130 130 130 130 130 130 130 130 130 130 130 130 130 130 130 130 131 131 131 131 131 131 131 130 130 130 130 130 130 130 130 130 130 130 130 130 130 130 130 130 131 132 133 133 133 133 133 132 132 131 130 130 129 129 130 130 131 131 131 130 130 131 131 131 131 131 131 131 131 131 130 131 131 131 131 131 130 130 130 130 130 130 130 131 131 131 131 131 131 131 131 131 131 130 130 130 130 131 131 131 131 131 131 131 131 131 131 131 131 131 131 131 132 132 133 132 131 131 131 131 132 132 132 132 132 132 132 132 132 133 133 122 122 123 123 123 123 123 123 123 123 123 124 124 124 124 125 125 125 125 125 124 124 125 125 125 125 125 125 125 125 125 125 125 125 125 125 125 125 126 126 126 125 125 125 125 125 125 125 125 125 125 125 125 125 125 125 125 126 126 126 126 126 126 126 125 124 124 124 125 124 126 126 127 126 126 126 126 126 126 126 127 127 127 127 126 126 126 126 127 127 127 127 127 127 127 128 128 128 128 128 128 128 128 128 129 129 129 129 129 128 127 127 127 127 127 127 127 128 128 128 128 128 128 129 129 128 128 129 129 129 130 130 130 130 130 131 132 132 131 131 131 130 130 130 130 131 131 131 131 130 130 130 131 131 131 131 131 131 130 130 129 129 129 129 129 129 129 129 128 129 127 127 128 128 128 127 127 128 128 128 129 129 129 129 128 128 128 128 129 129 129 129 129 129 129 129 129 129 129 129 129 129 129 130 130 129 129 129 129 129 129 129 129 130 129 129 129 129 129 129 130 130 130 130 130 130 130 130 130 130 130 130 130 130 130 130 130 130 130 130 130 130 130 130 130 130 130 130 130 130 130 130 130 130 130 130 130 130 130 130 130 130 131 130 131 131 131 131 131 131 131 131 130 130 130 130 130 130 130 130 130 130 130 130 130 130 130 130 131 132 133 133 133 133 132 132 131 131 130 130 130 130 130 130 131 130 130 130 130 130 131 131 131 131 131 131 131 130 131 131 131 131 131 130 130 131 130 130 130 130 130 131 131 131 131 131 131 131 131 131 131 130 130 130 130 131 131 131 131 131 131 131 131 131 131 131 131 131 131 131 131 132 132 132 132 132 131 131 132 132 132 132 132 132 132 132 132 133 121 122 123 123 123 123 123 123 124 124 124 125 125 125 125 125 124 125 125 125 125 125 125 125 125 125 125 125 125 125 125 125 125 125 126 126 126 126 126 126 126 125 125 125 125 125 125 125 125 126 126 126 126 126 126 126 126 126 126 126 125 125 124 124 125 125 126 126 127 126 126 126 126 126 126 126 126 126 127 127 127 127 126 127 126 127 127 127 127 128 127 127 128 128 128 128 128 128 128 128 128 128 128 128 129 129 128 128 127 127 127 127 127 127 128 128 128 128 128 128 128 129 129 129 130 129 130 130 129 130 130 131 131 131 132 132 131 131 130 130 130 131 131 131 131 130 130 130 130 131 130 130 131 131 130 130 130 129 129 129 129 129 129 129 129 129 128 127 128 129 128 128 127 128 129 129 129 129 129 129 129 128 128 128 128 129 129 129 129 129 129 129 129 129 129 129 129 129 129 130 129 129 129 129 129 129 129 129 129 129 129 129 129 130 130 130 130 130 130 130 130 130 130 130 130 130 130 130 130 130 130 130 130 130 130 130 130 130 130 130 130 130 130 130 130 130 130 130 130 130 130 130 130 130 130 130 130 130 130 130 130 130 130 131 131 131 131 131 131 130 130 130 130 130 130 130 130 130 130 130 130 130 130 130 130 130 131 132 132 133 133 132 131 131 130 130 130 130 130 131 130 130 130 130 130 130 131 131 131 131 131 131 131 131 131 131 131 131 131 130 130 131 131 131 131 131 130 130 131 131 131 131 131 131 131 131 131 131 130 130 131 131 131 131 131 131 132 132 131 131 131 131 131 131 131 131 131 131 132 132 133 133 132 132 132 132 132 132 132 132 132 132 122 123 124 124 124 124 125 125 125 125 125 125 125 125 125 125 125 125 125 125 125 126 126 126 126 126 126 126 126 126 126 126 126 126 126 125 125 125 125 125 125 125 125 125 125 126 126 126 126 126 126 126 126 126 125 124 124 125 125 126 126 127 126 126 126 126 126 127 127 127 126 127 127 127 127 127 127 127 127 127 127 128 128 128 128 128 129 129 128 128 128 128 128 128 128 127 127 128 129 129 128 128 128 127 127 127 128 128 128 128 128 128 128 128 129 130 130 129 129 129 129 129 130 130 131 131 131 131 131 131 131 130 130 130 131 131 130 131 131 130 130 130 130 130 130 131 131 130 130 129 129 129 129 130 130 130 129 129 129 128 128 128 129 128 128 128 128 129 129 129 129 129 129 129 129 128 128 128 128 129 129 129 129 129 129 129 129 129 129 129 129 129 129 129 129 129 129 129 129 129 129 129 129 129 129 129 130 130 130 130 130 130 130 130 130 130 130 130 130 130 130 130 130 130 130 130 130 130 130 130 130 130 130 130 130 130 130 130 130 130 130 130 130 130 130 130 130 130 130 130 130 130 130 130 130 130 130 131 131 131 131 131 131 131 131 130 130 130 131 130 130 130 130 130 130 130 130 130 130 130 131 131 132 132 132 132 131 131 131 131 130 130 130 130 130 130 130 131 131 131 131 131 131 131 131 131 131 131 131 132 131 131 131 131 131 131 131 131 131 131 130 130 131 131 131 131 131 131 131 131 131 131 131 131 131 131 131 131 132 132 132 132 132 132 131 131 131 131 131 131 131 131 131 132 132 133 133 132 132 132 132 132 132 132 125 125 125 125 125 125 125 125 125 125 125 125 125 126 126 126 126 126 126 126 126 126 126 126 126 126 126 126 126 126 126 126 126 126 125 125 125 126 125 126 126 126 126 126 126 126 126 125 125 125 125 125 125 126 126 126 126 126 126 126 126 127 127 127 127 127 127 127 128 127 127 127 127 127 127 128 128 128 128 128 128 128 128 128 128 129 129 129 128 128 127 127 128 128 128 128 128 128 128 127 128 128 128 128 128 128 128 129 129 129 129 129 129 129 130 131 131 131 130 131 131 131 131 132 131 130 130 130 130 131 130 131 131 131 131 131 130 130 130 131 131 131 130 130 129 129 130 130 130 130 130 129 129 128 128 129 129 129 128 128 128 128 128 128 128 129 129 129 129 129 129 128 128 129 129 128 129 129 129 129 129 129 129 129 129 129 129 129 129 129 130 130 129 129 129 129 129 129 129 129 130 130 130 130 130 130 130 130 130 130 130 130 130 130 130 130 130 130 130 130 130 130 130 130 130 131 131 130 130 130 130 130 130 130 130 130 130 130 130 130 130 130 130 130 130 130 130 130 130 130 130 131 130 130 131 131 131 131 131 131 131 131 131 131 130 130 130 130 130 130 130 130 131 130 130 130 131 131 131 131 131 131 131 131 130 130 130 130 130 130 130 131 131 131 131 131 131 131 131 131 131 131 131 131 131 131 130 131 131 131 131 131 131 131 131 131 131 131 131 131 131 131 131 131 131 131 131 131 131 131 132 132 132 132 132 132 132 131 131 131 131 131 131 131 131 131 131 131 131 132 132 132 132 132 132 125 125 125 125 125 125 125 125 125 125 125 125 126 126 126 126 126 126 126 126 126 126 126 126 126 126 126 126 126 126 126 126 125 126 126 126 126 126 126 126 126 126 126 126 125 125 126 125 126 126 125 125 127 127 127 127 127 127 126 126 127 127 127 127 127 127 127 127 127 127 127 127 128 128 128 128 128 129 129 129 129 129 129 129 129 129 129 128 128 128 128 128 128 128 128 128 128 128 128 128 128 128 128 128 128 128 128 128 129 129 130 130 130 131 131 131 131 130 130 131 131 131 132 131 130 130 130 130 130 130 130 130 131 131 131 131 131 131 131 131 130 130 130 129 129 130 130 129 129 130 129 129 128 128 129 129 129 128 128 128 128 129 129 129 129 129 130 130 130 130 129 129 129 128 128 129 129 129 129 129 129 129 129 129 129 129 129 129 129 130 130 130 130 129 129 129 129 129 129 130 130 130 130 130 130 130 130 130 130 130 130 130 130 130 130 130 130 130 130 130 130 130 131 131 131 131 130 130 130 130 130 130 131 130 130 130 130 130 130 130 130 130 130 130 130 130 130 130 130 130 130 130 130 130 131 131 131 131 131 131 131 130 131 130 130 130 130 130 130 130 131 131 130 130 130 130 131 131 131 131 132 131 131 131 130 130 130 130 130 130 130 131 131 131 131 131 131 131 131 131 131 131 131 131 131 131 131 131 131 131 131 131 131 131 131 131 131 131 131 131 131 131 131 131 131 131 131 131 131 132 132 132 132 132 132 132 132 131 131 131 131 131 131 131 131 131 131 131 131 131 132 132 125 125 125 125 125 125 125 125 125 125 125 125 125 126 126 126 126 126 126 126 126 126 126 126 126 126 126 126 126 126 126 126 126 126 126 126 126 127 126 126 126 126 126 126 125 126 126 126 126 125 125 125 127 127 128 127 127 127 126 126 126 127 128 128 128 127 127 127 128 128 128 128 128 128 128 129 129 129 129 130 130 130 129 129 129 129 128 128 128 128 128 128 128 128 128 128 128 128 128 128 128 128 128 128 128 129 129 129 130 130 130 130 130 130 131 131 131 130 130 131 131 132 132 131 131 130 130 131 131 130 130 130 131 131 131 131 131 131 131 131 131 130 130 129 129 129 129 129 129 129 130 129 129 128 129 129 129 128 128 128 128 129 129 129 129 130 130 130 130 130 130 130 129 129 129 129 129 129 129 129 129 129 129 129 129 129 129 129 129 130 130 130 130 130 130 130 130 130 130 130 129 130 130 130 130 130 130 130 130 130 130 130 130 130 130 130 130 130 130 130 130 131 131 131 131 131 130 130 130 130 130 131 131 130 130 130 131 131 130 131 130 131 131 131 131 131 131 131 131 130 130 131 131 131 131 131 131 131 131 131 131 131 130 131 130 130 130 130 130 130 131 130 130 130 131 131 131 130 131 131 131 131 132 132 131 130 130 131 130 130 130 131 131 131 131 131 131 131 131 132 131 131 132 132 131 131 131 131 130 131 131 131 131 131 131 131 131 131 131 131 131 131 131 131 131 131 131 131 131 131 131 132 132 132 132 132 132 131 131 131 131 131 131 131 131 131 131 131 131 131 131 131 126 125 125 125 125 125 125 125 125 125 125 125 126 126 126 126 126 126 126 126 126 126 126 126 126 126 126 126 126 126 127 127 126 126 126 126 126 127 127 126 126 127 126 126 126 126 126 125 125 125 125 127 127 128 127 126 127 127 127 126 127 127 127 127 128 128 128 128 129 129 128 129 129 129 129 129 129 129 129 129 129 129 129 129 129 129 129 129 129 128 128 128 128 128 128 129 128 128 128 128 128 128 128 128 129 129 130 130 130 130 130 130 130 131 131 131 131 131 131 131 131 131 132 131 131 130 131 131 131 131 130 130 131 131 131 131 131 131 131 131 130 130 129 130 130 130 130 129 129 129 129 128 129 129 129 129 129 129 128 128 129 129 129 129 130 130 130 130 130 130 130 130 130 130 130 130 130 130 129 129 129 129 129 129 129 129 129 129 129 129 130 130 130 130 130 130 130 130 130 130 130 130 130 130 130 130 130 130 130 130 130 130 130 130 130 130 130 130 130 130 131 131 131 131 131 130 130 131 131 130 130 130 130 130 131 131 131 131 131 131 131 131 131 131 131 131 131 131 131 131 131 131 131 131 131 131 131 131 131 131 131 130 131 131 130 130 130 130 130 130 131 131 131 131 131 130 130 130 131 131 131 131 131 131 131 131 131 131 130 130 131 131 131 131 131 131 131 132 132 132 132 132 132 132 132 131 131 131 130 131 131 132 132 131 131 131 131 131 131 131 131 131 131 131 131 131 131 131 131 131 131 132 132 132 132 132 132 132 132 132 131 131 132 132 131 131 131 131 131 131 126 125 125 125 125 125 126 125 125 125 125 126 126 126 126 126 126 126 126 126 126 126 126 126 126 126 126 126 126 126 126 126 126 126 126 126 126 127 127 127 126 126 126 126 126 125 125 125 125 126 126 128 128 127 127 127 127 127 127 127 127 128 128 128 128 128 128 129 129 129 129 129 129 129 129 129 129 130 130 130 130 129 129 129 129 129 129 129 129 129 128 128 128 128 128 128 128 128 128 128 128 128 128 128 129 129 129 129 129 130 131 130 131 131 131 131 131 131 131 131 131 131 131 132 131 132 131 130 130 130 130 130 130 130 131 131 131 131 131 131 131 130 130 130 130 131 130 130 129 129 129 129 129 129 129 129 129 130 129 128 129 129 129 129 129 129 130 129 129 130 130 130 130 130 130 130 130 130 130 129 129 130 130 130 130 129 129 129 130 129 129 130 130 130 130 130 130 130 130 130 130 130 130 130 130 130 130 130 130 130 130 130 130 130 130 130 130 130 130 130 131 131 131 131 131 131 131 131 131 130 130 130 130 131 131 131 131 131 131 131 131 131 131 131 131 131 131 131 131 131 130 131 131 131 131 131 131 131 132 131 131 131 130 130 130 130 130 130 130 130 131 131 131 131 131 130 130 130 131 130 131 130 131 131 131 131 131 131 130 131 131 131 131 131 131 131 131 131 132 132 132 132 132 132 132 132 132 131 131 131 131 132 132 131 131 131 131 131 131 131 131 131 131 131 131 131 131 131 131 131 131 131 132 132 132 132 132 132 132 131 131 132 132 132 132 132 131 131 131 131 126 126 125 125 126 125 126 126 126 126 126 126 126 126 126 126 126 126 126 126 126 127 127 127 126 126 126 126 126 126 126 126 126 126 126 126 127 127 127 127 127 126 126 125 126 125 125 126 126 128 127 127 127 127 127 127 127 127 128 129 129 128 128 129 129 129 128 128 129 129 129 129 129 129 129 129 129 130 129 130 130 130 130 129 129 129 129 128 129 129 128 128 128 128 128 128 128 128 128 128 128 129 129 129 129 129 130 130 130 130 131 131 131 131 131 131 131 131 132 132 132 131 132 131 130 130 130 131 131 131 131 131 131 130 131 131 131 131 131 130 130 130 130 131 131 131 130 130 129 129 129 130 129 129 130 130 129 129 129 129 129 129 129 129 129 129 129 129 129 130 130 130 130 130 131 130 130 130 130 130 130 130 129 129 129 129 129 129 129 129 129 129 129 130 130 130 130 130 130 130 130 130 130 130 130 130 130 130 130 130 130 130 130 130 130 130 130 130 131 131 131 131 131 131 131 131 131 131 130 130 131 131 131 131 131 131 131 131 131 131 131 131 131 131 131 131 131 131 130 131 131 131 131 131 131 132 131 131 131 131 131 131 130 130 130 130 131 131 131 131 130 130 131 130 131 131 131 130 131 130 130 130 131 131 131 131 131 131 131 131 131 131 131 131 131 131 131 131 132 132 132 132 132 132 132 132 132 131 131 131 132 132 132 131 131 131 131 131 131 131 131 131 131 131 131 131 131 131 131 131 132 132 131 132 132 131 131 131 131 131 132 132 132 132 132 132 132 126 126 126 126 126 126 126 126 126 126 126 126 126 126 126 126 126 126 126 127 127 127 126 126 126 126 126 126 126 126 126 127 127 126 126 126 127 127 127 126 127 127 126 126 125 125 125 126 128 127 127 127 127 127 127 127 127 127 128 128 128 128 128 128 128 128 128 128 128 129 129 129 130 130 130 129 129 129 129 129 130 129 129 130 129 129 129 128 129 129 128 128 128 128 128 128 128 128 128 128 128 128 128 129 129 129 129 129 130 131 130 131 131 131 131 131 131 131 132 132 132 132 131 131 131 131 131 131 131 131 131 131 131 131 131 131 131 131 131 130 131 131 131 131 131 131 130 130 129 129 130 129 129 129 129 129 129 130 129 129 129 129 129 129 129 129 130 130 129 130 130 130 130 130 130 131 130 130 130 129 129 130 130 130 129 129 129 129 129 130 130 129 130 130 130 130 130 130 130 130 130 130 130 130 130 130 130 130 130 130 130 130 130 130 130 130 131 131 131 131 131 131 131 131 131 131 131 130 130 131 131 131 131 131 131 131 131 131 131 131 131 131 131 131 131 131 131 131 131 131 131 131 132 131 131 131 132 131 132 132 131 131 130 130 130 131 131 130 130 130 130 131 130 131 131 131 130 131 131 131 130 130 131 131 131 131 131 131 131 131 131 131 131 131 131 131 131 131 132 132 132 132 132 132 132 132 132 131 131 132 132 132 132 131 131 131 131 131 131 132 131 131 131 131 131 131 132 132 131 131 131 131 131 131 132 131 131 131 131 132 132 132 132 132 132 132 126 126 126 126 126 126 126 126 126 126 126 126 127 126 126 126 127 127 127 127 126 126 126 126 127 127 126 127 126 127 127 127 126 126 127 127 127 127 127 126 126 126 126 126 126 128 128 128 127 127 127 127 127 128 127 127 128 128 128 128 128 129 129 128 129 129 129 129 129 130 130 130 130 129 129 129 128 129 129 129 130 130 130 129 129 129 129 129 129 129 128 128 128 128 128 128 128 128 129 129 129 129 129 129 130 130 130 130 131 131 131 131 131 131 131 131 132 132 132 131 131 131 131 131 131 131 131 131 131 131 130 131 131 131 131 131 131 131 131 131 131 131 131 131 131 130 129 129 129 129 129 129 128 129 129 130 129 129 130 130 129 130 130 130 130 130 130 130 130 130 130 131 131 131 130 130 130 130 130 130 130 130 130 130 129 129 130 130 130 130 130 130 130 130 130 130 130 130 130 130 130 130 130 130 130 130 130 130 130 130 130 130 131 131 131 131 131 131 131 131 131 131 131 131 131 131 131 131 131 131 131 131 131 131 131 131 131 131 131 131 131 131 131 131 131 131 131 131 131 131 131 131 131 131 132 132 132 132 131 131 130 130 130 130 130 130 130 130 131 130 131 130 131 130 130 130 130 130 130 131 130 130 131 131 131 131 131 131 131 131 131 131 131 132 133 132 133 133 132 132 132 132 132 132 132 131 131 131 132 132 131 131 131 131 131 131 132 131 131 131 131 131 131 132 132 132 131 131 131 131 131 131 131 131 131 131 131 132 132 132 132 126 126 126 127 127 126 126 126 126 126 126 127 127 126 126 126 127 127 127 127 126 126 126 127 127 127 127 126 126 126 126 126 126 127 127 126 126 126 127 127 127 127 126 127 128 128 128 128 127 127 127 128 128 128 128 129 129 128 129 128 129 129 129 129 130 129 130 130 130 130 130 129 129 129 128 129 129 129 129 129 129 129 129 129 129 129 129 129 128 128 128 128 128 128 128 129 129 129 129 129 129 129 129 130 130 130 130 131 131 131 131 131 131 131 132 133 133 132 131 132 132 132 131 130 130 130 131 131 131 131 131 131 131 131 131 131 131 131 131 131 132 132 131 131 130 130 129 129 129 129 129 129 129 129 130 129 130 130 130 130 130 130 130 130 130 130 130 130 131 131 131 131 131 130 130 131 131 130 130 130 130 130 130 130 130 130 130 130 130 130 130 130 130 130 130 130 130 130 130 130 130 130 130 130 130 130 130 130 130 130 131 131 131 131 131 131 131 131 131 131 131 131 131 131 131 131 131 131 131 131 131 131 131 131 131 131 131 131 131 131 131 131 131 131 131 131 131 131 131 131 131 131 131 131 132 132 131 131 130 130 131 131 131 130 130 130 130 130 130 131 131 130 130 130 130 130 130 130 130 130 130 131 132 131 131 131 131 131 131 131 131 131 132 132 132 133 133 133 132 132 132 133 133 132 132 131 131 131 132 132 131 131 131 131 132 132 132 131 131 131 131 131 131 131 131 131 131 130 130 130 130 131 131 131 131 131 131 126 126 127 127 127 127 127 126 127 127 127 126 126 126 127 127 127 127 127 127 127 126 126 126 127 127 126 126 127 126 126 126 126 126 127 126 127 127 127 127 127 127 126 126 128 128 128 128 128 128 128 128 129 129 129 129 129 129 129 129 129 129 130 130 130 129 129 130 130 130 129 129 130 129 129 130 129 129 129 129 128 128 129 130 130 129 129 129 129 128 128 128 128 129 129 129 129 129 129 129 130 130 130 130 130 130 130 130 130 130 131 131 131 131 132 132 133 132 131 131 132 132 131 131 131 130 130 131 131 131 131 131 131 131 131 131 131 131 131 131 132 132 132 132 130 130 129 130 130 129 129 129 129 129 129 130 130 130 130 130 131 131 130 131 131 131 130 130 130 131 131 131 131 131 131 131 131 131 130 130 130 130 130 130 130 130 130 130 130 130 130 130 130 130 130 130 130 130 130 130 130 130 130 130 130 130 130 130 130 131 131 131 131 131 131 131 131 131 131 131 131 131 131 131 131 131 131 131 131 131 131 131 131 131 131 131 131 131 131 131 131 131 131 131 131 131 131 131 131 131 131 131 131 131 131 132 131 131 131 131 130 131 131 131 130 130 130 130 130 130 130 130 130 130 130 130 131 131 130 131 131 130 131 131 131 131 131 131 131 131 131 131 132 132 132 133 133 133 133 133 132 132 133 133 132 131 131 131 132 132 131 131 131 131 131 132 132 132 131 131 131 131 131 130 130 130 131 131 131 130 130 130 130 131 131 131 131 127 127 127 127 127 127 127 127 126 126 126 126 127 127 127 126 126 127 127 127 126 126 126 126 127 126 126 126 126 126 127 126 126 126 126 126 127 127 127 127 127 126 126 127 127 128 128 128 129 129 129 128 128 129 129 129 129 129 129 129 129 129 130 129 129 129 130 130 129 129 129 129 129 130 130 129 129 130 129 129 128 128 129 130 130 129 129 129 128 128 129 129 129 129 129 129 128 129 129 130 130 130 131 130 130 130 130 130 130 131 131 132 132 131 132 133 133 132 132 131 132 132 131 131 130 130 131 131 131 131 131 131 131 132 131 131 131 131 131 131 132 132 131 130 130 130 130 130 130 129 129 129 129 129 130 130 130 130 130 130 130 130 130 131 131 131 131 131 131 131 131 132 132 132 131 131 131 130 130 130 130 130 130 130 130 130 130 130 131 130 130 130 130 130 130 130 130 130 130 130 130 130 130 130 130 130 130 130 131 131 131 131 131 131 131 131 131 131 131 131 131 131 131 131 131 131 131 131 131 131 131 131 131 131 131 131 131 131 131 131 131 131 131 131 131 131 131 131 131 131 131 131 131 131 131 131 131 131 131 130 130 131 132 131 131 130 130 130 130 130 130 130 131 131 131 131 131 131 131 132 131 131 131 131 132 132 132 132 132 132 131 131 132 132 133 133 133 133 133 133 133 133 133 132 132 131 130 130 131 131 131 131 131 132 132 132 132 131 131 131 131 131 131 131 130 131 131 131 131 130 130 130 130 130 131 127 127 127 127 127 127 127 127 126 126 127 127 127 127 127 127 126 126 127 127 127 126 126 126 126 127 127 127 126 126 126 126 126 127 127 126 127 127 127 127 127 127 127 129 128 127 128 128 129 128 128 128 128 129 129 129 128 129 129 129 129 129 129 129 128 129 129 129 129 129 129 129 129 129 130 130 130 131 130 130 129 129 128 129 129 129 129 129 129 129 128 129 129 128 128 129 129 129 129 129 129 130 131 131 131 130 130 130 130 131 131 131 131 132 132 132 132 132 132 131 132 132 131 131 130 130 131 131 131 131 131 131 131 132 132 131 131 131 131 132 132 132 132 131 130 130 130 130 130 129 129 129 130 130 130 130 129 130 130 130 130 130 130 130 130 131 131 131 131 131 131 132 132 132 132 131 131 131 130 130 130 130 130 130 130 130 130 131 131 131 131 130 130 130 130 130 130 130 130 131 130 131 131 131 131 131 131 131 131 131 131 131 131 131 131 131 131 131 131 131 131 131 131 131 131 131 131 131 131 131 131 131 131 131 131 131 131 131 131 131 131 131 131 131 131 131 131 131 131 131 131 131 131 131 131 131 131 131 131 131 131 131 131 131 131 130 130 130 130 130 130 131 131 131 131 131 131 131 131 132 132 131 131 131 131 131 131 132 132 132 132 132 132 132 133 133 133 132 132 133 132 132 133 133 132 131 131 130 130 130 131 132 131 132 132 132 132 131 131 131 131 131 131 131 131 130 131 131 131 131 130 131 131 127 128 128 127 127 126 127 127 126 126 126 126 126 126 127 127 127 127 127 127 127 126 127 127 127 127 127 127 127 127 127 127 127 127 127 127 127 128 128 129 128 127 127 128 129 128 128 128 128 129 129 128 129 129 129 130 130 129 129 128 129 130 130 129 129 130 129 129 129 129 130 130 130 130 130 130 130 129 129 128 129 129 129 129 129 130 129 128 129 128 129 129 130 130 130 130 129 130 130 131 131 131 130 131 131 131 132 132 132 132 133 132 132 132 132 132 132 132 132 131 131 131 131 131 131 131 131 131 131 132 132 131 131 131 131 132 132 132 132 131 130 130 130 130 129 129 129 129 129 129 129 129 130 130 130 130 130 130 130 130 131 131 132 132 131 131 131 131 131 131 132 131 131 131 130 130 130 130 130 130 130 130 131 131 131 131 130 130 130 130 130 130 131 131 131 131 131 131 131 131 131 131 131 131 131 131 131 131 131 131 131 131 131 131 131 131 131 131 131 131 131 131 131 131 131 131 131 131 131 131 131 131 131 131 131 131 131 131 131 131 131 131 131 131 131 131 131 131 131 131 131 131 131 131 131 131 131 131 131 131 131 130 131 132 131 131 131 131 131 131 131 132 132 131 132 132 132 131 131 131 131 131 131 131 131 131 131 132 132 132 132 133 133 133 132 132 132 132 133 134 133 132 131 131 130 131 131 132 132 132 132 132 132 132 132 131 131 132 132 131 131 131 130 131 131 128 128 127 127 127 127 126 126 126 126 126 126 126 126 127 127 127 127 127 127 127 127 127 127 127 127 127 127 127 127 127 127 127 128 128 128 129 128 128 127 128 128 128 128 128 128 128 128 128 129 129 129 129 129 129 129 128 129 129 129 129 129 130 130 129 129 129 130 130 130 130 130 130 130 130 129 129 128 129 129 129 129 129 129 129 129 129 129 129 129 130 130 130 130 130 130 130 131 131 131 131 131 131 132 132 132 132 133 133 132 132 132 132 132 132 132 131 131 131 131 131 131 131 131 131 131 132 132 131 131 131 131 131 132 132 132 130 130 130 130 130 129 130 130 130 130 129 129 130 130 129 130 130 130 130 131 131 131 131 131 132 132 131 130 130 130 131 131 131 131 131 131 130 130 130 130 130 130 131 131 131 131 130 130 130 130 131 131 131 131 131 131 131 131 131 131 131 131 131 131 131 131 131 131 131 131 131 131 131 131 131 131 131 131 131 131 131 131 131 131 131 131 131 131 131 131 131 131 131 131 131 131 131 131 131 131 131 131 131 131 131 131 131 131 131 131 131 131 131 131 131 130 131 131 131 130 131 130 131 131 131 132 131 131 131 131 132 132 132 132 132 132 132 132 132 132 132 131 131 131 131 131 132 132 132 132 132 132 132 133 133 133 132 132 132 132 133 133 133 132 131 131 131 131 131 131 132 132 132 132 132 132 132 132 132 132 132 132 131 131 128 128 128 127 127 126 126 126 126 126 126 127 127 127 127 127 127 127 127 127 127 127 127 127 127 127 127 127 128 128 128 128 129 129 128 127 127 128 128 128 128 128 128 128 128 128 128 129 130 129 129 129 129 129 129 129 129 129 130 130 129 129 130 130 130 129 130 130 130 129 129 130 129 129 129 129 129 129 129 129 129 129 129 129 130 130 130 130 130 130 130 130 130 131 131 131 132 131 132 132 132 132 132 132 133 132 132 132 133 132 131 132 132 131 131 131 131 131 132 131 131 132 132 132 132 131 132 132 132 132 132 132 131 131 131 130 130 130 130 130 130 130 130 130 130 130 130 130 130 130 130 131 131 131 131 131 132 132 131 131 130 130 130 130 130 131 131 131 131 130 130 130 131 131 131 131 131 131 131 130 130 131 131 131 131 131 131 131 131 131 131 131 131 131 131 131 131 131 131 131 131 131 131 131 131 131 131 131 131 131 131 131 131 131 131 131 131 131 131 131 131 131 131 132 132 132 131 131 131 131 131 131 131 131 131 131 131 131 131 131 131 131 131 131 131 131 131 131 131 131 131 131 131 130 130 130 130 131 131 131 131 131 131 131 132 132 132 132 132 132 132 133 132 132 132 131 131 131 131 131 132 132 132 132 132 132 133 133 133 132 132 132 133 133 133 132 131 132 131 131 131 131 131 131 132 132 133 133 133 133 132 132 132 132 132 131 127 127 127 127 127 127 127 127 127 127 127 127 127 127 127 127 127 127 127 127 127 127 127 128 128 128 128 128 128 128 127 128 128 128 128 128 129 129 129 129 129 129 129 129 129 129 128 129 129 129 129 129 129 129 129 130 129 129 129 129 129 130 130 130 130 130 130 129 130 130 130 129 129 129 129 129 129 129 129 129 129 129 129 130 130 130 130 130 131 131 131 132 132 132 131 131 131 131 132 132 132 132 132 132 132 132 132 132 132 131 131 131 131 131 131 132 132 132 132 132 132 132 132 132 132 132 132 132 131 131 131 130 130 130 130 131 130 130 130 130 131 131 130 130 131 131 131 131 131 131 131 132 131 132 131 131 131 131 131 131 130 131 131 131 132 131 130 131 131 131 131 131 131 131 131 131 131 131 131 131 131 131 131 131 131 131 131 131 131 131 131 131 131 131 131 131 131 131 131 131 131 131 131 131 131 131 131 131 131 131 131 131 131 131 131 131 131 131 131 132 132 132 132 131 131 131 131 131 131 131 131 131 131 131 131 131 131 131 131 131 131 131 132 131 131 131 131 132 131 131 131 131 131 131 131 131 132 132 131 132 132 131 132 131 131 132 132 133 133 133 132 132 132 131 131 132 132 132 132 131 132 132 132 133 133 133 132 132 132 132 132 131 131 133 132 131 131 131 131 131 132 132 132 133 133 133 133 132 132 132 132 131 128 127 127 127 127 127 127 127 127 127 127 127 127 127 128 127 127 127 128 128 128 128 128 128 128 129 129 129 129 128 128 129 129 129 129 129 129 129 129 129 129 129 129 128 128 128 129 129 129 130 130 129 129 129 130 130 130 130 130 130 130 130 130 129 129 130 130 130 130 129 129 129 130 130 129 129 129 129 129 130 131 131 131 131 131 131 131 131 131 132 131 131 132 132 132 132 132 132 132 132 132 132 132 132 132 132 132 131 131 131 131 132 132 132 132 132 132 132 132 132 132 132 132 132 131 131 131 131 130 130 130 130 131 131 130 130 131 131 131 130 130 131 131 131 131 132 132 132 131 132 131 131 131 131 131 131 131 131 130 131 132 131 131 130 131 131 131 131 131 131 131 131 131 131 131 131 131 131 131 131 131 131 131 131 131 131 131 131 131 131 131 131 131 131 131 131 131 131 131 131 131 132 131 131 131 131 131 131 131 131 131 131 131 131 131 132 132 132 131 131 131 131 131 131 131 131 131 131 131 131 131 131 131 131 131 132 132 131 131 132 131 131 131 131 131 131 131 132 131 131 131 131 131 131 132 132 131 131 131 131 132 132 132 133 133 133 133 133 132 132 131 132 133 132 132 132 132 132 132 133 133 133 133 133 132 132 132 131 131 133 133 132 131 132 131 131 132 132 132 133 133 132 132 132 132 132 132 132 128 127 127 127 127 127 127 127 127 127 127 127 128 128 127 127 128 128 128 128 128 128 128 128 129 130 130 130 129 129 130 129 130 129 128 129 129 129 129 130 130 130 129 129 128 128 129 129 129 130 129 129 129 129 129 130 130 130 129 130 130 130 130 129 129 130 130 130 130 129 130 130 129 129 129 129 129 130 130 131 130 131 130 130 131 131 131 131 131 132 132 132 132 132 132 132 132 132 132 131 131 132 133 132 131 131 131 131 131 132 132 132 132 132 132 132 132 132 132 132 132 132 132 131 131 131 131 131 131 131 131 131 131 131 131 131 131 131 131 130 131 131 131 131 131 131 131 131 131 132 132 131 130 131 131 131 131 131 131 131 131 131 131 131 131 131 131 131 131 131 131 131 131 131 131 131 131 131 131 131 132 131 131 131 131 131 131 131 131 131 132 132 132 131 131 131 131 131 131 132 131 131 131 132 132 131 131 131 131 132 131 131 131 131 132 132 132 131 131 131 131 131 131 131 131 132 132 132 132 132 132 131 131 131 132 132 132 131 132 132 132 132 131 132 131 131 131 131 131 130 131 131 132 132 132 132 131 131 132 131 132 133 132 133 133 133 133 133 133 132 132 133 133 133 132 133 132 132 132 132 133 133 133 133 132 132 131 132 132 133 133 132 132 132 131 132 132 132 133 133 133 132 132 132 132 128 128 128 127 127 127 127 127 128 127 128 127 127 128 128 128 127 127 128 129 129 130 130 130 131 130 130 130 130 130 129 129 129 129 129 129 130 130 130 130 129 129 128 129 129 129 129 129 129 129 129 129 130 130 130 130 129 129 130 130 130 129 129 129 129 129 130 130 129 129 129 129 129 130 130 130 130 130 130 130 131 131 131 131 132 132 132 132 132 132 132 132 132 132 132 132 131 132 132 132 131 131 131 131 131 132 132 132 132 132 132 132 132 132 132 132 132 132 132 131 131 131 131 131 131 131 131 131 132 132 131 131 131 131 131 130 131 131 131 131 131 131 131 131 131 132 131 131 131 130 131 131 131 131 131 131 131 131 131 131 131 131 131 131 131 131 131 131 131 131 131 131 131 131 131 132 132 131 131 131 131 131 131 131 131 132 132 132 131 131 131 131 132 132 132 132 131 132 132 132 131 131 131 131 131 132 132 131 131 131 132 132 131 131 132 131 131 131 131 132 132 132 132 132 132 132 132 132 132 132 132 132 132 131 132 132 132 131 132 132 132 132 132 131 131 130 131 132 132 131 131 131 131 131 131 132 132 132 132 133 133 133 133 133 133 132 132 133 133 133 133 133 133 132 132 133 132 133 133 133 133 132 131 131 131 132 132 133 132 132 132 132 133 133 133 133 133 133 132 132 132 132 128 128 128 128 128 127 127 127 127 127 127 127 127 127 127 128 128 129 129 130 130 130 131 131 130 130 130 130 130 130 130 129 129 129 129 130 130 130 130 130 129 130 129 129 129 130 129 129 129 129 130 130 130 130 130 129 129 130 130 130 130 130 129 129 129 129 129 129 130 130 130 129 129 130 130 130 130 131 131 131 131 131 131 131 132 131 131 132 131 132 132 132 133 132 131 132 131 132 132 131 131 131 132 132 132 132 132 132 132 132 132 132 132 132 132 132 132 131 131 131 131 131 131 131 131 131 132 132 131 131 131 132 131 130 131 131 131 131 131 131 131 132 132 131 131 131 131 131 131 131 131 131 131 131 131 131 131 131 131 131 131 131 131 131 131 131 131 131 131 131 131 131 131 132 131 131 131 131 131 131 131 131 131 131 131 131 131 131 132 132 132 132 132 132 132 132 132 131 131 131 131 131 131 132 132 132 131 131 131 131 131 131 132 132 132 132 132 132 132 131 132 132 132 132 131 132 132 132 132 132 132 132 132 133 133 132 132 133 133 132 132 132 131 131 131 131 132 132 132 132 132 131 131 132 132 132 132 132 133 132 133 133 133 133 133 134 133 133 134 133 133 133 133 133 133 132 132 132 132 132 132 132 131 131 132 133 133 133 132 132 133 133 133 133 132 132 132 132 132 132 128 128 128 128 128 127 127 127 128 128 128 128 129 129 129 129 130 130 130 130 130 131 131 131 130 130 130 131 130 130 130 130 130 130 130 130 130 130 130 130 129 130 130 130 130 129 129 129 129 129 130 130 130 129 129 129 130 130 130 130 130 130 130 129 129 130 130 130 130 130 130 130 130 130 131 131 131 131 131 131 131 131 131 131 131 131 132 132 132 132 132 132 131 131 132 132 132 131 131 132 132 132 132 132 132 132 132 132 132 132 132 132 132 132 132 132 131 131 131 131 131 131 131 132 132 132 132 132 132 131 131 131 131 131 131 131 131 132 132 131 131 131 131 131 131 131 131 131 131 131 131 131 131 131 131 131 131 131 131 131 131 131 131 131 131 131 132 131 132 131 131 131 131 131 131 132 131 131 131 131 131 132 132 132 132 132 132 132 132 132 132 132 132 132 132 132 132 131 131 132 132 132 132 132 132 132 131 131 131 132 132 132 132 132 132 132 132 132 132 132 132 131 131 132 132 132 132 132 132 133 134 133 133 133 133 133 133 133 132 132 132 132 131 131 132 133 133 133 132 132 132 132 131 132 132 132 132 132 133 133 134 133 134 134 134 134 133 133 133 133 134 133 133 133 133 132 133 133 132 132 131 131 132 133 133 133 133 133 133 133 133 133 133 132 132 132 132 128 127 128 128 128 129 129 128 128 129 128 128 128 129 129 129 129 129 129 130 130 130 129 129 130 130 129 129 129 129 129 128 128 128 128 128 128 128 129 129 128 128 127 127 127 127 128 128 128 128 128 128 128 128 129 129 128 128 128 128 128 128 128 128 128 129 129 129 129 129 129 129 130 130 130 130 130 130 130 130 130 130 130 130 131 130 131 131 130 130 131 131 131 130 130 130 131 131 131 131 131 131 131 131 131 131 131 131 131 131 132 132 132 131 132 132 132 132 132 132 132 132 132 132 132 131 131 131 131 131 131 131 131 132 132 131 131 131 131 131 131 131 131 131 131 132 131 131 131 131 131 132 132 132 132 132 131 131 131 131 131 132 132 132 131 131 131 131 131 131 132 132 132 132 132 132 132 132 132 132 132 132 132 132 132 132 132 132 131 132 132 132 132 132 132 132 132 132 132 132 132 132 132 132 131 131 131 132 131 131 132 132 132 132 132 132 132 132 131 132 132 132 133 133 133 134 134 133 133 134 134 134 134 133 133 133 133 132 132 131 132 132 132 133 133 133 133 133 132 132 132 132 132 132 132 133 133 133 134 134 134 134 134 133 133 133 133 133 133 134 133 132 133 134 133 132 132 131 132 132 133 133 133 133 133 133 133 133 132 132 133 128 128 128 129 129 128 129 129 128 128 129 129 129 130 130 129 129 130 131 131 130 130 130 131 130 130 130 130 129 128 128 128 128 129 129 129 129 129 129 128 128 128 128 127 127 127 128 128 128 128 128 128 129 129 129 128 129 129 128 129 129 128 128 129 129 129 129 129 129 129 130 130 130 130 130 129 130 130 130 130 130 130 130 130 131 131 130 130 131 131 131 130 131 130 131 131 131 131 131 131 131 131 131 131 131 131 131 131 132 132 132 132 132 133 133 133 132 132 133 133 132 132 132 131 131 131 131 131 131 131 131 132 132 132 131 131 131 131 132 132 131 131 131 131 131 131 131 131 131 132 132 131 131 131 131 131 131 131 131 131 131 131 131 131 131 131 131 131 131 131 132 132 132 132 132 132 132 132 132 132 132 132 132 132 132 132 132 132 132 132 132 132 132 132 132 132 132 132 132 132 132 132 132 131 131 132 131 132 132 132 132 132 132 132 132 133 132 131 132 132 133 133 133 134 134 134 133 133 134 135 134 134 134 134 133 133 133 132 132 132 132 133 133 133 134 134 134 133 132 132 133 132 132 132 132 133 133 134 134 134 133 134 134 133 133 133 134 134 133 133 133 134 134 133 133 132 131 132 133 133 133 134 133 133 133 133 133 133 133 128 128 129 129 129 129 129 129 129 129 129 129 129 130 130 130 130 130 130 131 131 130 130 131 131 131 131 131 130 129 129 129 129 129 129 129 129 129 128 128 129 129 128 128 128 128 128 128 128 128 128 128 128 129 129 129 129 129 129 129 129 129 129 129 129 129 129 129 130 129 129 129 130 130 130 130 129 130 129 130 130 130 130 130 130 131 131 130 131 131 131 131 131 131 131 131 131 131 131 131 131 131 131 131 131 131 131 131 132 132 132 132 132 132 132 132 132 132 133 132 132 132 131 131 131 131 132 131 131 132 132 132 132 132 131 131 131 131 131 132 132 131 131 131 131 131 131 131 131 131 131 131 131 131 131 131 131 131 131 131 131 131 131 131 131 131 132 131 131 132 132 132 132 132 132 132 132 132 132 132 132 132 132 132 132 132 132 132 132 132 132 132 132 132 132 132 132 132 132 132 132 132 132 131 131 131 131 131 132 132 132 132 132 132 133 133 133 132 132 132 133 132 133 133 134 134 134 134 135 134 134 134 134 134 133 133 132 132 132 132 132 132 132 132 133 133 134 134 133 133 133 133 133 133 132 132 133 133 134 134 134 134 134 134 134 133 134 134 134 134 134 134 134 134 133 133 132 132 133 133 134 134 134 134 133 133 133 133 128 128 129 129 129 129 129 129 129 129 130 130 130 130 130 130 130 130 130 131 131 131 131 131 131 131 131 131 131 131 130 129 129 129 129 129 129 129 129 129 130 129 129 129 129 129 129 129 129 128 128 128 128 129 129 129 129 129 129 129 129 129 129 129 129 129 129 130 130 130 129 129 129 130 130 130 130 130 129 130 130 130 130 130 130 130 131 130 130 131 131 131 131 131 131 131 131 131 131 131 131 131 131 131 131 131 131 131 132 132 132 132 132 132 132 132 132 132 132 132 132 132 132 132 132 132 132 132 132 132 132 132 131 131 131 131 132 132 131 131 132 132 131 131 131 131 131 131 131 131 131 131 131 131 131 131 131 131 132 131 131 132 132 131 131 132 132 131 131 131 132 132 132 132 132 132 132 132 132 132 132 132 132 132 132 132 132 132 132 132 132 132 132 132 132 132 132 132 132 132 132 132 132 132 132 131 131 131 132 132 132 132 132 133 133 132 133 133 132 132 132 132 133 133 134 134 134 135 135 134 133 133 133 133 132 132 132 132 133 132 133 132 133 133 132 133 133 134 134 134 134 134 134 134 133 133 133 133 134 134 134 135 135 134 134 134 134 135 134 133 133 133 132 132 133 134 134 134 134 134 134 133 128 128 129 129 129 130 129 130 130 130 130 130 130 130 130 130 131 131 131 131 132 132 132 131 131 131 131 131 131 131 131 130 130 129 129 129 129 129 129 130 130 130 129 129 129 129 129 129 128 129 129 128 128 128 129 129 129 129 129 129 129 129 129 129 129 129 129 130 130 130 129 130 129 130 130 130 130 130 129 130 130 130 130 130 130 131 131 131 130 131 131 131 131 131 131 131 131 131 131 131 131 131 132 132 132 131 131 131 132 132 132 132 132 132 133 133 133 132 132 132 132 132 132 132 132 132 132 132 132 132 132 132 131 131 131 131 131 132 132 131 131 131 132 132 131 131 131 131 131 131 131 131 131 131 131 131 131 131 132 132 132 132 132 132 132 132 132 131 131 131 132 132 132 132 132 132 132 132 132 132 132 132 132 132 132 132 132 132 132 132 132 131 132 132 132 132 132 132 132 132 132 132 132 131 131 131 131 131 131 132 132 132 132 132 132 132 133 133 132 132 133 133 133 133 134 135 135 135 135 134 133 133 132 132 133 133 134 133 133 133 133 133 134 134 133 132 133 134 134 134 134 134 134 134 134 134 134 134 134 134 135 135 135 134 134 135 132 133 133 128 129 129 129 129 129 130 130 130 130 131 131 131 131 131 130 130 131 131 131 132 132 132 132 132 131 130 130 130 131 130 130 130 130 130 129 129 129 129 129 129 129 129 129 129 129 129 130 130 129 129 129 129 128 129 129 129 129 129 129 129 129 129 129 129 129 129 129 129 129 129 129 130 130 130 130 130 130 130 130 130 131 131 130 130 130 130 131 131 131 131 131 131 131 131 131 131 131 131 131 131 131 132 132 132 132 132 131 131 132 132 133 133 132 132 133 133 132 132 132 132 132 133 133 133 133 133 133 133 133 133 132 132 131 131 131 131 132 131 131 131 131 131 131 131 132 131 131 131 131 131 131 131 132 132 132 132 131 132 132 132 132 132 132 132 132 132 132 132 131 131 132 132 132 132 132 132 132 132 132 132 132 132 132 132 132 132 131 131 131 131 131 131 131 131 132 132 132 132 132 132 132 132 132 132 132 131 131 132 131 132 131 132 132 131 132 132 132 133 133 132 132 133 133 134 134 134 134 134 135 135 134 133 133 133 133 134 134 134 133 133 134 134 134 134 134 133 133 133 134 133 133 133 133 133 133 134 134 134 134 134 135 135 133 129 129 129 130 130 130 130 130 130 130 131 131 131 131 131 131 131 131 131 131 131 132 132 132 132 131 130 130 130 130 130 130 130 130 130 129 129 129 129 129 130 130 130 130 130 130 129 129 130 130 129 129 129 129 129 129 129 129 129 129 129 129 129 130 129 129 129 129 129 129 129 130 130 130 130 130 130 130 130 130 130 131 130 130 130 130 131 131 131 131 131 131 131 131 131 131 131 131 131 131 131 132 132 132 132 132 132 132 131 132 132 133 133 133 133 133 133 133 132 132 132 132 133 132 133 133 133 132 132 133 133 133 132 132 132 131 132 132 132 131 132 132 131 131 131 131 131 132 131 131 131 131 132 132 132 132 131 131 132 132 132 132 132 132 132 132 132 132 132 131 131 132 132 132 132 132 132 132 132 132 132 132 132 132 132 131 131 131 131 131 132 132 132 132 131 132 132 132 132 132 132 132 132 132 132 132 132 132 132 132 132 132 131 131 131 131 131 132 132 132 133 133 133 134 134 134 133 133 134 135 135 134 133 133 134 134 135 134 134 134 133 134 135 134 133 133 133 133 133 133 133 134 133 133 134 134 133 133 133 134 134 130 130 130 131 130 131 131 131 131 131 131 131 132 132 132 131 131 131 131 132 132 131 131 131 130 130 130 131 130 129 130 130 130 130 130 129 129 130 130 130 130 130 130 130 130 130 130 130 130 130 129 129 129 130 130 130 130 129 129 129 129 130 130 130 130 129 130 130 130 130 130 130 130 130 130 130 130 130 130 130 130 130 130 131 130 131 131 131 131 131 131 131 131 132 132 131 131 131 131 131 132 132 132 132 132 132 132 132 132 132 132 133 133 133 133 133 132 132 132 132 132 132 132 133 133 133 133 132 133 133 133 133 132 132 132 132 133 132 132 132 132 131 131 131 131 131 132 132 131 131 131 131 131 132 132 132 132 132 132 132 132 132 133 133 133 132 132 131 131 131 132 132 132 132 132 132 132 132 132 132 132 132 131 131 131 131 132 131 132 132 132 132 132 132 132 132 133 132 133 132 131 132 132 132 132 132 132 132 132 132 132 132 131 131 131 132 132 132 132 133 134 133 133 134 133 134 134 134 134 134 134 133 133 134 134 135 135 135 134 134 134 134 134 134 134 134 133 134 135 135 134 133 133 134 134 133 134 134 135 131 131 131 131 131 132 132 132 132 132 131 131 132 132 132 132 132 132 131 131 131 131 130 130 130 130 130 129 129 129 129 129 129 130 130 129 129 129 130 130 130 130 130 130 130 130 130 130 130 130 130 130 129 129 130 130 130 130 129 129 129 130 130 130 130 130 130 130 130 130 130 130 130 130 130 130 130 130 130 131 130 130 130 131 130 131 131 131 131 131 131 131 131 131 132 132 131 131 131 131 132 132 132 132 132 132 132 132 132 132 132 133 133 133 133 133 133 132 132 132 132 133 132 132 133 133 133 133 133 133 133 133 132 132 132 132 133 132 132 132 132 132 132 131 131 131 131 131 131 131 131 132 131 132 132 132 132 132 132 133 132 133 133 132 133 132 132 132 131 131 132 133 132 132 132 132 132 132 132 132 131 131 131 131 132 132 132 132 132 133 133 133 132 132 132 132 133 133 133 132 131 132 133 133 132 132 132 131 132 132 132 132 132 131 131 131 132 132 133 133 134 134 134 133 133 134 134 134 135 135 134 134 133 134 134 134 135 135 135 135 135 135 134 135 135 134 134 135 134 134 134 134 134 134 135 134 134 132 132 132 132 132 132 132 132 132 132 132 132 132 132 132 132 131 132 131 131 130 129 129 130 129 129 129 129 129 129 129 129 129 130 129 129 130 131 130 130 130 130 130 130 130 130 131 130 130 130 130 130 130 130 130 130 130 130 129 129 130 130 130 130 130 130 130 130 130 130 130 130 130 130 130 130 130 130 130 131 130 131 131 131 131 131 131 131 132 131 131 131 131 132 132 132 131 131 132 132 132 132 132 132 132 132 132 132 132 132 133 133 133 133 133 133 132 132 132 133 133 132 133 133 133 133 133 133 133 133 132 132 132 132 132 132 132 132 132 132 132 132 132 132 132 131 131 131 131 131 132 132 131 132 132 133 133 133 133 133 133 132 132 132 132 132 132 132 132 132 133 132 132 132 132 132 132 132 132 132 132 132 132 132 132 132 132 132 132 133 133 132 132 133 133 133 133 133 132 132 133 133 133 132 133 132 131 132 133 132 132 132 131 131 132 132 133 132 133 133 133 133 134 134 133 134 134 135 135 135 134 134 134 134 134 135 136 136 136 136 135 134 135 135 134 134 135 134 135 134 135 135 135 135 134 131 131 131 132 132 132 132 133 133 132 132 132 131 132 132 132 132 132 132 131 131 132 131 131 131 131 131 130 130 129 129 130 129 129 129 129 129 129 129 129 129 129 129 129 130 130 130 130 130 130 130 131 130 131 131 130 130 130 130 130 130 130 130 130 130 130 130 130 130 130 130 130 130 130 130 130 130 130 130 130 130 130 130 130 130 130 130 130 131 131 131 131 131 131 131 131 131 132 132 131 132 132 132 132 132 132 132 132 132 132 132 132 132 132 132 132 132 132 132 132 132 132 133 133 133 133 132 132 133 133 133 133 133 133 133 133 133 133 132 132 132 132 132 132 132 132 132 132 132 132 132 132 132 132 131 131 132 132 132 132 132 132 132 133 133 133 133 132 132 132 132 132 132 133 132 132 132 132 133 132 132 132 132 132 132 132 132 132 132 132 132 132 133 133 133 132 132 133 133 132 132 133 133 133 132 132 132 132 133 133 133 133 133 132 132 133 133 132 132 132 131 131 131 131 132 132 132 133 133 134 134 134 134 134 134 135 135 135 135 134 134 135 135 135 136 136 136 136 136 135 136 135 135 135 134 134 135 135 135 135 132 132 132 132 132 132 132 132 132 132 132 132 132 131 132 132 132 131 131 131 131 131 131 131 131 131 130 131 131 130 129 129 129 129 129 129 129 129 129 129 129 129 129 129 129 129 130 130 130 130 130 130 130 131 131 131 131 130 130 130 131 131 130 130 130 130 130 130 130 130 130 130 130 130 130 130 130 130 130 130 130 130 130 131 131 131 131 131 131 131 131 131 131 131 131 131 131 131 131 131 132 131 131 132 132 131 132 132 132 132 132 132 132 132 132 132 132 133 133 133 133 133 133 132 132 133 132 133 133 133 133 133 133 133 133 133 133 133 132 132 132 132 132 132 132 132 132 132 132 132 132 133 132 133 132 132 131 131 132 132 132 132 132 132 132 132 132 132 132 132 132 133 133 132 132 133 132 132 132 132 132 132 132 133 132 132 132 133 132 132 132 132 132 133 133 133 133 132 133 133 133 133 132 133 133 132 133 133 132 132 133 133 133 133 132 132 132 133 133 132 131 131 131 132 132 132 132 132 132 132 133 134 134 134 134 134 134 135 135 135 135 134 134 135 135 136 136 136 136 136 136 136 136 135 134 134 134 135 135 135 132 132 131 132 132 132 132 132 132 132 132 132 131 132 132 132 131 132 132 131 131 130 131 130 130 130 130 130 130 131 130 130 129 129 129 129 129 129 129 129 129 129 129 129 130 129 129 129 129 129 130 130 130 130 131 131 130 131 131 131 131 131 130 130 130 130 130 130 130 130 130 131 130 130 130 130 130 130 130 130 130 130 130 130 130 131 131 131 131 131 131 131 131 131 131 131 131 131 131 131 131 131 131 132 132 131 131 132 132 132 132 132 132 132 132 132 132 132 132 132 133 133 133 133 133 133 133 132 132 133 133 133 133 133 133 133 133 133 133 133 133 133 132 132 132 132 133 132 133 132 132 132 132 132 132 132 132 132 132 131 131 132 132 132 132 132 132 133 133 133 133 132 132 132 133 133 132 132 133 133 132 132 132 132 132 132 132 132 132 132 133 132 132 132 132 133 133 133 133 133 133 134 133 133 133 133 133 133 133 134 133 132 132 133 133 133 133 132 132 132 132 132 132 131 131 132 132 132 133 133 133 133 133 134 134 135 135 135 134 134 135 135 136 135 135 134 135 135 135 135 136 136 136 136 136 136 136 135 134 134 135 135 135 131 131 132 132 132 132 132 131 131 131 131 131 132 132 132 131 131 131 131 130 130 130 130 130 130 130 130 130 130 129 129 129 129 129 129 129 129 129 129 129 130 130 130 130 130 130 130 130 130 129 130 130 130 130 131 131 131 131 131 131 131 130 130 130 130 130 130 131 131 131 131 131 130 130 130 130 130 130 130 131 131 130 130 130 131 131 131 131 131 131 131 131 131 131 131 131 131 131 131 131 131 132 132 132 132 131 131 132 132 132 132 132 132 132 132 132 132 132 132 133 133 133 133 134 133 133 133 132 133 133 133 133 133 133 133 133 133 133 134 133 132 132 132 132 132 133 132 133 133 133 133 133 133 132 132 132 132 132 132 132 132 132 132 132 133 133 133 133 133 133 132 132 132 133 133 132 132 133 133 132 132 132 133 132 132 132 132 132 132 132 133 132 133 133 133 133 134 134 133 133 134 134 134 133 133 134 133 133 134 133 133 132 133 134 133 133 132 132 131 131 131 131 131 132 132 133 133 133 133 133 134 134 134 134 135 135 135 135 135 135 136 136 136 135 135 135 135 135 135 135 135 136 136 136 136 135 135 135 134 134 134 134 130 132 132 132 131 131 130 130 130 130 131 132 131 131 130 130 130 130 130 129 128 129 129 129 129 129 129 129 129 128 128 129 129 129 129 129 129 130 130 130 130 130 130 130 130 130 130 130 130 130 130 130 131 131 131 131 131 131 131 131 131 130 130 130 130 131 131 131 131 131 131 131 131 131 131 131 131 131 130 130 131 131 131 131 131 131 131 131 131 131 131 131 131 131 131 131 131 131 132 132 131 132 132 132 132 131 132 132 132 132 132 132 132 132 132 132 132 132 133 133 133 133 133 133 133 133 133 133 133 133 133 133 133 133 133 133 133 133 133 133 132 132 132 132 132 132 132 132 132 132 132 132 133 132 132 132 132 132 132 133 132 133 133 133 133 133 133 133 133 133 133 132 133 133 132 132 133 133 132 132 132 133 132 132 132 132 132 133 133 133 133 134 134 133 134 134 134 133 133 134 135 135 134 134 133 133 133 133 133 133 133 134 134 133 133 132 131 131 131 131 131 132 132 133 133 133 133 133 134 134 134 134 134 134 135 135 135 135 135 136 136 136 135 135 136 136 136 135 136 136 136 136 137 136 135 135 134 134 134 134 134 134 131 130 130 131 130 130 130 130 130 129 130 130 130 130 129 129 129 129 128 128 128 128 128 128 128 128 128 128 128 128 129 129 129 129 129 130 130 130 130 130 130 130 130 130 130 130 130 130 130 130 130 130 131 131 131 131 131 131 131 131 131 130 130 130 130 131 131 131 131 131 130 131 131 131 131 131 131 131 130 130 130 131 131 131 131 131 131 131 131 131 131 131 131 131 131 131 131 131 131 131 132 132 132 132 132 132 132 132 132 132 132 132 132 132 132 132 132 133 133 133 133 134 134 133 134 133 133 133 133 133 133 133 133 133 133 133 133 134 133 132 132 132 132 132 132 132 132 132 133 133 133 132 132 132 132 132 132 132 132 132 132 132 132 133 132 133 133 133 133 133 133 133 133 132 132 133 132 132 132 132 133 133 133 133 133 132 132 132 132 132 133 133 134 134 134 134 134 133 133 134 134 135 135 134 134 134 133 133 132 133 133 133 133 133 132 132 132 131 131 131 132 133 133 133 134 133 134 134 134 134 134 135 135 135 135 135 135 135 136 136 136 136 135 135 136 136 136 136 136 137 136 137 137 136 135 135 134 134 134 135 135 135 135 130 130 129 129 129 129 128 128 128 128 128 129 128 128 128 128 128 128 128 128 128 128 128 128 128 128 128 129 129 129 129 129 129 130 130 130 130 130 130 130 130 130 130 130 130 130 130 130 131 131 130 131 131 131 131 131 131 131 131 131 131 131 130 131 131 131 131 131 131 131 131 131 131 131 131 131 131 130 130 130 130 131 131 131 131 131 131 131 131 131 131 131 131 131 131 131 131 131 131 132 132 132 132 132 132 132 132 132 132 132 133 132 132 132 132 132 133 133 133 133 133 134 134 133 133 133 133 133 133 133 133 133 134 134 133 133 133 134 133 133 132 132 132 132 133 133 133 133 133 133 133 132 132 133 132 133 133 132 132 132 132 132 132 132 132 133 133 133 133 133 134 133 133 132 132 133 133 133 132 132 133 133 133 133 133 132 132 132 133 133 133 134 134 134 134 135 134 134 134 134 134 135 135 134 134 133 134 133 132 132 132 133 133 132 132 132 132 132 131 131 133 134 134 133 133 133 133 134 134 135 134 134 135 135 135 135 135 136 136 136 136 136 135 136 137 136 136 136 137 137 137 136 136 135 135 135 135 135 135 135 135 135 135 131 131 131 131 131 131 132 132 132 130 130 129 128 128 128 128 128 128 128 128 128 128 128 128 128 128 128 128 128 129 129 129 129 129 129 129 129 129 130 130 130 130 130 130 130 130 130 130 130 130 130 130 130 130 130 130 130 131 131 131 131 131 131 131 131 131 131 131 131 131 131 131 131 131 131 131 131 131 131 131 131 131 131 131 131 131 131 130 130 130 131 131 131 131 131 131 131 131 131 131 131 131 131 131 131 131 132 132 132 132 132 132 132 132 132 132 132 132 133 133 133 133 132 132 132 132 133 133 133 133 133 134 133 133 133 133 133 133 133 134 134 134 134 133 133 133 133 133 133 132 132 133 132 133 133 133 132 132 132 132 132 132 133 133 133 132 132 132 132 132 132 132 132 132 133 133 133 133 134 134 133 133 132 133 133 133 133 132 132 133 133 133 133 132 132 132 133 133 134 134 134 134 134 134 134 135 135 134 134 134 135 135 135 134 133 133 133 133 132 132 132 133 132 132 132 133 132 131 132 132 133 133 133 133 134 134 134 134 135 135 135 134 135 135 135 135 136 136 136 137 136 136 136 137 136 136 137 136 136 136 136 136 135 135 135 135 135 135 135 135 135 135 135 131 131 131 131 131 131 131 131 131 132 133 133 132 131 134 133 131 130 129 129 128 128 128 128 128 128 128 128 128 128 128 128 129 129 129 129 129 129 129 129 129 130 130 130 130 130 130 130 130 130 130 130 130 130 130 130 130 130 130 130 130 130 130 131 131 131 131 131 131 131 131 131 131 131 131 131 131 131 131 131 131 131 131 131 131 131 131 131 131 131 131 131 131 131 131 131 131 130 131 131 131 131 131 131 131 131 131 131 131 131 131 132 132 132 132 132 132 132 132 132 132 132 132 132 132 132 132 133 133 133 133 132 133 133 133 133 133 134 134 134 134 134 133 133 134 133 133 133 134 134 134 134 134 133 133 133 133 133 133 132 132 132 132 132 132 133 133 132 133 133 133 133 132 133 133 133 132 132 132 133 133 133 133 133 133 134 133 133 133 133 134 134 133 133 132 133 133 133 133 133 133 133 132 133 133 133 133 134 134 133 134 134 134 135 135 135 135 135 135 135 134 134 133 133 133 133 132 132 133 133 132 132 132 132 132 132 132 132 132 133 133 134 134 134 134 134 135 135 135 135 135 136 136 136 136 137 137 136 136 136 136 136 136 136 136 136 136 136 136 135 135 135 135 135 135 135 135 135 135 135 135 131 132 131 130 131 131 131 131 131 131 131 131 132 133 133 132 132 132 133 134 134 133 133 132 131 129 129 128 128 128 128 129 129 129 129 129 129 129 129 129 129 129 129 129 130 130 130 130 130 130 130 130 130 130 130 130 130 130 130 130 130 130 130 130 130 130 130 130 130 131 131 131 131 131 131 131 131 131 131 131 131 131 131 131 131 131 131 131 131 131 131 131 131 131 131 131 131 131 131 131 131 131 131 131 131 131 131 131 131 131 131 131 131 131 131 131 131 132 132 132 132 132 132 132 132 132 132 132 132 132 132 132 133 133 133 133 133 133 133 133 133 134 133 134 134 134 134 134 134 134 133 133 134 134 134 134 134 134 134 134 133 133 133 133 133 133 133 133 133 133 132 132 133 132 132 132 133 133 133 133 133 133 133 132 132 132 132 132 133 133 133 133 133 134 134 133 134 134 134 134 133 133 134 134 134 133 133 133 133 133 133 133 133 133 133 134 133 134 134 134 134 135 135 135 135 134 134 135 134 133 133 133 133 133 132 132 132 133 132 132 132 133 133 133 134 134 134 133 134 134 134 134 134 134 135 135 135 135 135 135 136 136 137 137 137 136 136 136 136 136 136 136 136 136 136 136 135 135 135 135 135 136 135 135 135 135 135 135 136 131 130 131 130 130 131 131 131 131 131 130 131 131 132 132 132 132 131 132 132 133 133 132 132 132 133 134 134 134 133 132 131 130 128 128 128 128 129 129 129 129 129 129 129 129 129 129 129 129 130 130 130 130 130 130 130 130 130 130 130 130 130 130 130 130 130 130 130 130 130 130 130 130 130 131 131 131 131 131 131 131 131 131 131 131 131 132 131 131 131 131 131 131 131 131 131 131 131 131 131 131 132 132 131 131 131 131 132 132 132 131 131 131 131 131 131 131 131 131 131 131 132 132 132 132 132 132 132 132 132 132 132 132 132 132 132 132 132 132 132 133 133 133 133 133 133 133 133 133 134 134 134 134 134 134 134 134 134 133 133 133 134 134 134 134 135 134 134 134 134 134 134 133 133 133 134 133 133 133 133 132 133 133 133 133 133 133 133 133 133 132 133 133 133 133 133 133 133 133 133 133 134 134 134 134 133 133 133 134 134 134 133 133 133 133 133 133 133 133 134 134 133 134 133 134 134 134 135 135 135 134 134 134 135 135 134 134 134 134 133 133 132 132 132 132 132 133 132 133 133 134 134 134 134 134 134 135 135 135 135 134 134 134 135 135 135 135 135 136 136 137 137 137 136 136 136 136 136 136 136 136 136 136 136 135 135 135 135 136 136 135 135 135 135 135 136 136 136 131 131 130 131 130 131 131 131 131 131 130 131 131 132 131 131 130 130 131 131 132 133 132 132 132 133 134 134 133 133 132 131 130 129 128 128 128 129 129 129 129 129 129 129 130 130 130 130 130 130 130 130 130 130 130 130 130 130 130 130 130 130 130 130 130 130 130 130 130 130 130 130 130 131 131 131 131 131 131 131 131 131 131 131 131 131 132 132 131 131 131 131 131 131 131 131 131 131 131 131 131 132 132 132 132 132 132 132 132 132 132 131 131 131 131 131 131 131 131 131 132 132 132 132 132 132 132 132 132 132 132 132 132 132 132 132 132 132 132 133 133 133 133 133 133 133 133 133 134 134 134 134 134 134 134 134 133 133 133 133 134 134 134 134 134 134 134 134 134 133 133 133 133 134 133 134 134 134 134 133 133 133 133 133 134 134 134 133 133 133 133 133 133 133 133 133 133 133 133 133 133 134 134 134 134 133 134 134 134 134 134 133 133 134 133 133 133 133 133 133 133 133 134 134 134 134 134 134 134 135 134 134 134 134 135 134 134 134 133 134 133 133 133 132 132 133 133 133 133 133 133 133 133 134 134 134 134 134 134 134 135 135 134 134 134 134 135 135 135 136 137 137 137 137 137 136 136 136 136 136 136 136 136 136 136 136 135 135 136 136 135 135 135 136 135 135 136 136 131 131 130 131 131 131 131 131 131 131 130 131 131 131 131 131 130 130 130 131 132 133 133 132 132 133 133 133 132 132 131 130 129 129 128 128 128 129 129 129 129 130 130 130 130 130 130 130 130 130 130 130 130 130 130 130 130 130 130 130 130 130 130 130 130 130 130 130 130 130 130 131 131 131 131 131 131 131 131 131 131 131 131 131 131 131 132 132 132 131 131 131 131 131 131 131 132 132 131 132 132 132 132 132 132 132 132 131 132 132 132 132 131 131 131 131 131 131 131 131 132 132 132 132 132 132 132 132 132 132 132 132 132 132 132 132 132 133 133 133 133 133 133 133 133 133 134 133 134 134 134 134 134 134 134 134 134 134 134 133 133 134 134 134 134 134 134 134 133 133 133 133 133 133 133 133 133 134 134 134 134 133 134 134 134 134 134 134 134 134 133 134 134 133 133 133 133 133 133 133 134 134 134 134 134 134 134 134 134 134 134 134 133 134 134 134 133 133 133 133 134 134 134 134 134 134 134 134 134 134 134 134 134 134 134 134 134 134 134 133 133 133 133 133 132 132 133 133 134 134 133 133 133 133 133 134 134 134 134 134 134 135 135 135 135 135 135 135 135 136 136 137 137 137 137 137 136 136 136 136 136 136 137 137 136 136 135 135 136 136 136 135 135 135 136 136 136 136 131 131 131 131 132 131 131 131 131 131 131 131 131 131 130 130 130 131 131 132 133 132 131 132 132 132 132 132 131 130 130 130 129 128 128 129 129 129 129 129 129 130 130 130 130 130 130 130 130 130 130 130 130 130 130 130 130 130 130 130 130 130 130 130 130 130 130 131 131 131 131 131 131 131 131 131 131 131 131 131 131 131 131 132 132 132 132 132 131 131 131 132 132 132 132 132 132 131 132 132 132 132 132 132 132 131 131 131 131 132 132 132 131 131 131 131 131 131 131 132 132 132 132 132 132 132 132 132 132 132 132 132 132 132 132 132 133 133 133 133 133 133 133 133 133 134 134 134 134 134 134 134 134 133 134 134 134 134 134 134 134 134 134 134 134 134 134 134 134 134 134 134 134 134 134 133 134 134 134 134 134 135 135 134 134 134 134 134 134 134 134 134 134 134 134 133 133 133 133 133 134 134 134 134 134 134 134 134 134 134 134 134 134 134 134 134 133 133 133 133 134 133 134 134 134 134 134 134 134 134 134 134 134 134 134 134 134 134 133 133 133 133 133 133 132 133 133 134 134 134 133 133 134 133 133 133 134 134 134 134 134 135 135 135 135 136 136 136 136 137 137 137 137 137 137 136 136 136 136 136 137 137 137 136 136 136 136 135 136 136 136 135 135 136 136 131 130 130 131 130 131 131 131 131 131 131 130 130 131 131 130 130 131 131 131 131 132 132 131 131 131 131 133 132 131 130 130 130 129 128 128 129 129 130 130 130 130 130 130 130 130 130 130 130 130 130 130 130 130 130 130 130 130 130 130 130 130 130 130 131 131 131 131 131 131 131 131 131 131 131 131 131 131 131 131 131 131 131 131 132 132 132 132 131 131 132 132 132 132 132 132 132 132 132 132 132 132 132 132 132 132 132 132 131 132 132 132 132 132 132 131 131 131 132 132 132 132 132 132 132 132 132 132 132 132 132 132 132 132 132 132 132 132 132 133 133 133 133 133 133 133 133 133 134 134 134 134 134 134 134 134 134 134 134 134 134 134 134 134 134 134 134 134 134 134 134 134 133 134 134 134 134 134 134 134 134 134 134 135 135 134 134 134 134 134 134 134 134 134 134 133 133 133 133 133 134 134 134 134 134 134 134 134 135 135 134 134 134 134 134 134 134 133 133 133 133 134 134 134 134 134 134 134 135 135 134 134 134 134 133 134 134 134 134 134 133 133 133 133 133 133 133 133 134 134 134 134 134 134 134 134 134 134 134 134 134 134 134 135 135 135 135 136 136 136 137 136 136 136 137 137 137 136 136 136 137 137 137 137 136 137 136 136 136 136 136 136 136 136 136 131 131 131 130 130 131 132 132 131 130 129 130 130 130 131 130 130 131 131 132 132 132 131 130 130 132 132 131 130 129 129 128 128 129 129 130 130 130 130 130 130 130 130 130 130 130 130 130 130 130 130 130 130 130 130 130 130 130 130 130 131 131 131 131 131 131 131 131 131 131 131 131 131 131 131 131 131 131 131 131 132 132 132 132 132 132 132 132 132 132 132 132 132 132 132 132 132 132 132 132 132 132 132 132 132 132 132 132 132 132 132 132 132 132 131 131 132 132 132 132 132 132 132 132 132 132 132 132 132 132 132 132 132 132 132 132 133 133 133 133 133 133 133 133 133 133 133 133 134 134 134 134 134 134 134 134 134 134 134 134 134 134 134 134 134 134 134 133 134 134 133 133 134 134 134 134 134 134 134 134 134 135 135 134 134 134 135 135 135 134 134 134 134 134 134 133 133 134 134 134 134 134 134 134 134 134 135 135 135 135 135 135 135 134 134 133 133 134 134 134 134 134 134 134 134 134 135 135 134 135 134 133 134 133 134 134 134 133 134 134 133 133 133 133 133 133 134 134 134 134 134 134 134 134 134 134 134 134 134 134 135 134 134 135 135 135 135 136 136 136 136 136 136 137 137 136 137 137 137 137 137 137 137 137 137 137 137 137 137 137 137 137 137 132 132 131 130 130 130 130 129 130 130 130 130 130 129 129 129 130 130 131 132 132 132 133 131 130 130 129 129 129 129 129 129 129 129 130 130 130 130 130 130 130 130 130 130 130 130 130 130 131 130 131 131 130 130 131 131 130 130 131 131 131 131 131 131 131 131 131 131 131 131 131 131 131 131 131 131 132 132 132 132 132 132 132 132 132 132 132 132 132 132 132 132 132 132 132 132 132 132 132 132 132 132 132 132 132 132 132 132 132 132 132 132 132 132 132 132 132 132 132 132 132 132 132 132 132 132 132 132 132 132 133 133 133 133 133 133 133 132 133 133 133 133 133 133 133 133 133 134 134 134 134 134 134 134 134 134 134 134 134 133 134 133 134 134 134 134 133 134 134 133 133 134 134 134 134 134 134 134 134 134 134 135 134 134 134 134 134 135 134 134 134 134 134 134 134 134 134 135 135 134 134 135 135 135 134 135 134 135 135 135 135 134 134 134 134 134 134 134 134 134 134 134 134 134 135 135 134 135 135 134 134 134 134 134 134 134 134 134 134 133 133 133 133 133 134 134 134 134 134 134 134 134 134 134 134 134 134 134 134 134 134 134 134 134 134 135 135 136 136 136 136 136 137 137 137 137 137 137 137 137 137 137 137 138 137 137 137 137 137 138 138 137 131 130 130 130 130 130 130 130 131 131 131 131 130 130 129 129 130 130 131 132 133 133 131 131 130 130 130 130 130 130 129 129 130 130 130 130 130 130 130 130 130 130 130 130 130 130 130 131 131 131 131 131 131 131 131 131 131 131 131 131 131 131 131 131 131 131 131 131 131 131 131 131 131 131 132 132 132 132 132 132 132 132 131 131 132 132 132 132 132 132 132 132 132 132 132 132 132 132 132 132 132 132 132 132 132 132 132 132 132 132 132 132 132 132 132 132 132 132 132 132 132 132 132 132 132 133 133 133 133 133 133 133 133 133 133 133 133 133 133 133 133 133 133 133 134 134 133 133 134 134 134 134 134 135 135 135 134 134 134 134 133 133 133 134 133 133 133 133 133 133 134 134 134 134 134 134 134 134 134 134 135 135 135 135 134 134 134 134 134 134 134 134 134 134 134 135 135 135 135 135 135 135 135 134 134 134 134 134 134 134 134 134 134 134 134 134 134 134 134 134 134 134 134 134 135 134 134 134 134 134 134 134 133 134 134 134 134 134 134 133 133 133 133 134 134 134 134 134 134 134 134 134 134 134 134 133 133 134 134 134 134 135 135 134 134 134 135 136 136 136 137 137 137 137 137 137 137 137 137 138 138 138 138 138 137 138 138 137 138 131 131 131 131 133 132 133 133 131 131 131 129 129 131 131 131 132 131 131 131 130 130 129 129 130 130 129 129 130 130 130 130 130 130 130 130 130 130 131 131 131 131 131 131 131 131 131 131 131 131 131 131 131 131 131 131 131 131 131 131 131 131 131 131 131 131 131 131 131 131 132 132 132 132 132 132 132 132 132 132 132 132 132 132 132 132 132 132 132 132 132 132 132 132 132 132 132 132 132 132 132 132 132 132 132 132 132 132 132 132 132 132 132 132 132 132 132 132 132 133 133 133 133 133 133 133 133 133 133 133 133 133 133 133 133 133 133 134 134 134 134 134 134 134 134 134 134 134 134 134 135 134 134 134 133 133 133 133 133 133 134 134 134 134 133 133 133 134 134 134 134 135 134 134 134 134 134 134 135 134 134 134 134 135 135 134 134 134 134 134 135 135 134 134 135 135 135 134 135 135 134 134 134 134 134 134 134 134 134 134 134 134 134 134 134 134 134 134 134 134 135 134 134 134 135 134 134 134 134 133 133 134 134 134 134 133 133 133 133 134 134 134 134 134 134 134 134 134 134 134 134 134 134 134 134 135 134 135 135 135 135 135 135 135 136 136 137 137 137 137 137 137 137 137 137 138 138 138 138 137 138 138 138 138 138 138 138 133 132 132 133 133 134 134 134 132 133 133 133 128 129 129 130 131 130 130 130 129 129 129 129 129 130 130 130 130 130 130 130 130 130 131 131 131 131 131 131 131 131 131 131 131 131 131 131 131 131 131 131 131 131 131 131 131 131 131 131 131 131 131 131 132 132 131 131 132 132 132 132 132 132 132 132 132 132 132 132 132 132 132 132 132 132 132 132 132 132 132 132 132 132 132 132 133 132 132 132 132 132 132 132 132 132 132 132 132 132 132 132 132 133 132 132 132 132 133 133 133 133 133 133 133 133 133 133 133 133 133 133 133 133 133 133 133 133 134 134 134 134 134 134 134 134 134 134 134 134 135 135 134 134 134 134 134 134 134 134 134 134 134 134 134 133 133 134 134 134 134 134 134 134 134 134 134 134 135 135 134 134 134 134 134 134 134 134 135 135 135 135 135 134 135 134 135 135 134 135 134 134 134 134 135 135 135 134 134 134 134 134 134 134 134 134 134 134 134 134 134 134 134 134 134 134 134 134 134 134 134 133 133 133 134 134 134 134 134 134 134 134 134 135 134 134 134 134 134 134 134 134 134 134 135 135 136 136 136 137 136 136 136 136 135 136 137 137 137 137 137 137 137 137 138 138 138 138 138 137 138 138 138 138 138 138 138 134 135 135 135 135 135 134 134 134 134 132 131 129 129 129 128 128 129 128 129 129 129 129 130 130 130 130 130 131 131 131 131 131 131 131 131 131 131 131 131 131 131 131 131 131 131 131 131 131 131 131 131 131 131 131 131 131 131 132 131 132 132 132 132 132 131 132 132 132 132 132 132 132 132 132 132 132 132 132 133 133 132 132 132 132 132 132 132 132 132 132 132 132 132 133 132 132 132 132 132 132 132 132 133 133 132 132 132 132 132 132 132 132 132 132 132 133 133 133 133 133 133 133 133 133 133 133 133 133 133 133 133 133 133 133 134 134 134 134 134 134 134 134 134 134 134 134 135 135 135 135 135 135 135 135 134 134 134 134 134 134 134 134 133 133 133 133 134 134 135 134 134 134 134 133 134 135 135 135 135 134 134 134 134 134 134 135 135 135 135 135 134 134 134 134 134 134 134 135 135 135 135 135 135 135 135 134 134 135 135 134 134 134 134 134 135 134 134 135 134 134 134 133 134 134 134 134 134 134 134 134 134 134 134 134 134 134 134 134 134 135 134 134 134 134 134 134 134 134 135 136 136 135 135 135 136 136 137 137 136 137 137 136 136 136 137 137 137 137 137 137 138 138 138 138 138 138 138 138 138 138 138 138 138 135 135 135 135 134 134 134 134 134 133 132 131 131 130 130 131 130 129 129 129 129 129 130 130 130 130 131 131 131 131 131 131 131 131 131 131 131 131 131 131 131 131 131 131 131 131 131 131 131 131 131 131 131 131 132 132 132 132 132 132 132 132 132 132 132 132 132 132 132 132 132 132 132 132 132 132 132 132 133 133 132 132 132 133 132 132 132 132 132 132 132 132 132 132 132 132 132 132 132 132 132 132 133 133 132 132 132 132 132 132 132 132 132 133 133 133 133 133 133 133 133 133 133 133 133 133 133 133 133 133 133 133 133 134 134 134 134 134 134 133 134 134 134 134 134 134 134 134 134 134 134 135 135 134 135 135 134 134 134 134 134 133 134 134 134 134 133 134 135 134 134 134 133 133 134 134 134 135 135 135 135 135 134 134 134 135 135 135 135 134 134 134 135 135 134 135 135 134 135 135 135 136 136 136 135 135 135 135 135 135 135 135 134 134 135 135 135 135 134 134 134 134 134 133 134 134 134 134 134 134 134 134 134 134 134 134 134 134 134 134 134 134 134 134 134 135 135 135 134 135 136 136 136 136 136 136 137 137 137 137 137 136 136 137 137 137 138 137 138 138 138 138 138 138 137 138 138 138 138 138 138 138 134 134 134 134 134 134 134 134 134 133 132 132 131 132 132 133 132 131 130 130 130 130 130 130 130 130 131 131 131 131 131 131 131 131 131 131 131 131 131 131 131 131 131 131 131 131 131 131 131 131 131 131 131 131 131 131 131 132 132 132 132 132 132 132 132 132 132 132 132 132 132 132 132 132 132 132 132 132 133 133 133 132 133 133 133 133 132 132 132 132 132 132 133 132 132 133 133 133 133 133 133 132 133 133 133 133 132 132 132 132 132 132 133 133 133 133 133 133 133 133 133 133 133 133 133 133 133 133 133 133 133 133 133 133 133 134 134 133 134 134 134 134 134 134 134 134 134 134 135 134 134 134 134 134 134 134 134 134 134 134 133 133 134 134 134 134 134 133 134 134 134 134 134 133 134 134 134 134 134 135 135 135 135 134 134 134 134 135 135 135 134 135 135 135 135 134 135 135 135 135 135 136 136 136 136 136 136 136 135 135 134 134 134 134 135 135 135 135 135 134 134 134 134 134 134 134 134 134 134 134 134 134 133 134 134 134 134 134 134 134 134 135 135 135 135 135 135 136 136 135 135 135 136 136 137 137 137 137 137 138 138 137 137 136 137 137 137 138 138 138 138 138 137 137 138 138 137 138 138 138 137 138 139 134 133 133 133 133 133 133 133 133 133 133 133 133 133 134 134 133 132 131 131 130 130 129 130 130 130 130 131 131 131 131 131 131 131 131 131 131 131 131 131 131 131 131 131 131 131 131 131 132 132 132 131 131 131 131 131 131 132 132 132 132 132 132 132 132 132 132 132 132 132 132 132 132 132 132 132 132 132 133 133 133 133 133 133 133 133 133 133 132 132 132 132 133 133 133 133 133 133 133 133 133 133 133 133 133 133 133 133 132 132 132 132 133 133 133 133 133 133 133 133 133 133 133 133 133 133 133 133 133 133 133 133 133 133 133 133 133 133 133 134 134 134 134 134 134 134 134 135 135 134 135 135 134 134 134 134 134 134 134 134 134 133 134 134 135 134 134 134 134 134 134 134 134 134 133 134 134 134 134 134 134 135 135 135 134 134 134 134 135 134 135 135 135 135 135 135 135 135 135 135 135 136 136 136 136 136 136 136 136 136 135 135 135 134 134 135 135 135 135 136 135 135 135 134 134 134 134 134 134 134 134 134 134 134 134 134 134 134 134 134 134 134 134 135 135 136 136 137 137 137 136 135 136 136 137 138 138 138 137 138 138 138 137 137 136 136 137 137 138 138 139 138 138 137 137 137 138 137 138 138 137 138 138 138 138 134 133 134 133 133 132 133 134 134 134 135 135 135 134 136 135 133 132 131 130 130 129 129 130 130 130 131 131 131 131 131 131 131 131 131 131 131 131 131 131 131 131 131 131 131 131 131 131 132 131 132 132 132 131 131 131 131 132 132 132 132 132 132 132 132 132 132 132 132 132 132 132 132 132 132 132 132 132 132 133 133 133 133 133 133 133 133 133 132 132 132 132 133 133 133 133 133 133 133 133 133 133 133 133 133 133 133 133 133 133 132 133 133 133 133 133 133 133 133 133 133 133 133 133 133 133 133 133 134 134 134 134 134 134 134 133 134 134 133 134 134 134 134 134 135 135 134 134 134 134 135 135 135 134 134 134 134 134 134 134 134 134 134 135 135 134 134 134 134 134 135 134 134 134 133 134 134 134 134 134 134 134 134 134 134 134 134 134 134 134 135 135 135 135 135 135 135 135 135 135 135 136 136 136 136 136 136 136 136 136 135 135 134 134 134 135 135 136 136 136 135 135 135 135 135 135 134 134 134 134 134 134 134 134 134 134 134 134 134 134 134 135 134 134 134 135 136 136 137 137 137 136 135 137 137 137 138 137 138 138 138 139 138 137 136 136 137 138 138 138 138 138 138 138 138 137 137 137 138 138 138 138 138 138 135 134 134 135 135 134 134 133 132 133 134 135 134 134 135 135 136 134 133 133 133 132 131 130 129 130 130 131 131 131 131 131 131 131 131 131 131 131 131 131 131 131 131 131 131 131 131 131 131 131 131 132 132 132 132 132 132 131 132 132 132 132 132 132 132 132 132 132 132 132 132 132 132 132 132 132 132 132 132 132 132 133 133 133 133 133 133 133 133 133 133 132 132 132 133 133 133 133 133 133 133 133 133 133 133 133 133 133 134 133 133 133 133 133 133 133 133 133 133 133 133 133 133 133 133 133 134 134 134 134 134 134 134 134 134 134 134 134 133 133 133 134 134 134 134 134 135 135 135 134 134 134 135 135 134 134 134 135 135 135 134 135 134 135 135 135 135 135 134 134 134 134 135 135 134 134 133 134 134 134 134 134 134 134 134 134 134 134 134 134 134 134 134 134 135 135 135 135 135 135 135 136 136 136 136 136 136 135 136 135 136 136 136 135 135 134 135 135 135 136 135 135 134 134 135 134 134 135 135 134 134 134 133 133 133 134 134 134 134 134 134 134 134 135 136 136 136 135 135 136 136 136 137 137 136 136 136 137 137 137 137 138 138 138 138 137 137 137 138 138 138 138 138 138 138 138 138 138 138 138 138 138 138 138 138 139 135 135 136 136 134 134 134 134 132 133 134 134 133 133 133 134 135 134 134 134 134 133 132 130 129 130 130 131 131 131 131 131 131 131 131 131 131 131 131 131 131 131 131 132 131 131 131 131 131 131 131 132 132 132 132 132 132 132 132 132 132 132 132 132 132 132 132 132 132 132 132 132 132 132 132 132 132 133 133 133 133 133 133 133 133 133 133 133 133 133 133 133 132 132 133 133 133 133 133 133 133 133 133 133 133 133 133 134 134 133 133 133 133 133 133 133 133 133 133 133 133 133 134 134 134 134 134 134 134 134 134 134 134 134 134 134 134 133 134 134 134 135 134 134 135 135 134 134 134 134 134 134 135 135 135 135 134 135 135 135 135 135 135 135 135 135 134 134 135 135 135 134 135 135 135 134 134 133 134 134 134 134 134 134 134 134 134 134 134 134 134 134 134 135 135 135 135 135 135 136 136 136 136 135 135 135 135 135 135 136 136 136 136 136 135 135 135 135 135 135 135 134 134 134 134 134 134 134 135 134 134 133 133 133 134 134 134 134 134 134 134 135 135 135 136 136 137 136 135 136 137 137 137 138 137 137 137 136 137 137 137 137 138 138 139 138 138 138 138 138 138 138 138 138 138 139 138 138 138 138 138 138 138 138 139 135 135 135 134 133 133 134 134 133 132 133 133 133 133 132 134 135 136 135 135 134 133 132 131 130 130 130 131 131 131 131 131 131 131 131 131 131 131 131 132 132 132 132 132 132 132 132 132 132 132 132 132 132 132 132 132 132 132 132 132 132 132 132 132 132 132 133 133 133 133 132 133 133 132 132 132 132 133 133 133 133 133 133 133 133 133 133 133 133 133 133 133 133 132 133 133 133 133 133 133 133 133 133 133 133 133 133 133 133 133 133 133 133 133 133 133 133 134 134 134 134 134 134 134 134 134 134 134 134 134 134 134 134 134 134 134 133 133 133 134 134 135 135 134 135 135 135 135 135 134 134 135 135 135 135 135 134 134 135 135 135 135 135 135 135 135 134 134 135 135 135 135 135 134 134 134 134 133 134 134 134 134 134 134 134 134 134 134 134 134 134 134 134 135 135 135 136 136 136 136 136 136 135 136 135 135 135 135 135 135 135 136 136 136 136 135 135 136 135 136 135 134 134 134 133 134 133 134 135 134 134 134 133 133 134 134 134 134 134 134 134 135 135 136 136 136 137 137 136 136 136 137 137 137 138 138 138 138 137 137 137 137 138 139 139 139 139 139 139 139 139 139 138 138 138 139 138 139 138 138 138 138 138 138 138 135 134 134 134 134 133 133 132 133 133 132 132 132 133 133 134 135 136 135 134 133 132 131 131 130 130 131 131 131 131 131 132 132 132 132 131 132 132 132 132 132 132 132 132 132 132 132 132 132 132 132 132 132 132 132 132 132 132 132 132 132 132 132 132 132 133 133 133 133 133 133 133 133 133 133 133 133 133 133 133 133 133 133 133 133 133 133 133 133 133 133 133 132 133 133 133 133 133 133 133 133 133 133 133 134 133 133 133 133 133 133 133 133 133 133 134 134 134 134 134 134 134 134 134 134 134 134 134 134 134 134 134 134 134 134 134 134 134 134 134 135 135 135 135 135 135 135 135 135 134 135 135 135 135 135 135 135 135 135 135 135 135 135 135 135 135 134 134 135 135 135 135 134 134 134 134 134 134 134 134 134 134 134 135 134 134 134 134 134 134 134 135 135 135 135 135 136 135 136 135 135 135 135 135 135 135 135 136 136 136 136 136 136 136 135 135 135 136 136 136 135 134 134 134 134 134 134 134 134 134 133 134 134 134 134 134 134 134 134 135 136 135 136 136 137 137 137 137 137 136 136 137 137 138 138 138 138 138 137 137 138 138 139 138 138 139 139 139 139 139 138 138 138 138 138 138 138 138 138 138 138 138 138 138 136 135 135 136 135 134 134 134 134 133 132 132 132 132 133 132 134 134 134 133 132 131 131 131 130 130 131 131 131 132 132 132 132 132 132 132 132 132 132 132 132 132 132 132 132 132 132 132 132 132 132 132 132 132 132 132 132 132 132 132 132 132 132 132 133 133 133 133 133 133 133 133 133 133 133 133 133 133 133 133 133 133 133 133 133 133 133 133 133 133 133 133 133 133 133 133 133 133 133 133 133 133 133 133 133 133 133 133 133 133 133 133 133 133 134 134 134 134 134 134 134 134 134 134 134 134 134 134 134 134 134 134 134 134 134 134 134 134 134 135 135 135 135 135 135 135 135 135 135 135 134 135 135 135 135 135 135 135 135 135 135 135 135 135 135 135 135 135 135 135 135 135 135 134 134 134 134 134 134 134 134 134 134 135 135 134 134 134 134 134 134 135 135 135 135 135 135 135 135 135 135 135 135 135 136 136 136 136 136 136 136 136 136 135 136 135 135 136 136 136 135 134 134 134 134 134 134 134 134 134 134 134 134 134 134 134 134 134 135 135 136 136 136 137 137 137 137 137 137 137 136 137 137 137 137 137 138 138 138 138 139 139 139 138 138 138 138 138 138 138 137 138 138 138 139 139 138 138 138 137 138 138 139 136 136 136 135 134 133 133 133 133 133 133 132 131 132 132 132 134 134 133 131 131 131 131 131 131 131 131 132 132 132 132 132 132 132 132 132 132 132 132 132 132 132 132 132 132 132 132 132 132 132 132 132 132 132 132 132 132 132 132 132 132 133 133 133 133 133 133 133 133 133 133 133 133 133 133 133 133 133 133 133 133 133 133 134 134 133 133 133 133 133 133 133 133 133 133 133 133 133 133 134 133 133 134 133 133 134 134 134 133 133 133 133 134 134 134 134 134 134 134 134 134 134 134 134 134 134 134 134 134 134 134 134 134 134 134 134 134 134 134 135 135 135 135 136 135 135 135 135 135 135 135 135 135 135 135 135 135 135 136 135 135 135 135 135 135 135 135 135 135 135 135 135 134 134 134 134 134 134 134 134 134 134 135 135 135 134 134 134 134 135 135 135 135 134 135 135 134 135 135 135 135 135 135 136 136 136 136 136 136 135 136 136 135 135 135 134 135 135 135 134 134 134 134 134 134 134 134 134 134 134 134 134 134 134 134 134 134 134 134 135 135 135 136 137 137 137 138 138 137 137 137 137 137 137 138 138 138 138 139 139 139 139 138 138 138 138 138 137 138 137 137 137 138 138 139 138 138 137 137 138 138 139 136 135 136 136 135 133 134 134 135 135 134 133 133 132 131 132 133 134 135 133 132 132 131 131 131 131 131 132 132 132 132 132 132 132 132 132 132 132 132 132 132 132 132 132 132 132 132 132 132 132 132 133 133 133 132 132 132 132 132 132 132 132 133 133 133 133 133 133 133 133 133 133 133 133 133 133 133 133 133 133 133 133 133 133 134 134 134 133 133 133 133 133 133 133 133 133 133 133 133 134 134 134 134 134 134 134 134 134 134 133 133 133 133 134 134 134 134 134 134 134 134 134 134 134 134 134 134 134 134 134 134 134 134 134 134 134 134 134 134 134 135 135 135 135 135 135 135 135 135 135 135 135 135 135 135 135 135 135 135 135 135 135 135 135 135 135 135 135 135 135 135 135 135 135 134 134 134 134 134 134 134 134 135 135 135 135 134 134 134 135 135 135 135 134 134 134 135 134 135 135 135 135 135 135 136 136 137 136 136 135 135 135 135 135 134 135 134 134 134 134 134 134 134 134 134 134 134 134 134 134 134 134 134 134 134 135 135 135 135 134 135 135 135 136 136 137 137 137 137 138 138 138 137 137 138 138 138 138 138 139 139 139 139 138 138 138 139 139 138 138 138 137 137 137 138 138 137 137 137 138 138 138 139 136 135 135 134 134 135 136 136 136 136 135 134 133 132 132 131 131 132 132 132 132 132 131 131 131 131 131 132 132 132 132 132 132 132 132 132 132 132 132 132 132 132 132 132 132 132 132 132 132 132 132 132 133 133 133 132 132 132 132 132 132 133 133 133 133 133 133 133 133 133 133 133 133 133 133 133 133 133 134 133 133 133 133 133 134 134 133 133 133 133 133 133 133 133 133 133 133 133 134 134 134 134 134 134 134 134 134 134 134 134 133 133 133 134 134 134 134 134 134 134 134 134 134 134 134 134 134 134 134 134 134 134 134 134 134 134 134 134 134 134 135 135 135 135 135 135 135 135 135 136 135 135 135 135 135 135 135 135 135 135 136 135 135 135 135 135 135 135 135 135 135 136 135 135 135 135 134 134 134 134 134 134 135 135 135 135 135 135 135 135 135 135 134 135 135 135 135 135 135 135 135 135 135 135 135 136 136 136 135 135 135 134 134 135 134 134 134 134 134 134 134 134 134 134 134 134 134 134 134 134 134 134 135 134 135 135 135 135 136 135 135 135 135 135 136 136 136 137 137 137 138 138 138 137 137 138 138 139 139 139 139 139 139 138 139 139 139 139 139 139 138 137 137 137 138 138 137 138 138 138 139 139 139 139 139 138 137 136 135 135 134 135 136 135 135 135 135 134 134 133 133 133 132 132 131 131 131 131 131 131 131 132 132 132 132 132 132 132 132 132 132 132 132 132 132 132 132 132 132 132 132 132 132 132 132 132 132 132 133 133 133 133 132 132 132 132 133 133 133 133 133 133 133 133 133 133 133 133 133 133 133 134 134 134 134 133 134 134 134 133 133 134 133 133 133 133 133 134 134 134 133 133 133 133 133 134 134 134 134 134 134 134 134 134 134 133 133 133 134 134 134 134 134 134 134 134 134 134 134 134 134 134 134 134 134 134 134 134 134 134 134 134 134 134 134 135 135 135 135 135 135 135 135 135 136 136 135 136 135 135 135 135 136 136 136 136 136 136 136 135 136 136 135 135 135 135 135 135 136 135 135 135 135 134 134 135 134 134 134 135 135 135 135 135 135 135 135 135 135 135 135 135 135 135 135 135 135 135 135 135 135 136 136 135 135 135 134 134 134 134 134 134 134 134 134 134 134 134 134 134 134 134 134 134 134 134 134 135 135 135 135 135 135 136 136 136 136 135 136 136 136 136 137 137 138 138 138 138 138 138 138 138 138 139 139 139 139 139 139 139 139 139 139 140 139 139 138 138 137 137 137 137 137 137 138 138 139 138 139 138 138 138 138 137 136 135 135 136 136 136 135 135 134 134 133 133 133 133 132 132 132 132 131 131 131 131 132 132 132 132 132 132 132 132 132 132 132 132 132 132 132 132 132 132 132 132 132 132 132 132 132 132 132 132 133 133 133 133 133 132 132 133 133 133 133 133 133 133 133 133 133 133 133 133 133 133 134 134 134 134 134 134 134 134 134 133 133 134 134 134 133 133 133 134 134 134 133 133 133 133 133 134 134 134 134 134 134 134 134 134 134 134 133 134 134 134 134 134 134 134 134 134 134 134 134 134 134 134 134 135 135 135 135 135 135 135 135 135 135 135 135 135 135 135 135 136 135 136 136 135 136 135 135 136 136 135 135 136 136 136 136 136 136 136 136 135 136 136 136 136 135 135 135 135 135 136 135 135 135 135 135 135 135 134 134 135 135 135 135 135 135 135 135 135 135 135 135 135 135 135 135 135 135 135 135 135 135 135 135 135 135 134 134 134 134 135 135 135 135 135 135 135 135 134 134 134 134 134 135 135 134 134 134 134 134 135 135 135 135 136 136 136 136 136 136 137 137 137 136 137 137 138 138 138 138 138 138 138 139 139 139 138 138 138 139 138 139 139 140 140 140 139 138 138 137 137 138 138 137 137 137 137 137 138 138 138 138 138 138 137 138 137 136 136 137 138 137 136 135 134 134 134 133 134 134 134 133 132 131 131 131 132 132 132 132 132 132 132 132 132 132 132 133 133 133 133 133 133 133 133 133 133 133 133 133 132 132 132 133 133 133 133 132 133 133 133 133 133 133 133 133 133 133 133 133 133 133 133 133 133 133 133 134 134 134 134 134 134 134 134 133 134 134 134 134 134 134 134 134 134 134 134 134 134 134 133 133 133 133 134 134 134 134 134 134 134 134 134 134 134 134 134 134 134 134 134 134 134 134 134 134 134 135 135 135 135 135 135 135 135 135 135 135 135 135 135 135 135 135 135 135 135 136 135 135 135 135 135 135 136 136 135 135 135 136 136 136 136 136 136 136 135 135 135 135 136 136 136 136 135 135 136 136 136 135 135 135 135 135 135 135 135 134 135 135 135 135 135 135 135 135 135 135 135 135 135 135 136 136 136 136 135 135 135 135 135 134 134 134 134 135 135 135 135 135 135 135 135 135 135 135 135 135 135 135 135 135 135 135 135 135 135 134 135 135 135 136 136 136 137 136 137 137 138 137 137 137 137 137 137 138 138 139 138 138 139 140 140 139 139 138 138 138 139 139 140 139 139 139 138 138 138 138 139 138 138 137 137 136 136 137 137 138 138 137 138 137 138 138 137 138 138 137 137 136 136 135 135 134 134 134 134 134 133 132 132 132 131 132 132 132 132 132 132 132 132 133 133 133 133 133 133 133 133 133 133 133 133 133 133 133 133 133 133 133 133 133 133 133 133 133 133 133 133 133 133 133 133 133 133 133 133 133 133 133 133 133 133 133 133 134 134 134 134 134 134 134 134 134 134 134 134 134 134 134 134 134 134 134 134 134 134 134 134 133 133 133 134 134 134 134 135 134 134 134 134 134 134 134 134 134 134 134 135 135 135 135 135 135 135 135 135 135 135 135 135 135 135 135 135 135 135 135 135 135 135 136 135 136 135 135 135 135 135 136 136 136 136 135 135 135 135 135 136 136 136 136 136 136 136 135 136 136 136 136 136 135 135 136 136 136 135 135 135 135 135 135 135 135 135 135 135 135 135 135 135 135 135 135 135 135 135 135 135 135 135 136 136 135 135 135 135 135 134 134 135 135 135 135 135 135 135 135 135 135 135 135 135 135 135 135 135 135 135 135 135 135 136 136 135 134 135 135 136 135 136 136 136 137 137 138 138 138 138 138 138 138 138 139 139 139 139 140 140 140 139 139 139 138 138 139 140 139 138 138 139 139 139 138 138 139 139 139 139 138 137 137 136 136 137 138 138 137 137 138 138 138 137 137 136 136 135 135 135 135 134 133 133 133 134 133 132 131 131 132 132 132 132 132 132 132 133 133 133 133 133 133 133 133 133 133 133 133 133 133 133 133 133 133 133 133 133 133 133 133 133 133 133 133 133 133 133 133 133 133 133 133 133 133 133 133 133 133 133 133 134 134 134 134 134 134 134 134 134 134 134 134 134 134 134 134 134 134 134 134 134 134 134 134 134 134 133 133 134 134 134 135 134 134 134 134 134 134 134 134 134 134 134 134 135 135 135 135 135 135 135 135 135 135 135 135 135 135 135 135 135 135 135 135 135 135 135 135 135 135 135 135 135 135 135 136 136 136 136 136 135 135 135 136 136 136 136 136 136 136 136 135 136 136 136 136 136 135 135 135 135 135 135 135 135 135 135 135 135 135 135 135 135 135 135 135 135 135 135 136 136 136 135 136 135 135 136 136 136 136 135 135 135 135 135 135 135 135 135 135 135 135 135 135 135 135 135 135 135 135 135 135 135 135 135 135 135 135 135 135 136 135 135 135 135 136 136 136 136 137 137 137 138 138 138 138 138 138 138 138 139 139 140 139 139 139 138 139 139 139 138 139 139 139 139 138 138 138 139 138 138 139 139 139 139 138 139 138 138 137 137 137 138 137 137 138 138 138 138 138 136 136 136 136 136 135 134 133 132 132 133 133 132 131 132 132 132 132 132 132 133 133 133 133 133 133 133 133 133 133 133 133 133 133 133 133 133 133 133 133 133 133 133 133 133 133 132 132 133 133 133 133 133 133 133 133 133 133 133 133 133 133 133 133 134 134 134 134 134 134 134 134 134 134 134 134 134 134 134 134 134 134 134 134 134 135 134 134 134 134 134 133 133 134 134 134 134 135 135 134 134 134 134 134 134 134 134 134 134 135 135 135 135 135 135 135 135 135 135 135 135 135 135 135 135 135 135 135 135 135 135 135 135 136 136 136 136 136 136 135 135 136 136 136 136 136 136 135 135 136 136 136 136 136 136 136 135 136 136 136 136 135 135 135 135 135 136 135 135 135 135 135 135 135 135 135 135 135 135 135 135 135 136 135 135 136 136 136 135 135 135 136 136 135 135 135 135 135 135 135 135 135 135 135 135 135 135 135 135 135 135 135 135 135 135 135 135 135 135 135 135 135 135 136 136 136 135 135 135 135 135 135 136 137 137 137 137 137 137 137 138 138 138 138 138 138 139 139 139 139 139 139 138 138 138 138 139 139 139 138 138 138 138 138 138 138 139 139 138 138 138 138 138 138 138 137 137 138 137 137 138 137 138 138 138 139 139 137 137 136 135 135 134 133 132 132 132 132 132 132 132 132 133 133 133 133 133 133 133 133 133 133 133 133 133 133 133 133 133 133 133 133 133 133 133 133 133 133 133 132 133 133 133 133 133 133 133 133 133 133 133 133 133 133 133 133 134 133 133 134 134 134 134 134 134 134 134 134 134 134 134 134 134 134 134 134 134 134 134 134 135 135 134 134 134 134 134 133 134 134 134 134 134 134 134 135 135 135 134 134 134 134 134 135 135 135 135 135 135 135 135 135 135 135 135 135 135 135 135 135 135 135 135 135 135 135 135 136 136 136 136 136 136 137 136 136 136 136 136 136 136 136 135 135 136 136 136 136 136 136 136 136 135 136 136 136 136 135 135 135 136 136 136 135 135 135 135 135 135 135 135 135 135 135 135 135 135 135 135 135 136 136 136 135 135 135 135 135 135 135 135 135 135 135 135 135 135 135 135 135 135 135 135 135 135 135 135 135 135 135 135 135 135 135 136 136 136 136 136 136 136 136 136 136 136 136 135 136 136 136 136 136 137 137 137 138 138 138 137 138 138 139 140 140 140 140 140 139 139 139 139 138 138 138 138 138 138 138 138 138 139 139 139 138 137 138 138 137 137 137 137 137 137 137 137 137 137 138 138 138 138 139 139 137 137 136 136 135 134 133 133 132 132 131 132 132 132 132 132 133 133 133 133 133 133 133 133 133 133 133 133 133 133 133 133 133 133 133 133 133 133 133 133 133 133 133 133 133 133 133 133 133 133 133 134 133 133 133 133 133 133 134 134 134 134 134 134 134 134 134 134 134 134 134 134 134 134 134 134 134 134 134 134 134 134 135 135 135 134 134 134 134 134 134 133 134 134 134 135 135 135 135 135 135 134 135 135 135 135 135 135 135 135 135 135 135 135 135 135 135 135 135 135 135 135 135 135 135 135 135 135 135 135 135 135 135 135 136 135 136 136 136 136 136 136 135 135 135 135 135 135 135 136 136 135 135 135 135 135 135 135 135 135 135 135 135 135 135 135 135 135 134 134 134 134 134 134 134 135 135 135 135 134 135 135 135 135 135 135 135 135 135 135 134 135 135 135 135 135 135 135 135 135 135 135 135 135 135 135 135 135 135 135 135 135 135 135 135 135 135 135 136 136 136 136 136 136 136 136 136 136 136 136 137 137 137 137 137 137 137 138 138 137 138 138 138 138 138 139 140 139 139 139 139 139 139 139 139 139 139 139 139 139 138 138 138 139 139 139 139 138 137 137 137 137 138 138 137 137 137 137 137 138 138 138 138 138 138 138 136 136 135 135 134 133 133 133 132 132 131 132 132 132 132 133 133 133 133 133 133 133 133 133 133 133 133 133 133 133 133 133 133 133 133 133 133 133 133 133 132 133 133 133 133 133 133 133 133 134 134 134 133 133 133 133 133 133 134 134 133 134 134 134 134 134 134 134 134 134 134 134 134 134 134 134 134 134 134 134 134 135 135 134 134 134 135 135 135 134 134 134 134 134 134 135 135 135 135 135 135 135 135 135 135 135 135 135 135 135 135 135 135 135 135 135 135 135 135 135 135 135 135 135 135 135 135 135 135 135 135 135 135 135 136 136 136 136 136 136 135 135 135 135 135 135 135 135 136 136 135 135 135 135 135 135 135 135 135 135 135 135 135 135 136 135 135 135 134 134 134 134 135 135 135 135 135 135 135 135 135 135 135 135 136 135 135 135 135 135 135 135 135 135 135 135 135 135 135 135 135 135 135 135 135 135 135 135 135 135 135 135 135 135 135 135 135 135 135 135 136 136 137 136 136 137 137 137 137 137 137 138 137 138 138 137 137 138 138 138 138 138 138 139 140 139 139 139 139 139 140 140 139 139 139 140 140 140 139 139 139 139 138 138 139 138 138 138 138 138 138 138 138 138 138 137 137 137 138 138 138 138 138 138 138 138 136 136 135 135 134 133 133 133 132 132 132 132 132 132 133 133 133 133 133 133 133 133 133 133 133 133 133 133 133 133 133 133 133 133 133 133 133 133 133 133 133 133 133 133 133 133 133 133 134 134 134 134 134 134 133 133 134 134 134 133 133 134 134 134 134 134 134 134 134 134 134 134 134 134 134 134 134 134 134 135 135 135 135 135 135 135 135 134 134 134 134 134 134 134 135 135 135 135 135 135 135 135 135 135 135 135 135 135 135 135 135 135 135 135 135 135 135 135 135 135 135 135 135 135 135 135 135 135 135 135 135 135 136 136 136 136 136 136 136 136 135 135 136 136 136 135 136 136 136 135 135 135 135 135 135 135 136 135 135 136 136 136 135 135 135 135 135 134 134 135 135 135 135 135 135 135 135 135 135 135 135 135 136 136 135 135 135 135 135 135 135 135 135 135 135 135 135 135 135 135 135 135 135 135 135 135 135 135 135 135 135 135 135 135 135 136 136 136 136 136 136 136 137 137 138 138 137 137 138 138 138 138 138 137 137 137 138 138 138 138 138 138 139 140 140 140 139 139 139 139 140 140 139 139 140 140 140 139 139 139 139 139 139 138 138 139 139 139 139 139 138 138 138 138 137 137 137 138 138 138 138 138 138 138 138 136 135 135 134 134 133 132 132 132 132 132 132 132 133 133 133 133 133 133 133 133 133 133 133 133 133 133 133 133 133 133 133 133 133 133 133 133 133 133 133 133 133 133 133 133 133 133 133 133 133 133 134 134 134 134 134 134 134 134 134 134 134 134 134 134 134 134 135 134 134 134 134 134 134 134 134 134 134 134 134 134 135 135 135 135 135 135 135 135 135 135 134 134 135 135 135 135 135 135 135 135 135 135 135 135 135 135 135 135 135 135 135 135 136 136 136 136 136 136 135 135 135 135 136 136 135 136 135 135 135 136 135 135 135 135 136 136 136 136 136 136 136 135 136 136 136 136 136 136 135 135 135 136 136 136 136 136 136 136 136 136 136 136 135 135 135 134 134 134 135 135 135 136 135 135 135 135 135 135 135 135 135 135 135 135 135 135 135 135 135 135 135 135 135 135 135 135 135 135 136 136 135 135 135 135 135 135 135 135 135 135 136 136 135 135 135 135 136 136 136 136 137 138 137 137 137 138 138 139 139 138 138 138 138 138 138 138 138 138 138 138 139 139 140 140 140 140 140 140 140 140 140 139 140 140 140 139 139 139 139 139 139 139 139 139 140 140 140 139 139 138 138 138 138 137 137 137 138 138 138 138 138 138 138 134 134 133 133 132 132 132 132 132 132 133 133 133 133 133 133 133 133 133 133 133 133 133 133 133 133 133 133 133 133 133 133 133 133 133 133 133 133 133 133 133 133 133 133 133 133 133 133 133 134 134 134 134 134 134 135 135 135 134 134 134 134 135 135 135 135 135 134 134 134 134 134 134 135 135 135 134 134 134 135 135 135 135 135 135 135 135 135 135 135 135 135 135 135 135 135 135 135 135 135 135 135 135 135 135 135 136 136 136 136 136 136 136 136 136 136 136 136 136 135 135 135 136 136 136 136 136 136 136 136 136 136 136 136 136 136 136 136 136 136 136 136 136 136 136 136 136 135 136 136 136 136 136 136 136 136 136 136 136 136 136 136 136 135 135 134 135 135 135 136 136 136 136 135 135 135 135 135 135 135 135 135 135 135 135 135 136 136 136 136 136 136 136 135 135 135 136 136 135 135 135 135 135 135 136 136 136 136 135 136 136 136 135 136 136 136 136 136 137 137 138 137 138 138 138 138 139 139 139 139 139 139 139 138 138 138 139 139 139 139 140 140 140 140 140 141 141 140 140 140 140 140 140 140 140 139 139 139 140 140 139 139 139 139 140 140 140 140 139 138 138 138 138 138 138 138 138 138 138 138 138 133 133 133 133 132 132 132 132 132 132 132 133 133 133 133 133 133 133 133 133 133 133 133 133 133 133 133 133 133 133 133 133 133 133 133 133 133 133 133 133 133 133 133 133 133 133 133 133 133 133 134 135 134 134 134 134 134 134 134 134 134 134 134 134 135 135 135 135 135 135 135 135 135 135 135 135 135 134 134 134 134 134 135 135 135 135 135 135 136 135 135 135 135 134 135 135 135 135 135 135 135 135 135 135 135 136 136 136 136 136 136 136 136 136 136 136 136 136 136 136 136 136 136 136 136 136 136 136 136 136 136 136 136 136 136 136 137 137 136 136 136 136 136 136 136 136 136 136 135 136 136 136 136 136 136 136 136 136 136 136 136 136 136 136 136 135 135 135 135 135 136 136 136 136 136 135 135 136 135 135 135 135 135 135 135 135 136 136 136 136 136 136 136 136 136 135 135 135 135 135 135 136 135 135 136 135 136 136 136 136 135 136 136 136 136 136 136 136 136 137 138 137 137 138 138 139 139 139 139 139 140 140 140 139 139 139 139 139 140 140 140 141 140 139 140 140 140 140 140 141 140 140 140 141 140 140 139 139 140 140 140 139 139 140 140 140 140 139 139 138 138 138 138 138 138 138 138 138 138 138 139 139 133 132 132 133 133 133 133 132 133 133 133 133 133 133 133 133 133 133 133 133 133 133 133 133 133 133 133 133 133 133 133 133 133 133 133 133 133 133 133 133 133 133 133 133 133 133 133 133 134 135 135 134 134 134 134 135 134 134 134 134 134 134 134 134 134 135 135 135 135 135 135 135 135 135 135 135 135 135 135 135 135 135 135 135 135 135 135 135 135 135 135 135 135 135 135 135 135 135 135 135 135 135 136 136 136 136 136 136 136 136 136 136 136 136 136 136 136 136 136 136 136 136 136 136 136 136 136 136 136 137 136 136 136 136 137 137 136 136 136 136 136 136 136 136 136 136 136 136 136 136 136 136 136 136 136 136 136 136 136 136 136 136 136 135 135 135 135 136 136 136 136 136 136 136 136 136 136 136 136 135 135 135 136 136 136 136 136 136 136 136 136 136 136 135 136 136 136 135 135 136 136 136 136 136 136 136 136 136 136 136 136 136 136 136 136 137 137 138 138 138 137 137 138 138 138 140 140 140 140 140 139 140 140 140 140 141 140 140 140 140 140 140 140 140 140 140 140 140 140 141 141 141 140 140 139 140 140 140 140 139 140 140 140 140 139 139 139 138 138 138 138 138 139 139 138 138 138 138 138 139 134 133 133 132 132 132 132 132 133 133 133 133 133 133 133 133 133 133 133 133 133 133 133 133 134 134 134 134 133 133 133 133 133 133 133 133 133 133 133 133 133 133 133 134 134 133 133 133 133 134 134 134 133 134 134 134 135 135 135 135 134 134 134 134 134 134 135 135 135 135 135 135 135 135 135 135 135 135 135 135 135 135 136 135 135 135 135 135 136 136 135 135 136 136 135 135 135 135 135 135 135 135 136 136 136 136 136 136 136 136 136 136 136 136 136 136 136 136 136 136 136 136 136 136 136 136 136 136 136 136 136 136 136 137 137 137 137 136 136 136 136 136 136 136 136 136 136 136 136 136 136 136 136 136 136 136 136 136 136 136 136 136 135 135 135 135 136 136 136 136 136 136 136 136 136 136 136 136 135 135 135 136 136 136 136 136 136 136 136 136 136 136 136 136 136 136 136 136 135 136 136 136 136 136 136 136 136 136 136 136 136 137 136 137 137 137 137 138 138 138 137 137 137 137 137 139 140 140 140 140 139 139 140 140 140 140 140 140 140 140 140 140 140 140 139 140 140 140 140 141 141 140 140 140 140 140 140 140 140 140 140 141 140 140 139 139 139 139 138 138 138 138 139 139 138 138 138 138 138 139 132 132 132 132 133 133 133 133 133 133 133 133 133 133 133 133 133 133 133 133 134 134 134 134 134 134 134 134 133 133 133 133 133 133 133 133 133 133 134 134 134 134 134 134 134 134 133 133 134 133 133 133 134 135 135 135 135 135 134 134 134 134 134 134 134 135 135 134 135 135 135 135 135 134 135 135 135 135 135 135 135 135 135 135 135 136 136 136 136 135 135 135 135 135 135 135 135 135 136 136 136 136 136 136 136 136 136 136 136 136 136 136 136 136 136 136 136 136 136 136 136 136 136 136 136 136 136 136 136 136 136 137 137 137 137 136 136 136 136 136 136 136 136 136 136 136 136 136 136 136 136 136 136 136 136 136 136 136 135 135 135 135 135 135 136 136 136 136 136 136 136 136 136 136 136 136 136 136 136 136 136 136 136 136 136 136 136 136 136 136 136 136 136 136 136 136 135 136 136 136 136 136 136 136 136 136 137 136 136 136 137 137 136 137 137 137 138 137 137 137 137 137 137 138 139 140 140 140 139 139 140 140 140 140 140 140 140 139 140 140 140 140 139 140 140 140 140 141 141 141 140 140 140 141 141 141 141 141 141 142 141 140 140 139 138 138 138 138 139 139 139 139 139 139 138 138 139 133 132 133 133 133 133 133 133 133 133 133 134 133 133 133 133 133 134 134 134 134 134 134 134 134 134 134 134 134 134 134 134 134 133 134 134 134 134 134 134 134 134 134 134 134 134 134 134 134 134 134 134 134 135 135 135 135 135 134 134 134 134 134 134 134 135 134 134 134 135 135 135 135 135 135 135 135 135 135 135 135 135 135 135 135 135 136 136 136 136 135 135 135 135 135 135 135 135 136 136 136 136 136 136 136 136 136 136 136 136 136 136 136 136 136 136 136 136 136 136 136 136 136 136 136 136 136 136 136 136 136 137 137 136 136 136 136 136 136 136 137 136 136 136 136 136 136 136 136 136 136 136 136 136 136 136 136 136 136 136 136 136 136 135 136 136 136 136 136 136 137 136 136 136 136 136 136 136 136 136 136 136 136 136 136 136 136 136 136 136 136 136 136 136 136 136 136 136 136 136 136 136 136 136 136 136 137 137 136 137 137 137 137 137 137 137 137 137 137 138 138 138 138 140 140 140 140 140 140 139 139 140 140 140 140 140 140 140 140 140 140 139 140 140 140 140 140 141 140 141 141 141 141 141 141 141 141 141 142 141 141 141 140 139 139 139 139 139 139 139 139 139 139 138 138 138 138 133 133 133 133 133 133 133 133 133 134 133 134 134 134 134 133 133 133 134 134 134 134 134 134 134 134 134 134 134 134 134 134 134 134 134 134 134 134 134 134 134 134 134 134 134 134 134 134 134 134 134 134 134 134 135 135 135 135 135 135 135 135 134 134 134 134 134 134 134 135 135 135 135 135 135 135 135 135 135 135 135 135 135 135 135 135 136 136 136 137 136 136 135 135 135 135 135 135 136 136 136 136 136 136 136 136 136 136 136 136 136 136 136 136 136 136 136 136 136 136 136 136 136 136 136 136 136 136 136 136 136 136 136 136 136 136 136 136 136 137 137 136 136 136 136 136 136 136 136 136 136 136 136 136 137 136 136 137 137 136 136 136 136 135 136 136 136 136 136 136 137 137 136 136 136 136 136 136 136 136 136 136 136 136 136 136 136 136 136 136 136 136 136 136 136 136 136 136 136 136 136 137 137 137 137 137 137 137 137 137 137 137 137 137 137 137 137 136 137 138 138 138 138 139 140 140 139 140 140 140 139 140 140 139 140 140 140 140 140 140 140 140 140 141 140 140 140 140 140 141 141 141 141 141 141 141 141 141 141 141 141 140 140 140 140 139 139 139 139 139 138 138 139 138 138 138 133 133 132 132 132 133 133 133 133 133 133 133 134 134 134 134 134 134 134 134 134 134 134 134 134 134 134 134 134 134 134 134 134 134 134 134 134 134 134 134 134 134 134 134 134 134 134 134 134 134 134 134 134 134 134 134 134 134 135 135 135 135 135 135 135 135 135 135 135 134 134 135 135 135 135 135 135 135 135 135 135 135 135 135 135 135 135 136 136 136 136 136 136 135 135 135 136 135 135 135 136 136 136 136 136 136 136 136 136 136 136 136 136 136 137 137 137 137 137 137 137 137 137 137 136 136 136 136 136 136 136 136 136 136 136 136 136 136 136 136 136 137 137 137 136 136 136 136 137 137 137 137 137 136 136 136 136 136 137 137 137 137 136 136 136 135 136 136 136 136 136 136 136 136 136 136 136 136 136 136 136 136 136 136 136 136 136 137 136 136 136 136 136 136 136 136 136 136 136 136 136 136 136 136 137 136 137 137 137 137 137 137 137 137 137 137 137 137 137 137 137 137 137 137 137 139 139 139 138 139 139 140 139 139 139 139 140 140 140 140 140 140 141 140 140 140 141 141 140 140 141 141 142 141 141 141 140 141 140 141 141 140 140 140 140 140 140 139 139 138 138 138 139 139 139 139 139 139 133 133 133 133 133 133 133 133 133 133 133 133 134 134 134 134 134 134 134 134 134 134 134 134 134 134 134 134 134 134 134 134 134 134 134 134 134 134 134 134 134 134 134 134 134 134 134 134 134 134 134 134 134 134 134 134 134 135 135 135 135 135 135 135 135 135 135 135 134 134 134 135 135 135 135 135 135 135 135 135 135 135 135 135 135 135 136 136 136 136 135 136 136 136 136 136 136 136 136 136 136 136 136 136 136 136 136 136 136 136 136 137 137 137 137 137 137 137 137 137 137 137 137 137 136 136 137 136 136 136 136 136 136 136 136 136 136 137 136 136 136 136 137 137 136 136 136 137 137 137 137 137 137 136 136 136 136 136 137 137 137 136 136 136 136 136 136 136 136 137 137 136 136 136 136 136 136 136 136 136 136 137 137 137 137 137 137 136 136 136 137 136 136 137 137 136 137 136 136 136 136 136 136 136 136 136 137 137 137 137 137 137 137 137 137 137 137 137 137 137 137 137 137 137 139 139 139 139 138 138 139 139 139 139 140 140 140 140 140 140 141 141 141 140 140 140 141 141 140 140 141 142 141 141 140 141 140 140 140 140 140 140 140 140 140 140 140 139 138 138 139 140 140 139 134 134 134 133 133 133 133 133 133 133 133 134 134 134 134 134 134 134 134 134 134 134 134 134 134 134 134 134 134 134 134 134 134 134 134 134 134 134 134 134 134 134 134 134 134 134 134 134 134 134 134 135 134 134 134 134 135 135 135 135 135 135 135 135 135 135 135 135 135 134 134 135 135 135 135 135 135 135 135 135 135 135 135 135 135 135 136 136 136 136 136 137 137 137 136 136 136 136 136 136 136 136 136 136 136 136 137 137 136 136 137 137 137 137 137 137 137 137 137 137 137 137 137 136 136 137 137 136 136 137 136 137 136 137 136 137 137 137 137 136 137 137 137 136 137 137 137 137 137 137 137 137 136 136 137 137 137 137 137 137 136 137 136 136 136 136 136 137 137 136 136 136 136 136 136 136 137 137 137 137 137 137 137 137 137 137 137 137 137 137 137 137 137 137 137 137 137 137 136 136 136 137 137 137 137 137 137 137 137 136 136 136 136 136 136 137 137 137 137 137 137 137 137 139 139 138 138 138 139 139 140 140 139 140 141 141 141 140 141 140 141 141 141 140 140 141 141 141 141 141 142 141 141 141 142 141 141 140 141 140 140 140 139 140 140 139 139 139 139 139 140 134 133 134 133 133 133 133 133 133 133 134 134 134 134 134 134 134 134 134 134 134 134 134 134 134 134 134 134 134 134 134 134 134 134 134 134 134 134 134 135 134 134 134 134 134 134 134 134 135 135 135 135 135 135 135 134 134 135 135 135 135 135 135 135 135 135 135 135 135 135 135 135 135 135 135 135 135 135 135 135 135 135 136 136 136 136 136 136 137 137 137 137 137 137 137 137 137 136 136 136 136 136 136 136 137 137 137 137 137 137 137 137 137 137 137 137 137 137 137 137 137 137 137 137 137 137 137 137 137 137 137 137 137 137 137 137 137 137 137 137 137 137 137 137 137 137 137 137 137 137 137 137 137 137 136 137 137 137 137 137 137 136 136 136 136 137 137 136 136 136 136 136 136 137 137 137 137 137 137 137 137 137 137 137 137 137 137 137 137 137 137 137 136 136 136 136 136 136 136 136 137 137 137 137 137 137 137 136 136 136 137 136 137 137 137 137 137 137 136 137 137 139 138 138 139 139 139 140 140 141 140 140 141 141 141 141 141 140 141 141 141 141 140 140 141 141 142 141 142 142 142 142 142 141 141 141 141 141 141 141 140 140 140 139 139 140 140 140 135 134 134 133 133 133 133 133 133 133 134 134 134 134 134 134 134 134 134 134 134 134 134 134 134 134 134 134 134 134 134 134 134 134 134 134 134 134 134 134 135 134 134 134 134 134 134 135 135 135 135 135 135 135 135 135 135 135 135 135 135 135 135 135 135 135 135 135 135 135 135 135 135 135 135 135 135 135 135 135 135 136 136 136 136 136 136 136 137 137 137 137 137 136 136 137 137 137 136 136 136 136 136 136 136 137 137 137 137 137 137 137 137 137 137 137 137 137 137 137 137 137 137 137 137 137 137 137 137 137 137 137 137 137 137 137 137 137 137 137 137 137 137 137 137 137 137 137 136 137 137 137 137 137 137 137 138 138 138 137 137 137 136 137 137 137 137 137 136 137 137 137 137 137 137 137 137 137 137 137 137 137 137 137 137 137 137 138 138 137 137 136 136 136 136 137 136 137 137 137 137 137 137 137 137 137 136 136 137 137 137 137 137 137 137 138 137 137 137 137 137 138 138 139 140 140 139 140 140 141 141 140 141 141 141 141 142 141 141 141 142 141 141 140 141 142 142 142 141 141 141 142 141 141 140 140 140 140 140 140 140 139 140 140 141 135 134 134 134 134 134 133 133 133 134 134 134 134 134 134 134 134 134 134 134 134 134 134 134 134 134 134 134 134 134 134 134 134 134 135 135 135 135 135 134 134 135 134 135 135 135 135 135 135 135 135 135 135 135 135 135 135 135 135 135 135 135 135 135 135 135 135 135 135 135 135 135 135 135 135 135 135 135 135 136 136 136 136 136 136 137 137 137 137 137 137 136 136 136 137 137 136 136 137 137 136 136 136 136 136 137 137 137 137 137 137 137 137 137 137 137 137 137 137 137 137 137 137 137 137 137 137 137 137 137 137 137 137 137 137 137 137 137 137 137 137 137 137 137 137 137 137 137 137 136 137 137 137 137 137 137 138 138 138 138 137 137 137 137 137 137 137 137 137 137 137 137 137 137 137 137 137 137 137 137 137 137 137 137 137 137 138 138 138 137 137 137 137 137 137 137 137 137 137 137 137 138 138 137 137 137 137 137 137 137 138 137 137 138 137 137 138 138 137 137 137 138 139 139 140 140 140 139 140 140 141 141 141 141 141 141 141 141 141 141 142 142 141 141 141 142 142 141 141 141 141 140 140 140 139 140 140 140 140 140 140 141 135 134 133 134 134 134 134 133 134 134 134 134 134 134 134 134 134 134 134 134 134 134 134 134 134 134 134 134 134 134 135 135 135 135 135 135 135 135 135 135 135 135 135 135 135 135 135 135 135 135 135 135 135 135 135 135 135 135 135 135 135 135 135 135 135 135 135 135 136 136 136 135 135 135 135 135 135 135 135 136 136 136 136 136 137 137 137 137 138 137 136 136 136 136 137 138 137 136 137 137 137 137 136 136 136 137 137 137 137 137 137 137 137 137 137 137 137 137 137 137 137 137 137 137 137 137 137 137 137 137 137 137 137 137 137 137 137 137 137 137 137 137 137 137 137 137 137 137 137 137 137 137 137 137 137 138 138 138 137 138 137 137 137 137 137 137 137 137 137 137 137 137 137 137 137 137 137 137 137 137 137 137 137 137 137 138 138 138 137 137 137 137 137 137 137 137 137 137 137 138 138 137 137 137 137 137 137 138 138 138 138 138 137 138 138 138 138 138 137 138 137 138 138 139 139 139 139 140 140 140 141 141 142 141 141 141 141 141 142 142 142 141 141 141 141 142 141 141 140 141 141 140 140 140 140 140 140 140 140 141 141 134 134 134 134 134 134 134 134 134 134 134 134 134 134 134 134 134 134 134 134 135 135 135 135 135 135 134 135 135 135 135 135 135 135 135 135 135 135 135 135 135 135 135 135 135 135 135 135 135 135 135 135 135 135 136 135 136 136 135 135 135 135 135 135 136 136 136 136 136 136 136 136 136 136 136 136 136 136 136 136 136 136 136 136 136 136 136 137 138 137 137 137 137 137 138 138 137 137 137 137 136 136 136 136 136 136 136 136 137 137 137 137 137 137 137 137 137 137 137 137 137 137 137 137 137 137 137 137 137 137 137 137 137 137 137 137 137 137 137 137 137 137 137 137 137 137 137 137 137 137 137 137 137 137 138 138 138 138 138 137 137 137 138 137 137 137 137 137 137 137 137 137 137 137 137 137 137 137 137 137 137 137 137 137 137 137 138 137 137 137 137 137 137 137 137 137 137 137 137 137 137 137 137 137 137 137 138 138 139 138 138 139 138 138 138 138 139 138 138 138 138 139 138 139 140 140 139 140 140 141 141 141 141 142 141 141 141 141 141 142 141 141 141 141 141 141 141 140 141 141 140 140 140 141 140 140 140 140 141 134 134 134 134 134 134 134 134 134 134 135 134 134 134 134 134 134 135 135 135 135 135 135 135 135 135 135 135 135 135 135 135 135 135 135 135 135 135 135 135 135 135 135 135 135 135 135 135 135 135 135 135 135 136 136 135 136 136 135 135 135 136 136 136 136 136 136 136 136 136 136 136 136 136 136 136 136 136 136 136 136 136 136 136 137 137 137 138 138 137 137 136 136 137 138 137 137 137 137 137 137 137 136 136 136 137 137 136 136 137 137 137 137 137 137 137 137 137 137 137 137 137 137 137 137 137 137 137 137 137 137 137 138 138 138 138 138 138 137 137 137 137 137 138 138 138 137 137 138 137 137 137 137 137 137 138 138 138 138 137 138 138 138 138 137 137 137 137 137 137 137 137 137 137 137 137 137 137 137 137 137 137 137 137 137 138 138 138 137 137 137 137 137 137 138 138 138 137 137 137 137 137 137 137 138 138 139 139 139 139 139 139 139 139 139 139 139 138 139 139 139 140 140 139 139 140 140 141 141 142 142 141 141 141 141 141 141 141 140 141 140 140 140 141 141 141 140 141 140 141 141 135 135 135 134 134 135 135 134 134 135 135 135 135 134 134 134 134 134 135 135 135 135 135 135 135 135 135 135 135 135 135 135 135 135 135 135 135 135 135 135 135 135 135 135 135 135 135 135 135 135 135 135 135 136 136 135 136 136 135 136 136 136 136 136 136 136 136 136 136 136 136 136 136 136 136 136 136 136 136 136 136 136 136 136 137 137 138 139 139 138 137 137 137 137 138 137 137 137 138 138 137 137 136 137 137 137 137 137 137 137 137 137 137 137 137 137 138 137 137 137 137 137 137 137 137 137 137 137 137 137 138 138 138 138 138 138 138 138 137 137 137 137 138 137 138 138 138 138 138 138 137 137 137 137 137 137 138 138 138 138 138 138 138 138 138 137 137 137 137 137 137 137 137 137 137 138 138 138 138 137 137 137 137 137 138 138 138 138 137 137 137 137 137 137 138 138 137 137 137 137 137 137 138 138 138 138 139 138 139 140 139 139 138 138 138 138 139 139 139 139 140 140 139 140 140 140 141 141 141 141 142 141 141 141 141 141 141 141 141 135 135 135 135 135 135 135 134 134 134 135 135 135 135 135 135 135 135 135 135 135 135 135 135 135 135 135 135 135 135 135 135 135 135 135 135 135 135 135 135 135 135 135 135 135 136 136 136 136 136 136 136 136 136 136 136 136 136 136 136 136 136 136 136 136 136 136 136 136 136 136 136 136 136 136 136 136 137 138 138 139 138 138 138 138 138 138 138 137 138 138 138 138 137 137 137 137 137 137 137 137 137 137 137 137 137 137 137 138 137 137 137 137 137 137 137 137 137 137 137 138 138 138 138 138 138 138 138 137 137 137 137 137 137 137 137 138 138 138 138 138 138 137 137 137 137 137 137 138 138 138 138 138 138 138 138 138 137 137 137 137 137 137 137 137 138 138 138 138 138 138 138 137 137 137 138 138 138 138 138 138 137 137 137 137 137 137 137 137 137 138 138 138 139 139 139 140 139 139 139 139 139 140 139 139 139 139 140 140 140 140 141 141 141 141 141 135 135 135 135 135 135 135 135 135 135 135 135 135 135 135 135 135 135 135 135 135 135 135 135 135 135 135 135 135 135 135 135 135 135 135 135 135 135 136 136 136 136 136 136 136 136 136 136 136 136 136 136 136 136 136 136 136 136 136 136 136 136 136 136 136 136 136 136 137 137 137 137 138 139 139 139 139 139 139 139 139 138 138 139 139 139 139 138 138 137 138 137 137 137 137 137 137 137 137 137 137 137 137 138 138 138 138 137 137 137 137 137 137 137 137 138 138 137 138 138 138 137 137 137 137 138 137 138 138 138 137 138 138 138 138 138 138 138 137 137 137 137 138 138 138 138 138 138 138 138 138 138 137 137 137 137 137 137 138 138 138 138 138 138 138 138 137 137 138 138 138 138 138 138 138 137 137 137 137 137 137 137 138 139 139 138 139 139 139 139 140 139 139 138 140 140 139 139 140 140 135 135 135 135 135 135 135 135 136 136 135 135 135 135 135 135 135 135 135 135 135 135 135 135 135 135 135 135 135 135 135 135 135 135 135 136 136 136 136 136 136 136 136 136 136 136 136 136 136 136 136 136 136 136 136 136 136 136 136 136 136 136 136 136 136 136 137 137 138 138 138 138 139 139 139 138 139 139 139 139 139 139 139 138 139 138 138 137 137 137 137 137 137 137 137 137 137 137 137 138 137 137 138 138 138 138 137 137 137 137 137 137 137 137 137 137 137 137 137 138 138 138 138 138 138 138 138 138 138 138 138 138 138 138 138 138 138 137 137 137 138 138 138 138 138 138 138 138 138 138 137 137 137 137 137 138 138 138 138 138 138 138 138 138 138 138 138 138 138 138 138 138 138 137 138 138 138 139 139 140 139 139 140 135 135 135 135 135 135 136 136 136 135 134 134 135 135 135 135 135 135 135 135 135 135 135 135 135 135 135 135 135 135 135 135 136 136 136 136 136 136 136 136 136 136 136 136 136 136 136 136 136 136 136 136 136 136 136 136 136 136 136 136 136 136 137 137 137 137 137 138 138 139 139 138 138 138 138 139 140 140 139 138 137 138 138 137 137 137 137 137 137 137 137 137 137 137 137 138 138 138 138 138 138 138 138 138 138 138 137 137 137 137 137 137 137 137 137 137 138 138 138 138 138 138 138 138 138 137 137 138 138 138 138 138 138 138 137 137 137 137 138 138 138 138 138 138 138 138 138 138 137 137 137 137 138 138 138 138 138 138 138 138 138 138 138 138 138 138 138 138 138 136 136 135 135 135 135 135 136 135 135 135 134 134 134 135 135 135 135 135 135 135 135 135 135 136 135 136 135 135 135 135 135 136 136 136 136 136 136 136 136 136 136 136 136 136 136 136 136 136 136 136 136 136 136 136 136 136 136 136 136 137 136 137 137 138 138 137 138 138 139 139 139 138 137 138 138 139 139 139 138 137 138 138 138 138 138 138 138 137 137 137 137 137 138 138 138 138 138 138 138 138 138 138 138 138 138 138 137 138 138 138 138 138 138 138 138 138 138 138 138 138 138 138 138 138 137 137 138 138 138 138 138 138 138 138 137 137 137 138 138 138 139 138 138 138 138 138 138 137 137 137 138 138 138 138 138 138 138 138 138 138 138 138 138 138 138 138 135 136 136 136 136 136 136 135 135 135 135 135 135 135 135 135 135 135 135 136 135 136 136 136 136 136 136 136 135 136 136 136 136 136 136 136 136 136 136 136 136 136 136 136 136 136 136 136 136 136 136 136 136 136 137 137 137 137 137 137 137 138 139 139 139 139 140 140 139 139 138 138 138 138 139 139 139 138 138 138 138 138 137 138 138 138 138 138 138 138 138 138 138 138 138 138 138 138 138 138 138 138 138 138 138 138 138 138 138 138 138 138 138 138 138 138 138 138 138 139 138 138 138 138 138 139 138 138 139 138 138 138 137 138 138 138 139 139 138 138 138 138 137 137 137 137 138 138 138 138 138 138 138 138 138 138 138 138 138 138 138 137 137 136 136 136 135 135 135 135 135 135 135 135 135 135 135 136 136 136 136 136 136 136 135 136 136 136 136 136 136 136 136 136 136 136 136 137 137 137 136 136 136 137 136 137 137 137 138 137 137 138 138 137 138 138 138 138 139 140 140 140 140 140 139 139 139 139 139 138 138 139 139 139 138 138 138 138 138 138 138 137 137 137 137 137 137 137 137 138 138 138 138 138 138 138 138 138 138 138 138 138 138 138 138 138 138 138 138 138 138 138 139 138 138 139 139 139 138 139 139 139 138 138 138 138 138 138 138 139 138 138 138 138 138 138 138 137 137 138 138 138 138 138 138 138 138 138 138 138 138 138 138 137 137 137 136 136 135 134 134 135 136 135 135 135 135 136 136 136 136 135 135 135 136 136 136 136 136 136 137 137 137 137 137 137 137 137 137 136 136 136 136 137 137 138 138 139 139 139 139 139 139 138 139 139 139 139 139 140 139 139 140 140 139 138 138 138 138 138 138 139 139 138 138 138 138 137 137 137 137 137 137 138 137 137 137 137 137 138 138 138 138 138 138 138 137 138 138 138 138 139 138 138 138 138 138 138 138 138 138 138 139 139 138 138 139 139 139 139 138 138 138 138 138 139 139 139 138 138 138 138 138 138 138 138 137 138 138 138 138 138 138 138 138 139 139 139 138 138 137 137 136 136 135 135 135 136 135 134 135 136 137 136 136 135 136 136 136 136 136 136 136 137 137 137 137 137 137 137 137 137 137 137 136 136 136 136 137 137 138 138 139 139 140 140 141 140 139 140 140 140 139 139 139 139 139 139 140 140 139 139 139 138 138 138 138 138 138 138 138 138 138 138 138 138 138 138 138 138 138 137 137 138 138 138 138 138 138 138 138 137 138 138 138 138 139 139 139 138 138 138 138 138 139 139 139 139 139 139 139 139 139 139 138 138 138 138 139 139 138 138 138 138 138 138 138 138 138 138 138 138 138 137 137 137 137 136 136 137 136 135 136 137 137 136 136 136 136 136 136 136 136 137 137 137 137 137 137 137 137 137 137 137 137 137 136 137 137 137 137 137 137 137 138 138 139 140 141 141 140 141 141 140 140 139 139 139 139 139 139 139 139 139 139 139 138 138 138 139 139 138 139 139 138 138 138 139 139 139 139 139 138 138 138 138 138 137 137 137 137 137 138 137 138 138 138 138 139 139 139 139 138 138 139 138 138 139 139 139 140 139 140 139 139 138 138 138 138 138 138 137 138 138 138 137 137 137 137 137 137 137 136 136 136 136 136 136 136 136 137 137 137 137 137 137 137 137 137 137 137 137 137 136 136 137 137 137 138 138 139 138 138 139 140 140 141 141 141 141 142 141 140 140 139 139 139 139 139 139 139 139 139 139 139 139 139 139 139 139 139 140 139 139 139 140 140 140 139 139 138 138 138 138 138 138 138 137 137 137 137 137 138 138 138 138 139 139 139 139 138 138 139 139 139 139 138 140 141 139 139 138 139 140 139 138 138 137 137 137 137 136 136 136 136 136 136 136 136 137 137 137 137 137 137 137 137 137 137 137 137 137 137 137 137 137 137 137 138 138 139 139 139 139 140 141 141 140 140 141 140 140 140 140 140 140 140 139 139 139 139 139 139 139 139 139 139 139 140 140 140 140 140 140 139 141 141 140 140 140 139 138 138 138 138 138 138 138 138 138 137 137 137 138 138 139 139 139 139 139 139 138 139 139 139 139 140 140 140 139 138 137 136 136 136 136 136 136 136 136 136 137 137 137 137 137 137 137 137 137 137 137 137 137 137 137 137 138 138 138 138 138 138 139 140 140 139 140 141 142 141 140 139 139 140 139 139 140 140 140 140 139 139 139 139 139 139 139 139 139 139 139 140 140 141 142 141 141 141 142 141 141 141 140 139 139 139 139 139 139 139 138 138 138 137 138 138 138 139 139 138 139 139 139 138 139 139 141 139 139 138 137 136 136 136 136 136 136 136 136 137 137 137 137 137 137 137 137 137 137 137 137 137 137 137 137 137 138 138 139 139 139 139 140 140 141 141 142 142 141 141 140 140 139 139 139 139 139 139 139 139 139 139 139 139 139 140 140 139 140 141 141 140 140 141 142 142 142 143 143 141 140 140 140 140 139 139 139 139 139 139 138 138 138 137 138 138 138 138 138 138 139 139 139 139 139 140 139 138 137 136 136 136 137 136 136 136 136 136 137 137 137 137 137 137 137 137 137 137 137 137 137 137 136 137 138 138 138 138 139 139 140 140 140 140 140 141 142 142 141 141 140 140 140 140 140 140 139 139 140 140 139 140 140 139 140 140 140 140 141 142 142 141 142 143 142 141 140 139 139 139 138 139 139 139 139 139 138 138 137 138 139 138 138 139 138 139 139 140 138 137 137 136 136 136 136 136 136 136 136 136 137 137 137 137 137 137 137 137 137 137 137 137 137 137 137 137 137 137 137 137 139 140 140 140 140 139 139 140 140 141 142 143 143 142 142 142 142 141 141 141 141 140 140 140 140 140 140 140 141 142 141 142 143 143 143 143 139 139 138 139 139 140 139 139 139 138 137 137 138 138 138 139 139 139 139 139 136 136 136 136 136 136 136 136 137 137 137 137 137 137 137 137 137 137 137 137 137 137 137 137 138 137 137 138 138 138 137 138 138 139 139 139 138 139 139 139 140 140 140 141 141 141 141 141 141 142 142 142 141 140 141 141 140 141 141 141 142 143 143 144 139 139 139 139 139 139 140 139 139 138 138 137 138 138 138 139 139 139 139 139 136 136 136 136 136 136 136 136 137 137 137 137 137 137 137 136 136 137 137 137 137 137 137 138 138 139 139 138 138 138 138 138 137 138 138 139 138 138 138 139 139 139 139 139 139 139 139 140 140 140 141 142 141 141 141 142 141 142 142 142 142 143 144 139 139 139 139 139 139 139 139 139 138 137 137 137 138 138 138 138 138 138 136 136 136 136 136 136 136 137 137 137 137 137 137 137 137 137 137 137 137 137 137 137 138 139 140 139 139 139 139 139 139 138 138 138 138 138 138 138 138 139 138 139 139 139 140 140 140 140 141 141 141 141 141 141 142 142 142 143 143 144 144 139 139 139 140 139 138 138 138 138 138 138 137 137 137 138 138 138 136 136 136 136 137 136 136 136 136 136 137 137 137 137 137 137 138 137 137 137 137 137 138 138 138 139 139 140 139 139 139 139 139 138 139 139 139 139 139 139 139 140 139 140 140 141 141 141 141 141 142 142 142 143 143 143 143 144 144 139 139 140 140 139 139 139 139 139 139 138 137 137 137 138 138 136 136 137 138 137 137 137 138 138 137 138 139 138 138 138 139 139 138 138 138 138 137 138 138 139 140 141 140 140 140 139 139 139 139 139 140 140 140 140 140 140 140 140 141 142 142 142 143 143 143 143 143 145 144 145 145 145 139 139 140 140 139 139 139 139 139 139 138 138 137 137 138 138 138 138 138 138 139 138 139 139 139 139 139 139 139 140 140 140 140 140 139 139 139 139 140 141 141 141 140 139 139 140 140 139 139 139 139 140 140 141 141 142 141 142 143 143 143 145 145 144 145 145 146 145 139 139 139 139 139 139 139 139 138 138 137 137 138 138 138 138 139 139 139 139 139 140 140 140 140 140 140 141 141 141 141 141 141 141 141 140 141 141 141 141 141 140 140 140 141 140 140 140 139 139 140 141 142 143 143 144 144 144 145 146 139 139 139 139 139 139 139 138 138 138 138 140 139 140 140 140 140 140 140 140 140 140 141 141 141 141 141 141 141 141 141 141 141 141 141 141 142 142 141 140 140 141 142 141 140 139 139 140 140 141 142 143 144 145 145 139 139 139 139 139 139 139 139 138 138 138 141 141 141 141 141 141 141 140 140 140 140 141 141 141 141 141 141 141 141 141 141 141 141 141 141 142 142 142 141 140 141 142 142 141 140 141 141 141 142 142 142 144 139 139 139 139 139 139 139 139 139 139 138 137 141 142 142 142 142 141 141 140 140 140 141 141 141 141 141 141 141 141 141 141 141 141 141 141 141 142 142 142 141 141 141 142 142 142 142 142 142 142 143 143 144 139 139 139 139 139 139 140 140 139 139 139 138 143 143 142 141 141 141 141 140 141 141 141 141 141 141 141 141 141 141 141 141 141 141 142 142 142 143 143 143 142 142 142 143 144 144 144 145 144 144 144 144 139 139 139 139 139 139 140 140 143 143 142 141 140 140 141 141 141 141 141 141 141 141 141 141 141 141 141 142 142 142 143 143 143 144 144 144 143 143 143 144 145 139 139 139 139 144 144 144 142 141 140 140 140 141 141 141 141 141 142 142 142 141 141 142 142 142 143 143 143 144 144 145 145 145 144 144 144 145 144 144 143 142 141 140 140 140 140 141 140 140 140 141 141 141 141 141 142 142 142 143 144 143 143 144 145 143 142 142 141 140 140 140 140 140 141 141 141 141 141 141 141 142 142 142 142 143 144 144 144 144 145 146 141 141 140 140 140 140 141 141 141 141 141 141 141 141 142 142 142 142 143 143 144 145 145 144 145 140 139 140 140 141 141 141 141 141 141 141 142 142 142 142 143 143 144 145 145 146 139 141 141 141 141 141 141 141 141 142 141 142 142 142 142 143 143 144 145 146 140 140 141 141 141 141 141 141 141 142 142 142 142 143 143 144 145 145 145 146 142 141 141 141 141 141 141 142 142 143 143 143 144 144 144 145 146 146 146 143 142 142 142 142 141 141 142 142 143 144 144 144 145 145 145 146 146 146 143 143 143 142 142 142 142 141 141 142 143 144 145 145 145 145 145 146 142 142 143 143 143 143 142 142 142 142 143 144 144 145 144 145 146 143 142 143 144 143 143 143 143 144 143 143 143 143 144 144 146 147 144 143 143 143 143 144 144 144 145 145 144 143 144 144 145 146 146 144 143 143 143 143 144 144 145 145 145 144 144 145 146 146 146 147 144 143 143 144 144 144 145 146 145 145 144 145 145 145 145 147 144 144 143 144 145 145 145 146 146 145 145 146 146 146 146 146 148 145 144 144 144 145 145 145 146 146 146 145 145 147 147 147 147 148 145 144 144 144 144 144 145 145 146 146 146 145 146 146 147 148 146 145 144 144 144 144 145 145 145 145 146 147 147 146 147 147 147 146 146 146 145 145 145 145 146 147 147 146 146 147 148 147 147 147 148 148 146 146 146 147 147 146 146 146 146 146 146 147 147 146 147 148 148 147 147 148 148 149 146 146 146 146 147 147 147 147 147 147 147 147 147 147 147 147 147 148 148 148 147 148 149 146 146 147 147 146 146 146 146 147 147 147 148 148 148 147 147 147 148 148 148 147 147 146 146 146 146 147 147 147 147 147 147 147 147 148 148 148 148 148 148 148 147 147 146 147 147 148 147 146 147 147 146 147 147 147 147 147 148 149 147 147 147 148 148 147 147 146 147 147 147 147 147 148 148 148 149 147 147 147 147 147 147 147 147 147 147 148 148 146 147 147 147 148 148 148 