228 228 228 228 228 228 229 229 227 227 227 227 227 227 227 228 228 228 228 228 228 228 228 229 229 232 232 232 232 232 233 233 233 233 233 233 233 234 226 226 227 227 227 227 227 227 227 227 228 228 228 228 228 228 228 228 229 229 229 229 229 232 232 232 232 232 232 232 232 233 233 233 233 233 233 234 234 234 226 226 226 227 227 227 227 227 227 227 227 228 228 228 228 228 228 228 228 228 229 229 229 229 229 231 231 231 232 232 232 232 232 232 232 232 232 233 233 233 233 233 234 234 234 234 234 234 235 235 226 226 226 226 226 226 226 227 227 227 227 227 227 227 227 227 228 228 228 228 228 228 228 228 229 229 229 229 229 229 229 231 231 231 231 231 231 231 231 232 232 232 232 232 232 232 232 233 233 233 233 233 233 233 233 234 234 234 234 234 234 234 234 234 235 235 235 235 235 235 226 226 226 226 226 226 226 226 227 227 227 227 227 227 227 227 227 228 228 228 228 228 228 228 228 229 229 229 229 229 229 229 229 230 230 230 230 231 231 231 231 231 231 231 231 231 232 232 232 232 232 232 232 232 233 233 233 233 233 233 233 233 233 233 234 234 234 234 234 234 234 234 234 234 234 235 235 235 235 235 226 226 226 226 226 226 226 227 227 227 227 227 227 227 227 227 228 228 228 228 228 228 228 228 228 229 229 229 229 229 229 229 229 230 230 230 230 230 230 230 230 231 231 231 231 231 231 231 231 232 232 232 232 232 232 232 232 232 232 233 233 233 233 233 233 233 233 233 234 234 234 234 234 234 234 234 234 234 234 235 235 235 235 235 235 235 226 226 226 226 226 226 226 226 227 227 227 227 227 227 227 227 228 228 228 228 228 228 228 228 229 229 229 229 229 229 229 229 230 230 230 230 230 230 230 230 230 231 231 231 231 231 231 231 231 232 232 232 232 232 232 232 232 232 232 233 233 233 233 233 233 233 233 233 234 234 234 234 234 234 234 234 234 234 234 234 235 235 235 235 235 235 235 225 225 226 226 226 226 226 226 226 226 227 227 227 227 227 227 227 227 227 228 228 228 228 228 228 228 228 229 229 229 229 229 229 229 229 230 230 230 230 230 230 230 230 231 231 231 231 231 231 231 231 231 232 232 232 232 232 232 232 232 232 233 233 233 233 233 233 233 233 233 233 234 234 234 234 234 234 234 234 234 234 234 234 235 235 235 235 235 235 235 235 235 225 225 225 225 226 226 226 226 226 226 226 226 226 227 227 227 227 227 227 227 227 227 228 228 228 228 228 228 228 229 229 229 229 229 229 229 229 229 230 230 230 230 230 230 230 230 231 231 231 231 231 231 231 231 231 232 232 232 232 232 232 232 232 232 233 233 233 233 233 233 233 233 233 233 234 234 234 234 234 234 234 234 234 234 234 234 235 235 235 235 235 235 235 225 225 225 225 225 225 225 225 226 226 226 226 226 226 226 226 226 227 227 227 227 227 227 227 227 228 228 228 228 228 228 228 228 229 229 229 229 229 229 229 229 230 230 230 230 230 230 230 230 230 231 231 231 231 231 231 231 231 232 232 232 232 232 232 232 232 232 232 233 233 233 233 233 233 233 233 233 233 234 234 234 234 234 234 234 234 234 234 234 234 235 235 235 235 235 235 235 235 224 225 225 225 225 225 225 225 226 226 226 226 226 226 226 226 226 227 227 227 227 227 227 227 227 227 228 228 228 228 228 228 228 228 229 229 229 229 229 229 229 229 230 230 230 230 230 230 230 230 230 231 231 231 231 231 231 231 231 232 232 232 232 232 232 232 232 232 232 233 233 233 233 233 233 233 233 233 233 234 234 234 234 234 234 234 234 234 234 234 234 234 235 235 235 235 235 235 235 235 224 224 225 225 225 225 225 225 225 225 226 226 226 226 226 226 226 226 226 227 227 227 227 227 227 227 227 228 228 228 228 228 228 228 228 229 229 229 229 229 229 229 229 229 230 230 230 230 230 230 230 230 230 231 231 231 231 231 231 231 231 232 232 232 232 232 232 232 232 232 232 233 233 233 233 233 233 233 233 233 233 234 234 234 234 234 234 234 234 234 234 234 234 234 235 235 235 235 235 235 235 235 224 224 224 224 225 225 225 225 225 225 225 226 226 226 226 226 226 226 226 226 226 227 227 227 227 227 227 227 227 228 228 228 228 228 228 228 228 229 229 229 229 229 229 229 229 230 230 230 230 230 230 230 230 230 231 231 231 231 231 231 231 231 231 232 232 232 232 232 232 232 232 232 232 233 233 233 233 233 233 233 233 233 233 233 234 234 234 234 234 234 234 234 234 234 234 234 235 235 235 235 235 235 235 224 224 224 224 224 224 224 225 225 225 225 225 225 225 226 226 226 226 226 226 226 226 226 227 227 227 227 227 227 227 227 227 228 228 228 228 228 228 228 229 229 229 229 229 229 229 229 229 230 230 230 230 230 230 230 230 230 231 231 231 231 231 231 231 231 232 232 232 232 232 232 232 232 232 232 232 233 233 233 233 233 233 233 233 233 233 233 234 234 234 234 234 234 234 234 234 234 234 234 235 235 235 235 235 235 235 235 224 224 224 224 224 224 224 224 225 225 225 225 225 225 225 225 226 226 226 226 226 226 226 226 226 227 227 227 227 227 227 227 227 228 228 228 228 228 228 228 228 229 229 229 229 229 229 229 229 230 230 230 230 230 230 230 230 230 230 231 231 231 231 231 231 231 231 232 232 232 232 232 232 232 232 232 232 232 233 233 233 233 233 233 233 233 233 233 233 234 234 234 234 234 234 234 234 234 234 234 234 235 235 235 235 235 235 235 235 222 222 222 223 223 224 224 224 224 224 224 224 224 225 225 225 225 225 225 225 226 226 226 226 226 226 226 226 226 226 227 227 227 227 227 227 227 227 228 228 228 228 228 228 228 228 229 229 229 229 229 229 229 229 230 230 230 230 230 230 230 230 230 230 231 231 231 231 231 231 231 231 232 232 232 232 232 232 232 232 232 232 232 233 233 233 233 233 233 233 233 233 233 233 234 234 234 234 234 234 234 234 234 234 234 234 235 235 235 235 235 235 235 235 218 218 219 222 222 222 222 222 223 223 223 223 223 223 223 224 224 224 224 224 224 224 224 225 225 225 225 225 225 225 226 226 226 226 226 226 226 226 226 227 227 227 227 227 227 227 227 228 228 228 228 228 228 228 228 229 229 229 229 229 229 229 229 229 230 230 230 230 230 230 230 230 230 230 231 231 231 231 231 231 231 231 231 232 232 232 232 232 232 232 232 232 232 233 233 233 233 233 233 233 233 233 233 233 234 234 234 234 234 234 234 234 234 234 234 234 235 235 235 235 235 235 235 218 218 218 218 219 219 222 222 222 222 222 222 222 222 223 223 223 223 223 223 223 224 224 224 224 224 224 224 224 225 225 225 225 225 225 225 225 226 226 226 226 226 226 226 226 226 227 227 227 227 227 227 227 227 228 228 228 228 228 228 228 228 229 229 229 229 229 229 229 229 229 230 230 230 230 230 230 230 230 230 230 231 231 231 231 231 231 231 231 231 232 232 232 232 232 232 232 232 232 232 233 233 233 233 233 233 233 233 233 233 233 234 234 234 234 234 234 234 234 234 234 234 234 235 235 235 235 235 235 218 218 218 218 218 218 219 221 221 221 221 222 222 222 222 222 222 222 223 223 223 223 223 223 223 223 224 224 224 224 224 224 224 225 225 225 225 225 225 225 225 226 225 226 226 226 226 226 226 226 227 227 227 227 227 227 227 227 227 228 228 228 228 228 228 228 228 229 229 229 229 229 229 229 229 229 230 230 230 230 230 230 230 230 230 230 231 231 231 231 231 231 231 231 231 232 232 232 232 232 232 232 232 232 232 233 233 233 233 233 233 233 233 233 233 233 234 234 234 234 234 234 234 234 234 234 234 234 235 235 235 235 235 235 218 218 218 218 218 218 218 219 221 221 221 221 221 222 222 222 222 222 222 222 222 223 223 223 223 223 223 223 223 224 224 224 224 224 224 224 225 225 225 225 225 225 225 225 225 226 226 226 226 226 226 226 226 227 227 227 227 227 227 227 227 228 228 228 228 228 228 228 228 228 229 229 229 229 229 229 229 229 230 230 230 230 230 230 230 230 230 230 230 231 231 231 231 231 231 231 231 231 232 232 232 232 232 232 232 232 232 232 233 233 233 233 233 233 233 233 233 233 233 234 234 234 234 234 234 234 234 234 234 234 234 235 235 235 235 235 235 217 218 218 218 218 218 218 218 218 219 221 221 221 221 221 222 222 222 222 222 222 222 222 223 223 223 223 223 223 223 224 224 224 224 224 224 224 224 225 225 225 225 225 225 225 225 225 226 226 226 226 226 226 226 226 227 227 227 227 227 227 227 227 228 228 228 228 228 228 228 228 229 229 229 229 229 229 229 229 229 229 230 230 230 230 230 230 230 230 230 230 231 231 231 231 231 231 231 231 231 232 232 232 232 232 232 232 232 232 232 233 233 233 233 233 233 233 233 233 233 233 234 234 234 234 234 234 234 234 234 234 234 234 234 235 235 235 217 217 218 218 218 218 218 218 218 218 219 219 219 219 220 220 220 220 220 221 221 221 221 221 221 222 222 222 222 222 222 222 223 223 223 223 223 223 223 223 224 224 224 224 224 224 224 225 225 225 225 225 225 225 225 225 225 226 226 226 226 226 226 226 226 227 227 227 227 227 227 227 227 228 228 228 228 228 228 228 228 229 229 229 229 229 229 229 229 229 229 230 230 230 230 230 230 230 230 230 230 231 231 231 231 231 231 231 231 231 232 232 232 232 232 232 232 232 232 233 233 233 233 233 233 233 233 233 233 233 233 234 234 234 234 234 234 234 234 234 234 234 234 234 235 235 235 217 217 218 218 218 218 218 218 218 219 219 219 219 219 219 219 219 220 220 220 220 220 220 220 220 221 221 221 221 221 221 221 222 222 222 222 222 222 222 222 223 223 223 223 223 223 223 223 224 224 224 224 224 224 224 225 225 225 225 225 225 225 225 225 225 226 226 226 226 226 226 226 227 227 227 227 227 227 227 227 227 228 228 228 228 228 228 228 228 229 229 229 229 229 229 229 229 229 230 230 230 230 230 230 230 230 230 230 230 231 231 231 231 231 231 231 231 231 232 232 232 232 232 232 232 232 232 233 233 233 233 233 233 233 233 233 233 233 233 233 234 234 234 234 234 234 234 234 234 234 234 234 235 235 235 217 217 218 218 218 218 218 218 218 218 219 219 219 219 219 219 219 219 220 220 220 220 220 220 220 221 221 221 221 221 221 221 221 222 222 222 222 222 222 222 223 223 223 223 223 223 223 223 223 224 224 224 224 224 224 224 225 225 225 225 225 225 225 225 225 226 226 226 226 226 226 226 226 227 227 227 227 227 227 227 227 228 228 228 228 228 228 228 228 228 229 229 229 229 229 229 229 229 229 230 230 230 230 230 230 230 230 230 230 231 231 231 231 231 231 231 231 231 231 232 232 232 232 232 232 232 232 232 233 233 233 233 233 233 233 233 233 233 233 233 233 234 234 234 234 234 234 234 234 234 234 234 234 235 235 235 235 217 217 217 218 218 218 218 218 218 218 218 219 219 219 219 219 219 219 219 220 220 220 220 220 220 220 221 221 221 221 221 221 221 222 222 222 222 222 222 222 222 223 223 223 223 223 223 223 223 224 224 224 224 224 224 224 224 225 225 225 225 225 225 225 225 225 226 226 226 226 226 226 226 226 227 227 227 227 227 227 227 227 228 228 228 228 228 228 228 228 228 229 229 229 229 229 229 229 229 230 230 230 230 230 230 230 230 230 230 230 231 231 231 231 231 231 231 231 231 231 232 232 232 232 232 232 232 232 232 232 233 233 233 233 233 233 233 233 233 233 233 233 234 234 234 234 234 234 234 234 234 234 234 234 235 235 235 235 235 216 216 216 217 217 217 217 217 217 217 217 218 218 218 218 218 218 218 218 219 219 219 219 219 219 219 220 220 220 220 220 220 220 220 221 221 221 221 221 221 221 222 222 222 222 222 222 222 222 223 223 223 223 223 223 223 224 224 224 224 224 224 224 224 225 225 225 225 225 225 225 225 225 226 226 226 226 226 226 226 226 226 227 227 227 227 227 227 227 227 228 228 228 228 228 228 228 228 229 229 229 229 229 229 229 229 229 230 230 230 230 230 230 230 230 230 230 230 231 231 231 231 231 231 231 231 231 232 232 232 232 232 232 232 232 232 232 232 233 233 233 233 233 233 233 233 233 233 233 234 234 234 234 234 234 234 234 234 234 234 234 234 235 235 235 235 235 235 235 235 235 235 235 235 216 216 216 216 216 216 217 217 217 217 217 217 217 218 218 218 218 218 218 218 218 219 219 219 219 219 219 219 219 220 220 220 220 220 220 220 221 221 221 221 221 221 221 222 222 222 222 222 222 222 222 223 223 223 223 223 223 223 223 224 224 224 224 224 224 224 224 225 225 225 225 225 225 225 225 225 226 226 226 226 226 226 226 226 227 227 227 227 227 227 227 227 227 228 228 228 228 228 228 228 228 229 229 229 229 229 229 229 229 229 230 230 230 230 230 230 230 230 230 230 230 230 231 231 231 231 231 231 231 231 232 232 232 232 232 232 232 232 232 232 232 233 233 233 233 233 233 233 233 233 233 233 233 234 234 234 234 234 234 234 234 234 234 234 234 234 235 235 235 235 235 235 235 235 235 235 235 235 216 216 216 216 216 216 217 217 217 217 217 217 217 217 218 218 218 218 218 218 218 218 219 219 219 219 219 219 219 219 220 220 220 220 220 220 221 221 221 221 221 221 221 221 222 222 222 222 222 222 222 222 223 223 223 223 223 223 223 223 224 224 224 224 224 224 224 224 225 225 225 225 225 225 225 225 225 226 226 226 226 226 226 226 226 227 227 227 227 227 227 227 227 227 228 228 228 228 228 228 228 228 229 229 229 229 229 229 229 229 229 230 230 230 230 230 230 230 230 230 230 230 230 231 231 231 231 231 231 231 231 232 232 232 232 232 232 232 232 232 232 232 233 233 233 233 233 233 233 233 233 233 233 233 234 234 234 234 234 234 234 234 234 234 234 234 234 235 235 235 235 235 235 235 235 235 235 235 216 216 216 216 216 216 216 217 217 217 217 217 217 217 217 218 218 218 218 218 218 218 219 219 219 219 219 219 219 219 220 220 220 220 220 220 220 221 221 221 221 221 221 221 221 222 222 222 222 222 222 222 223 223 223 223 223 223 223 223 224 224 224 224 224 224 224 224 225 225 225 225 225 225 225 225 225 225 226 226 226 226 226 226 226 226 227 227 227 227 227 227 227 227 228 228 228 228 228 228 228 228 228 229 229 229 229 229 229 229 229 229 230 230 230 230 230 230 230 230 230 230 230 230 231 231 231 231 231 231 231 231 231 232 232 232 232 232 232 232 232 232 232 233 233 233 233 233 233 233 233 233 233 233 233 234 234 234 234 234 234 234 234 234 234 234 234 234 235 235 235 235 235 235 235 235 235 235 235 214 214 214 214 214 215 215 216 216 216 216 216 216 216 217 217 217 217 217 217 217 218 218 218 218 218 218 218 218 219 219 219 219 219 219 219 220 220 220 220 220 220 220 220 221 221 221 221 221 221 221 222 222 222 222 222 222 222 222 223 223 223 223 223 223 223 223 224 224 224 224 224 224 224 224 225 225 225 225 225 225 225 225 225 226 226 226 226 226 226 226 226 226 227 227 227 227 227 227 227 227 228 228 228 228 228 228 228 228 228 229 229 229 229 229 229 229 229 229 230 230 230 230 230 230 230 230 230 230 230 231 231 231 231 231 231 231 231 231 231 232 232 232 232 232 232 232 232 232 232 233 233 233 233 233 233 233 233 233 233 233 233 234 234 234 234 234 234 234 234 234 234 234 234 234 235 235 235 235 235 235 235 235 235 235 213 214 214 214 214 214 214 214 215 215 215 215 215 215 215 216 216 216 216 216 216 216 217 217 217 217 217 217 217 217 218 218 218 218 218 218 218 218 219 219 219 219 219 219 219 220 220 220 220 220 220 220 221 221 221 221 221 221 221 221 222 222 222 222 222 222 222 222 223 223 223 223 223 223 223 223 224 224 224 224 224 224 224 224 224 225 225 225 225 225 225 225 225 226 226 226 226 226 226 226 226 226 227 227 227 227 227 227 227 227 228 228 228 228 228 228 228 228 228 229 229 229 229 229 229 229 229 229 230 230 230 230 230 230 230 230 230 230 230 231 231 231 231 231 231 231 231 231 231 232 232 232 232 232 232 232 232 232 232 233 233 233 233 233 233 233 233 233 233 233 233 234 234 234 234 234 234 234 234 234 234 234 234 234 234 235 235 235 235 235 235 235 235 235 212 213 213 213 213 214 214 214 214 214 214 214 215 215 215 215 215 215 216 216 216 216 216 216 216 216 217 217 217 217 217 217 217 217 218 218 218 218 218 218 218 218 219 219 219 219 219 219 220 220 220 220 220 220 220 220 221 221 221 221 221 221 221 221 222 222 222 222 222 222 222 222 223 223 223 223 223 223 223 224 224 224 224 224 224 224 224 224 224 225 225 225 225 225 225 225 225 226 226 226 226 226 226 226 226 227 227 227 227 227 227 227 227 227 228 228 228 228 228 228 228 228 229 229 229 229 229 229 229 229 229 229 230 230 230 230 230 230 230 230 230 230 231 231 231 231 231 231 231 231 231 231 231 232 232 232 232 232 232 232 232 232 232 232 233 233 233 233 233 233 233 233 233 233 233 234 234 234 234 234 234 234 234 234 234 234 234 234 234 235 235 235 235 235 235 235 235 212 212 213 213 213 213 213 213 213 213 214 214 214 214 214 214 214 215 215 215 215 215 215 216 216 216 216 216 216 216 216 217 217 217 217 217 217 217 218 218 218 218 218 218 218 218 219 219 219 219 219 219 219 220 220 220 220 220 220 220 220 221 221 221 221 221 221 221 222 222 222 222 222 222 222 222 223 223 223 223 223 223 223 223 224 224 224 224 224 224 224 224 224 224 225 225 225 225 225 225 225 225 226 226 226 226 226 226 226 226 227 227 227 227 227 227 227 227 227 228 228 228 228 228 228 228 228 229 229 229 229 229 229 229 229 229 229 230 230 230 230 230 230 230 230 230 230 231 231 231 231 231 231 231 231 231 231 231 232 232 232 232 232 232 232 232 232 232 232 233 233 233 233 233 233 233 233 233 233 233 234 234 234 234 234 234 234 234 234 234 234 234 234 234 235 235 235 235 235 235 235 235 235 236 236 212 212 212 213 213 213 213 213 213 213 214 214 214 214 214 214 214 215 215 215 215 215 215 215 216 216 216 216 216 216 216 217 217 217 217 217 217 217 217 218 218 218 218 218 218 218 218 219 219 219 219 219 219 219 220 220 220 220 220 220 220 220 221 221 221 221 221 221 221 222 222 222 222 222 222 222 222 223 223 223 223 223 223 223 223 224 224 224 224 224 224 224 224 224 224 225 225 225 225 225 225 225 226 226 226 226 226 226 226 226 226 227 227 227 227 227 227 227 227 228 228 228 228 228 228 228 228 228 228 229 229 229 229 229 229 229 229 229 230 230 230 230 230 230 230 230 230 231 231 231 231 231 231 231 231 231 231 231 232 232 232 232 232 232 232 232 232 232 232 232 233 233 233 233 233 233 233 233 233 233 233 234 234 234 234 234 234 234 234 234 234 234 234 234 234 235 235 235 235 235 235 235 235 235 235 235 235 236 212 212 212 213 213 213 213 213 213 213 214 214 214 214 214 214 214 215 215 215 215 215 215 215 216 216 216 216 216 216 216 216 217 217 217 217 217 217 217 217 218 218 218 218 218 218 218 219 219 219 219 219 219 219 220 220 220 220 220 220 220 220 221 221 221 221 221 221 221 221 222 222 222 222 222 222 222 222 223 223 223 223 223 223 223 224 224 224 224 224 224 224 224 224 224 225 225 225 225 225 225 225 225 226 226 226 226 226 226 226 226 226 227 227 227 227 227 227 227 227 228 228 228 228 228 228 228 228 228 229 229 229 229 229 229 229 229 229 229 230 230 230 230 230 230 230 230 230 231 231 231 231 231 231 231 231 231 231 231 231 232 232 232 232 232 232 232 232 232 232 233 233 233 233 233 233 233 233 233 233 233 233 234 234 234 234 234 234 234 234 234 234 234 234 234 234 235 235 235 235 235 235 235 235 235 235 235 235 235 235 212 212 212 213 213 213 213 213 213 213 214 214 214 214 214 214 214 215 215 215 215 215 215 215 216 216 216 216 216 216 216 216 217 217 217 217 217 217 217 218 218 218 218 218 218 218 218 219 219 219 219 219 219 219 220 220 220 220 220 220 220 220 221 221 221 221 221 221 221 221 222 222 222 222 222 222 222 222 223 223 223 223 223 223 223 224 224 224 224 224 224 224 224 224 224 225 225 225 225 225 225 225 225 226 226 226 226 226 226 226 226 227 227 227 227 227 227 227 227 227 228 228 228 228 228 228 228 228 228 229 229 229 229 229 229 229 229 229 229 229 230 230 230 230 230 230 230 230 231 231 231 231 231 231 231 231 231 231 231 231 232 232 232 232 232 232 232 232 232 232 233 233 233 233 233 233 233 233 233 233 233 233 233 234 234 234 234 234 234 234 234 234 234 234 234 234 235 235 235 235 235 235 235 235 235 235 235 235 235 212 212 212 212 213 213 213 213 213 213 213 214 214 214 214 214 214 214 215 215 215 215 215 215 215 216 216 216 216 216 216 216 217 217 217 217 217 217 217 217 218 218 218 218 218 218 218 219 219 219 219 219 219 219 219 220 220 220 220 220 220 220 220 221 221 221 221 221 221 221 222 222 222 222 222 222 222 222 223 223 223 223 223 223 223 223 224 224 224 224 224 224 224 224 224 224 225 225 225 225 225 225 225 225 226 226 226 226 226 226 226 226 227 227 227 227 227 227 227 227 227 228 228 228 228 228 228 228 228 228 229 229 229 229 229 229 229 229 229 229 230 230 230 230 230 230 230 230 230 231 231 231 231 231 231 231 231 231 231 231 232 232 232 232 232 232 232 232 232 232 232 232 233 233 233 233 233 233 233 233 233 233 233 233 234 234 234 234 234 234 234 234 234 234 234 234 234 235 235 235 235 235 235 235 235 235 235 235 235 235 212 212 212 213 213 213 213 213 213 214 214 214 214 214 214 214 215 215 215 215 215 215 215 215 216 216 216 216 216 216 216 217 217 217 217 217 217 217 217 218 218 218 218 218 218 218 219 219 219 219 219 219 219 219 220 220 220 220 220 220 220 221 221 221 221 221 221 221 221 222 222 222 222 222 222 222 222 223 223 223 223 223 223 223 223 224 224 224 224 224 224 224 224 224 224 225 225 225 225 225 225 225 225 226 226 226 226 226 226 226 226 227 227 227 227 227 227 227 227 227 228 228 228 228 228 228 228 228 228 229 229 229 229 229 229 229 229 229 229 230 230 230 230 230 230 230 230 230 230 231 231 231 231 231 231 231 231 231 231 232 232 232 232 232 232 232 232 232 232 232 232 233 233 233 233 233 233 233 233 233 233 233 233 234 234 234 234 234 234 234 234 234 234 234 234 234 235 235 235 235 235 235 235 235 235 235 235 235 235 235 236 236 212 212 213 213 213 213 213 213 213 214 214 214 214 214 214 214 215 215 215 215 215 215 215 216 216 216 216 216 216 216 216 217 217 217 217 217 217 217 218 218 218 218 218 218 218 218 219 219 219 219 219 219 219 220 220 220 220 220 220 220 220 221 221 221 221 221 221 221 221 222 222 222 222 222 222 222 222 223 223 223 223 223 223 223 224 224 224 224 224 224 224 224 224 224 225 225 225 225 225 225 225 225 226 226 226 226 226 226 226 226 226 227 227 227 227 227 227 227 227 227 228 228 228 228 228 228 228 228 228 229 229 229 229 229 229 229 229 229 229 230 230 230 230 230 230 230 230 230 230 231 231 231 231 231 231 231 231 231 231 231 232 232 232 232 232 232 232 232 232 232 232 233 233 233 233 233 233 233 233 233 233 233 233 234 234 234 234 234 234 234 234 234 234 234 234 234 235 235 235 235 235 235 235 235 235 235 235 235 235 235 236 236 212 212 212 213 213 213 213 213 213 213 214 214 214 214 214 214 214 215 215 215 215 215 215 215 216 216 216 216 216 216 216 217 217 217 217 217 217 217 217 218 218 218 218 218 218 218 218 219 219 219 219 219 219 219 220 220 220 220 220 220 220 220 221 221 221 221 221 221 221 222 222 222 222 222 222 222 222 222 223 223 223 223 223 223 223 224 224 224 224 224 224 224 224 224 224 225 225 225 225 225 225 225 225 226 226 226 226 226 226 226 226 226 227 227 227 227 227 227 227 227 227 228 228 228 228 228 228 228 228 228 229 229 229 229 229 229 229 229 229 229 229 230 230 230 230 230 230 230 230 230 231 231 231 231 231 231 231 231 231 231 231 232 232 232 232 232 232 232 232 232 232 232 233 233 233 233 233 233 233 233 233 233 233 233 234 234 234 234 234 234 234 234 234 234 234 234 234 235 235 235 235 235 235 235 235 235 235 235 235 235 235 236 236 212 212 212 213 213 213 213 213 213 213 214 214 214 214 214 214 214 214 215 215 215 215 215 215 215 216 216 216 216 216 216 216 217 217 217 217 217 217 217 217 218 218 218 218 218 218 218 218 219 219 219 219 219 219 219 220 220 220 220 220 220 220 221 221 221 221 221 221 221 221 222 222 222 222 222 222 222 222 223 223 223 223 223 223 223 223 224 223 224 224 224 224 224 224 224 224 225 225 225 225 225 225 225 225 226 226 226 226 226 226 226 226 226 227 227 227 227 227 227 227 227 227 228 228 228 228 228 228 228 228 228 229 229 229 229 229 229 229 229 229 229 230 230 230 230 230 230 230 230 230 230 231 231 231 231 231 231 231 231 231 231 231 232 232 232 232 232 232 232 232 232 232 232 233 233 233 233 233 233 233 233 233 233 233 233 234 234 234 234 234 234 234 234 234 234 234 234 234 234 235 235 235 235 235 235 235 235 235 235 235 235 235 236 236 236 212 212 212 213 213 213 213 213 213 213 214 214 214 214 214 214 214 214 215 215 215 215 215 215 215 216 216 216 216 216 216 216 216 217 217 217 217 217 217 217 217 218 218 218 218 218 218 218 218 219 219 219 219 219 219 219 219 220 220 220 220 220 220 220 221 221 221 221 221 221 221 221 222 222 222 222 222 222 222 222 222 223 223 223 223 223 223 223 223 223 224 224 224 224 224 224 224 224 225 225 225 225 225 225 225 225 226 226 226 226 226 226 226 226 226 226 227 227 227 227 227 227 227 227 228 228 228 228 228 228 228 228 228 228 229 229 229 229 229 229 229 229 229 229 230 230 230 230 230 230 230 230 230 230 231 231 231 231 231 231 231 231 231 231 231 231 232 232 232 232 232 232 232 232 232 232 232 233 233 233 233 233 233 233 233 233 233 233 234 234 234 234 234 234 234 234 234 234 234 234 234 235 235 235 235 235 235 235 235 235 235 235 235 235 235 236 212 212 212 212 213 213 213 213 213 213 213 213 214 214 214 214 214 214 214 214 215 215 215 215 215 215 215 216 216 216 216 216 216 216 216 217 217 217 217 217 217 217 217 218 218 218 218 218 218 218 218 219 219 219 219 219 219 219 220 220 220 220 220 220 220 220 221 221 221 221 221 221 221 221 222 222 222 222 222 222 222 222 223 223 223 223 223 223 223 223 223 223 224 224 224 224 224 224 224 224 225 225 225 225 225 225 225 225 226 226 226 226 226 226 226 226 226 227 227 227 227 227 227 227 227 227 228 228 228 228 228 228 228 228 228 229 229 229 229 229 229 229 229 229 229 229 230 230 230 230 230 230 230 230 230 230 230 231 231 231 231 231 231 231 231 231 231 232 232 232 232 232 232 232 232 232 232 232 232 233 233 233 233 233 233 233 233 233 233 233 234 234 234 234 234 234 234 234 234 234 234 234 234 235 235 235 235 235 235 235 235 235 235 235 235 235 235 212 212 212 212 212 213 213 213 213 213 213 213 213 214 214 214 214 214 214 214 215 215 215 215 215 215 215 215 216 216 216 216 216 216 216 217 217 217 217 217 217 217 217 218 218 218 218 218 218 218 218 219 219 219 219 219 219 219 219 220 220 220 220 220 220 220 220 221 221 221 221 221 221 221 222 222 222 222 222 222 222 222 222 223 223 223 223 223 223 223 223 223 224 224 224 224 224 224 224 224 225 225 225 225 225 225 225 225 225 226 226 226 226 226 226 226 226 226 227 227 227 227 227 227 227 227 227 228 228 228 228 228 228 228 228 228 228 229 229 229 229 229 229 229 229 229 229 230 230 230 230 230 230 230 230 230 230 230 231 231 231 231 231 231 231 231 231 231 232 232 232 232 232 232 232 232 232 232 232 232 233 233 233 233 233 233 233 233 233 233 233 234 234 234 234 234 234 234 234 234 234 234 234 234 235 235 235 235 235 235 235 235 235 235 235 235 212 212 212 212 212 212 213 213 213 213 213 213 213 214 214 214 214 214 214 214 214 215 215 215 215 215 215 215 216 216 216 216 216 216 216 216 217 217 217 217 217 217 217 217 218 218 218 218 218 218 218 218 219 219 219 219 219 219 219 220 220 220 220 220 220 220 220 221 221 221 221 221 221 221 221 222 222 222 222 222 222 222 222 222 223 223 223 223 223 223 223 223 223 224 224 224 224 224 224 224 224 225 225 225 225 225 225 225 225 225 226 226 226 226 226 226 226 226 226 227 227 227 227 227 227 227 227 227 228 228 228 228 228 228 228 228 228 229 229 229 229 229 229 229 229 229 229 229 230 230 230 230 230 230 230 230 230 230 230 231 231 231 231 231 231 231 231 231 231 232 232 232 232 232 232 232 232 232 232 232 232 233 233 233 233 233 233 233 233 233 233 233 233 234 234 234 234 234 234 234 234 234 234 234 234 235 235 235 235 235 235 235 235 235 235 235 235 212 212 212 212 212 212 213 213 213 213 213 213 213 213 214 214 214 214 214 214 214 214 215 215 215 215 215 215 215 216 216 216 216 216 216 216 216 217 217 217 217 217 217 217 217 218 218 218 218 218 218 218 218 219 219 219 219 219 219 219 220 220 220 220 220 220 220 220 221 221 221 221 221 221 221 221 222 222 222 222 222 222 222 222 222 223 223 223 223 223 223 223 223 223 224 224 224 224 224 224 224 224 225 225 225 225 225 225 225 225 225 226 226 226 226 226 226 226 226 226 227 227 227 227 227 227 227 227 227 228 228 228 228 228 228 228 228 228 228 229 229 229 229 229 229 229 229 229 230 230 230 230 230 230 230 230 230 230 230 230 231 231 231 231 231 231 231 231 231 231 232 232 232 232 232 232 232 232 232 232 232 232 233 233 233 233 233 233 233 233 233 233 233 234 234 234 234 234 234 234 234 234 234 234 234 234 234 235 235 235 235 235 235 235 235 235 235 235 212 212 212 212 212 212 213 213 213 213 213 213 213 213 214 214 214 214 214 214 214 215 215 215 215 215 215 215 215 216 216 216 216 216 216 216 217 217 217 217 217 217 217 217 217 218 218 218 218 218 218 218 218 219 219 219 219 219 219 219 220 220 220 220 220 220 220 220 221 221 221 221 221 221 221 221 222 222 222 222 222 222 222 222 223 223 223 223 223 223 223 223 223 223 224 224 224 224 224 224 224 224 225 225 225 225 225 225 225 225 225 226 226 226 226 226 226 226 226 226 227 227 227 227 227 227 227 227 228 228 228 228 228 228 228 228 228 228 228 229 229 229 229 229 229 229 229 229 230 230 230 230 230 230 230 230 230 230 230 230 231 231 231 231 231 231 231 231 231 231 232 232 232 232 232 232 232 232 232 232 232 232 233 233 233 233 233 233 233 233 233 233 233 234 234 234 234 234 234 234 234 234 234 234 234 234 234 235 235 235 235 235 235 235 235 235 235 235 235 212 212 212 212 213 213 213 213 213 213 213 214 214 214 214 214 214 214 214 215 215 215 215 215 215 215 215 216 216 216 216 216 216 216 217 217 217 217 217 217 217 217 218 218 218 218 218 218 218 218 219 219 219 219 219 219 219 220 220 220 220 220 220 220 220 221 221 221 221 221 221 221 221 222 222 222 222 222 222 222 222 222 223 223 223 223 223 223 223 223 223 224 224 224 224 224 224 224 224 225 225 225 225 225 225 225 225 225 225 226 226 226 226 226 226 226 226 226 227 227 227 227 227 227 227 227 228 228 228 228 228 228 228 228 228 228 228 229 229 229 229 229 229 229 229 229 230 230 230 230 230 230 230 230 230 230 230 231 231 231 231 231 231 231 231 231 231 231 232 232 232 232 232 232 232 232 232 232 232 232 233 233 233 233 233 233 233 233 233 233 233 233 234 234 234 234 234 234 234 234 234 234 234 234 234 235 235 235 235 235 235 235 235 235 235 235 235 236 236 236 212 212 212 212 213 213 213 213 213 213 213 214 214 214 214 214 214 214 214 215 215 215 215 215 215 215 216 216 216 216 216 216 216 216 217 217 217 217 217 217 217 217 218 218 218 218 218 218 218 218 219 219 219 219 219 219 219 220 220 220 220 220 220 220 220 221 221 221 221 221 221 221 221 222 222 222 222 222 222 222 222 222 223 222 223 223 223 223 223 223 223 224 224 224 224 224 224 224 224 225 225 225 225 225 225 225 225 225 225 226 226 226 226 226 226 226 226 226 227 227 227 227 227 227 227 227 228 228 228 228 228 228 228 228 228 228 228 229 229 229 229 229 229 229 229 229 230 230 230 230 230 230 230 230 230 230 230 231 231 231 231 231 231 231 231 231 231 231 232 232 232 232 232 232 232 232 232 232 232 232 233 233 233 233 233 233 233 233 233 233 233 233 234 234 234 234 234 234 234 234 234 234 234 234 235 235 235 235 235 235 235 235 235 235 235 235 236 236 236 236 236 236 212 212 212 212 213 213 213 213 213 213 213 213 214 214 214 214 214 214 214 214 215 215 215 215 215 215 215 216 216 216 216 216 216 216 216 217 217 217 217 217 217 217 218 218 218 218 218 218 218 218 218 219 219 219 219 219 219 219 220 220 220 220 220 220 220 220 221 221 221 221 221 221 221 221 222 222 222 222 222 222 222 222 222 222 222 223 223 223 223 223 223 224 224 224 224 224 224 224 224 224 225 225 225 225 225 225 225 225 225 226 226 226 226 226 226 226 226 226 226 227 227 227 227 227 227 227 227 228 228 228 228 228 228 228 228 228 228 228 229 229 229 229 229 229 229 229 229 229 230 230 230 230 230 230 230 230 230 230 231 231 231 231 231 231 231 231 231 231 231 232 232 232 232 232 232 232 232 232 232 232 232 233 233 233 233 233 233 233 233 233 233 233 233 234 234 234 234 234 234 234 234 234 234 234 234 234 235 235 235 235 235 235 235 235 235 235 236 236 236 236 236 212 212 212 212 212 213 213 213 213 213 213 213 213 214 214 214 214 214 214 214 215 215 215 215 215 215 215 215 216 216 216 216 216 216 216 217 217 217 217 217 217 217 217 218 218 218 218 218 218 218 218 218 219 219 219 219 219 219 219 220 220 220 220 220 220 220 221 221 221 221 221 221 221 221 221 222 222 222 222 222 222 222 222 222 222 223 223 223 223 223 223 223 224 224 224 224 224 224 224 224 224 225 225 225 225 225 225 225 225 225 226 226 226 226 226 226 226 226 226 227 227 227 227 227 227 227 227 227 228 228 228 228 228 228 228 228 228 228 228 229 229 229 229 229 229 229 229 229 229 230 230 230 230 230 230 230 230 230 230 230 231 231 231 231 231 231 231 231 231 231 232 232 232 232 232 232 232 232 232 232 232 232 233 233 233 233 233 233 233 233 233 233 233 233 234 234 234 234 234 234 234 234 234 234 234 234 235 235 235 235 235 235 235 235 235 235 235 236 236 236 236 236 236 236 236 236 236 236 212 212 212 212 213 213 213 213 213 213 213 213 214 214 214 214 214 214 214 214 215 215 215 215 215 215 215 216 216 216 216 216 216 216 216 217 217 217 217 217 217 217 217 218 218 218 218 218 218 218 218 218 219 219 219 219 219 219 219 220 220 220 220 220 220 220 221 221 221 221 221 221 221 221 221 222 222 222 222 222 222 222 222 222 222 223 223 223 223 223 223 223 224 224 224 224 224 224 224 224 224 225 225 225 225 225 225 225 225 225 226 226 226 226 226 226 226 226 227 227 227 227 227 227 227 227 227 227 228 228 228 228 228 228 228 228 228 228 229 229 229 229 229 229 229 229 229 229 229 230 230 230 230 230 230 230 230 230 230 231 231 231 231 231 231 231 231 231 231 231 232 232 232 232 232 232 232 232 232 232 232 232 233 233 233 233 233 233 233 233 233 233 233 234 234 234 234 234 234 234 234 234 234 234 234 234 234 235 235 235 235 235 235 235 235 235 235 235 235 235 236 236 236 236 236 236 236 236 236 212 212 212 212 212 213 213 213 213 213 213 213 213 214 214 214 214 214 214 214 215 215 215 215 215 215 215 215 216 216 216 216 216 216 216 216 217 217 217 217 217 217 217 217 218 218 218 218 218 218 218 218 219 219 219 219 219 219 219 220 220 220 220 220 220 220 220 221 221 221 221 221 221 221 221 222 222 222 222 222 222 222 222 222 222 222 223 223 223 223 223 223 223 224 224 224 224 224 224 224 224 225 225 225 225 225 225 225 225 225 226 226 226 226 226 226 226 226 226 227 227 227 227 227 227 227 227 227 227 228 228 228 228 228 228 228 228 228 228 229 229 229 229 229 229 229 229 229 229 229 230 230 230 230 230 230 230 230 230 230 231 231 231 231 231 231 231 231 231 231 231 232 232 232 232 232 232 232 232 232 232 232 233 233 233 233 233 233 233 233 233 233 233 233 234 234 234 234 234 234 234 234 234 234 234 234 234 234 235 235 235 235 235 235 235 235 235 235 235 235 235 236 236 236 236 236 236 236 212 212 212 212 212 212 213 213 213 213 213 213 213 214 214 214 214 214 214 214 214 215 215 215 215 215 215 215 215 216 216 216 216 216 216 216 217 217 217 217 217 217 217 217 218 218 218 218 218 218 218 218 219 219 219 219 219 219 219 219 220 220 220 220 220 220 220 220 221 221 221 221 221 221 221 221 222 222 222 222 222 222 222 222 222 222 222 223 223 223 223 223 223 223 224 224 224 224 224 224 224 224 225 225 225 225 225 225 225 225 225 226 226 226 226 226 226 226 226 226 227 227 227 227 227 227 227 227 227 227 228 228 228 228 228 228 228 228 228 228 229 229 229 229 229 229 229 229 229 229 229 230 230 230 230 230 230 230 230 230 230 231 231 231 231 231 231 231 231 231 231 231 232 232 232 232 232 232 232 232 232 232 232 233 233 233 233 233 233 233 233 233 233 233 233 233 234 234 234 234 234 234 234 234 234 234 234 234 234 235 235 235 235 235 235 235 235 235 235 235 235 235 236 236 236 236 236 236 212 212 212 212 212 212 212 213 213 213 213 213 213 213 214 214 214 214 214 214 214 214 215 215 215 215 215 215 215 216 216 216 216 216 216 216 216 217 217 217 217 217 217 217 217 218 218 218 218 218 218 218 218 219 219 219 219 219 219 219 219 220 220 220 220 220 220 220 221 221 221 221 221 221 221 221 222 222 222 222 222 222 222 222 222 222 222 222 223 223 223 223 223 223 223 224 224 224 224 224 224 224 224 225 225 225 225 225 225 225 225 225 226 226 226 226 226 226 226 226 226 227 227 227 227 227 227 227 227 227 227 228 228 228 228 228 228 228 228 228 228 229 229 229 229 229 229 229 229 229 229 229 230 230 230 230 230 230 230 230 230 230 231 231 231 231 231 231 231 231 231 231 231 232 232 232 232 232 232 232 232 232 232 232 233 233 233 233 233 233 233 233 233 233 233 233 233 234 234 234 234 234 234 234 234 234 234 234 234 234 235 235 235 235 235 235 235 235 235 235 235 235 235 236 236 236 236 236 212 212 212 212 212 212 213 213 213 213 213 213 213 213 214 214 214 214 214 214 214 214 215 215 215 215 215 215 215 216 216 216 216 216 216 216 216 217 217 217 217 217 217 217 217 218 218 218 218 218 218 218 218 219 219 219 219 219 219 219 219 220 220 220 220 220 220 220 221 221 221 221 221 221 221 221 222 222 222 222 222 222 222 222 222 222 222 223 223 223 223 223 223 223 223 224 224 224 224 224 224 224 224 225 225 225 225 225 225 225 225 225 226 226 226 226 226 226 226 226 226 227 227 227 227 227 227 227 227 227 228 228 228 228 228 228 228 228 228 228 228 229 229 229 229 229 229 229 229 229 229 229 230 230 230 230 230 230 230 230 230 230 231 231 231 231 231 231 231 231 231 231 231 232 232 232 232 232 232 232 232 232 232 232 233 233 233 233 233 233 233 233 233 233 233 233 233 234 234 234 234 234 234 234 234 234 234 234 234 235 235 235 235 235 235 235 235 235 235 235 235 235 235 236 236 236 236 212 212 212 212 212 212 212 213 213 213 213 213 213 213 213 214 214 214 214 214 214 214 215 215 215 215 215 215 215 215 216 216 216 216 216 216 216 216 217 217 217 217 217 217 217 218 218 218 218 218 218 218 218 219 219 219 219 219 219 219 219 220 220 220 220 220 220 220 220 221 221 221 221 221 221 221 221 222 222 222 222 222 222 222 222 222 222 223 223 223 223 223 223 223 223 224 224 224 224 224 224 224 224 224 225 225 225 225 225 225 225 225 225 226 226 226 226 226 226 226 226 226 227 227 227 227 227 227 227 227 227 227 228 228 228 228 228 228 228 228 228 228 229 229 229 229 229 229 229 229 229 229 230 230 230 230 230 230 230 230 230 230 230 231 231 231 231 231 231 231 231 231 231 231 232 232 232 232 232 232 232 232 232 232 232 233 233 233 233 233 233 233 233 233 233 233 233 233 234 234 234 234 234 234 234 234 234 234 234 234 235 235 235 235 235 235 235 235 235 235 235 235 235 235 236 236 236 212 212 212 212 212 212 212 213 213 213 213 213 213 213 214 214 214 214 214 214 214 214 215 215 215 215 215 215 215 215 216 216 216 216 216 216 216 217 217 217 217 217 217 217 217 218 218 218 218 218 218 218 218 219 219 219 219 219 219 219 219 220 220 220 220 220 220 220 220 221 221 221 221 221 221 221 222 222 222 222 222 222 222 222 222 222 222 223 223 223 223 223 223 223 223 224 224 224 224 224 224 224 224 224 225 225 225 225 225 225 225 225 225 226 226 226 226 226 226 226 226 226 227 227 227 227 227 227 227 227 227 227 228 228 228 228 228 228 228 228 228 228 229 229 229 229 229 229 229 229 229 229 230 230 230 230 230 230 230 230 230 230 230 231 231 231 231 231 231 231 231 231 231 231 232 232 232 232 232 232 232 232 232 232 232 233 233 233 233 233 233 233 233 233 233 233 233 233 234 234 234 234 234 234 234 234 234 234 234 234 235 235 235 235 235 235 235 235 235 235 235 235 235 235 236 236 212 212 212 212 212 212 213 213 213 213 213 213 213 214 214 214 214 214 214 214 214 215 215 215 215 215 215 215 216 216 216 216 216 216 216 216 217 217 217 217 217 217 217 217 218 218 218 218 218 218 218 218 219 219 219 219 219 219 219 219 220 220 220 220 220 220 220 221 221 221 221 221 221 221 221 222 222 222 222 222 222 222 222 222 222 223 223 223 223 223 223 223 223 223 224 224 224 224 224 224 224 224 225 225 225 225 225 225 225 225 225 226 226 226 226 226 226 226 226 226 227 227 227 227 227 227 227 227 227 227 227 228 228 228 228 228 228 228 228 228 228 229 229 229 229 229 229 229 229 229 229 230 230 230 230 230 230 230 230 230 230 230 231 231 231 231 231 231 231 231 231 231 231 232 232 232 232 232 232 232 232 232 232 232 233 233 233 233 233 233 233 233 233 233 233 233 233 234 234 234 234 234 234 234 234 234 234 234 234 235 235 235 235 235 235 235 235 235 235 235 235 235 236 236 212 212 212 213 213 213 213 213 213 213 213 214 214 214 214 214 214 214 214 215 215 215 215 215 215 215 216 216 216 216 216 216 216 216 217 217 217 217 217 217 217 217 218 218 218 218 218 218 218 218 219 219 219 219 219 219 219 219 220 220 220 220 220 220 220 221 221 221 221 221 221 221 221 222 222 222 222 222 222 222 222 222 222 223 223 223 223 223 223 223 223 224 224 224 224 224 224 224 224 224 225 225 225 225 225 225 225 225 225 226 226 226 226 226 226 226 226 226 227 227 227 227 227 227 227 227 227 227 227 228 228 228 228 228 228 228 228 228 228 229 229 229 229 229 229 229 229 229 229 230 230 230 230 230 230 230 230 230 230 230 231 231 231 231 231 231 231 231 231 231 231 232 232 232 232 232 232 232 232 232 232 232 233 233 233 233 233 233 233 233 233 233 233 233 234 234 234 234 234 234 234 234 234 234 234 234 234 235 235 235 235 235 235 235 235 235 235 235 235 235 236 212 212 212 213 213 213 213 213 213 213 213 214 214 214 214 214 214 214 215 215 215 215 215 215 215 215 216 216 216 216 216 216 216 216 217 217 217 217 217 217 217 218 218 218 218 218 218 218 218 219 219 219 219 219 219 219 219 219 220 220 220 220 220 220 220 221 221 221 221 221 221 221 221 222 221 222 222 222 222 222 222 222 222 223 223 223 223 223 223 223 223 224 224 224 224 224 224 224 224 224 225 225 225 225 225 225 225 225 225 226 226 226 226 226 226 226 226 226 227 227 227 227 227 227 227 227 227 227 227 228 228 228 228 228 228 228 228 228 228 229 229 229 229 229 229 229 229 229 229 230 230 230 230 230 230 230 230 230 230 230 231 231 231 231 231 231 231 231 231 231 231 232 232 232 232 232 232 232 232 232 232 232 233 233 233 233 233 233 233 233 233 233 233 233 234 234 234 234 234 234 234 234 234 234 234 234 234 235 235 235 235 235 235 235 235 235 235 235 235 235 212 212 212 212 213 213 213 213 213 213 213 214 214 214 214 214 214 214 214 215 215 215 215 215 215 215 216 216 216 216 216 216 216 216 217 217 217 217 217 217 217 217 218 218 218 218 218 218 218 218 219 219 219 219 219 219 219 219 219 220 220 220 220 220 220 220 221 221 221 221 221 221 221 221 221 222 222 222 222 222 222 222 222 222 223 223 223 223 223 223 223 223 224 224 224 224 224 224 224 224 225 225 225 225 225 225 225 225 225 225 226 226 226 226 226 226 226 226 226 227 227 227 227 227 227 227 227 227 227 227 228 228 228 228 228 228 228 228 228 228 229 229 229 229 229 229 229 229 229 229 230 230 230 230 230 230 230 230 230 230 230 231 231 231 231 231 231 231 231 231 231 231 232 232 232 232 232 232 232 232 232 232 232 233 233 233 233 233 233 233 233 233 233 233 233 234 234 234 234 234 234 234 234 234 234 234 234 234 235 235 235 235 235 235 235 235 235 235 235 235 212 212 212 212 212 213 213 213 213 213 213 213 213 214 214 214 214 214 214 214 214 215 215 215 215 215 215 215 216 216 216 216 216 216 216 216 217 217 217 217 217 217 217 217 218 218 218 218 218 218 218 218 219 219 219 219 219 219 219 219 220 220 220 220 220 220 220 220 221 221 221 221 221 221 221 221 221 222 222 222 222 222 222 222 222 222 223 223 223 223 223 223 223 223 224 224 224 224 224 224 224 224 225 225 225 225 225 225 225 225 225 225 226 226 226 226 226 226 226 226 226 227 227 227 227 227 227 227 227 227 227 227 228 228 228 228 228 228 228 228 228 228 229 229 229 229 229 229 229 229 229 229 230 230 230 230 230 230 230 230 230 230 230 231 231 231 231 231 231 231 231 231 231 231 232 232 232 232 232 232 232 232 232 232 232 233 233 233 233 233 233 233 233 233 233 233 233 234 234 234 234 234 234 234 234 234 234 234 234 234 235 235 235 235 235 235 235 235 235 235 235 211 212 212 212 212 212 212 212 213 213 213 213 213 213 213 213 214 214 214 214 214 214 214 214 215 215 215 215 215 215 215 216 216 216 216 216 216 216 216 217 217 217 217 217 217 217 217 218 218 218 218 218 218 218 218 219 219 219 219 219 219 219 219 220 220 220 220 220 220 220 221 221 221 221 221 221 221 221 221 221 222 222 222 222 222 222 222 222 222 223 223 223 223 223 223 223 223 224 224 224 224 224 224 224 224 225 225 225 225 225 225 225 225 225 225 226 226 226 226 226 226 226 226 227 227 227 227 227 227 227 227 227 227 227 227 228 228 228 228 228 228 228 228 228 228 229 229 229 229 229 229 229 229 229 229 230 230 230 230 230 230 230 230 230 230 230 231 231 231 231 231 231 231 231 231 231 231 232 232 232 232 232 232 232 232 232 232 232 233 233 233 233 233 233 233 233 233 233 233 233 234 234 234 234 234 234 234 234 234 234 234 234 234 235 235 235 235 235 235 235 235 235 211 211 212 212 212 212 212 212 212 212 213 213 213 213 213 213 213 213 214 214 214 214 214 214 214 214 215 215 215 215 215 215 215 216 216 216 216 216 216 216 216 217 217 217 217 217 217 217 218 218 218 218 218 218 218 218 219 219 219 219 219 219 219 219 220 220 220 220 220 220 220 220 221 221 221 221 221 221 221 221 221 221 222 222 222 222 222 222 222 222 223 223 223 223 223 223 223 223 224 224 224 224 224 224 224 224 224 225 225 225 225 225 225 225 225 225 226 226 226 226 226 226 226 226 226 227 227 227 227 227 227 227 227 227 227 227 227 228 228 228 228 228 228 228 228 228 228 229 229 229 229 229 229 229 229 229 229 230 230 230 230 230 230 230 230 230 230 230 231 231 231 231 231 231 231 231 231 231 232 232 232 232 232 232 232 232 232 232 232 232 233 233 233 233 233 233 233 233 233 233 233 233 234 234 234 234 234 234 234 234 234 234 234 234 235 235 235 235 235 235 235 235 211 211 211 212 212 212 212 212 212 212 212 213 213 213 213 213 213 213 213 214 214 214 214 214 214 214 215 215 215 215 215 215 215 216 216 216 216 216 216 216 216 217 217 217 217 217 217 217 217 218 218 218 218 218 218 218 218 219 219 219 219 219 219 219 219 220 220 220 220 220 220 220 220 221 221 221 221 221 221 221 221 221 222 222 222 222 222 222 222 222 222 223 223 223 223 223 223 223 223 224 224 224 224 224 224 224 224 224 225 225 225 225 225 225 225 225 225 226 226 226 226 226 226 226 226 226 227 227 227 227 227 227 227 227 227 227 227 227 228 228 228 228 228 228 228 228 228 228 229 229 229 229 229 229 229 229 229 230 230 230 230 230 230 230 230 230 230 230 231 231 231 231 231 231 231 231 231 231 231 232 232 232 232 232 232 232 232 232 232 232 232 233 233 233 233 233 233 233 233 233 233 233 233 234 234 234 234 234 234 234 234 234 234 234 234 235 235 235 235 235 235 235 211 211 211 211 211 211 211 212 212 212 212 212 212 212 212 213 213 213 213 213 213 213 213 214 214 214 214 214 214 214 215 215 215 215 215 215 215 216 216 216 216 216 216 216 216 217 217 217 217 217 217 217 217 218 218 218 218 218 218 218 218 219 219 219 219 219 219 219 219 220 220 220 220 220 220 220 220 221 221 221 221 221 221 221 221 221 222 222 222 222 222 222 222 222 222 223 223 223 223 223 223 223 223 224 224 224 224 224 224 224 224 224 225 225 225 225 225 225 225 225 225 226 226 226 226 226 226 226 226 226 227 227 227 227 227 227 227 227 227 227 227 228 228 228 228 228 228 228 228 228 228 229 229 229 229 229 229 229 229 229 229 230 230 230 230 230 230 230 230 230 230 230 231 231 231 231 231 231 231 231 231 231 231 232 232 232 232 232 232 232 232 232 232 232 232 233 233 233 233 233 233 233 233 233 233 233 233 234 234 234 234 234 234 234 234 234 234 234 234 235 235 235 235 235 211 211 211 211 211 211 211 211 212 212 212 212 212 212 212 212 213 213 213 213 213 213 213 213 214 214 214 214 214 214 214 215 215 215 215 215 215 215 216 216 216 216 216 216 216 216 217 217 217 217 217 217 217 217 218 218 218 218 218 218 218 218 219 219 219 219 219 219 219 220 220 220 220 220 220 220 220 220 221 221 221 221 221 221 221 221 221 222 222 222 222 222 222 222 222 223 223 223 223 223 223 223 223 223 224 224 224 224 224 224 224 224 224 225 225 225 225 225 225 225 225 225 226 226 226 226 226 226 226 226 226 226 227 227 227 227 227 227 227 227 227 227 227 228 228 228 228 228 228 228 228 228 229 229 229 229 229 229 229 229 229 229 230 230 230 230 230 230 230 230 230 230 230 231 231 231 231 231 231 231 231 231 231 231 232 232 232 232 232 232 232 232 232 232 232 232 233 233 233 233 233 233 233 233 233 233 233 233 234 234 234 234 234 234 234 234 234 234 234 234 235 235 235 210 211 211 211 211 211 211 211 211 212 212 212 212 212 212 212 213 213 213 213 213 213 213 213 214 214 214 214 214 214 214 215 215 215 215 215 215 215 215 216 216 216 216 216 216 216 216 217 217 217 217 217 217 217 217 218 218 218 218 218 218 218 219 219 219 219 219 219 219 219 220 220 220 220 220 220 220 220 220 221 221 221 221 221 221 221 221 221 222 222 222 222 222 222 222 222 223 223 223 223 223 223 223 223 223 224 224 224 224 224 224 224 224 225 225 225 225 225 225 225 225 225 226 226 226 226 226 226 226 226 226 226 226 227 227 227 227 227 227 227 227 227 227 228 228 228 228 228 228 228 228 228 228 229 229 229 229 229 229 229 229 229 229 230 230 230 230 230 230 230 230 230 230 230 231 231 231 231 231 231 231 231 231 231 231 232 232 232 232 232 232 232 232 232 232 232 232 233 233 233 233 233 233 233 233 233 233 233 233 234 234 234 234 234 234 234 234 234 234 234 234 235 235 210 211 211 211 211 211 211 211 211 212 212 212 212 212 212 212 213 213 213 213 213 213 213 213 214 214 214 214 214 214 214 215 215 215 215 215 215 215 215 216 216 216 216 216 216 216 216 217 217 217 217 217 217 217 218 218 218 218 218 218 218 218 219 219 219 219 219 219 219 219 220 220 220 220 220 220 220 220 221 221 221 221 221 221 221 221 221 221 222 222 222 222 222 222 222 222 223 223 223 223 223 223 223 223 224 224 224 224 224 224 224 224 224 225 225 225 225 225 225 225 225 225 226 226 226 226 226 226 226 226 226 226 226 227 227 227 227 227 227 227 227 227 227 228 228 228 228 228 228 228 228 228 228 229 229 229 229 229 229 229 229 229 229 230 230 230 230 230 230 230 230 230 230 230 231 231 231 231 231 231 231 231 231 231 231 232 232 232 232 232 232 232 232 232 232 232 232 233 233 233 233 233 233 233 233 233 233 233 233 234 234 234 234 234 234 234 234 234 234 234 234 235 210 210 210 211 211 211 211 211 211 211 211 212 212 212 212 212 212 212 212 213 213 213 213 213 213 213 213 214 214 214 214 214 214 214 215 215 215 215 215 215 215 216 216 216 216 216 216 216 216 217 217 217 217 217 217 217 217 218 218 218 218 218 218 218 218 219 219 219 219 219 219 219 219 220 220 220 220 220 220 220 220 221 220 221 221 221 221 221 221 221 221 222 222 222 222 222 222 222 223 223 223 223 223 223 223 223 223 224 224 224 224 224 224 224 224 224 225 225 225 225 225 225 225 225 225 226 226 226 226 226 226 226 226 226 226 226 227 227 227 227 227 227 227 227 227 227 228 228 228 228 228 228 228 228 228 228 229 229 229 229 229 229 229 229 229 229 230 230 230 230 230 230 230 230 230 230 230 231 231 231 231 231 231 231 231 231 231 231 232 232 232 232 232 232 232 232 232 232 232 233 233 233 233 233 233 233 233 233 233 233 233 233 234 234 234 234 234 234 234 234 234 234 234 234 235 210 210 210 210 210 211 211 211 211 211 211 211 211 212 212 212 212 212 212 212 212 213 213 213 213 213 213 213 213 214 214 214 214 214 214 214 215 215 215 215 215 215 215 216 216 216 216 216 216 216 216 217 217 217 217 217 217 217 217 218 218 218 218 218 218 218 218 219 219 219 219 219 219 219 220 220 220 220 220 220 220 220 221 220 221 221 221 221 221 221 221 221 222 222 222 222 222 222 222 222 222 223 223 223 223 223 223 223 223 224 224 224 224 224 224 224 224 224 225 225 225 225 225 225 225 225 225 226 226 226 226 226 226 226 226 226 226 226 227 227 227 227 227 227 227 227 227 227 228 228 228 228 228 228 228 228 228 228 229 229 229 229 229 229 229 229 229 229 230 230 230 230 230 230 230 230 230 230 230 231 231 231 231 231 231 231 231 231 231 231 232 232 232 232 232 232 232 232 232 232 232 233 233 233 233 233 233 233 233 233 233 233 233 234 234 234 234 234 234 234 234 234 234 234 234 234 235 235 235 210 210 210 210 210 210 211 211 211 211 211 211 211 211 212 212 212 212 212 212 212 212 213 213 213 213 213 213 213 213 214 214 214 214 214 214 214 215 215 215 215 215 215 215 216 216 216 216 216 216 216 216 217 217 217 217 217 217 217 217 218 218 218 218 218 218 218 219 219 219 219 219 219 219 219 220 220 220 220 220 220 220 220 220 220 221 221 221 221 221 221 221 221 222 222 222 222 222 222 222 222 223 223 223 223 223 223 223 223 224 224 224 224 224 224 224 224 224 225 225 225 225 225 225 225 225 225 225 226 226 226 226 226 226 226 226 226 226 226 227 227 227 227 227 227 227 227 227 227 228 228 228 228 228 228 228 228 228 228 229 229 229 229 229 229 229 229 229 229 230 230 230 230 230 230 230 230 230 230 230 231 231 231 231 231 231 231 231 231 231 231 232 232 232 232 232 232 232 232 232 232 232 233 233 233 233 233 233 233 233 233 233 233 233 234 234 234 234 234 234 234 234 234 234 234 234 234 235 235 235 210 210 210 210 210 210 210 211 211 211 211 211 211 211 211 211 212 212 212 212 212 212 212 213 213 213 213 213 213 213 213 214 214 214 214 214 214 215 215 215 215 215 215 215 215 216 216 216 216 216 216 216 216 217 217 217 217 217 217 217 218 218 218 218 218 218 218 218 219 219 219 219 219 219 219 219 220 220 220 220 220 220 220 220 220 221 221 221 221 221 221 221 221 221 222 222 222 222 222 222 222 222 223 223 223 223 223 223 223 223 224 224 224 224 224 224 224 224 224 225 225 225 225 225 225 225 225 225 226 226 226 226 226 226 226 226 226 226 226 226 227 227 227 227 227 227 227 227 227 227 228 228 228 228 228 228 228 228 228 229 229 229 229 229 229 229 229 229 229 229 230 230 230 230 230 230 230 230 230 230 230 231 231 231 231 231 231 231 231 231 231 232 232 232 232 232 232 232 232 232 232 232 232 233 233 233 233 233 233 233 233 233 233 233 233 234 234 234 234 234 234 234 234 234 234 234 234 235 235 235 235 210 210 210 210 210 211 211 211 211 211 211 212 212 212 212 212 212 212 212 213 213 213 213 213 213 213 213 214 214 214 214 214 214 215 215 215 215 215 215 215 215 216 216 216 216 216 216 216 217 217 217 217 217 217 217 217 218 218 218 218 218 218 218 218 219 219 219 219 219 219 219 219 220 220 220 220 220 220 220 220 220 221 221 221 221 221 221 221 221 222 222 222 222 222 222 222 222 222 223 223 223 223 223 223 223 223 224 224 224 224 224 224 224 224 224 225 225 225 225 225 225 225 225 225 226 226 226 226 226 226 226 226 226 226 226 227 227 227 227 227 227 227 227 227 227 228 228 228 228 228 228 228 228 228 228 228 229 229 229 229 229 229 229 229 229 229 230 230 230 230 230 230 230 230 230 230 230 231 231 231 231 231 231 231 231 231 231 232 232 232 232 232 232 232 232 232 232 232 232 233 233 233 233 233 233 233 233 233 233 233 233 234 234 234 234 234 234 234 234 234 234 234 234 235 235 235 235 210 210 210 210 210 210 210 211 211 211 212 212 212 212 212 212 212 213 213 213 213 213 213 213 214 214 214 214 214 214 214 215 215 215 215 215 215 215 216 216 216 216 216 216 216 216 217 217 217 217 217 217 217 217 218 218 218 218 218 218 218 218 219 219 219 219 219 219 219 219 220 220 220 220 220 220 220 220 220 221 221 221 221 221 221 221 221 222 222 222 222 222 222 222 222 222 223 223 223 223 223 223 223 223 224 224 224 224 224 224 224 224 224 225 225 225 225 225 225 225 225 225 226 226 226 226 226 226 226 226 226 226 226 227 227 227 227 227 227 227 227 227 227 228 228 228 228 228 228 228 228 228 228 228 229 229 229 229 229 229 229 229 229 229 230 230 230 230 230 230 230 230 230 230 230 231 231 231 231 231 231 231 231 231 231 232 232 232 232 232 232 232 232 232 232 232 232 233 233 233 233 233 233 233 233 233 233 233 233 234 234 234 234 234 234 234 234 234 234 234 235 235 235 235 210 210 210 210 210 211 211 211 212 212 212 212 212 212 213 213 213 213 213 213 213 214 214 214 214 214 214 214 215 215 215 215 215 215 215 216 216 216 216 216 216 216 216 217 217 217 217 217 217 217 217 218 218 218 218 218 218 218 218 219 219 219 219 219 219 219 220 220 220 220 220 220 220 220 220 220 221 221 221 221 221 221 221 221 222 222 222 222 222 222 222 222 223 223 223 223 223 223 223 223 223 224 224 224 224 224 224 224 224 224 225 225 225 225 225 225 225 225 225 226 226 226 226 226 226 226 226 226 226 226 227 227 227 227 227 227 227 227 227 227 228 228 228 228 228 228 228 228 228 228 229 229 229 229 229 229 229 229 229 229 229 230 230 230 230 230 230 230 230 230 230 231 231 231 231 231 231 231 231 231 231 231 232 232 232 232 232 232 232 232 232 232 232 232 233 233 233 233 233 233 233 233 233 233 233 233 234 234 234 234 234 234 234 234 234 234 234 234 235 235 235 212 212 212 212 212 213 213 213 213 213 213 214 214 214 214 214 214 214 215 215 215 215 215 215 215 215 216 216 216 216 216 216 216 216 217 217 217 217 217 217 217 217 218 218 218 218 218 218 218 219 219 219 219 219 219 219 219 220 220 220 220 220 220 220 220 220 220 221 221 221 221 221 221 221 221 222 222 222 222 222 222 222 222 223 223 223 223 223 223 223 223 224 224 224 224 224 224 224 224 224 225 225 225 225 225 225 225 225 225 225 226 226 226 226 226 226 226 226 226 226 226 227 227 227 227 227 227 227 227 227 227 228 228 228 228 228 228 228 228 228 228 229 229 229 229 229 229 229 229 229 229 229 230 230 230 230 230 230 230 230 230 230 231 231 231 231 231 231 231 231 231 231 231 232 232 232 232 232 232 232 232 232 232 232 232 233 233 233 233 233 233 233 233 233 233 233 234 234 234 234 234 234 234 234 234 234 234 234 235 235 212 212 212 213 213 213 213 213 213 214 214 214 214 214 214 214 214 215 215 215 215 215 215 215 215 216 216 216 216 216 216 216 216 217 217 217 217 217 217 217 218 218 218 218 218 218 218 218 219 219 219 219 219 219 219 219 220 220 220 220 220 220 220 220 220 221 221 221 221 221 221 221 221 222 222 222 222 222 222 222 222 222 223 223 223 223 223 223 223 223 224 224 224 224 224 224 224 224 224 225 225 225 225 225 225 225 225 225 225 225 226 226 226 226 226 226 226 226 226 226 227 227 227 227 227 227 227 227 227 227 228 228 228 228 228 228 228 228 228 228 229 229 229 229 229 229 229 229 229 229 229 230 230 230 230 230 230 230 230 230 230 231 231 231 231 231 231 231 231 231 231 231 232 232 232 232 232 232 232 232 232 232 232 233 233 233 233 233 233 233 233 233 233 233 233 234 234 234 234 234 234 234 234 234 234 234 234 212 212 212 213 213 213 213 213 213 214 214 214 214 214 214 214 214 215 215 215 215 215 215 215 215 216 216 216 216 216 216 216 216 217 217 217 217 217 217 217 218 218 218 218 218 218 218 218 219 219 219 219 219 219 219 219 220 220 220 220 220 220 220 220 220 221 221 221 221 221 221 221 221 222 222 222 222 222 222 222 222 223 223 223 223 223 223 223 223 223 224 224 224 224 224 224 224 224 224 225 225 225 225 225 225 225 225 225 225 225 226 226 226 226 226 226 226 226 226 226 227 227 227 227 227 227 227 227 227 227 228 228 228 228 228 228 228 228 228 228 229 229 229 229 229 229 229 229 229 229 229 230 230 230 230 230 230 230 230 230 230 231 231 231 231 231 231 231 231 231 231 231 232 232 232 232 232 232 232 232 232 232 232 233 233 233 233 233 233 233 233 233 233 233 233 234 234 234 234 234 234 234 234 234 212 212 212 212 213 213 213 213 213 213 214 214 214 214 214 214 214 214 215 215 215 215 215 215 215 215 216 216 216 216 216 216 216 217 217 217 217 217 217 217 217 218 218 218 218 218 218 218 218 219 219 219 219 219 219 219 220 220 220 220 220 220 220 220 220 220 221 221 221 221 221 221 221 221 222 222 222 222 222 222 222 222 223 223 223 223 223 223 223 223 224 224 224 224 224 224 224 224 224 224 225 225 225 225 225 225 225 225 225 225 225 226 226 226 226 226 226 226 226 226 226 227 227 227 227 227 227 227 227 227 228 228 228 228 228 228 228 228 228 228 228 229 229 229 229 229 229 229 229 229 229 230 230 230 230 230 230 230 230 230 230 230 231 231 231 231 231 231 231 231 231 231 231 232 232 232 232 232 232 232 232 232 232 232 233 233 233 233 233 233 233 233 233 233 233 233 234 234 234 234 234 234 212 212 212 212 212 213 213 213 213 213 213 214 214 214 214 214 214 214 214 215 215 215 215 215 215 215 216 216 216 216 216 216 216 216 217 217 217 217 217 217 217 217 218 218 218 218 218 218 218 219 219 219 219 219 219 219 219 220 219 220 220 220 220 220 220 220 220 221 221 221 221 221 221 221 221 222 222 222 222 222 222 222 222 223 223 223 223 223 223 223 223 224 224 224 224 224 224 224 224 224 225 225 225 225 225 225 225 225 225 225 225 226 226 226 226 226 226 226 226 226 226 226 227 227 227 227 227 227 227 227 227 228 228 228 228 228 228 228 228 228 228 228 229 229 229 229 229 229 229 229 229 229 230 230 230 230 230 230 230 230 230 230 230 231 231 231 231 231 231 231 231 231 231 231 232 232 232 232 232 232 232 232 232 232 232 233 233 233 233 233 233 233 233 233 233 233 233 234 234 234 234 210 210 210 210 211 211 211 212 212 212 212 212 212 212 213 213 213 213 213 213 214 214 214 214 214 214 214 214 215 215 215 215 215 215 215 216 216 216 216 216 216 216 216 217 217 217 217 217 217 217 217 218 218 218 218 218 218 218 219 219 219 219 219 219 219 219 219 220 220 220 220 220 220 220 220 221 221 221 221 221 221 221 221 222 222 222 222 222 222 222 222 222 223 223 223 223 223 223 223 223 224 224 224 224 224 224 224 224 224 225 225 225 225 225 225 225 225 225 225 225 226 226 226 226 226 226 226 226 226 226 226 227 227 227 227 227 227 227 227 227 228 228 228 228 228 228 228 228 228 228 228 229 229 229 229 229 229 229 229 229 229 230 230 230 230 230 230 230 230 230 230 231 231 231 231 231 231 231 231 231 231 231 232 232 232 232 232 232 232 232 232 232 232 232 233 233 233 233 233 233 233 233 233 233 233 234 234 234 234 210 210 210 210 210 211 211 211 211 211 211 211 211 212 212 212 212 212 212 212 213 213 213 213 213 213 214 214 214 214 214 214 214 215 215 215 215 215 215 215 215 216 216 216 216 216 216 216 216 217 217 217 217 217 217 217 218 218 218 218 218 218 218 218 219 219 219 219 219 219 219 219 219 220 220 220 220 220 220 220 220 221 221 221 221 221 221 221 221 222 222 222 222 222 222 222 222 223 223 223 223 223 223 223 223 223 224 224 224 224 224 224 224 224 224 225 225 225 225 225 225 225 225 225 225 225 226 226 226 226 226 226 226 226 226 226 227 227 227 227 227 227 227 227 227 227 228 228 228 228 228 228 228 228 228 228 228 229 229 229 229 229 229 229 229 229 229 230 230 230 230 230 230 230 230 230 230 231 231 231 231 231 231 231 231 231 231 231 232 232 232 232 232 232 232 232 232 232 232 232 233 233 233 233 233 233 233 233 233 233 233 234 234 234 234 234 234 234 234 234 234 210 210 210 210 210 211 211 211 211 211 211 211 211 212 212 212 212 212 212 212 212 213 213 213 213 213 214 214 214 214 214 214 214 214 215 215 215 215 215 215 215 215 216 216 216 216 216 216 216 216 217 217 217 217 217 217 217 218 218 218 218 218 218 218 218 219 219 219 219 219 219 219 219 219 220 220 220 220 220 220 220 220 221 221 221 221 221 221 221 221 222 222 222 222 222 222 222 222 223 223 223 223 223 223 223 223 223 224 224 224 224 224 224 224 224 224 225 225 225 225 225 225 225 225 225 225 225 226 226 226 226 226 226 226 226 226 226 227 227 227 227 227 227 227 227 227 227 228 228 228 228 228 228 228 228 228 228 228 229 229 229 229 229 229 229 229 229 229 230 230 230 230 230 230 230 230 230 230 231 231 231 231 231 231 231 231 231 231 231 232 232 232 232 232 232 232 232 232 232 232 233 233 233 233 233 233 233 233 233 233 233 233 234 234 234 234 234 234 234 234 234 234 234 210 210 210 210 210 210 211 211 211 211 211 211 211 211 212 212 212 212 212 212 212 213 213 213 213 213 213 214 214 214 214 214 214 214 214 215 215 215 215 215 215 215 215 216 216 216 216 216 216 216 217 217 217 217 217 217 217 217 218 218 218 218 218 218 218 218 219 219 219 219 219 219 219 219 219 220 220 220 220 220 220 220 221 221 221 221 221 221 221 221 221 222 222 222 222 222 222 222 222 223 223 223 223 223 223 223 223 224 224 224 224 224 224 224 224 224 224 225 225 225 225 225 225 225 225 225 225 225 226 226 226 226 226 226 226 226 226 226 227 227 227 227 227 227 227 227 227 227 228 228 228 228 228 228 228 228 228 228 229 229 229 229 229 229 229 229 229 229 229 230 230 230 230 230 230 230 230 230 230 231 231 231 231 231 231 231 231 231 231 231 232 232 232 232 232 232 232 232 232 232 232 233 233 233 233 233 233 233 233 233 233 233 233 234 234 234 234 234 234 234 234 234 234 235 235 209 210 210 210 210 210 210 210 211 211 211 211 211 211 211 211 212 212 212 212 212 212 213 213 213 213 213 213 213 214 214 214 214 214 214 214 214 215 215 215 215 215 215 215 215 216 216 216 216 216 216 216 217 217 217 217 217 217 217 217 218 218 218 218 218 218 218 219 219 219 219 219 219 219 219 219 220 220 220 220 220 220 220 220 221 221 221 221 221 221 221 221 222 222 222 222 222 222 222 222 223 223 223 223 223 223 223 223 223 224 224 224 224 224 224 224 224 224 224 225 225 225 225 225 225 225 225 225 225 225 226 226 226 226 226 226 226 226 226 226 227 227 227 227 227 227 227 227 227 227 228 228 228 228 228 228 228 228 228 228 229 229 229 229 229 229 229 229 229 229 229 230 230 230 230 230 230 230 230 230 230 231 231 231 231 231 231 231 231 231 231 231 232 232 232 232 232 232 232 232 232 232 232 233 233 233 233 233 233 233 233 233 233 233 234 234 234 234 234 234 234 234 234 234 234 235 235 209 210 210 210 210 210 210 210 211 211 211 211 211 211 211 211 212 212 212 212 212 212 213 213 213 213 213 213 213 214 214 214 214 214 214 214 214 215 215 215 215 215 215 215 216 216 216 216 216 216 216 216 217 217 217 217 217 217 217 218 218 218 218 218 218 218 218 219 219 219 219 219 219 219 219 219 220 220 220 220 220 220 220 220 221 221 221 221 221 221 221 221 222 222 222 222 222 222 222 222 223 223 223 223 223 223 223 223 223 224 224 224 224 224 224 224 224 224 225 225 225 225 225 225 225 225 225 225 225 225 226 226 226 226 226 226 226 226 226 226 227 227 227 227 227 227 227 227 227 227 228 228 228 228 228 228 228 228 228 228 229 229 229 229 229 229 229 229 229 229 229 230 230 230 230 230 230 230 230 230 230 231 231 231 231 231 231 231 231 231 231 231 232 232 232 232 232 232 232 232 232 232 232 233 233 233 233 233 233 233 233 233 233 233 234 234 234 234 234 234 234 234 234 234 234 235 235 209 210 210 210 210 210 210 210 211 211 211 211 211 211 211 211 212 212 212 212 212 213 213 213 213 213 213 213 213 214 214 214 214 214 214 214 214 215 215 215 215 215 215 215 216 216 216 216 216 216 216 216 217 217 217 217 217 217 217 218 218 218 218 218 218 218 218 219 219 219 219 219 219 219 219 219 220 220 220 220 220 220 220 220 221 221 221 221 221 221 221 221 222 222 222 222 222 222 222 222 223 223 223 223 223 223 223 223 223 224 224 224 224 224 224 224 224 224 225 225 225 225 225 225 225 225 225 225 225 225 226 226 226 226 226 226 226 226 226 227 227 227 227 227 227 227 227 227 227 227 228 228 228 228 228 228 228 228 228 228 229 229 229 229 229 229 229 229 229 229 230 230 230 230 230 230 230 230 230 230 230 231 231 231 231 231 231 231 231 231 231 232 232 232 232 232 232 232 232 232 232 232 232 233 233 233 233 233 233 233 233 233 233 233 234 234 234 234 234 234 234 234 234 234 235 210 210 210 210 210 210 210 211 211 211 211 211 211 211 211 212 212 212 212 212 213 213 213 213 213 213 213 213 214 214 214 214 214 214 214 215 215 215 215 215 215 215 215 216 216 216 216 216 216 216 216 217 217 217 217 217 217 217 218 218 218 218 218 218 218 218 219 219 219 219 219 219 219 219 219 220 220 220 220 220 220 220 221 221 221 221 221 221 221 221 222 222 222 222 222 222 222 222 222 223 223 223 223 223 223 223 223 223 224 224 224 224 224 224 224 224 224 225 224 225 225 225 225 225 225 225 225 225 225 226 226 226 226 226 226 226 226 226 227 227 227 227 227 227 227 227 227 227 227 228 228 228 228 228 228 228 228 228 228 229 229 229 229 229 229 229 229 229 229 230 230 230 230 230 230 230 230 230 230 231 231 231 231 231 231 231 231 231 231 231 232 232 232 232 232 232 232 232 232 232 232 233 233 233 233 233 233 233 233 233 233 233 233 234 234 234 234 234 234 234 234 234 210 210 210 210 210 210 210 211 211 211 211 211 211 211 211 212 212 212 212 212 213 213 213 213 213 213 213 213 214 214 214 214 214 214 214 215 215 215 215 215 215 215 215 216 216 216 216 216 216 216 217 217 217 217 217 217 217 217 218 218 218 218 218 218 218 219 219 219 219 219 219 219 219 219 220 220 220 220 220 220 220 220 221 221 221 221 221 221 221 221 222 222 222 222 222 222 222 222 223 223 223 223 223 223 223 223 223 224 224 224 224 224 224 224 224 224 224 224 225 225 225 225 225 225 225 225 225 225 225 226 226 226 226 226 226 226 226 226 227 227 227 227 227 227 227 227 227 227 227 228 228 228 228 228 228 228 228 228 228 229 229 229 229 229 229 229 229 229 230 230 230 230 230 230 230 230 230 230 230 231 231 231 231 231 231 231 231 231 231 231 232 232 232 232 232 232 232 232 232 232 232 233 233 233 233 233 233 233 233 233 233 233 234 234 234 234 234 234 234 234 234 234 235 235 210 210 210 210 210 210 210 211 211 211 211 211 211 211 212 212 212 212 212 212 212 212 213 213 213 213 213 213 213 213 214 214 214 214 214 214 214 215 215 215 215 215 215 215 216 216 216 216 216 216 216 216 217 217 217 217 217 217 217 218 218 218 218 218 218 218 218 219 219 219 219 219 219 219 220 220 220 220 220 220 220 220 221 221 221 221 221 221 221 221 222 222 222 222 222 222 222 222 222 223 223 223 223 223 223 223 223 223 224 224 224 224 224 224 224 224 224 224 225 225 225 225 225 225 225 225 225 225 225 226 226 226 226 226 226 226 226 226 227 227 227 227 227 227 227 227 227 227 227 228 228 228 228 228 228 228 228 228 228 229 229 229 229 229 229 229 229 229 229 229 230 230 230 230 230 230 230 230 230 230 230 231 231 231 231 231 231 231 231 231 231 232 232 232 232 232 232 232 232 232 232 232 233 233 233 233 233 233 233 233 233 233 233 233 234 234 235 235 235 235 235 235 235 236 236 236 236 209 210 210 210 210 210 210 210 211 211 211 211 211 211 211 211 212 212 212 212 212 212 212 212 213 213 213 213 213 213 213 213 214 214 214 214 214 214 214 215 215 215 215 215 215 215 216 216 216 216 216 216 216 216 217 217 217 217 217 217 217 218 218 218 218 218 218 218 219 219 219 219 219 219 219 219 220 220 220 220 220 220 220 220 221 221 221 221 221 221 221 221 222 222 222 222 222 222 222 222 223 223 223 223 223 223 223 223 223 223 224 224 224 224 224 224 224 224 224 224 225 225 225 225 225 225 225 225 225 225 226 226 226 226 226 226 226 226 226 226 227 227 227 227 227 227 227 227 227 227 227 228 228 228 228 228 228 228 228 228 229 229 229 229 229 229 229 229 229 229 229 229 230 230 230 230 230 230 230 230 230 230 231 231 231 231 231 231 231 231 231 231 231 232 232 232 232 232 232 232 232 232 232 232 233 233 233 233 233 233 233 233 233 233 233 234 234 235 235 235 235 235 235 235 236 236 236 236 209 209 209 209 209 209 209 209 210 210 210 210 210 210 210 211 211 211 211 211 211 211 211 211 212 212 212 212 212 212 212 213 213 213 213 213 213 213 214 214 214 214 214 214 214 214 215 215 215 215 215 215 215 216 216 216 216 216 216 216 217 217 217 217 217 217 217 217 218 218 218 218 218 218 218 219 219 219 219 219 219 219 219 220 220 220 220 220 220 220 220 221 221 221 221 221 221 221 222 222 222 222 222 222 222 222 222 223 223 223 223 223 223 223 223 223 224 224 224 224 224 224 224 224 224 224 224 225 225 225 225 225 225 225 225 225 225 226 226 226 226 226 226 226 226 226 226 226 227 227 227 227 227 227 227 227 227 228 228 228 228 228 228 228 228 228 228 229 229 229 229 229 229 229 229 229 229 229 230 230 230 230 230 230 230 230 230 230 230 231 231 231 231 231 231 231 231 231 231 231 232 232 232 232 232 232 232 232 232 232 232 233 233 233 233 233 233 233 233 233 233 234 234 235 235 235 235 235 235 235 235 236 236 236 236 208 208 209 209 209 209 209 209 209 210 210 210 210 210 210 210 210 211 211 211 211 211 211 211 211 211 212 212 212 212 212 212 212 213 213 213 213 213 213 213 214 214 214 214 214 214 214 215 215 215 215 215 215 215 215 216 216 216 216 216 216 216 217 217 217 217 217 217 217 218 218 218 218 218 218 218 218 219 219 219 219 219 219 219 220 220 220 220 220 220 220 220 221 221 221 221 221 221 221 221 222 222 222 222 222 222 222 222 222 223 223 223 223 223 223 223 223 223 224 224 224 224 224 224 224 224 224 224 225 225 225 225 225 225 225 225 225 225 225 226 226 226 226 226 226 226 226 226 226 227 227 227 227 227 227 227 227 227 227 228 228 228 228 228 228 228 228 228 228 229 229 229 229 229 229 229 229 229 229 229 230 230 230 230 230 230 230 230 230 230 230 231 231 231 231 231 231 231 231 231 231 231 232 232 232 232 232 232 232 232 232 232 232 233 233 233 233 233 233 233 233 233 233 234 235 235 235 235 235 235 235 235 235 236 236 236 208 208 208 209 209 209 209 209 209 209 210 210 210 210 210 210 210 210 211 211 211 211 211 211 211 211 212 212 212 212 212 212 212 212 213 213 213 213 213 213 213 214 214 214 214 214 214 214 215 215 215 215 215 215 215 215 216 216 216 216 216 216 216 217 217 217 217 217 217 217 218 218 218 218 218 218 218 219 219 219 219 219 219 219 219 220 220 220 220 220 220 220 220 221 221 221 221 221 221 221 221 222 222 222 222 222 222 222 222 223 223 223 223 223 223 223 223 223 223 224 224 224 224 224 224 224 224 224 224 225 225 225 225 225 225 225 225 225 225 226 226 226 226 226 226 226 226 226 226 226 227 227 227 227 227 227 227 227 227 227 228 228 228 228 228 228 228 228 228 228 229 229 229 229 229 229 229 229 229 229 229 230 230 230 230 230 230 230 230 230 230 230 231 231 231 231 231 231 231 231 231 231 232 232 232 232 232 232 232 232 232 232 232 233 233 233 233 233 233 233 233 233 233 233 235 235 235 235 235 235 235 235 235 236 236 236 236 236 208 208 208 209 209 209 209 209 209 209 210 210 210 210 210 210 210 210 211 211 211 211 211 211 211 211 212 212 212 212 212 212 212 212 213 213 213 213 213 213 213 214 214 214 214 214 214 214 215 215 215 215 215 215 215 216 216 216 216 216 216 216 216 217 217 217 217 217 217 217 218 218 218 218 218 218 218 219 219 219 219 219 219 219 219 220 220 220 220 220 220 220 221 221 221 221 221 221 221 221 222 222 222 222 222 222 222 222 222 223 223 223 223 223 223 223 223 223 223 224 224 224 224 224 224 224 224 224 224 225 225 225 225 225 225 225 225 225 225 226 226 226 226 226 226 226 226 226 226 226 227 227 227 227 227 227 227 227 227 227 228 228 228 228 228 228 228 228 228 228 229 229 229 229 229 229 229 229 229 229 229 230 230 230 230 230 230 230 230 230 230 231 231 231 231 231 231 231 231 231 231 231 232 232 232 232 232 232 232 232 232 232 232 233 233 233 233 233 233 233 233 233 233 235 235 235 235 235 235 235 235 235 235 236 236 236 236 236 208 208 209 209 209 209 209 209 209 210 210 210 210 210 210 210 210 211 211 211 211 211 211 211 211 212 212 212 212 212 212 212 213 213 213 213 213 213 213 213 214 214 214 214 214 214 214 215 215 215 215 215 215 215 216 216 216 216 216 216 216 217 217 217 217 217 217 217 218 218 218 218 218 218 218 218 219 219 219 219 219 219 219 220 220 220 220 220 220 220 220 221 221 221 221 221 221 221 221 222 222 222 222 222 222 222 222 222 223 223 223 223 223 223 223 223 223 223 224 224 224 224 224 224 224 224 224 224 225 225 225 225 225 225 225 225 225 225 226 226 226 226 226 226 226 226 226 226 227 227 227 227 227 227 227 227 227 227 228 228 228 228 228 228 228 228 228 228 228 229 229 229 229 229 229 229 229 229 229 230 230 230 230 230 230 230 230 230 230 230 231 231 231 231 231 231 231 231 231 231 231 232 232 232 232 232 232 232 232 232 232 232 233 233 233 233 233 233 233 233 233 235 235 235 235 235 235 235 235 235 235 236 236 236 236 236 236 236 208 208 209 209 209 209 209 209 210 210 210 210 210 210 210 210 211 211 211 211 211 211 211 211 212 212 212 212 212 212 212 213 213 213 213 213 213 213 214 214 214 214 214 214 214 214 215 215 215 215 215 215 215 216 216 216 216 216 216 216 217 217 217 217 217 217 217 218 218 218 218 218 218 218 218 219 219 219 219 219 219 219 220 220 220 220 220 220 220 220 221 221 221 221 221 221 221 222 222 222 222 222 222 222 222 222 223 223 223 223 223 223 223 223 223 223 224 224 224 224 224 224 224 224 224 224 224 225 225 225 225 225 225 225 225 225 225 226 226 226 226 226 226 226 226 226 226 227 227 227 227 227 227 227 227 227 227 228 228 228 228 228 228 228 228 228 228 228 229 229 229 229 229 229 229 229 229 229 230 230 230 230 230 230 230 230 230 230 230 231 231 231 231 231 231 231 231 231 231 231 232 232 232 232 232 232 232 232 232 232 233 233 233 233 233 233 233 233 233 235 235 235 235 235 235 235 235 235 235 235 236 236 236 236 236 236 236 208 208 209 209 209 209 209 209 210 210 210 210 210 210 210 211 211 211 211 211 211 211 211 211 212 212 212 212 212 212 212 213 213 213 213 213 213 213 214 214 214 214 214 214 214 215 215 215 215 215 215 215 216 216 216 216 216 216 216 216 217 217 217 217 217 217 217 218 218 218 218 218 218 218 219 219 219 219 219 219 219 219 220 220 220 220 220 220 220 221 221 221 221 221 221 221 221 222 222 222 222 222 222 222 222 222 223 223 223 223 223 223 223 223 223 223 224 224 224 224 224 224 224 224 224 224 224 225 225 225 225 225 225 225 225 225 225 226 226 226 226 226 226 226 226 226 226 227 227 227 227 227 227 227 227 227 227 228 228 228 228 228 228 228 228 228 228 228 229 229 229 229 229 229 229 229 229 229 230 230 230 230 230 230 230 230 230 230 231 231 231 231 231 231 231 231 231 231 231 232 232 232 232 232 232 232 232 232 232 232 233 233 233 233 233 233 233 233 234 235 235 235 235 235 235 235 235 235 235 236 236 236 236 236 236 236 236 210 210 210 210 210 210 210 211 211 211 211 211 211 211 211 211 212 212 212 212 212 212 212 213 213 213 213 213 213 213 214 214 214 214 214 214 214 215 215 215 215 215 215 215 216 216 216 216 216 216 216 217 217 217 217 217 217 217 217 218 218 218 218 218 218 218 219 219 219 219 219 219 219 219 220 220 220 220 220 220 220 221 221 221 221 221 221 221 221 222 222 222 222 222 222 222 222 222 223 223 223 223 223 223 223 223 223 223 224 224 224 224 224 224 224 224 224 224 224 225 225 225 225 225 225 225 225 225 225 226 226 226 226 226 226 226 226 226 226 227 227 227 227 227 227 227 227 227 227 228 228 228 228 228 228 228 228 228 228 228 229 229 229 229 229 229 229 229 229 229 230 230 230 230 230 230 230 230 230 230 231 231 231 231 231 231 231 231 231 231 231 232 232 232 232 232 232 232 232 232 232 233 233 233 233 233 233 233 233 234 235 235 235 235 235 235 235 235 235 235 235 236 236 236 236 236 236 236 236 236 210 210 210 210 210 210 210 211 211 211 211 211 211 211 211 211 212 212 212 212 212 212 213 213 213 213 213 213 213 213 214 214 214 214 214 214 214 215 215 215 215 215 215 215 216 216 216 216 216 216 216 217 217 217 217 217 217 217 218 218 218 218 218 218 218 218 219 219 219 219 219 219 219 220 220 220 220 220 220 220 220 221 221 221 221 221 221 221 222 222 222 222 222 222 222 222 222 222 223 223 223 223 223 223 223 223 223 223 224 224 224 224 224 224 224 224 224 224 225 225 225 225 225 225 225 225 225 225 225 226 226 226 226 226 226 226 226 226 226 227 227 227 227 227 227 227 227 227 228 228 228 228 228 228 228 228 228 228 228 228 229 229 229 229 229 229 229 229 229 230 230 230 230 230 230 230 230 230 230 230 231 231 231 231 231 231 231 231 231 231 231 232 232 232 232 232 232 232 232 232 232 233 233 233 233 233 233 233 234 234 235 235 235 235 235 235 235 235 235 235 236 236 236 236 236 236 236 236 236 236 237 237 209 210 210 210 210 210 210 210 210 211 211 211 211 211 211 211 211 212 212 212 212 212 212 213 213 213 213 213 213 213 214 214 214 214 214 214 214 214 215 215 215 215 215 215 215 216 216 216 216 216 216 216 217 217 217 217 217 217 217 218 218 218 218 218 218 218 218 219 219 219 219 219 219 219 220 220 220 220 220 220 220 220 221 221 221 221 221 221 221 221 222 222 222 222 222 222 222 222 222 223 223 223 223 223 223 223 223 223 223 224 224 224 224 224 224 224 224 224 224 225 225 225 225 225 225 225 225 225 225 225 226 226 226 226 226 226 226 226 226 227 227 227 227 227 227 227 227 227 227 228 228 228 228 228 228 228 228 228 228 228 228 229 229 229 229 229 229 229 229 229 230 230 230 230 230 230 230 230 230 230 230 231 231 231 231 231 231 231 231 231 231 232 232 232 232 232 232 232 232 232 232 233 233 233 233 233 233 233 234 234 235 235 235 235 235 235 235 235 235 235 235 236 236 236 236 236 236 236 236 236 236 236 237 237 237 238 238 238 209 209 210 210 210 210 210 210 210 210 211 211 211 211 211 211 211 212 212 212 212 212 212 212 213 213 213 213 213 213 213 214 214 214 214 214 214 214 215 215 215 215 215 215 215 215 216 216 216 216 216 216 216 217 217 217 217 217 217 217 218 218 218 218 218 218 218 219 219 219 219 219 219 219 219 220 220 220 220 220 220 220 221 221 221 221 221 221 221 221 221 222 222 222 222 222 222 222 222 222 223 223 223 223 223 223 223 223 223 223 224 224 224 224 224 224 224 224 224 224 225 225 225 225 225 225 225 225 225 225 225 226 226 226 226 226 226 226 226 226 227 227 227 227 227 227 227 227 227 227 228 228 228 228 228 228 228 228 228 228 228 229 229 229 229 229 229 229 229 229 229 230 230 230 230 230 230 230 230 230 230 230 231 231 231 231 231 231 231 231 231 231 232 232 232 232 232 232 232 232 232 232 233 233 233 233 233 233 234 234 234 235 235 235 235 235 235 235 235 235 235 236 236 236 236 236 236 236 236 236 236 236 237 237 237 237 237 237 238 238 238 238 209 209 209 210 210 210 210 210 210 210 210 211 211 211 211 211 211 211 212 212 212 212 212 212 212 213 213 213 213 213 213 213 214 214 214 214 214 214 214 215 215 215 215 215 215 215 216 216 216 216 216 216 216 217 217 217 217 217 217 217 218 218 218 218 218 218 218 218 219 219 219 219 219 219 219 219 220 220 220 220 220 220 220 221 221 221 221 221 221 221 221 221 222 222 222 222 222 222 222 222 222 223 223 223 223 223 223 223 223 223 223 224 224 224 224 224 224 224 224 224 224 225 225 225 225 225 225 225 225 225 225 225 225 225 226 226 226 226 226 226 226 227 227 227 227 227 227 227 227 227 227 228 228 228 228 228 228 228 228 228 228 228 229 229 229 229 229 229 229 229 229 229 230 230 230 230 230 230 230 230 230 230 231 231 231 231 231 231 231 231 231 231 232 232 232 232 232 232 232 232 232 232 232 233 233 233 233 233 234 234 234 235 235 235 235 235 235 235 235 235 235 235 236 236 236 236 236 236 236 236 236 236 236 237 237 237 237 237 237 238 238 238 238 238 238 238 209 209 209 209 210 210 210 210 210 210 210 211 211 211 211 211 211 211 212 212 212 212 212 212 212 213 213 213 213 213 213 213 214 214 214 214 214 214 214 215 215 215 215 215 215 215 216 216 216 216 216 216 216 217 217 217 217 217 217 217 218 218 218 218 218 218 218 218 219 219 219 219 219 219 219 220 220 220 220 220 220 220 220 221 221 221 221 221 221 221 221 221 222 222 222 222 222 222 222 222 222 223 223 223 223 223 223 223 223 223 223 224 224 224 224 224 224 224 224 224 224 224 225 225 225 225 225 225 225 225 225 225 225 225 226 226 226 226 226 226 226 227 227 227 227 227 227 227 227 227 227 228 228 228 228 228 228 228 228 228 228 228 229 229 229 229 229 229 229 229 229 230 230 230 230 230 230 230 230 230 230 230 231 231 231 231 231 231 231 231 231 231 232 232 232 232 232 232 232 232 232 232 233 233 233 233 233 234 234 234 234 235 235 235 235 235 235 235 235 235 235 236 236 236 236 236 236 236 236 236 236 236 237 237 237 237 237 237 237 237 237 237 237 238 238 238 238 238 238 238 209 209 209 210 210 210 210 210 210 210 211 211 211 211 211 211 211 212 212 212 212 212 212 213 213 213 213 213 213 213 213 214 214 214 214 214 214 214 215 215 215 215 215 215 215 216 216 216 216 216 216 216 217 217 217 217 217 217 217 218 218 218 218 218 218 218 219 219 219 219 219 219 219 219 220 220 220 220 220 220 220 220 221 221 221 221 221 221 221 221 222 222 222 222 222 222 222 222 222 222 223 223 223 223 223 223 223 223 223 223 224 224 224 224 224 224 224 224 224 224 224 224 225 225 225 225 225 225 225 225 225 226 226 226 226 226 226 226 226 226 227 227 227 227 227 227 227 227 227 227 228 228 228 228 228 228 228 228 228 228 228 229 229 229 229 229 229 229 229 229 230 230 230 230 230 230 230 230 230 230 230 231 231 231 231 231 231 231 231 231 232 232 232 232 232 232 232 232 232 232 232 233 233 233 233 234 234 234 234 235 235 235 235 235 235 235 235 235 235 235 236 236 236 236 236 236 236 236 236 236 237 237 237 237 237 237 237 237 237 237 237 238 238 238 238 238 238 238 209 210 210 210 210 210 210 210 211 211 211 211 211 211 212 212 212 212 212 212 212 212 213 213 213 213 213 213 213 214 214 214 214 214 214 215 215 215 215 215 215 215 215 216 216 216 216 216 216 216 217 217 217 217 217 217 217 218 218 218 218 218 218 218 219 219 219 219 219 219 219 219 220 220 220 220 220 220 220 220 221 221 221 221 221 221 221 221 221 222 222 222 222 222 222 222 222 222 223 223 223 223 223 223 223 223 223 223 224 224 224 224 224 224 224 224 224 224 224 225 225 225 225 225 225 225 225 226 226 226 226 226 226 226 226 226 226 226 227 227 227 227 227 227 227 227 227 227 228 228 228 228 228 228 228 228 228 228 229 229 229 229 229 229 229 229 229 229 230 230 230 230 230 230 230 230 230 230 231 231 231 231 231 231 231 231 231 231 232 232 232 232 232 232 232 232 232 232 233 233 233 233 234 234 234 234 234 235 235 235 235 235 235 235 235 235 235 236 236 236 236 236 236 236 236 236 236 236 237 237 237 237 237 237 237 237 237 237 238 238 238 238 238 238 238 238 210 210 210 210 210 211 211 211 211 211 211 211 212 212 212 212 212 212 212 213 213 213 213 213 213 213 213 214 214 214 214 214 214 215 215 215 215 215 215 215 215 216 216 216 216 216 216 216 217 217 217 217 217 217 217 218 218 218 218 218 218 218 219 219 219 219 219 219 219 219 220 220 220 220 220 220 220 220 221 221 221 221 221 221 221 221 221 222 222 222 222 222 222 222 222 222 223 223 223 223 223 223 223 223 223 223 224 224 224 224 224 224 224 224 224 224 224 225 225 225 225 225 225 225 225 226 226 226 226 226 226 226 226 226 226 226 227 227 227 227 227 227 227 227 227 228 228 228 228 228 228 228 228 228 228 228 229 229 229 229 229 229 229 229 229 229 230 230 230 230 230 230 230 230 230 230 231 231 231 231 231 231 231 231 231 231 232 232 232 232 232 232 232 232 232 232 233 233 233 234 234 234 234 234 234 235 235 235 235 235 235 235 235 235 235 236 236 236 236 236 236 236 236 236 236 237 237 237 237 237 237 237 237 237 237 237 238 238 238 238 238 238 238 238 210 210 210 210 211 211 211 211 211 211 212 212 212 212 212 212 212 213 213 213 213 213 213 213 214 214 214 214 214 214 214 215 215 215 215 215 215 215 216 216 216 216 216 216 216 216 217 217 217 217 217 217 218 218 218 218 218 218 218 218 219 219 219 219 219 219 219 220 220 220 220 220 220 220 220 221 221 221 221 221 221 221 221 221 221 222 222 222 222 222 222 222 222 222 223 223 223 223 223 223 223 223 223 223 224 224 224 224 224 224 224 224 224 224 224 225 225 225 225 225 225 225 226 226 226 226 226 226 226 226 226 226 226 226 227 227 227 227 227 227 227 227 227 228 228 228 228 228 228 228 228 228 228 228 229 229 229 229 229 229 229 229 229 230 230 230 230 230 230 230 230 230 230 231 231 231 231 231 231 231 231 231 231 232 232 232 232 232 232 232 232 232 232 233 233 233 234 234 234 234 234 234 235 235 235 235 235 235 235 235 235 235 236 236 236 236 236 236 236 236 236 236 236 237 237 237 237 237 237 237 237 237 237 238 238 238 238 238 238 238 238 210 210 211 211 211 211 211 211 211 212 212 212 212 212 212 213 213 213 213 213 213 213 214 214 214 214 214 214 214 215 215 215 215 215 215 215 216 216 216 216 216 216 216 217 217 217 217 217 217 217 218 218 218 218 218 218 218 218 219 219 219 219 219 219 219 220 220 220 220 220 220 220 220 220 221 221 221 221 221 221 221 221 221 222 222 222 222 222 222 222 222 222 223 223 223 223 223 223 223 223 223 224 224 224 224 224 224 224 224 224 224 224 224 225 225 225 225 225 225 225 226 226 226 226 226 226 226 226 226 226 226 227 227 227 227 227 227 227 227 227 227 228 228 228 228 228 228 228 228 228 228 228 229 229 229 229 229 229 229 229 229 230 230 230 230 230 230 230 230 230 230 231 231 231 231 231 231 231 231 231 231 232 232 232 232 232 232 232 232 232 232 233 233 234 234 234 234 234 234 235 235 235 235 235 235 235 235 235 235 235 236 236 236 236 236 236 236 236 236 236 237 237 237 237 237 237 237 237 237 237 238 238 238 238 238 238 238 238 238 210 211 211 211 211 211 211 211 212 212 212 212 212 212 213 213 213 213 213 213 214 214 214 214 214 214 214 214 215 215 215 215 215 215 216 216 216 216 216 216 216 217 217 217 217 217 217 217 218 218 218 218 218 218 218 219 219 219 219 219 219 219 219 220 220 220 220 220 220 220 220 220 220 220 221 221 221 221 221 221 221 222 222 222 222 222 222 222 222 222 223 223 223 223 223 223 223 223 223 224 224 224 224 224 224 224 224 224 224 224 224 225 225 225 225 225 225 225 226 226 226 226 226 226 226 226 226 226 226 227 227 227 227 227 227 227 227 227 228 228 228 228 228 228 228 228 228 228 228 229 229 229 229 229 229 229 229 229 229 230 230 230 230 230 230 230 230 230 231 231 231 231 231 231 231 231 231 231 231 232 232 232 232 232 232 232 232 232 233 233 234 234 234 234 234 234 234 235 235 235 235 235 235 235 235 235 235 236 236 236 236 236 236 236 236 236 236 237 237 237 237 237 237 237 237 237 237 237 238 238 238 238 238 238 238 238 238 238 238 211 211 211 211 211 212 212 212 212 212 212 213 213 213 213 213 213 213 214 214 214 214 214 214 214 214 215 215 215 215 215 216 216 216 216 216 216 216 217 217 217 217 217 217 217 218 218 218 218 218 218 218 218 219 219 219 219 219 219 219 220 220 220 220 220 220 220 220 220 220 220 221 221 221 221 221 221 221 222 222 222 222 222 222 222 222 222 223 223 223 223 223 223 223 223 223 224 224 224 224 224 224 224 224 224 224 224 224 225 225 225 225 225 225 225 226 226 226 226 226 226 226 226 226 226 226 227 227 227 227 227 227 227 227 227 228 228 228 228 228 228 228 228 228 228 228 229 229 229 229 229 229 229 229 229 229 230 230 230 230 230 230 230 230 230 231 231 231 231 231 231 231 231 231 231 232 232 232 232 232 232 232 232 232 232 233 234 234 234 234 234 234 234 235 235 235 235 235 235 235 235 235 235 236 236 236 236 236 236 236 236 236 236 236 237 237 237 237 237 237 237 237 237 237 238 238 238 238 238 238 238 238 238 238 238 238 239 239 239 239 239 239 213 213 214 214 214 214 214 214 214 215 215 215 215 215 215 215 216 216 216 216 216 216 217 217 217 217 217 217 217 217 218 218 218 218 218 218 218 219 219 219 219 219 219 219 219 219 220 220 220 220 220 220 220 220 220 221 221 221 221 221 221 222 222 222 222 222 222 222 222 222 222 223 223 223 223 223 223 223 223 223 224 224 224 224 224 224 224 224 224 224 224 224 224 225 225 225 225 225 225 225 226 226 226 226 226 226 226 226 226 227 227 227 227 227 227 227 227 227 227 227 228 228 228 228 228 228 228 228 228 228 229 229 229 229 229 229 229 229 229 229 230 230 230 230 230 230 230 230 230 231 231 231 231 231 231 231 231 231 231 232 232 232 232 232 232 232 232 232 233 234 234 234 234 234 234 234 234 235 235 235 235 235 235 235 235 235 235 236 236 236 236 236 236 236 236 236 236 237 237 237 237 237 237 237 237 237 237 238 238 238 238 238 238 238 238 238 238 238 238 239 239 239 239 239 239 239 239 239 239 240 240 213 213 214 214 214 214 214 214 214 215 215 215 215 215 215 215 215 216 216 216 216 216 216 216 216 217 217 217 217 217 217 217 218 218 218 218 218 218 218 219 219 219 219 219 219 219 219 219 219 220 220 220 220 220 220 220 221 221 221 221 221 221 221 222 222 222 222 222 222 222 222 222 223 223 223 223 223 223 223 223 223 224 224 224 224 224 224 224 224 224 224 224 224 225 225 225 225 225 225 225 225 226 226 226 226 226 226 226 226 226 227 227 227 227 227 227 227 227 227 227 227 228 228 228 228 228 228 228 228 228 228 229 229 229 229 229 229 229 229 229 230 230 230 230 230 230 230 230 230 230 231 231 231 231 231 231 231 231 231 231 232 232 232 232 232 232 232 232 232 234 234 234 234 234 234 234 234 235 235 235 235 235 235 235 235 235 235 236 236 236 236 236 236 236 236 236 236 237 237 237 237 237 237 237 237 237 237 238 238 238 238 238 238 238 238 238 238 238 238 239 239 239 239 239 239 239 239 239 239 239 240 240 240 240 240 240 213 213 214 214 214 214 214 214 214 215 215 215 215 215 215 215 215 215 216 216 216 216 216 216 217 217 217 217 217 217 217 217 217 218 218 218 218 218 218 218 218 218 219 219 219 219 219 219 219 220 220 220 220 220 220 221 221 220 221 221 221 221 221 222 222 222 222 222 222 222 222 222 223 223 223 223 223 223 223 223 223 224 224 224 224 224 224 224 224 224 224 225 225 225 225 225 225 225 225 225 225 225 226 226 226 226 226 226 226 226 227 227 227 227 227 227 227 227 227 227 227 228 228 228 228 228 228 228 228 228 228 229 229 229 229 229 229 229 229 230 230 230 230 230 230 230 230 230 230 230 231 231 231 231 231 231 231 231 231 231 232 232 232 232 232 232 232 232 234 234 234 234 234 234 234 234 234 235 235 235 235 235 235 235 235 235 235 236 236 236 236 236 236 236 236 236 236 237 237 237 237 237 237 237 237 237 237 238 238 238 238 238 238 238 238 238 238 239 239 239 239 239 239 239 239 239 239 239 239 240 240 240 240 240 240 240 240 240 240 240 211 211 211 211 213 213 213 214 214 214 214 214 214 215 215 215 215 215 215 215 215 216 216 216 216 216 216 216 216 217 217 217 217 217 217 217 217 217 218 218 218 218 218 218 218 219 219 219 219 219 219 219 220 220 220 220 220 220 220 220 220 221 221 221 221 221 221 222 222 222 222 222 222 222 222 223 223 223 223 223 223 223 223 223 224 224 224 224 224 224 224 224 224 224 224 225 225 225 225 225 225 225 225 225 225 225 226 226 226 226 226 226 226 227 227 227 227 227 227 227 227 227 227 227 228 228 228 228 228 228 228 228 228 228 229 229 229 229 229 229 229 229 229 230 230 230 230 230 230 230 230 230 230 230 231 231 231 231 231 231 231 231 231 232 232 232 232 232 232 232 232 233 234 234 234 234 234 234 234 234 235 235 235 235 235 235 235 235 235 235 236 236 236 236 236 236 236 236 236 236 237 237 237 237 237 237 237 237 237 237 237 238 238 238 238 238 238 238 238 238 238 239 239 239 239 239 239 239 239 239 239 239 240 240 240 240 240 240 240 240 240 240 240 209 209 209 209 211 211 211 211 213 213 214 214 214 214 214 214 214 215 215 215 215 215 215 215 216 216 216 216 216 216 216 216 217 217 217 217 217 217 217 217 217 218 218 218 218 218 218 219 219 218 219 219 219 219 219 219 220 220 220 220 220 220 220 220 221 221 221 221 221 221 221 221 222 222 222 222 222 222 222 223 223 223 223 223 223 223 223 223 223 224 224 224 224 224 224 224 224 224 224 225 225 225 225 225 225 225 225 225 225 225 226 226 226 226 226 226 226 227 227 227 227 227 227 227 227 227 227 227 228 228 228 228 228 228 228 228 228 228 229 229 229 229 229 229 229 229 229 230 230 230 230 230 230 230 230 230 230 231 231 231 231 231 231 231 231 231 232 232 232 232 232 232 232 232 233 234 234 234 234 234 234 234 234 234 235 235 235 235 235 235 235 235 235 236 236 236 236 236 236 236 236 236 236 237 237 237 237 237 237 237 237 237 237 238 238 238 238 238 238 238 238 238 238 238 239 239 239 239 239 239 239 239 239 239 239 240 240 240 240 240 240 240 240 240 240 240 240 241 241 241 209 209 209 209 209 211 211 211 211 211 211 213 213 213 213 213 213 214 214 214 214 214 214 215 215 215 215 215 215 215 215 216 216 216 216 216 216 216 217 217 217 217 217 217 217 217 217 217 218 218 218 218 218 219 219 219 219 219 219 219 219 219 220 220 220 220 220 220 220 220 220 220 220 221 221 221 221 221 221 222 222 222 222 222 222 222 222 223 223 223 223 223 223 223 223 223 223 223 223 224 224 224 224 224 224 224 225 225 225 225 225 225 225 225 225 226 226 226 226 226 226 226 226 226 227 227 227 227 227 227 227 227 227 227 227 228 228 228 228 228 228 228 228 228 229 229 229 229 229 229 229 229 229 229 230 230 230 230 230 230 230 230 230 231 231 231 231 231 231 231 231 231 231 232 232 232 232 232 232 232 233 233 234 234 234 234 234 234 234 234 234 235 235 235 235 235 235 235 235 235 236 236 236 236 236 236 236 236 236 237 237 237 237 237 237 237 237 237 237 237 238 238 238 238 238 238 238 238 238 238 239 239 239 239 239 239 239 239 239 239 239 239 240 240 240 240 240 240 240 240 240 240 241 241 241 241 241 241 209 209 209 209 209 210 211 211 211 211 211 212 213 213 213 213 213 214 214 214 214 214 214 214 215 215 215 215 215 215 215 216 216 216 216 216 216 216 216 217 217 217 217 217 217 217 217 217 218 218 218 218 218 219 219 219 218 219 219 219 219 219 219 220 220 219 220 220 220 220 221 220 220 221 221 221 221 221 221 221 221 221 222 222 222 222 222 222 222 222 223 223 223 223 223 223 223 223 223 223 223 223 223 224 224 224 224 224 225 225 225 225 225 225 225 226 226 226 226 226 226 226 226 226 226 227 227 227 227 227 227 227 227 227 227 227 228 228 228 228 228 228 228 228 228 229 229 229 229 229 229 229 229 229 229 230 230 230 230 230 230 230 230 230 231 231 231 231 231 231 231 231 232 232 232 232 232 232 232 232 233 233 234 234 234 234 234 234 234 234 234 235 235 235 235 235 235 235 235 235 236 236 236 236 236 236 236 236 236 236 237 237 237 237 237 237 237 237 237 237 238 238 238 238 238 238 238 238 238 238 239 239 239 239 239 239 239 239 239 239 239 239 240 240 240 240 240 240 240 240 240 240 240 241 241 241 241 241 241 209 209 209 209 209 209 209 210 210 210 210 210 210 211 211 211 211 211 211 212 212 212 212 213 213 213 213 213 214 214 214 214 214 214 214 214 215 215 215 215 215 215 215 216 216 216 216 216 216 216 216 217 217 217 217 217 217 217 217 218 218 218 218 218 219 219 219 219 219 219 219 219 219 219 219 220 220 220 220 220 220 220 220 220 220 221 221 221 221 221 221 221 221 221 221 222 222 222 222 222 222 222 222 223 223 223 223 223 223 223 223 224 224 224 224 224 224 224 224 224 225 225 225 225 225 225 225 226 226 226 226 226 226 226 226 226 226 227 227 227 227 227 227 227 227 227 227 228 228 228 228 228 228 228 228 228 229 229 229 229 229 229 229 229 229 229 230 230 230 230 230 230 230 230 230 231 231 231 231 231 231 231 231 231 232 232 232 232 232 232 232 233 233 233 234 234 234 234 234 234 234 234 234 235 235 235 235 235 235 235 235 236 236 236 236 236 236 236 236 236 236 237 237 237 237 237 237 237 237 237 237 238 238 238 238 238 238 238 238 238 238 239 239 239 239 239 239 239 239 239 239 239 239 240 240 240 240 240 240 240 240 240 240 240 240 241 241 241 241 241 241 241 241 208 208 208 209 209 209 209 209 209 210 210 210 210 210 210 210 210 211 211 211 211 211 211 212 212 212 212 212 212 213 213 213 213 213 213 213 214 214 214 214 214 214 214 215 215 215 215 215 215 215 216 215 216 216 216 216 216 216 216 217 217 217 217 218 217 218 218 218 218 218 219 219 219 219 219 219 219 219 219 219 220 220 220 220 220 220 220 220 220 220 220 220 221 221 221 221 221 221 221 221 222 222 222 222 222 222 222 222 222 223 223 223 223 223 223 223 223 224 224 224 224 224 224 224 224 224 224 224 225 225 225 225 225 225 225 226 226 226 226 226 226 226 226 226 227 227 227 227 227 227 227 227 227 227 227 228 228 228 228 228 228 228 228 228 229 229 229 229 229 229 229 229 229 229 230 230 230 230 230 230 230 230 231 231 231 231 231 231 231 231 232 232 232 232 232 232 232 232 233 233 233 234 234 234 234 234 234 234 234 234 235 235 235 235 235 235 235 235 235 236 236 236 236 236 236 236 236 236 237 237 237 237 237 237 237 237 237 237 238 238 238 238 238 238 238 238 238 238 239 239 239 239 239 239 239 239 239 239 239 239 239 239 239 239 239 240 240 240 240 240 240 240 240 241 241 241 241 241 241 241 242 208 208 208 208 208 209 209 209 209 209 209 209 210 210 210 210 210 210 210 211 211 211 211 211 212 212 212 212 212 212 212 213 212 213 213 213 213 214 214 214 214 214 214 214 214 215 215 215 215 215 215 215 216 216 216 216 216 216 216 217 217 217 217 218 218 218 218 218 218 218 218 218 218 219 219 219 219 219 219 220 220 220 220 220 220 220 220 220 220 220 220 220 221 221 221 221 221 221 221 221 221 221 222 222 222 222 222 222 222 222 223 223 223 223 223 223 223 223 223 223 223 224 224 224 224 224 224 224 224 224 225 225 225 225 225 225 226 226 226 226 226 226 226 226 226 226 227 227 227 227 227 227 227 227 227 227 227 228 228 228 228 228 228 228 228 228 229 229 229 229 229 229 229 229 229 230 230 230 230 230 230 230 230 231 231 231 231 231 231 231 231 231 232 232 232 232 232 232 232 233 233 233 234 234 234 234 234 234 234 234 234 234 235 235 235 235 235 235 235 235 236 236 236 236 236 236 236 236 236 236 237 237 237 237 237 237 237 237 237 238 238 238 238 238 238 238 238 238 238 238 238 239 239 239 239 239 239 239 239 239 239 239 239 239 239 239 239 239 240 240 240 240 240 240 241 241 241 241 241 241 241 241 208 208 208 208 208 208 208 209 209 209 209 209 209 209 210 210 210 210 210 210 210 211 211 211 211 211 211 212 211 212 212 212 212 212 212 213 213 213 213 213 213 214 214 214 214 214 215 215 215 215 215 215 215 215 215 216 216 216 216 216 216 217 217 217 217 217 218 218 218 218 218 218 218 218 218 218 218 218 219 219 219 219 219 219 219 219 220 220 220 220 220 220 220 220 221 221 221 221 221 221 221 221 221 222 222 222 222 222 222 222 222 222 222 223 223 223 223 223 223 223 223 223 223 224 224 224 224 224 224 224 224 224 224 225 225 225 225 225 225 226 226 226 226 226 226 226 226 226 226 227 227 227 227 227 227 227 227 227 227 228 228 228 228 228 228 228 228 228 229 229 229 229 229 229 229 229 229 229 230 230 230 230 230 230 230 230 231 231 231 231 231 231 231 231 232 232 232 232 232 232 232 233 233 233 234 234 234 234 234 234 234 234 234 234 235 235 235 235 235 235 235 235 236 236 236 236 236 236 236 236 236 236 237 237 237 237 237 237 237 237 237 237 238 238 238 238 238 238 238 238 238 238 239 239 239 239 239 239 239 239 239 239 239 239 239 240 240 239 239 240 240 240 240 240 240 240 240 241 241 241 241 241 241 241 206 206 207 207 207 208 208 208 208 208 208 208 208 209 209 209 209 209 209 209 210 210 210 210 210 210 211 211 211 211 211 211 211 211 212 212 212 212 212 212 213 213 213 213 213 213 213 214 214 214 214 214 214 215 215 215 215 215 216 216 216 216 216 216 216 217 217 217 217 217 217 217 217 217 217 218 218 218 218 218 218 218 218 218 219 219 219 219 219 219 219 219 219 220 220 220 220 220 220 221 221 221 221 221 221 221 221 221 221 222 222 222 222 222 222 222 222 222 223 223 223 223 223 223 223 223 223 223 224 224 224 224 224 224 224 224 224 224 224 225 225 225 225 225 225 226 226 226 226 226 226 226 226 226 227 227 227 227 227 227 227 227 227 227 227 228 228 228 228 228 228 228 228 228 229 229 229 229 229 229 229 229 229 230 230 230 230 230 230 230 230 230 231 231 231 231 231 231 231 231 232 232 232 232 232 232 233 233 233 234 234 234 234 234 234 234 234 234 234 235 235 235 235 235 235 235 235 235 236 236 236 236 236 236 236 236 236 237 237 237 237 237 237 237 237 237 237 238 238 238 238 238 238 238 238 238 238 239 239 239 239 239 239 239 239 239 239 239 239 240 240 240 240 240 240 241 241 240 240 240 240 240 241 241 241 241 241 241 241 206 206 206 207 207 207 207 207 207 207 208 208 208 208 208 208 208 209 209 209 209 209 209 209 209 210 210 210 210 210 210 210 211 211 211 211 211 211 212 212 212 212 212 212 212 212 213 213 213 213 213 213 214 214 214 214 214 214 214 215 215 215 215 215 215 215 216 216 216 216 216 216 216 217 217 217 217 217 217 217 217 218 218 218 217 218 218 218 219 219 219 219 219 219 219 219 219 219 220 220 220 220 220 220 220 221 221 221 221 221 221 221 221 221 222 222 222 222 222 222 222 222 222 223 223 223 223 223 223 223 223 223 224 224 224 224 224 224 224 224 224 224 224 224 225 225 225 225 225 226 226 226 226 226 226 226 226 226 226 227 227 227 227 227 227 227 227 227 227 227 228 228 228 228 228 228 228 228 229 229 229 229 229 229 229 229 229 229 230 230 230 230 230 230 230 230 231 231 231 231 231 231 231 231 232 232 232 232 232 232 233 233 233 234 234 234 234 234 234 234 234 234 234 235 235 235 235 235 235 235 235 235 236 236 236 236 236 236 236 236 236 237 237 237 237 237 237 237 237 237 237 238 238 238 238 238 238 238 238 238 238 239 239 239 239 239 239 239 239 239 239 240 240 239 239 240 240 240 240 241 241 240 240 240 241 241 241 241 241 241 206 206 206 206 206 207 207 207 207 207 207 207 208 208 208 208 208 208 208 209 209 209 209 209 209 209 210 210 210 210 210 210 210 211 211 211 211 211 211 211 212 212 212 212 212 212 212 213 213 213 213 213 213 213 213 214 214 214 214 214 214 215 215 215 215 215 215 215 215 216 216 216 216 216 216 216 217 217 217 217 217 217 217 218 218 218 218 218 218 218 218 219 219 219 219 219 219 219 219 220 220 220 220 220 220 220 221 221 221 221 221 221 221 221 221 221 222 222 222 222 222 222 222 222 222 223 223 223 223 223 223 223 223 224 224 224 224 224 224 224 224 224 224 225 224 224 225 225 225 225 225 226 226 226 226 226 226 226 226 226 227 226 227 227 227 227 227 227 227 227 227 228 228 228 228 228 228 228 228 228 229 229 229 229 229 229 229 229 229 230 230 230 230 230 230 230 230 231 231 231 231 231 231 231 231 231 232 232 232 232 232 233 233 233 234 234 234 234 234 234 234 234 234 234 234 235 235 235 235 235 235 235 235 236 236 236 236 236 236 236 236 236 236 237 237 237 237 237 237 237 237 237 237 238 238 238 238 238 238 238 238 238 238 239 239 239 239 239 239 239 239 239 240 239 239 239 240 240 240 240 240 240 240 240 241 241 241 241 206 206 206 206 207 207 207 207 207 207 207 207 208 208 208 208 208 208 208 209 209 209 209 209 209 209 209 210 210 210 210 210 210 210 211 211 211 211 211 211 212 212 212 212 212 212 212 213 213 213 213 213 213 213 214 214 214 214 214 214 214 215 215 215 215 215 215 215 215 215 216 216 216 216 216 216 217 217 217 217 217 217 217 218 218 218 218 218 218 218 219 219 219 219 219 219 219 219 220 220 220 220 220 220 220 220 221 221 221 221 221 221 221 221 221 222 222 222 222 222 222 222 222 223 223 223 223 223 223 223 223 223 223 224 224 224 224 224 224 224 224 224 225 225 224 225 225 225 225 225 225 226 226 226 226 226 226 226 226 226 226 226 227 227 227 227 227 227 227 227 228 228 228 228 228 228 228 228 228 229 229 229 229 229 229 229 229 229 229 230 230 230 230 230 230 230 230 231 231 231 231 231 231 231 231 232 232 232 232 232 233 233 233 234 234 234 234 234 234 234 234 234 234 234 235 235 235 235 235 235 235 235 235 236 236 236 236 236 236 236 236 236 237 237 237 237 237 237 237 237 237 237 238 238 238 238 238 238 238 238 238 239 239 239 239 239 239 239 239 239 239 239 239 239 239 240 240 240 240 240 240 240 241 241 241 241 241 206 206 206 206 207 207 207 207 207 207 207 208 208 208 208 208 208 208 208 209 209 209 209 209 209 209 209 210 210 210 210 210 210 211 211 211 211 211 211 212 212 212 212 212 212 212 212 213 213 213 213 213 213 214 214 214 214 214 214 214 215 215 215 215 215 215 215 215 215 216 216 216 216 216 216 217 217 217 217 217 217 217 218 218 218 218 218 218 218 218 219 219 219 219 219 219 219 220 220 220 220 220 220 220 220 220 221 221 221 221 221 221 221 221 222 222 222 222 222 222 222 222 222 223 223 223 223 223 223 223 223 223 223 224 224 224 224 224 224 224 224 224 225 225 224 225 225 225 225 225 225 226 226 226 226 226 226 226 226 226 226 227 227 227 227 227 227 227 227 227 228 228 228 228 228 228 228 228 228 229 229 229 229 229 229 229 229 229 230 230 230 230 230 230 230 230 230 231 231 231 231 231 231 231 231 232 232 232 232 233 233 233 233 234 234 234 234 234 234 234 234 234 234 234 235 235 235 235 235 235 235 235 236 236 236 236 236 236 236 236 236 237 237 237 237 237 237 237 237 237 238 238 238 238 238 238 238 238 238 238 239 239 239 239 239 239 239 239 239 239 239 239 240 240 240 240 240 240 240 240 240 241 241 240 241 241 206 206 206 206 206 207 207 207 207 207 207 207 208 208 208 208 208 208 208 208 209 209 209 209 209 209 209 210 210 210 210 210 210 211 211 211 211 211 211 211 212 212 212 212 212 212 212 213 213 213 213 213 213 213 214 214 214 214 214 214 214 215 215 215 215 215 215 215 215 216 216 216 216 216 216 216 216 217 217 217 217 217 217 218 218 218 218 218 218 218 219 219 219 219 219 219 219 219 220 220 220 220 220 220 220 220 221 221 221 221 221 221 221 221 221 222 222 222 222 222 222 222 222 222 223 223 223 223 223 223 223 223 223 223 224 224 224 224 224 224 224 224 224 225 225 225 225 225 225 225 225 225 226 226 226 226 226 226 226 226 226 226 227 227 227 227 227 227 227 227 227 228 228 228 228 228 228 228 228 229 229 229 229 229 229 229 229 229 229 230 230 230 230 230 230 230 230 231 231 231 231 231 231 231 231 232 232 232 232 233 233 233 233 233 234 234 234 234 234 234 234 234 234 234 234 235 235 235 235 235 235 235 236 236 236 236 236 236 236 236 236 237 237 237 237 237 237 237 237 237 237 238 238 238 238 238 238 238 238 238 239 239 239 239 239 239 239 239 239 239 239 239 240 240 240 240 240 240 240 240 240 241 240 240 241 241 241 206 206 206 206 206 207 207 207 207 207 207 207 208 208 208 208 208 208 208 209 209 209 209 209 209 209 210 210 210 210 210 210 210 211 211 211 211 211 211 212 212 212 212 212 212 212 212 213 213 213 213 213 213 214 214 214 214 214 214 214 215 215 215 215 215 215 215 215 216 216 216 216 216 216 216 216 217 217 217 217 217 217 218 218 218 218 218 218 218 218 219 219 219 219 219 219 219 219 220 220 220 220 220 220 220 220 221 221 221 221 221 221 221 221 221 222 222 222 222 222 222 222 222 222 223 223 223 223 223 223 223 223 223 224 224 224 224 224 224 224 224 224 225 225 225 225 225 225 225 225 225 226 226 226 226 226 226 226 226 226 226 227 227 227 227 227 227 227 227 227 227 228 228 228 228 228 228 228 228 229 229 229 229 229 229 229 229 229 229 230 230 230 230 230 230 230 230 231 231 231 231 231 231 231 232 232 232 232 233 233 233 233 233 234 234 234 234 234 234 234 234 234 234 234 234 235 235 235 235 235 235 236 236 236 236 236 236 236 236 236 236 237 237 237 237 237 237 237 237 237 238 238 238 238 238 238 238 238 238 239 239 239 239 239 239 239 239 239 239 239 240 240 240 240 240 240 240 240 240 241 241 240 240 241 241 206 206 206 206 206 207 207 207 207 207 207 207 208 208 208 208 208 208 208 209 209 209 209 209 209 209 210 210 210 210 210 210 211 211 211 211 211 211 211 212 212 212 212 212 212 212 212 213 213 213 213 213 213 214 214 214 214 214 214 214 215 215 215 215 215 215 215 215 216 216 216 216 216 216 216 217 217 217 217 217 217 217 217 218 218 218 218 218 218 219 219 219 219 219 219 219 219 219 220 220 220 220 220 220 220 220 221 221 221 221 221 221 221 221 221 222 222 222 222 222 222 222 222 222 223 223 223 223 223 223 223 223 223 224 224 224 224 224 224 224 224 224 225 225 225 225 225 225 225 225 225 226 226 226 226 226 226 226 226 226 226 227 227 227 227 227 227 227 227 227 228 228 228 228 228 228 228 228 229 229 229 229 229 229 229 229 229 229 230 230 230 230 230 230 230 230 231 231 231 231 231 231 231 231 232 232 232 233 233 233 233 233 234 234 234 234 234 234 234 234 234 234 234 234 235 235 235 235 235 235 235 236 236 236 236 236 236 236 236 236 237 237 237 237 237 237 237 237 237 238 238 238 238 238 238 238 238 238 238 239 239 239 239 239 239 239 239 239 240 240 240 240 240 240 240 240 240 240 241 241 240 240 240 206 206 206 206 206 206 206 207 207 207 207 207 207 207 208 208 208 208 208 208 209 209 209 209 209 209 209 210 210 210 210 210 210 210 211 211 211 211 211 211 211 212 212 212 212 212 212 212 213 213 213 213 213 213 213 214 214 214 214 214 214 214 215 215 215 215 215 215 215 216 216 216 216 216 216 216 216 217 217 217 217 217 217 217 218 218 218 218 218 218 218 218 219 219 219 219 219 219 219 219 220 220 220 220 220 220 220 220 221 221 221 221 221 221 221 221 221 222 222 222 222 222 222 222 222 223 223 223 223 223 223 223 223 223 224 224 224 224 224 224 224 224 224 225 225 225 225 225 225 225 225 225 226 226 226 226 226 226 226 226 226 226 226 227 227 227 227 227 227 227 227 228 228 228 228 228 228 228 228 228 229 229 229 229 229 229 229 229 229 230 230 230 230 230 230 230 230 230 231 231 231 231 231 231 231 232 232 232 233 233 233 233 233 234 234 234 234 234 234 234 234 234 234 234 234 234 235 235 235 235 235 235 235 236 236 236 236 236 236 236 236 237 237 237 237 237 237 237 237 237 238 238 238 238 238 238 238 238 238 239 239 239 239 239 239 239 239 239 239 240 240 240 240 240 240 240 240 240 240 240 241 241 240 205 206 206 206 206 206 206 206 207 207 207 207 207 207 208 208 208 208 208 208 208 209 209 209 209 209 209 209 210 210 210 210 210 210 211 211 211 211 211 211 211 212 212 212 212 212 212 212 212 213 213 213 213 213 213 213 214 214 214 214 214 214 215 215 215 215 215 215 215 215 216 216 216 216 216 216 216 217 217 217 217 217 217 217 218 218 218 218 218 218 218 218 219 219 219 219 219 219 219 219 220 220 220 220 220 220 220 220 220 221 221 221 221 221 221 221 221 222 222 222 222 222 222 222 222 222 223 223 223 223 223 223 223 223 223 224 224 224 224 224 224 224 224 224 225 225 225 225 225 225 225 225 225 226 226 226 226 226 226 226 226 226 226 227 227 227 227 227 227 227 227 227 228 228 228 228 228 228 228 228 229 229 229 229 229 229 229 229 229 230 230 230 230 230 230 230 230 230 231 231 231 231 231 231 231 232 232 232 233 233 233 233 233 233 234 234 234 234 234 234 234 234 234 234 234 235 235 235 235 235 235 235 235 236 236 236 236 236 236 236 236 236 237 237 237 237 237 237 237 237 238 238 238 238 238 238 238 238 238 238 239 239 239 239 239 239 239 239 239 240 240 240 240 240 240 240 240 240 240 240 240 240 240 205 205 206 206 206 206 206 206 207 207 207 207 207 207 207 208 208 208 208 208 208 208 209 209 209 209 209 209 209 210 210 210 210 210 210 211 211 211 211 211 211 211 212 212 212 212 212 212 212 212 213 213 213 213 213 213 213 214 214 214 214 214 214 215 215 215 215 215 215 215 216 216 216 216 216 216 216 216 217 217 217 217 217 217 217 218 218 218 218 218 218 218 218 219 219 219 219 219 219 219 219 220 220 220 220 220 220 220 220 220 221 221 221 221 221 221 221 221 222 222 222 222 222 222 222 222 222 223 223 223 223 223 223 223 223 223 224 224 224 224 224 224 224 224 224 225 225 225 225 225 225 225 225 225 226 226 226 226 226 226 226 226 226 226 227 227 227 227 227 227 227 227 227 228 228 228 228 228 228 228 228 229 229 229 229 229 229 229 229 229 230 230 230 230 230 230 230 230 230 231 231 231 231 231 231 231 232 232 233 233 233 233 233 233 234 234 234 234 234 234 234 234 234 234 234 235 235 235 235 235 235 235 235 235 236 236 236 236 236 236 236 236 237 237 237 237 237 237 237 237 237 238 238 238 238 238 238 238 238 238 239 239 239 239 239 239 239 239 239 240 240 240 240 240 240 240 240 240 240 240 240 240 205 205 205 206 206 206 206 206 206 207 207 207 207 207 207 207 208 208 208 208 208 208 209 209 209 209 209 209 209 210 210 210 210 210 210 210 211 211 211 211 211 211 211 212 212 212 212 212 212 212 213 213 213 213 213 213 213 214 214 214 214 214 214 215 215 215 215 215 215 215 215 216 216 216 216 216 216 216 217 217 217 217 217 217 217 218 218 218 218 218 218 218 218 219 219 219 219 219 219 219 219 219 220 220 220 220 220 220 220 220 221 221 221 221 221 221 221 221 221 222 222 222 222 222 222 222 222 222 223 223 223 223 223 223 223 223 224 224 224 224 224 224 224 224 224 225 225 225 225 225 225 225 225 225 226 226 226 226 226 226 226 226 226 226 226 227 227 227 227 227 227 227 227 228 228 228 228 228 228 228 228 228 229 229 229 229 229 229 229 229 230 230 230 230 230 230 230 230 230 231 231 231 231 231 231 231 232 232 233 233 233 233 233 233 234 234 234 234 234 234 234 234 234 234 234 235 235 235 235 235 235 235 235 235 236 236 236 236 236 236 236 236 237 237 237 237 237 237 237 237 237 238 238 238 238 238 238 238 238 238 239 239 239 239 239 239 239 239 239 240 240 240 240 240 240 240 240 240 240 240 240 241 205 205 205 205 206 206 206 206 206 206 206 207 207 207 207 207 207 207 208 208 208 208 208 208 209 209 209 209 209 209 209 210 210 210 210 210 210 210 211 211 211 211 211 211 212 212 212 212 212 212 212 212 213 213 213 213 213 213 213 214 214 214 214 214 214 215 215 215 215 215 215 215 216 216 216 216 216 216 216 216 217 217 217 217 217 217 217 218 218 218 218 218 218 218 218 219 219 219 219 219 219 219 219 220 220 220 220 220 220 220 220 220 221 221 221 221 221 221 221 221 221 222 222 222 222 222 222 222 222 223 223 223 223 223 223 223 223 223 224 224 224 224 224 224 224 224 224 225 225 225 225 225 225 225 225 225 226 226 226 226 226 226 226 226 226 226 227 227 227 227 227 227 227 227 227 228 228 228 228 228 228 228 228 229 229 229 229 229 229 229 229 229 230 230 230 230 230 230 230 230 231 231 231 231 231 231 231 232 232 233 233 233 233 233 233 233 234 234 234 234 234 234 234 234 234 234 235 235 235 235 235 235 235 235 235 235 236 236 236 236 236 236 236 237 237 237 237 237 237 237 237 237 238 238 238 238 238 238 238 238 238 239 239 239 239 239 239 239 239 239 240 240 240 240 240 240 240 240 240 240 240 241 205 205 205 205 206 206 206 206 206 206 206 207 207 207 207 207 207 208 208 208 208 208 208 208 209 209 209 209 209 209 210 210 210 210 210 210 210 211 211 211 211 211 211 211 212 212 212 212 212 212 212 213 213 213 213 213 213 213 214 214 214 214 214 214 215 215 215 215 215 215 215 215 216 216 216 216 216 216 216 217 217 217 217 217 217 217 217 218 218 218 218 218 218 218 219 219 219 219 219 219 219 219 219 220 220 220 220 220 220 220 220 220 221 221 221 221 221 221 221 221 221 222 222 222 222 222 222 222 222 223 223 223 223 223 223 223 223 223 224 224 224 224 224 224 224 224 225 225 225 225 225 225 225 225 225 226 226 226 226 226 226 226 226 226 226 226 227 227 227 227 227 227 227 227 228 228 228 228 228 228 228 228 228 229 229 229 229 229 229 229 229 230 230 230 230 230 230 230 230 230 231 231 231 231 231 231 231 232 233 233 233 233 233 233 233 234 234 234 234 234 234 234 234 234 234 235 235 235 235 235 235 235 235 235 235 236 236 236 236 236 236 236 236 237 237 237 237 237 237 237 237 238 238 238 238 238 238 238 238 238 239 239 239 239 239 239 239 239 239 240 240 240 240 240 240 240 205 205 205 205 205 206 206 206 206 206 206 206 207 207 207 207 207 207 208 208 208 208 208 208 208 209 209 209 209 209 209 210 210 210 210 210 210 210 211 211 211 211 211 211 211 212 212 212 212 212 212 212 213 213 213 213 213 213 214 214 214 214 214 214 214 215 215 215 215 215 215 215 216 216 216 216 216 216 216 216 217 217 217 217 217 217 217 217 218 218 218 218 218 218 218 219 219 219 219 219 219 219 219 220 220 220 220 220 220 220 220 220 220 221 221 221 221 221 221 221 221 222 222 222 222 222 222 222 222 223 223 223 223 223 223 223 223 223 224 224 224 224 224 224 224 224 224 224 225 225 225 225 225 225 225 225 226 226 226 226 226 226 226 226 226 226 227 227 227 227 227 227 227 227 227 228 228 228 228 228 228 228 228 229 229 229 229 229 229 229 229 230 230 230 230 230 230 230 230 230 231 231 231 231 231 231 231 232 233 233 233 233 233 233 233 234 234 234 234 234 234 234 234 234 234 235 235 235 235 235 235 235 235 235 236 236 236 236 236 236 236 236 236 237 237 237 237 237 237 237 237 238 238 238 238 238 238 238 238 238 239 239 239 239 239 239 239 239 239 239 239 205 205 205 205 205 205 206 206 206 206 206 206 207 207 207 207 207 207 207 208 208 208 208 208 208 208 209 209 209 209 209 209 210 210 210 210 210 210 210 211 211 211 211 211 211 212 212 212 212 212 212 212 213 213 213 213 213 213 214 214 214 214 214 214 214 214 215 215 215 215 215 215 215 216 216 216 216 216 216 216 216 217 217 217 217 217 217 217 217 218 218 218 218 218 218 218 219 219 219 219 219 219 219 219 220 220 220 220 220 220 220 220 220 221 221 221 221 221 221 221 221 221 222 222 222 222 222 222 222 222 223 223 223 223 223 223 223 223 224 224 224 224 224 224 224 224 224 224 224 225 225 225 225 225 225 225 226 226 225 226 226 226 226 226 226 226 226 227 227 227 227 227 227 227 227 228 228 228 228 228 228 228 228 229 229 229 229 229 229 229 229 229 230 230 230 230 230 230 230 230 230 231 231 231 231 231 231 232 233 233 233 233 233 233 233 233 234 234 234 234 234 234 234 234 234 235 235 235 235 235 235 235 235 235 236 236 236 236 236 236 236 236 236 237 237 237 237 237 237 237 237 238 238 238 238 238 238 238 238 238 239 239 239 239 239 239 239 239 239 239 239 240 205 205 205 205 205 205 205 206 206 206 206 206 206 207 207 207 207 207 207 207 208 208 208 208 208 208 209 209 209 209 209 209 209 210 210 210 210 210 210 211 211 211 211 211 211 211 212 212 212 212 212 212 212 213 213 213 213 213 213 214 214 214 214 214 214 214 215 215 215 215 215 215 215 215 216 216 216 216 216 216 216 217 217 217 217 217 217 217 217 218 218 218 218 218 218 218 218 219 219 219 219 219 219 219 219 220 220 220 220 220 220 220 220 220 221 221 221 221 221 221 221 221 221 222 222 222 222 222 222 222 222 223 223 223 223 223 223 223 223 224 224 224 224 224 224 224 224 224 224 225 225 225 225 225 225 225 225 226 225 226 226 226 226 226 226 226 226 227 227 227 227 227 227 227 227 227 228 228 228 228 228 228 228 228 229 229 229 229 229 229 229 229 229 230 230 230 230 230 230 230 230 231 231 231 231 231 231 231 233 233 233 233 233 233 233 233 234 234 234 234 234 234 234 234 234 235 235 235 235 235 235 235 235 235 236 236 236 236 236 236 236 236 236 237 237 237 237 237 237 237 237 238 238 238 238 238 238 238 238 238 239 239 239 239 239 239 239 239 239 239 239 240 240 240 205 205 205 205 205 205 205 206 206 206 206 206 206 206 206 207 207 207 207 207 207 207 208 208 208 208 208 208 209 209 209 209 209 209 210 210 210 210 210 210 210 211 211 211 211 211 211 211 212 212 212 212 212 212 212 213 213 213 213 213 213 214 214 214 214 214 214 214 214 215 215 215 215 215 215 215 216 216 216 216 216 216 216 216 217 217 217 217 217 217 217 218 218 218 218 218 218 218 218 219 219 219 219 219 219 219 219 220 220 220 220 220 220 220 220 220 221 221 221 221 221 221 221 221 221 222 222 222 222 222 222 222 222 223 223 223 223 223 223 223 223 223 224 224 224 224 224 224 224 224 224 225 225 225 225 225 225 225 225 225 226 226 226 226 226 226 226 226 226 227 227 227 227 227 227 227 227 228 228 228 228 228 228 228 228 229 229 229 229 229 229 229 229 229 230 230 230 230 230 230 230 230 231 231 231 231 231 231 231 233 233 234 234 234 234 234 234 234 235 235 235 235 235 235 235 235 235 236 236 236 236 236 236 236 236 236 237 237 237 237 237 237 237 237 237 237 238 238 238 238 238 238 238 238 238 239 239 239 239 239 239 239 239 239 239 239 239 240 240 240 240 240 240 240 240 240 240 241 204 204 204 205 205 205 205 205 205 205 206 206 206 206 206 206 206 206 207 207 207 207 207 207 208 208 208 208 208 208 208 209 209 209 209 209 209 210 210 210 210 210 210 210 211 211 211 211 211 211 212 212 212 212 212 212 212 213 213 213 213 213 213 213 214 214 214 214 214 214 214 215 215 215 215 215 215 215 215 216 216 216 216 216 216 216 217 217 217 217 217 217 217 217 218 218 218 218 218 218 218 218 219 219 219 219 219 219 219 219 220 220 220 220 220 220 220 220 221 221 221 221 221 221 221 221 221 222 222 222 222 222 222 222 222 222 223 223 223 223 223 223 223 223 223 224 224 224 224 224 224 224 224 224 225 225 225 225 225 225 225 225 225 226 226 226 226 226 226 226 226 227 227 227 227 227 227 227 227 228 228 228 228 228 228 228 228 228 229 229 229 229 229 229 229 229 230 230 230 230 230 230 230 230 231 231 231 231 231 231 231 233 233 234 234 234 234 234 234 234 234 235 235 235 235 235 235 235 235 236 236 236 236 236 236 236 236 237 237 237 237 237 237 237 237 237 237 237 238 238 238 238 238 238 238 238 238 239 239 239 239 239 239 239 239 239 239 239 239 240 240 240 240 240 240 240 240 240 240 241 204 204 204 204 204 204 204 205 205 205 205 205 206 205 206 206 206 206 206 206 207 207 207 207 207 207 207 208 208 208 208 208 208 209 209 209 209 209 209 209 210 210 210 210 210 210 211 211 211 211 211 211 211 212 212 212 212 212 212 212 213 213 213 213 213 213 213 214 214 214 214 214 214 214 215 215 215 215 215 215 215 216 216 216 216 216 216 216 216 217 217 217 217 217 217 217 217 218 218 218 218 218 218 218 218 219 219 219 219 219 219 219 220 220 220 220 220 220 220 220 220 221 221 221 221 221 221 221 221 221 222 222 222 222 222 222 222 222 222 223 223 223 223 223 223 223 223 223 224 224 224 224 224 224 224 224 225 225 225 225 225 225 225 225 225 225 226 226 226 226 226 226 226 226 227 227 227 227 227 227 227 227 228 228 228 228 228 228 228 228 229 229 229 229 229 229 229 229 229 230 230 230 230 230 230 230 231 231 231 231 231 231 231 233 233 233 234 234 234 234 234 234 234 235 235 235 235 235 235 235 235 236 236 236 236 236 236 236 236 236 237 237 237 237 237 237 237 237 237 237 237 238 238 238 238 238 238 238 238 239 239 239 239 239 239 239 239 239 239 239 239 239 240 240 240 240 240 240 240 240 241 241 204 204 205 205 205 206 206 206 206 206 206 206 207 207 207 207 207 207 207 208 208 208 208 208 208 209 209 209 209 209 209 210 210 210 210 210 210 210 211 211 211 211 211 211 211 212 212 212 212 212 212 213 213 213 213 213 213 213 213 214 214 214 214 214 214 214 215 215 215 215 215 215 215 216 216 216 216 216 216 216 217 217 217 217 217 217 217 217 218 218 218 218 218 218 218 218 218 219 219 219 219 219 219 220 220 220 220 220 220 220 220 220 220 221 221 221 221 221 221 221 221 222 222 222 222 222 222 222 222 222 223 223 223 223 223 223 223 223 223 223 224 224 224 224 224 224 224 224 225 225 225 225 225 225 225 225 225 226 226 226 226 226 226 226 226 226 227 227 227 227 227 227 227 228 228 228 228 228 228 228 228 229 229 229 229 229 229 229 229 229 230 230 230 230 230 230 230 230 231 231 231 231 231 231 233 233 233 234 234 234 234 234 234 234 235 235 235 235 235 235 235 235 236 236 236 236 236 236 236 236 236 237 237 237 237 237 237 237 237 237 237 237 238 238 238 238 238 238 238 238 239 239 239 239 239 239 239 239 239 239 239 239 240 240 240 240 240 240 240 240 240 241 241 205 205 205 205 206 206 206 206 206 206 206 207 207 207 207 207 207 208 208 208 208 208 208 209 209 209 209 209 209 209 210 210 210 210 210 210 210 211 211 211 211 211 211 212 212 212 212 212 212 212 213 213 213 213 213 213 213 214 214 214 214 214 214 214 215 215 215 215 215 215 215 216 216 216 216 216 216 216 216 217 217 217 217 217 217 217 218 218 218 218 218 218 218 218 218 219 219 219 219 219 219 219 219 220 220 220 220 220 220 220 220 221 221 221 221 221 221 221 221 221 222 222 222 222 222 222 222 222 222 223 223 223 223 223 223 223 223 223 223 224 224 224 224 224 224 224 225 225 225 225 225 225 225 225 225 225 226 226 226 226 226 226 226 226 227 227 227 227 227 227 227 227 228 228 228 228 228 228 228 228 229 229 229 229 229 229 229 229 230 230 230 230 230 230 230 230 231 231 231 231 231 231 233 233 233 233 234 234 234 234 234 234 235 235 235 235 235 235 235 235 236 236 236 236 236 236 236 236 236 237 237 237 237 237 237 237 237 238 237 237 238 238 238 238 238 238 238 238 239 239 239 239 239 239 239 239 239 239 239 239 240 240 240 240 240 240 240 240 240 241 241 241 241 241 241 242 205 205 205 205 206 206 206 206 206 206 207 207 207 207 207 207 207 208 208 208 208 208 208 209 209 209 209 209 209 209 210 210 210 210 210 210 211 211 211 211 211 211 211 212 212 212 212 212 212 212 213 213 213 213 213 213 213 214 214 214 214 214 214 214 215 215 215 215 215 215 215 216 216 216 216 216 216 216 217 217 217 217 217 217 217 217 218 218 218 218 218 218 218 218 219 219 219 219 219 219 219 219 219 220 220 220 220 220 220 220 220 221 221 221 221 221 221 221 221 221 222 222 222 222 222 222 222 222 222 223 223 223 223 223 223 223 223 223 224 224 224 224 224 224 224 224 225 225 225 225 225 225 225 225 225 226 226 226 226 226 226 226 226 226 227 227 227 227 227 227 227 228 228 228 228 228 228 228 228 229 229 229 229 229 229 229 229 230 230 230 230 230 230 230 230 231 231 231 231 231 231 233 233 233 233 234 234 234 234 234 234 235 235 235 235 235 235 235 235 236 236 236 236 236 236 236 236 236 237 237 237 237 237 237 237 237 237 238 238 238 238 238 238 238 238 238 238 238 239 239 239 239 239 239 239 239 239 239 239 240 240 240 240 240 240 240 240 241 241 241 241 241 241 241 241 241 242 242 242 242 205 205 205 205 205 205 206 206 206 206 206 206 206 207 207 207 207 207 207 207 208 208 208 208 208 208 209 209 209 209 209 209 210 210 210 210 210 210 210 211 211 211 211 211 211 211 212 212 212 212 212 212 213 213 213 213 213 213 213 214 214 214 214 214 214 214 215 215 215 215 215 215 215 215 216 216 216 216 216 216 216 217 217 217 217 217 217 217 218 218 218 218 218 218 218 218 219 219 219 219 219 219 219 219 219 220 220 220 220 220 220 220 220 220 221 221 221 221 221 221 221 221 222 222 222 222 222 222 222 222 222 223 223 223 223 223 223 223 223 223 223 224 224 224 224 224 224 224 224 225 225 225 225 225 225 225 225 225 226 226 226 226 226 226 226 226 227 227 227 227 227 227 227 227 228 228 228 228 228 228 228 229 229 229 229 229 229 229 229 230 230 230 230 230 230 230 230 231 231 231 231 231 231 233 233 233 233 233 234 234 234 234 234 234 235 235 235 235 235 235 235 236 236 236 236 236 236 236 236 236 237 237 237 237 237 237 237 237 237 238 238 238 238 238 238 238 238 238 238 238 239 239 239 239 239 239 239 239 239 239 239 240 240 240 240 240 240 240 240 241 241 241 241 241 241 241 241 241 242 242 242 242 242 242 242 204 205 205 205 205 205 205 205 205 206 206 206 206 206 206 207 207 207 207 207 207 207 208 208 208 208 208 208 209 209 209 209 209 209 209 210 210 210 210 210 210 211 211 211 211 211 211 211 212 212 212 212 212 212 212 213 213 213 213 213 213 213 214 214 214 214 214 214 214 215 215 215 215 215 215 215 216 216 216 216 216 216 216 216 217 217 217 217 217 217 217 218 218 218 218 218 218 218 218 219 219 219 219 219 219 219 219 219 220 220 220 220 220 220 220 220 221 221 221 221 221 221 221 221 221 222 222 222 222 222 222 222 222 222 223 223 223 223 223 223 223 223 223 223 224 224 224 224 224 224 224 225 225 225 225 225 225 225 225 225 226 226 226 226 226 226 226 226 227 227 227 227 227 227 227 227 228 228 228 228 228 228 228 228 229 229 229 229 229 229 229 229 230 230 230 230 230 230 230 231 231 231 231 231 231 233 233 233 233 233 234 234 234 234 234 234 235 235 235 235 235 235 235 235 236 236 236 236 236 236 236 236 237 237 237 237 237 237 237 237 237 238 238 238 238 238 238 238 238 239 239 238 239 239 239 238 238 239 239 239 239 239 239 240 240 240 240 240 240 240 240 241 241 241 241 241 241 241 241 241 242 242 242 242 242 242 242 242 242 242 204 204 204 204 204 205 205 205 205 205 205 205 205 206 206 206 206 206 206 207 207 207 207 207 207 207 208 208 208 208 208 208 209 209 209 209 209 209 209 210 210 210 210 210 210 211 211 211 211 211 211 211 212 212 212 212 212 212 212 213 213 213 213 213 213 213 214 214 214 214 214 214 214 215 215 215 215 215 215 215 216 216 216 216 216 216 216 217 217 217 217 217 217 217 218 218 218 218 218 218 218 218 218 219 219 219 219 219 219 219 219 219 220 220 220 220 220 220 220 220 221 221 221 221 221 221 221 221 222 222 222 222 222 222 222 222 222 222 223 223 223 223 223 223 223 223 223 223 224 224 224 224 224 224 224 225 225 225 225 225 225 225 225 225 226 226 226 226 226 226 226 226 227 227 227 227 227 227 227 227 228 228 228 228 228 228 228 229 229 229 229 229 229 229 229 230 230 230 230 230 230 230 231 231 231 231 231 231 233 233 233 233 233 234 234 234 234 234 234 234 235 235 235 235 235 235 235 236 236 236 236 236 236 236 236 237 237 237 237 237 237 237 237 238 238 238 238 238 238 238 238 238 238 238 238 238 238 238 238 239 239 239 239 239 239 239 240 240 240 240 240 240 240 241 241 241 241 241 241 241 241 241 241 242 242 242 242 242 242 242 242 243 243 243 202 202 203 203 204 204 204 204 204 204 205 205 205 205 205 205 206 206 206 206 206 206 207 207 207 207 207 207 208 208 208 208 208 208 208 209 209 209 209 209 209 210 210 210 210 210 210 210 211 211 211 211 211 211 212 212 212 212 212 212 212 213 213 213 213 213 213 213 214 214 214 214 214 214 214 215 215 215 215 215 215 215 216 216 216 216 216 216 216 217 217 217 217 217 217 217 217 218 218 218 218 218 218 218 218 219 219 219 219 219 219 219 219 219 220 220 220 220 220 220 220 220 220 221 221 221 221 221 221 221 221 222 222 222 222 222 222 222 222 222 222 223 223 223 223 223 223 223 223 223 224 224 224 224 224 224 224 224 225 225 225 225 225 225 225 225 226 226 226 226 226 226 226 226 227 227 227 227 227 227 227 227 228 228 228 228 228 228 228 229 229 229 229 229 229 229 229 230 230 230 230 230 230 230 230 231 231 231 231 231 233 233 233 233 233 234 234 234 234 234 234 234 235 235 235 235 235 235 235 236 236 236 236 236 236 236 236 237 237 237 237 237 237 237 237 238 238 238 238 238 238 238 238 238 238 238 239 238 238 238 238 239 239 239 239 239 239 239 240 240 240 240 240 240 240 241 241 241 241 241 241 241 241 241 242 242 242 242 242 242 242 242 243 243 243 243 243 202 202 202 202 202 203 203 204 204 204 204 204 204 204 205 205 206 206 206 206 206 206 207 207 207 207 207 207 208 208 208 208 208 208 209 209 209 209 209 209 209 210 210 210 210 210 210 211 211 211 211 211 211 211 212 212 212 212 212 212 212 213 213 213 213 213 213 213 214 214 214 214 214 214 214 215 215 215 215 215 215 215 216 216 216 216 216 216 216 217 217 217 217 217 217 217 217 218 218 218 218 218 218 218 219 219 219 219 219 219 219 219 219 219 220 220 220 220 220 220 220 220 221 221 221 221 221 221 221 221 221 222 222 222 222 222 222 222 222 222 223 223 223 223 223 223 223 223 223 223 224 224 224 224 224 224 224 225 225 225 225 225 225 225 225 225 226 226 226 226 226 226 226 226 227 227 227 227 227 227 227 228 228 228 228 228 228 228 228 229 229 229 229 229 229 229 229 230 230 230 230 230 230 230 231 231 231 231 231 233 233 233 233 234 234 234 234 234 234 234 234 235 235 235 235 235 235 235 235 236 236 236 236 236 236 236 237 237 237 237 237 237 237 237 238 238 238 238 238 238 238 238 238 238 238 238 238 238 239 238 239 239 239 239 239 239 239 240 240 240 240 240 240 240 240 240 241 241 241 241 241 241 241 241 242 242 242 242 242 242 242 242 243 242 243 242 201 201 202 202 202 202 202 202 203 203 203 203 204 204 204 204 204 205 205 206 207 208 208 208 208 208 208 208 209 209 209 209 209 209 210 210 210 210 210 210 211 211 211 211 211 211 211 212 212 212 212 212 212 212 213 213 213 213 213 213 213 214 214 214 214 214 214 214 215 215 215 215 215 215 215 216 216 216 216 216 216 216 216 217 217 217 217 217 217 217 218 218 218 218 218 218 218 218 219 219 219 219 219 219 219 219 219 220 220 220 220 220 220 220 220 221 221 221 221 221 221 221 221 221 221 222 222 222 222 222 222 222 222 223 223 223 223 223 223 223 223 223 223 223 224 224 224 224 224 224 224 225 225 225 225 225 225 225 225 226 226 226 226 226 226 226 226 227 227 227 227 227 227 227 227 228 228 228 228 228 228 228 229 229 229 229 229 229 229 229 230 230 230 230 230 230 230 230 231 231 231 231 233 233 233 233 234 234 234 234 234 234 234 234 234 235 235 235 235 235 235 235 236 236 236 236 236 236 236 237 237 237 237 237 237 237 237 238 238 238 238 238 238 238 238 238 238 238 238 238 238 239 239 239 239 239 239 239 239 239 240 240 240 240 240 240 240 240 240 241 241 241 241 241 241 241 241 241 242 242 242 242 242 242 242 242 242 242 243 201 201 202 202 202 202 202 202 203 203 203 203 203 203 203 204 208 208 208 208 208 208 209 209 209 209 209 209 209 210 210 210 210 210 210 211 211 211 211 211 211 211 212 212 212 212 212 212 212 213 213 213 213 213 213 213 214 214 214 214 214 214 214 215 215 215 215 215 215 215 216 216 216 216 216 216 216 217 217 217 217 217 217 217 217 218 218 218 218 218 218 218 219 219 219 219 219 219 219 219 219 219 220 220 220 220 220 220 220 220 221 221 221 221 221 221 221 221 221 222 222 222 222 222 222 222 222 222 223 223 223 223 223 223 223 223 223 223 224 224 224 224 224 224 224 225 225 225 225 225 225 225 225 225 226 226 226 226 226 226 226 227 227 227 227 227 227 227 227 228 228 228 228 228 228 228 229 229 229 229 229 229 229 229 230 230 230 230 230 230 230 230 231 231 231 231 233 233 233 233 233 234 234 234 234 234 234 234 234 235 235 235 235 235 235 235 236 236 236 236 236 236 236 237 237 237 237 237 237 237 237 237 238 238 238 238 238 238 238 238 238 238 238 238 239 239 239 239 239 239 239 239 239 240 240 240 240 240 240 240 240 240 240 241 241 241 241 241 241 241 241 241 241 242 242 242 242 242 242 242 243 243 243 201 201 202 202 202 202 202 202 203 203 203 203 203 203 208 208 208 208 208 209 209 209 209 209 209 210 210 210 210 210 210 210 211 211 211 211 211 211 212 212 212 212 212 212 212 213 213 213 213 213 213 213 214 214 214 214 214 214 214 215 215 215 215 215 215 215 215 216 216 216 216 216 216 216 217 217 217 217 217 217 217 218 218 218 218 218 218 218 218 219 219 219 219 219 219 219 219 219 220 220 220 220 220 220 220 220 220 221 221 221 221 221 221 221 221 221 222 222 222 222 222 222 222 222 223 223 223 223 223 223 223 223 223 223 224 224 224 224 224 224 224 224 225 225 225 225 225 225 225 225 226 226 226 226 226 226 226 226 227 227 227 227 227 227 227 227 228 228 228 228 228 228 229 229 229 229 229 229 229 229 230 230 230 230 230 230 230 230 230 231 231 231 233 233 233 233 233 234 234 234 234 234 234 234 234 235 235 235 235 235 235 235 235 236 236 236 236 236 236 237 237 237 237 237 237 237 237 237 238 238 238 238 238 238 238 238 238 238 238 239 239 239 239 239 239 239 239 239 239 239 239 239 240 240 240 240 240 240 241 241 241 241 241 241 241 241 241 242 242 242 242 242 242 242 242 243 201 201 202 202 202 202 202 203 203 203 208 208 208 209 209 209 209 209 209 209 210 210 210 210 210 210 211 211 211 211 211 211 211 212 212 212 212 212 212 213 213 213 213 213 213 213 213 214 214 214 214 214 214 214 215 215 215 215 215 215 215 216 216 216 216 216 216 216 217 217 217 217 217 217 217 217 218 218 218 218 218 218 218 219 219 219 219 219 219 219 219 219 219 220 220 220 220 220 220 220 220 221 221 221 221 221 221 221 221 221 222 222 222 222 222 222 222 222 222 223 223 223 223 223 223 223 223 223 224 224 224 224 224 224 224 224 225 225 225 225 225 225 225 225 225 226 226 226 226 226 226 226 227 227 227 227 227 227 227 227 228 228 228 228 228 228 228 229 229 229 229 229 229 229 229 230 230 230 230 230 230 230 230 231 231 231 233 233 233 233 233 234 234 234 234 234 234 234 234 234 235 235 235 235 235 235 235 236 236 236 236 236 236 236 237 237 237 237 237 237 237 237 238 238 238 238 238 238 238 238 238 238 238 239 239 239 239 239 239 239 239 239 239 239 239 240 240 240 240 240 240 241 241 241 241 241 241 241 241 241 241 242 242 242 242 242 242 201 202 202 202 202 202 202 203 208 208 208 208 209 209 209 209 209 209 210 210 210 210 210 210 210 211 211 211 211 211 211 212 212 212 212 212 212 212 213 213 213 213 213 213 213 214 214 214 214 214 214 214 214 215 215 215 215 215 215 216 216 216 216 216 216 216 216 217 217 217 217 217 217 217 218 218 218 218 218 218 218 218 219 219 219 219 219 219 219 219 219 220 220 220 220 220 220 220 220 220 221 221 221 221 221 221 221 221 221 222 222 222 222 222 222 222 222 222 223 223 223 223 223 223 223 223 224 224 224 224 224 224 224 224 224 225 225 225 225 225 225 225 225 226 226 226 226 226 226 226 227 227 227 227 227 227 227 227 228 228 228 228 228 228 228 229 229 229 229 229 229 229 230 230 230 230 230 230 230 230 231 231 231 231 233 233 233 233 233 233 234 234 234 234 234 234 234 235 235 235 235 235 235 235 235 236 236 236 236 236 236 236 237 237 237 237 237 237 237 237 238 238 238 238 238 238 238 238 238 238 239 239 239 239 239 239 239 239 239 239 239 239 240 240 240 240 240 240 240 240 241 241 241 241 241 241 241 242 201 201 202 202 202 202 208 208 208 208 208 208 209 209 209 209 209 209 210 210 210 210 210 210 211 211 211 211 211 211 211 212 212 212 212 212 212 213 213 213 213 213 213 213 213 214 214 214 214 214 214 214 215 215 215 215 215 215 215 216 216 216 216 216 216 216 217 217 217 217 217 217 217 217 218 218 218 218 218 218 218 219 219 219 219 219 219 219 219 219 219 220 220 220 220 220 220 220 220 221 221 221 221 221 221 221 221 221 222 222 222 222 222 222 222 222 222 223 223 223 223 223 223 223 223 223 224 224 224 224 224 224 224 224 224 225 225 225 225 225 225 225 225 226 226 226 226 226 226 226 227 227 227 227 227 227 227 228 228 228 228 228 228 228 229 229 229 229 229 229 229 229 230 230 230 230 230 230 230 231 231 231 231 233 233 233 233 233 233 234 234 234 234 234 234 234 235 235 235 235 235 235 235 235 236 236 236 236 236 236 236 237 237 237 237 237 237 237 237 238 238 238 238 238 238 238 238 238 238 239 239 239 239 239 239 239 239 239 239 239 239 240 240 240 240 240 240 207 208 208 208 208 208 208 209 209 209 209 209 209 210 210 210 210 210 210 210 211 211 211 211 211 211 212 212 212 212 212 212 212 213 213 213 213 213 213 213 214 214 214 214 214 214 214 214 215 215 215 215 215 215 216 216 216 216 216 216 216 217 217 217 217 217 217 217 217 218 218 218 218 218 218 218 218 219 219 219 219 219 219 219 219 219 219 220 220 220 220 220 220 220 220 221 221 221 221 221 221 221 221 221 222 222 222 222 222 222 222 222 222 223 223 223 223 223 223 223 223 224 224 224 224 224 224 224 224 224 225 225 225 225 225 225 225 225 226 226 226 226 226 226 226 226 226 227 227 227 227 227 227 228 228 228 228 228 228 228 229 229 229 229 229 229 229 230 230 230 230 230 230 230 231 231 231 231 233 233 233 233 233 234 234 234 234 234 234 234 234 235 235 235 235 235 235 235 235 236 236 236 236 236 236 236 236 237 237 237 237 237 237 237 238 238 238 238 238 238 238 238 238 239 239 239 239 239 239 239 239 239 239 239 239 240 240 240 240 240 240 207 208 208 208 208 208 208 208 209 209 209 209 209 209 210 210 210 210 210 210 211 211 211 211 211 211 211 212 212 212 212 212 212 213 213 213 213 213 213 213 213 214 214 214 214 214 214 214 215 215 215 215 215 215 215 216 216 216 216 216 216 216 217 217 217 217 217 217 217 217 218 218 218 218 218 218 218 219 219 219 219 219 219 219 219 219 219 220 220 220 220 220 220 220 220 221 221 221 221 221 221 221 221 221 222 222 222 222 222 222 222 222 222 222 223 223 223 223 223 223 223 223 224 224 224 224 224 224 224 224 224 225 225 225 225 225 225 225 225 226 226 226 226 226 226 226 226 226 226 227 227 227 227 228 228 228 228 228 228 228 229 229 229 229 229 229 229 230 230 230 230 230 230 230 231 231 231 231 233 233 233 233 233 233 234 234 234 234 234 234 234 235 235 235 235 235 235 235 235 236 236 236 236 236 236 236 236 237 237 237 237 237 237 237 237 238 238 238 238 238 238 238 238 239 239 239 239 239 239 239 239 239 239 239 240 240 240 240 240 240 240 207 207 208 208 208 208 208 208 209 209 209 209 209 209 210 210 210 210 210 210 210 211 211 211 211 211 211 212 212 212 212 212 212 212 213 213 213 213 213 213 213 214 214 214 214 214 214 214 215 215 215 215 215 215 215 216 216 216 216 216 216 216 216 217 217 217 217 217 217 217 218 218 218 218 218 218 218 219 218 219 219 219 219 219 219 219 219 220 220 220 220 220 220 220 220 220 221 221 221 221 221 221 221 221 221 222 222 222 222 222 222 222 222 222 223 223 223 223 223 223 223 223 224 224 224 224 224 224 224 224 224 224 225 225 225 225 225 225 225 226 226 226 226 226 226 226 226 226 226 227 227 227 227 228 228 228 228 228 228 228 229 229 229 229 229 229 229 230 230 230 230 230 230 230 230 231 231 231 233 233 233 233 233 234 234 234 234 234 234 234 234 235 235 235 235 235 235 235 236 236 236 236 236 236 236 236 236 237 237 237 237 237 237 237 237 238 238 238 238 238 238 238 239 239 239 239 239 239 239 239 239 239 239 239 240 240 240 240 240 240 240 207 207 208 208 208 208 208 208 208 209 209 209 209 209 209 210 210 210 210 210 210 211 211 211 211 211 211 211 212 212 212 212 212 212 213 213 213 213 213 213 213 213 214 214 214 214 214 214 214 215 215 215 215 215 215 216 216 216 216 216 216 216 216 217 217 217 217 217 217 217 218 218 218 218 218 218 218 218 218 219 219 219 219 219 219 219 219 219 220 220 220 220 220 220 220 220 221 221 221 221 221 221 221 221 221 222 222 222 222 222 222 222 222 222 223 223 223 223 223 223 223 223 223 224 224 224 224 224 224 224 224 224 224 225 225 225 225 225 225 225 225 225 225 226 226 226 226 226 226 226 227 227 227 228 228 228 228 228 228 228 229 229 229 229 229 229 229 230 230 230 230 230 230 230 230 231 231 231 233 233 233 233 233 233 234 234 234 234 234 234 234 235 235 235 235 235 235 235 235 236 236 236 236 236 236 236 236 236 237 237 237 237 237 237 237 238 238 238 238 238 238 238 239 239 239 239 239 239 239 239 239 239 239 239 240 240 240 240 240 240 240 207 207 207 207 207 207 207 208 208 208 208 208 208 209 209 209 209 209 209 210 210 210 210 210 210 210 211 211 211 211 211 211 212 212 212 212 212 212 212 213 213 213 213 213 213 213 214 214 214 214 214 214 214 215 215 215 215 215 215 215 216 216 216 216 216 216 216 216 217 217 217 217 217 217 217 218 218 218 218 218 218 218 218 218 219 219 219 219 219 219 219 219 220 220 220 220 220 220 220 220 220 221 221 221 221 221 221 221 221 221 222 222 222 222 222 222 222 222 223 223 223 223 223 223 223 223 223 224 224 224 224 224 224 224 224 224 224 224 224 225 225 225 225 225 225 225 225 226 226 226 226 226 226 226 227 227 227 227 228 228 228 228 228 228 228 229 229 229 229 229 229 230 230 230 230 230 230 230 230 231 231 231 233 233 233 233 233 233 234 234 234 234 234 234 234 235 235 235 235 235 235 235 235 236 236 236 236 236 236 236 236 236 237 237 237 237 237 237 237 238 238 238 238 238 238 238 239 239 239 239 239 239 239 239 239 239 239 239 240 240 240 240 240 240 240 240 207 207 207 207 207 207 208 208 208 208 208 208 209 209 209 209 209 209 209 210 210 210 210 210 210 211 211 211 211 211 211 211 212 212 212 212 212 212 213 213 213 213 213 213 213 213 214 214 214 214 214 214 214 215 215 215 215 215 215 216 216 216 216 216 216 216 216 217 217 217 217 217 217 217 218 218 218 218 218 218 218 218 218 219 219 219 219 219 219 219 219 219 220 220 220 220 220 220 220 220 221 221 221 221 221 221 221 221 221 222 222 222 222 222 222 222 222 223 223 223 223 223 223 223 223 223 223 224 224 224 224 224 224 224 224 224 224 224 225 225 225 225 225 225 225 226 226 226 226 226 226 227 226 226 227 227 227 228 228 228 228 228 228 228 229 229 229 229 229 229 229 230 230 230 230 230 230 230 231 231 231 233 233 233 233 233 233 234 234 234 234 234 234 234 235 235 235 235 235 235 235 236 236 236 236 236 236 236 236 237 237 237 237 237 237 237 237 237 238 238 238 238 238 238 238 238 239 239 239 239 239 239 239 239 239 239 240 240 240 240 240 240 240 240 240 240 240 206 206 207 207 207 207 207 207 207 208 208 208 208 208 208 209 209 209 209 209 209 210 210 210 210 210 210 210 211 211 211 211 211 211 212 212 212 212 212 212 212 213 213 213 213 213 213 213 214 214 214 214 214 214 214 215 215 215 215 215 215 215 216 216 216 216 216 216 216 217 217 217 217 217 217 217 218 218 218 218 218 218 218 218 218 218 219 219 219 219 219 219 219 219 220 220 220 220 220 220 220 220 220 221 221 221 221 221 221 221 221 222 222 222 222 222 222 222 222 222 223 223 223 223 223 223 223 223 223 223 224 224 224 224 224 224 224 224 224 224 225 225 225 225 225 225 225 226 226 226 226 226 226 226 227 227 227 227 227 228 228 228 228 228 228 228 229 229 229 229 229 229 229 230 230 230 230 230 230 230 231 231 231 233 233 233 233 233 234 234 234 234 234 234 234 234 235 235 235 235 235 235 235 236 236 236 236 236 236 236 236 237 237 237 237 237 237 237 237 237 238 238 238 238 238 238 238 238 239 239 239 239 239 239 239 239 239 239 240 240 240 240 240 240 240 240 241 241 240 206 206 207 207 207 207 207 207 208 208 208 208 208 208 209 209 209 209 209 209 209 210 210 210 210 210 210 211 211 211 211 211 211 211 212 212 212 212 212 212 212 213 213 213 213 213 213 214 214 214 214 214 214 214 214 215 215 215 215 215 215 216 216 216 216 216 216 216 216 217 217 217 217 217 217 217 218 218 218 218 218 218 218 218 218 219 219 219 219 219 219 219 219 219 220 220 220 220 220 220 220 220 221 221 221 221 221 221 221 221 221 222 222 222 222 222 222 222 222 222 223 223 223 223 223 223 223 223 223 224 224 224 224 224 224 224 224 224 224 225 225 225 225 225 225 225 226 226 226 226 227 226 226 227 227 227 227 227 228 228 228 228 228 228 228 229 229 229 229 229 229 229 230 230 230 230 230 230 230 231 231 231 233 233 233 233 233 234 234 234 234 234 234 234 234 235 235 235 235 235 235 235 236 236 236 236 236 236 236 236 237 237 237 237 237 237 237 237 237 238 238 238 238 238 238 238 239 239 239 239 239 239 239 239 239 239 240 240 240 240 240 240 240 240 240 240 240 240 240 206 206 206 206 207 207 207 207 207 207 207 208 208 208 208 208 208 209 209 209 209 209 209 210 210 210 210 210 210 211 211 211 211 211 211 211 212 212 212 212 212 212 212 213 213 213 213 213 213 213 214 214 214 214 214 214 214 215 215 215 215 215 215 216 216 216 216 216 216 216 216 217 217 217 217 217 217 217 218 218 218 218 218 218 218 218 218 218 219 219 219 219 219 219 219 219 220 220 220 220 220 220 220 220 221 221 221 221 221 221 221 221 221 222 222 222 222 222 222 222 222 222 222 223 223 223 223 223 223 223 223 224 224 224 224 224 224 224 224 224 224 224 225 225 225 225 226 225 226 226 226 226 226 226 227 227 226 226 227 227 227 228 228 228 228 228 228 229 229 229 229 229 229 229 230 230 230 230 230 230 230 231 231 231 233 233 233 233 233 234 234 234 234 234 234 234 235 235 235 235 235 235 235 235 236 236 236 236 236 236 236 236 237 237 237 237 237 237 237 237 238 238 238 238 238 238 238 238 239 239 239 239 239 239 239 239 239 239 240 240 240 240 240 240 240 240 240 240 240 240 240 206 206 207 207 207 207 207 207 208 208 208 208 208 208 209 209 209 209 209 209 210 210 210 210 210 210 210 211 211 211 211 211 211 211 212 212 212 212 212 212 213 213 213 213 213 213 213 213 214 214 214 214 214 214 215 215 215 215 215 215 215 216 216 216 216 216 216 216 217 217 217 217 217 217 217 218 218 218 218 218 218 218 218 218 218 219 219 219 219 219 219 219 219 220 220 220 220 220 220 220 220 220 221 221 221 221 221 221 221 221 222 222 222 222 222 222 222 222 222 223 223 223 223 223 223 223 223 223 223 223 223 224 224 224 224 224 224 224 224 225 225 225 225 225 226 226 226 226 226 226 226 227 227 227 226 227 227 227 228 228 228 228 228 228 229 229 229 229 229 229 229 230 230 230 230 230 230 230 231 231 231 233 233 233 233 233 234 234 234 234 234 234 234 234 235 235 235 235 235 235 235 236 236 236 236 236 236 236 236 237 237 237 237 237 237 237 237 238 238 238 238 238 238 238 239 239 239 239 239 239 239 239 239 239 239 240 240 240 239 240 240 240 240 240 240 240 240 240 240 206 206 206 206 206 207 207 207 207 207 207 208 208 208 208 208 208 208 209 209 209 209 209 209 210 210 210 210 210 210 211 211 211 211 211 211 211 212 212 212 212 212 212 212 213 213 213 213 213 213 213 214 214 214 214 214 214 214 215 215 215 215 215 215 215 216 216 216 216 216 216 216 217 217 217 217 217 217 217 218 218 218 218 218 218 218 218 218 218 219 219 219 219 219 219 219 219 220 220 220 220 220 220 220 220 221 221 221 221 221 221 221 221 222 222 222 222 222 222 222 222 222 223 223 223 223 223 223 223 223 223 223 223 223 224 224 224 224 224 224 224 225 225 225 225 225 225 226 226 226 226 226 226 227 226 227 227 227 227 227 227 228 228 228 228 228 228 229 229 229 229 229 229 229 230 230 230 230 230 230 230 231 231 231 233 233 233 233 233 234 234 234 234 234 234 234 234 235 235 235 235 235 235 235 235 236 236 236 236 236 236 236 237 237 237 237 237 237 237 238 238 238 238 238 238 238 238 239 239 239 239 239 239 239 239 239 239 239 239 239 239 239 240 240 240 240 240 240 240 240 240 240 241 241 241 241 241 241 241 241 242 242 242 242 242 242 242 243 243 243 206 206 206 207 207 207 207 207 207 208 208 208 208 208 208 209 209 209 209 209 209 210 210 210 210 210 210 210 211 211 211 211 211 211 212 212 212 212 212 212 212 213 213 213 213 213 213 213 214 214 214 214 214 214 214 215 215 215 215 215 215 215 216 216 216 216 216 216 216 217 217 217 217 217 217 217 218 218 218 218 218 218 218 218 218 218 219 219 219 219 219 219 219 219 220 220 220 220 220 220 220 220 221 221 221 221 221 221 221 221 221 222 222 222 222 222 222 222 222 223 223 223 223 223 223 223 223 223 223 223 223 224 224 224 224 224 224 225 225 225 225 225 225 225 225 226 226 226 226 226 226 226 226 227 227 227 227 227 227 228 228 228 228 228 229 229 229 229 229 229 229 230 230 230 230 230 230 230 231 231 231 233 233 233 233 233 234 234 234 234 234 234 234 234 235 235 235 235 235 235 235 236 236 236 236 236 236 236 237 237 237 237 237 237 237 237 238 238 238 238 238 238 238 238 239 239 239 239 239 239 239 239 239 239 239 239 239 239 240 240 240 240 240 240 240 240 240 240 240 241 241 241 241 241 241 242 242 242 242 242 242 242 242 243 243 243 243 243 243 243 206 206 206 206 207 207 207 207 207 207 208 208 208 208 208 208 209 209 209 209 209 209 209 210 210 210 210 210 210 211 211 211 211 211 211 211 212 212 212 212 212 212 213 213 213 213 213 213 213 213 214 214 214 214 214 214 215 215 215 215 215 215 215 216 216 216 216 216 216 216 217 217 217 217 217 217 217 218 218 218 218 218 218 218 218 218 218 218 219 219 219 219 219 219 219 220 220 220 220 220 220 220 220 221 221 221 221 221 221 221 221 221 222 222 222 222 222 222 222 222 222 223 223 223 223 223 223 223 223 223 223 223 224 224 224 224 224 224 224 225 225 225 225 225 225 226 226 226 226 226 226 226 226 226 226 227 227 227 227 227 228 228 228 228 228 229 229 229 229 229 229 229 230 230 230 230 230 230 230 231 231 231 233 233 233 233 233 234 234 234 234 234 234 234 234 235 235 235 235 235 235 235 236 236 236 236 236 236 236 237 237 237 237 237 237 237 237 238 238 238 238 238 238 238 238 239 239 239 239 239 239 239 239 239 239 239 239 239 240 240 240 240 241 240 240 240 240 240 240 240 241 241 241 241 242 242 242 242 242 242 242 242 242 243 243 243 243 243 243 243 243 243 244 206 206 206 206 207 207 207 207 207 207 208 208 208 208 208 208 209 209 209 209 209 209 210 210 210 210 210 210 211 211 211 211 211 211 211 212 212 212 212 212 212 212 213 213 213 213 213 213 213 214 214 214 214 214 214 214 215 215 215 215 215 215 216 216 216 216 216 216 216 216 217 217 217 217 217 217 217 218 218 218 218 218 218 218 218 218 218 219 219 219 219 219 219 219 219 220 220 220 220 220 220 220 220 221 221 221 221 221 221 221 221 222 222 222 222 222 222 222 222 222 223 223 223 223 223 223 223 223 223 223 223 224 224 224 224 224 224 224 225 225 225 225 225 226 226 225 226 226 226 226 226 226 226 226 227 227 227 227 227 227 227 228 228 228 229 229 229 229 229 229 229 229 230 230 230 230 230 230 231 231 231 233 233 233 233 233 233 234 234 234 234 234 234 234 235 235 235 235 235 235 235 236 236 236 236 236 236 236 237 237 237 237 237 237 237 237 238 238 238 238 238 238 238 238 238 239 239 239 239 239 239 239 239 239 239 239 240 240 240 240 240 241 241 240 240 240 240 240 241 241 241 241 241 242 242 242 242 242 242 242 242 242 243 243 243 243 243 243 243 243 244 244 244 206 206 206 206 206 206 207 207 207 207 207 207 208 208 208 208 208 208 209 209 209 209 209 209 210 210 210 210 210 210 210 211 211 211 211 211 211 211 212 212 212 212 212 212 212 213 213 213 213 213 213 213 214 214 214 214 214 214 214 215 215 215 215 215 215 216 216 216 216 216 216 216 217 217 217 217 217 217 217 218 218 218 218 218 218 218 218 218 218 219 219 219 219 219 219 219 219 220 220 220 220 220 220 220 220 221 221 221 221 221 221 221 221 222 222 222 222 222 222 222 222 222 222 222 223 223 223 223 223 223 223 223 224 224 224 224 224 224 224 224 225 225 225 225 225 225 225 225 225 226 226 226 226 226 226 226 227 227 227 227 227 227 227 228 228 228 228 229 229 229 229 229 229 230 230 230 230 230 230 230 231 231 231 233 233 233 233 233 233 234 234 234 234 234 234 234 235 235 235 235 235 235 235 236 236 236 236 236 236 236 237 237 237 237 237 237 237 237 238 238 238 238 238 238 238 238 238 239 239 239 239 239 239 239 239 239 239 240 240 240 240 240 240 240 241 241 241 240 240 240 241 241 241 241 241 242 242 242 242 242 242 242 242 242 242 243 243 243 243 243 243 243 244 244 244 244 205 205 206 206 206 206 206 207 207 207 207 207 207 208 208 208 208 208 208 208 209 209 209 209 209 209 210 210 210 210 210 210 211 211 211 211 211 211 211 212 212 212 212 212 212 212 213 213 213 213 213 213 213 214 214 214 214 214 214 214 215 215 215 215 215 215 216 216 216 216 216 216 216 217 217 217 217 217 217 217 218 218 218 218 218 218 218 218 218 218 219 219 219 219 219 219 219 219 219 220 220 220 220 220 220 220 220 221 221 221 221 221 221 221 221 222 222 222 222 222 222 222 222 222 222 222 223 223 223 223 223 223 224 224 224 224 224 224 224 224 224 225 225 225 225 225 225 225 225 226 226 226 226 226 226 226 226 227 227 227 227 228 228 228 227 228 228 228 229 229 229 229 229 229 230 230 230 230 230 230 230 230 231 231 233 233 233 233 233 233 234 234 234 234 234 234 234 235 235 235 235 235 235 235 236 236 236 236 236 236 236 237 237 237 237 237 237 237 237 238 238 238 238 238 238 238 238 238 239 239 239 239 239 239 239 239 239 240 240 240 240 240 240 240 240 240 241 241 241 240 240 240 241 241 241 241 241 241 241 241 242 242 242 242 242 242 243 243 243 243 243 243 244 244 244 244 244 206 206 206 206 206 206 207 207 207 207 207 207 208 208 208 208 208 208 209 209 209 209 209 209 210 210 210 210 210 210 210 211 211 211 211 211 211 211 212 212 212 212 212 212 213 213 213 213 213 213 213 214 214 214 214 214 214 214 215 215 215 215 215 215 215 216 216 216 216 216 216 217 217 217 217 217 217 217 218 218 218 218 218 218 218 218 218 218 219 219 219 219 219 219 219 219 219 220 220 220 220 220 220 220 220 221 221 221 221 221 221 221 221 222 222 222 222 222 222 222 222 222 222 223 223 223 223 223 223 223 223 224 224 224 224 224 224 224 224 225 225 225 225 225 225 225 225 225 226 226 226 226 226 226 226 227 227 227 227 227 228 228 228 228 228 228 228 229 229 229 229 229 230 230 230 230 230 230 230 230 231 231 233 233 233 233 233 234 234 234 234 234 234 234 234 235 235 235 235 235 235 235 236 236 236 236 236 236 236 237 237 237 237 237 237 237 237 238 238 238 238 238 238 238 238 238 238 239 239 239 239 239 239 239 239 240 240 240 240 240 240 240 240 240 241 241 241 241 241 241 241 241 241 241 241 241 241 242 242 242 242 242 242 242 242 243 243 243 243 243 244 244 244 244 244 205 205 205 206 206 206 206 206 207 207 207 207 207 207 208 208 208 208 208 208 209 209 209 209 209 209 209 210 210 210 210 210 210 211 211 211 211 211 211 211 211 212 212 212 212 212 213 213 213 213 213 213 213 214 214 214 214 214 214 214 214 215 215 215 215 215 215 216 216 216 216 216 216 217 217 217 217 217 217 217 217 218 218 218 218 218 218 218 218 218 218 219 219 219 219 219 219 219 219 220 220 220 220 220 220 220 220 221 221 221 221 221 221 221 221 222 222 222 222 222 222 222 222 222 222 223 223 223 223 223 223 223 223 224 224 224 224 224 224 224 224 225 225 225 225 225 225 225 225 225 226 226 226 226 226 227 227 227 227 227 227 227 227 228 228 228 228 228 228 229 229 229 229 229 230 230 230 230 230 230 230 231 231 231 233 233 233 233 233 234 234 234 234 234 234 234 235 235 235 235 235 235 235 235 236 236 236 236 236 236 236 237 237 237 237 237 237 237 238 238 238 238 238 238 238 238 238 239 238 239 239 239 239 239 239 239 240 240 240 240 240 240 240 240 241 241 240 241 241 241 241 241 241 241 241 241 241 241 242 242 242 242 242 242 242 242 242 243 243 243 243 243 244 244 244 244 244 244 254 254 254 254 205 205 206 206 206 206 206 206 207 207 207 207 207 207 208 208 208 208 208 208 209 209 209 209 209 209 210 210 210 210 210 210 210 211 211 211 211 211 211 211 212 212 212 212 212 212 213 213 213 213 213 213 214 214 214 214 214 214 214 214 214 215 215 215 215 215 215 216 216 216 216 216 216 217 217 217 217 217 217 217 218 218 218 218 218 218 218 218 218 218 219 219 219 219 219 219 219 219 219 220 220 220 220 220 220 220 221 221 221 221 221 221 221 221 222 222 222 222 222 222 222 222 222 222 223 223 223 223 223 223 223 224 224 224 224 224 224 224 224 224 224 225 225 225 225 225 225 225 225 226 226 226 226 226 227 227 227 227 227 227 228 228 228 228 228 228 228 228 228 229 229 229 229 230 230 230 230 230 230 230 231 231 231 233 233 233 233 233 233 234 234 234 234 234 234 234 235 235 235 235 235 235 236 236 236 236 236 236 236 236 237 237 237 237 237 237 237 238 238 238 238 238 238 238 238 238 239 239 239 239 239 239 239 239 239 240 240 240 240 240 240 240 240 241 241 241 241 241 241 241 241 241 241 242 242 242 242 242 242 243 242 242 242 242 242 243 243 243 243 243 243 244 244 244 244 244 244 254 254 255 255 255 255 255 254 205 205 205 206 206 206 206 206 206 207 207 207 207 207 207 208 208 208 208 208 208 208 209 209 209 209 209 209 210 210 210 210 210 210 210 211 211 211 211 211 211 212 212 212 212 212 212 213 213 213 213 213 213 213 214 214 214 214 214 214 214 215 215 215 215 215 215 215 215 216 216 216 216 216 216 217 217 217 217 217 217 218 218 218 218 218 218 218 218 218 218 219 219 219 219 219 219 219 219 219 220 220 220 220 220 220 220 220 221 221 221 221 221 221 221 222 222 222 222 222 222 222 222 222 222 223 223 223 223 223 223 223 224 224 224 224 224 224 224 224 224 224 225 225 225 226 225 225 225 225 226 226 226 226 226 226 227 227 227 227 228 228 228 228 228 228 228 228 228 228 229 229 229 229 230 230 230 230 230 230 230 231 231 231 233 233 233 233 233 234 234 234 234 234 234 234 235 235 235 235 235 235 235 236 236 236 236 236 236 236 236 237 237 237 237 237 237 237 238 238 238 238 238 238 238 238 238 239 239 239 239 239 239 239 239 239 240 240 240 240 240 240 240 240 241 241 241 241 241 241 241 241 241 241 241 242 242 242 242 242 243 243 242 242 242 242 243 243 243 243 243 243 243 244 244 244 244 254 254 255 255 255 255 255 256 255 255 205 205 205 205 205 205 206 206 206 206 206 206 207 207 207 207 207 207 208 208 208 208 208 208 208 209 209 209 209 209 209 209 210 210 210 210 210 211 211 211 211 211 211 212 212 212 212 212 212 213 213 213 213 213 213 213 214 214 214 214 214 214 214 214 215 215 215 215 215 215 215 216 216 216 216 216 216 217 217 217 217 217 217 218 218 218 218 218 218 218 218 218 218 218 219 219 219 219 219 219 219 219 220 220 220 220 220 220 220 220 221 221 221 221 221 221 221 222 222 222 222 222 222 222 222 222 222 223 223 223 223 223 224 223 224 224 224 224 224 224 224 224 224 224 224 225 225 225 226 225 225 226 226 226 226 226 226 226 227 227 227 227 227 227 227 228 228 228 228 228 228 228 229 229 229 229 230 230 230 230 230 230 230 231 231 231 233 233 233 233 233 234 234 234 234 234 234 234 235 235 235 235 235 235 235 236 236 236 236 236 236 236 237 237 237 237 237 237 237 237 238 238 238 238 238 238 238 238 238 238 239 239 239 239 239 239 239 239 240 240 240 240 240 240 240 240 241 241 241 241 241 241 241 241 241 242 242 242 242 242 242 242 242 243 242 242 242 242 243 243 243 243 243 243 243 243 244 244 244 254 254 254 255 255 256 256 256 256 255 255 255 255 205 205 205 205 205 205 206 206 206 206 206 206 206 207 207 207 207 207 207 207 208 208 208 208 208 209 209 209 209 209 209 210 210 210 210 210 210 211 211 211 211 211 211 212 212 212 212 212 212 213 213 213 213 213 213 213 213 213 214 214 214 214 214 214 215 215 215 215 215 215 216 216 216 216 216 216 216 217 217 217 217 217 217 218 218 218 218 218 218 218 218 218 218 218 219 219 219 219 219 219 219 219 220 220 220 220 220 220 220 220 221 221 221 221 221 221 221 221 222 222 222 222 222 222 222 222 222 223 223 223 223 223 223 224 223 224 224 224 224 224 224 224 224 224 224 224 225 225 225 225 226 226 226 226 226 226 226 227 227 227 227 227 228 227 227 228 228 228 228 228 228 228 228 229 229 229 229 230 230 230 230 230 230 231 231 231 233 233 233 233 233 234 234 234 234 234 234 234 234 235 235 235 235 235 235 236 236 236 236 236 236 236 237 237 237 237 237 237 237 237 238 238 238 238 238 238 238 238 238 239 239 239 239 239 239 239 239 240 240 240 240 240 240 240 240 241 241 241 241 241 241 241 241 241 241 242 242 242 242 242 242 242 242 242 242 242 242 243 243 243 243 243 244 244 244 244 244 244 244 244 254 254 255 255 256 256 256 256 256 256 256 256 255 255 255 204 205 205 205 205 205 205 205 205 206 206 206 206 206 206 207 207 207 207 207 207 207 208 208 208 208 208 209 209 209 209 209 210 210 210 210 210 210 211 211 211 211 211 211 211 212 212 212 212 212 213 213 213 213 213 213 213 213 213 214 214 214 214 214 215 215 215 215 215 215 215 215 216 216 216 216 216 216 216 217 217 217 217 217 217 218 218 217 218 218 218 218 218 218 218 219 219 219 219 219 219 219 219 220 220 220 220 220 220 220 220 221 221 221 221 221 221 221 221 221 221 221 222 222 222 222 222 222 223 223 223 223 223 223 224 223 224 224 224 224 224 224 224 224 224 224 224 225 225 225 225 226 226 226 226 226 226 226 226 227 227 227 227 227 227 228 228 228 228 228 228 228 228 228 229 229 229 229 229 230 230 230 230 230 230 231 231 233 233 233 233 233 233 234 234 234 234 234 234 234 235 235 235 235 235 235 236 236 236 236 236 236 236 237 237 237 237 237 237 237 238 238 238 238 238 238 238 238 238 239 239 239 239 239 239 239 240 239 240 240 240 240 240 240 240 240 241 241 241 241 241 241 241 241 241 241 242 242 242 242 242 242 242 242 242 242 242 242 243 243 243 243 244 244 244 244 244 244 244 244 244 244 253 253 253 254 254 254 254 254 254 255 255 256 256 256 256 256 256 256 256 256 255 256 256 204 205 205 205 205 205 205 205 205 206 206 206 206 206 206 207 207 207 207 207 207 208 208 208 208 208 209 209 209 209 209 209 210 210 210 210 210 211 211 211 211 211 211 211 212 212 212 212 212 212 213 213 213 213 213 213 213 214 214 214 214 214 214 214 215 215 215 215 215 215 216 216 216 216 216 216 216 216 217 217 217 217 217 218 218 218 217 218 218 218 218 218 218 218 219 219 219 219 219 219 219 219 220 220 220 220 220 220 220 220 221 221 221 221 221 221 221 221 221 221 221 222 222 222 222 222 223 223 223 223 223 223 223 224 224 224 224 224 224 224 224 224 224 225 225 225 225 225 225 225 226 226 226 226 226 226 226 227 227 227 227 227 228 228 228 228 228 228 228 228 228 228 229 229 229 229 229 229 229 230 230 230 230 230 230 230 233 233 233 233 233 233 233 233 234 234 234 234 234 234 235 235 235 235 235 236 236 236 236 236 236 236 237 237 237 237 237 237 237 238 238 238 238 238 238 238 238 238 239 239 239 239 239 239 239 240 239 240 240 240 240 240 240 240 240 241 241 241 241 241 241 241 241 241 241 242 242 242 242 242 242 242 242 242 242 242 243 243 243 243 243 244 243 244 244 244 244 244 244 244 244 244 245 245 245 243 243 243 243 253 253 254 254 254 254 254 254 254 255 254 255 255 255 256 256 256 256 257 257 257 256 256 256 256 256 256 256 204 204 204 204 205 205 205 205 205 205 205 205 206 206 206 206 206 206 206 207 207 207 207 207 207 208 208 208 208 209 209 209 209 209 210 210 210 210 210 210 210 211 211 211 211 211 211 212 212 212 212 212 212 212 213 213 213 213 213 213 213 214 214 214 214 214 214 215 215 215 215 215 216 216 216 216 216 216 216 216 216 217 217 217 217 217 217 218 218 217 218 218 218 218 218 218 218 218 219 219 219 219 219 219 219 220 220 220 220 220 220 220 220 221 221 221 221 221 221 221 221 221 222 222 222 222 222 222 222 223 223 223 223 223 223 223 224 224 224 224 224 224 224 224 224 224 225 225 225 225 225 225 225 226 226 226 226 226 226 226 227 227 227 227 227 228 228 228 228 228 228 228 228 228 229 229 229 229 229 229 229 229 229 230 230 230 230 230 230 232 233 233 233 233 233 233 234 234 234 234 234 234 234 234 235 235 235 235 236 236 236 236 236 236 236 237 237 237 237 237 237 237 238 238 238 238 238 238 238 238 239 239 239 239 239 239 239 240 240 240 240 240 240 240 240 240 240 240 241 241 241 241 241 242 242 242 242 242 242 242 242 242 242 242 242 242 242 242 242 243 243 243 243 243 243 244 244 244 244 244 244 244 244 244 244 244 244 244 245 243 244 244 244 243 243 243 244 244 244 244 244 245 245 245 245 245 245 246 253 254 254 254 254 255 255 255 255 255 255 255 256 256 256 256 257 257 257 257 257 257 256 256 257 256 256 256 257 204 204 204 204 204 204 205 205 205 205 205 205 206 206 206 206 206 206 206 207 207 207 207 207 208 208 208 208 209 209 209 209 209 210 210 210 210 210 210 210 211 211 211 211 211 211 211 212 212 212 212 212 212 213 213 213 213 213 213 213 214 214 214 214 214 214 215 215 215 215 215 215 216 216 216 216 216 216 216 216 217 217 217 217 217 217 218 218 217 218 218 218 218 218 218 218 218 219 219 219 219 219 219 219 220 220 220 220 220 220 220 220 220 220 220 220 221 221 221 221 221 222 222 222 222 222 222 222 222 222 223 223 223 223 223 223 224 224 224 224 224 225 225 225 225 225 225 225 225 225 225 225 226 226 226 226 226 226 226 227 227 227 227 227 227 228 228 228 228 228 228 228 228 229 229 229 229 229 229 230 230 230 230 230 230 230 230 231 233 233 233 233 233 234 234 234 234 234 234 234 234 234 234 235 235 235 235 236 236 236 236 236 236 236 237 237 237 237 237 237 237 238 238 238 238 238 238 238 238 239 239 239 239 239 239 239 240 240 240 240 240 240 240 240 240 240 240 241 241 241 241 241 241 242 242 242 242 242 242 242 242 242 242 242 242 242 242 243 243 243 243 243 243 244 244 244 244 244 244 244 244 245 245 244 244 245 245 245 243 244 244 244 244 244 244 244 244 245 244 244 245 245 245 245 245 245 245 245 245 246 246 246 246 246 246 246 253 254 254 254 254 255 255 255 255 256 256 256 256 256 256 256 256 257 257 257 257 257 257 257 257 257 257 257 257 257 257 204 204 204 204 204 204 204 205 205 205 205 205 206 206 206 206 206 206 206 206 207 207 207 207 207 208 208 208 208 208 209 209 209 209 210 210 210 210 210 210 210 211 211 211 211 211 211 211 212 212 212 212 212 212 212 213 213 213 213 213 213 214 214 214 214 214 214 215 215 215 215 215 215 215 216 216 216 216 216 216 216 216 217 217 217 217 217 218 218 217 218 218 218 218 218 218 218 218 219 219 219 219 219 219 219 219 220 220 220 220 220 220 220 220 220 220 221 221 221 221 221 221 221 222 222 222 222 222 222 222 223 223 223 223 223 223 223 224 224 224 224 224 224 225 225 225 225 225 225 225 225 225 225 226 226 226 226 226 226 226 227 227 227 227 227 228 228 228 228 228 228 228 228 228 228 229 229 229 229 230 230 230 230 230 230 230 231 230 231 233 233 233 233 234 234 234 234 234 234 234 234 234 234 235 235 235 235 235 236 236 236 236 236 236 236 237 237 237 237 237 237 237 238 238 238 238 238 238 238 239 239 239 239 239 239 239 239 240 240 240 240 240 240 240 240 240 240 241 241 241 241 241 241 242 242 242 242 242 242 242 242 242 243 243 242 243 242 242 243 243 243 243 243 243 244 244 244 244 244 244 244 244 245 245 244 244 245 245 245 244 244 244 245 245 245 244 244 244 244 244 245 245 245 245 246 246 245 246 246 245 246 246 246 246 246 247 247 247 247 247 247 247 247 253 254 254 254 255 255 255 255 255 256 256 256 256 256 256 256 257 257 257 257 257 257 257 257 257 257 257 257 257 257 257 257 257 203 204 204 204 204 204 204 204 204 204 205 205 205 206 206 206 206 206 206 206 206 207 207 207 207 207 207 208 208 208 208 208 208 209 209 209 210 210 210 210 210 210 211 211 211 211 211 211 211 211 212 212 212 212 212 212 212 213 213 213 213 213 213 214 214 214 214 214 214 214 215 215 215 215 215 216 216 216 216 216 216 216 216 216 217 217 217 217 217 218 218 217 217 218 218 218 218 218 218 218 219 219 219 219 219 219 219 219 220 220 220 220 220 220 220 220 220 220 221 221 221 221 221 221 221 222 222 222 222 222 222 223 223 223 223 223 223 223 224 224 224 224 224 224 224 224 225 225 225 225 225 225 225 225 225 226 226 226 226 226 226 226 227 227 227 227 228 228 228 228 228 228 228 228 228 228 228 229 229 229 230 230 230 230 230 230 230 230 231 231 231 233 233 233 233 234 234 234 234 234 234 234 234 234 235 235 235 235 235 235 236 236 236 236 236 236 237 237 237 237 237 237 237 238 238 238 238 238 238 238 238 239 239 239 239 239 239 239 239 239 240 240 240 240 240 240 240 240 241 241 241 241 241 241 241 242 242 242 242 242 242 242 242 242 242 242 242 243 243 243 243 243 243 243 243 243 244 244 244 244 244 244 244 244 244 244 245 245 245 245 245 244 245 245 245 245 244 244 245 245 245 244 245 245 245 245 245 246 246 246 245 246 246 246 246 247 247 247 247 247 247 247 247 247 248 247 247 248 248 248 247 253 254 254 254 254 255 255 255 255 255 256 256 256 256 256 256 256 257 257 257 257 257 257 257 257 257 257 257 257 257 257 257 258 258 258 258 258 203 203 203 203 204 204 204 204 204 204 204 204 205 205 205 206 205 206 206 206 207 207 207 207 208 208 208 208 208 208 208 208 208 208 208 208 209 209 209 210 210 210 210 210 210 210 210 211 211 211 211 211 212 212 212 212 212 212 212 213 213 213 213 213 213 213 214 214 214 214 214 214 215 215 215 215 215 215 216 216 216 216 216 216 216 216 217 217 217 217 217 218 218 217 217 218 218 218 218 218 218 218 218 219 219 219 219 219 219 219 220 220 220 220 220 220 220 220 221 221 221 221 221 221 221 222 222 222 222 222 222 222 222 222 222 223 223 223 223 223 223 224 224 224 224 224 224 224 225 225 225 225 225 225 225 225 225 225 226 226 226 226 226 227 227 227 227 227 227 228 228 228 228 228 228 228 228 228 229 229 229 229 230 230 230 230 230 230 230 230 231 231 231 233 233 233 233 234 234 234 234 234 234 234 234 235 235 235 235 235 235 235 236 236 236 236 236 236 237 237 237 237 237 237 237 238 238 238 238 238 238 238 239 239 239 239 239 239 239 239 239 239 240 240 240 240 240 240 240 241 241 241 241 241 241 241 242 242 242 242 242 242 242 242 242 242 242 242 242 243 243 243 243 243 243 243 243 243 244 244 244 244 244 244 244 244 244 244 244 245 245 245 246 244 245 245 244 244 244 245 245 246 245 245 245 246 245 246 246 246 246 246 245 246 247 247 247 247 247 247 247 247 247 248 248 247 248 248 247 248 249 248 247 253 253 253 254 255 255 254 255 255 255 256 256 256 256 256 256 256 256 256 257 257 257 257 257 257 257 256 257 257 257 257 257 258 258 258 258 258 258 258 259 203 203 203 203 204 204 204 204 204 204 205 204 205 205 205 205 205 205 206 206 206 206 206 207 207 207 207 207 208 208 208 208 208 208 208 208 209 209 209 210 210 210 210 210 210 211 211 211 211 211 211 211 211 212 212 212 212 212 212 212 213 213 213 213 213 213 214 214 214 214 214 214 214 215 215 215 215 215 216 216 216 216 216 216 216 216 217 217 217 217 217 217 218 217 217 218 218 218 218 218 218 218 218 218 219 219 219 219 219 219 219 220 220 220 220 220 220 220 220 221 221 221 221 221 221 221 222 222 222 222 222 222 222 222 223 223 223 223 223 223 223 224 224 224 224 224 224 224 224 225 225 225 225 225 225 225 225 225 226 226 226 226 226 227 227 227 227 227 227 227 228 228 228 228 228 228 228 229 229 229 229 229 229 229 230 230 230 230 230 230 231 231 231 233 233 233 233 233 234 234 234 234 234 234 234 234 235 235 235 235 235 235 236 236 236 236 236 236 237 237 237 237 237 237 237 238 238 238 238 238 238 238 239 239 239 239 239 239 239 239 239 239 240 240 240 240 240 240 240 241 241 241 241 241 241 241 241 242 242 242 242 242 242 242 242 242 242 243 243 243 243 243 243 243 243 243 243 243 244 244 244 244 244 244 244 244 245 245 244 245 245 245 246 244 244 244 244 244 244 244 245 245 246 246 246 246 246 246 247 247 246 246 246 247 247 247 247 247 247 247 247 247 247 248 248 248 248 248 247 248 249 249 248 253 253 254 254 255 255 254 255 255 256 256 256 256 256 256 256 256 256 256 257 257 257 257 257 257 257 257 257 257 257 258 258 258 258 258 258 258 258 258 259 259 259 259 259 259 260 260 260 260 203 203 203 203 204 204 204 204 204 204 205 205 205 205 205 205 205 205 206 206 206 206 206 207 207 207 207 207 207 207 208 209 209 209 208 208 208 209 209 210 210 210 210 210 210 210 211 211 211 211 211 211 211 212 212 212 212 212 212 212 213 213 213 213 213 213 214 214 214 214 214 214 214 215 215 215 215 215 216 216 216 216 216 216 216 217 217 217 217 217 217 217 218 217 217 217 218 218 218 218 218 218 218 218 219 219 219 219 219 219 219 220 220 220 220 220 220 220 220 221 221 221 221 221 221 222 222 222 222 222 222 222 222 222 223 223 223 223 223 223 223 223 224 224 224 224 224 224 224 225 225 225 225 225 225 225 225 225 226 226 226 226 226 226 227 227 227 227 227 227 228 228 228 228 228 228 228 228 229 229 229 229 229 230 230 230 230 230 230 230 230 230 231 233 233 233 233 233 233 234 234 234 234 234 234 234 235 235 235 235 235 236 236 236 236 236 236 237 237 237 237 237 237 237 237 238 238 238 238 238 238 238 239 239 239 239 239 239 239 239 239 239 240 240 240 240 240 240 241 241 241 241 241 241 241 241 241 242 242 242 242 242 242 242 242 242 243 243 243 243 243 243 243 243 243 243 243 243 244 244 244 244 244 244 244 245 245 245 244 245 245 245 246 244 244 244 245 245 245 245 245 245 246 246 246 246 246 247 247 247 246 246 246 247 247 247 247 247 247 247 247 247 247 248 248 248 249 248 247 248 248 249 249 248 252 253 253 254 254 255 255 255 255 255 256 256 256 256 256 256 256 256 256 257 257 257 257 257 257 257 257 257 257 257 258 258 258 258 258 258 258 258 258 258 259 259 259 259 259 259 259 260 260 260 260 260 203 203 203 203 203 203 204 204 204 204 204 204 204 205 205 205 205 205 205 206 206 206 206 206 206 207 207 207 207 207 207 208 208 208 209 209 209 208 209 209 209 210 210 210 210 210 210 210 211 211 211 211 211 211 211 212 212 212 212 212 212 213 213 213 213 213 213 214 214 214 214 214 214 215 215 215 215 215 215 216 216 216 216 216 216 217 217 217 217 217 217 217 217 218 217 217 217 218 218 218 218 218 218 218 219 219 219 219 219 219 219 219 220 220 220 220 220 220 220 220 221 221 221 221 221 221 221 221 222 222 222 222 222 223 223 223 223 223 223 223 223 223 223 224 224 224 224 224 224 224 225 225 225 225 225 225 225 225 226 226 226 226 226 226 226 226 227 227 227 227 227 228 228 228 228 228 228 228 228 229 229 229 229 229 229 229 230 230 230 230 230 230 230 230 232 233 233 233 233 233 234 234 234 234 234 234 234 235 235 235 235 235 236 236 236 236 236 236 236 237 237 237 237 237 237 237 238 238 238 238 238 238 238 239 239 239 239 239 239 239 239 239 239 240 240 240 240 240 240 241 241 241 241 241 241 241 241 241 242 242 242 242 242 242 243 243 243 243 243 243 243 243 243 243 243 243 243 243 243 244 244 244 244 244 244 244 245 245 245 245 245 245 245 246 244 244 245 245 245 245 245 245 245 246 246 246 246 246 246 247 247 246 246 247 247 247 247 247 247 247 248 248 247 247 248 248 248 249 248 248 248 248 249 250 248 248 252 253 254 254 255 255 255 255 255 255 256 256 256 256 256 256 256 256 256 257 257 257 257 257 257 257 257 257 257 257 258 258 258 258 258 259 259 259 259 259 259 259 259 259 259 259 259 260 260 260 260 260 260 260 202 203 203 203 203 203 203 204 204 204 204 204 204 204 204 205 205 205 205 205 205 206 206 206 206 206 206 206 207 207 207 207 208 208 208 208 209 209 209 209 209 209 210 210 210 210 210 210 210 210 211 211 211 211 211 212 212 212 212 212 212 213 213 213 213 213 213 213 214 214 214 214 214 214 214 215 215 215 215 215 215 216 216 216 216 216 217 217 217 217 217 217 217 217 217 217 217 217 218 218 218 218 218 218 218 219 219 219 219 219 219 219 219 220 220 220 220 220 220 220 220 221 221 221 221 221 221 221 222 222 222 222 222 222 222 223 223 223 223 223 223 223 223 223 224 224 224 224 224 224 224 225 225 225 225 225 226 226 226 226 226 226 226 226 226 226 226 227 227 227 227 227 227 228 228 228 228 228 228 228 229 229 229 229 229 229 229 229 230 230 230 230 230 230 230 232 233 233 233 233 233 234 234 234 234 234 234 234 235 235 235 235 235 235 236 236 236 236 236 237 237 237 237 237 237 237 238 238 238 238 238 238 238 238 239 239 239 239 239 239 239 239 239 239 240 240 240 240 240 240 241 241 241 241 241 241 241 241 242 242 242 242 242 242 243 242 242 242 243 243 243 243 243 243 243 243 243 243 243 243 244 244 244 244 244 244 245 245 245 245 245 245 245 245 245 244 245 245 245 245 245 245 245 245 246 246 246 246 246 246 247 247 247 247 247 247 247 247 247 247 247 248 248 247 247 248 248 249 249 249 248 248 249 249 249 249 249 248 252 253 254 255 254 254 254 255 255 255 255 256 256 256 256 256 256 256 256 256 257 257 257 257 257 257 257 257 257 257 257 258 258 258 258 259 259 259 259 259 259 259 259 259 259 259 260 260 260 260 260 260 260 260 260 260 202 202 203 203 203 203 203 203 204 204 204 204 204 204 204 204 205 205 205 205 205 205 205 206 206 206 206 206 207 207 207 207 207 207 208 208 208 208 209 209 209 209 209 209 210 210 210 210 210 210 210 210 211 211 211 211 211 212 212 212 212 212 212 213 213 213 213 213 213 213 214 214 214 214 214 214 215 215 215 215 215 215 215 216 216 216 216 216 216 217 217 217 217 217 217 217 218 218 218 218 218 218 218 219 219 219 219 219 219 219 220 220 220 220 220 220 220 221 221 221 221 221 221 221 221 221 222 222 222 222 222 222 223 223 223 223 223 223 223 224 223 224 224 224 224 224 224 224 224 225 225 225 225 225 225 226 226 226 225 225 226 226 226 226 226 226 226 227 227 227 227 227 227 228 228 228 228 228 228 228 228 228 228 229 229 229 229 229 229 230 230 230 230 230 231 233 233 233 233 233 233 234 234 234 234 234 234 234 235 235 235 235 235 235 236 236 236 236 236 237 237 237 237 237 237 237 238 238 238 238 238 238 238 239 239 239 239 239 239 239 239 239 240 240 240 240 240 240 241 241 241 241 241 241 241 242 242 242 242 242 242 242 243 243 243 243 243 243 243 243 243 244 244 244 244 244 244 244 244 244 244 244 244 244 245 245 245 245 245 245 246 246 246 246 246 245 245 245 246 246 246 246 246 246 246 247 247 247 247 247 247 248 248 248 248 248 248 248 249 249 248 249 248 248 248 249 249 249 250 250 249 249 250 249 250 250 249 248 253 253 254 254 255 255 255 255 255 255 256 256 256 256 256 256 256 256 256 256 256 257 257 257 257 257 257 257 257 257 256 257 257 257 257 258 258 258 258 258 258 258 259 259 259 259 259 259 259 260 260 260 260 260 260 260 260 260 260 201 202 202 202 202 203 203 203 203 203 203 204 204 204 204 204 204 205 205 205 205 205 205 206 206 206 206 206 206 206 207 207 207 207 207 207 208 208 208 208 208 209 209 209 209 209 209 209 209 209 210 210 210 210 210 211 211 211 211 211 212 212 212 212 212 212 213 213 213 213 213 213 213 214 214 214 214 214 214 215 215 215 215 215 215 215 215 216 216 216 216 216 216 217 217 217 217 217 217 218 218 218 218 218 218 219 219 219 219 219 219 219 219 220 220 220 220 220 220 220 221 221 221 221 221 221 221 221 222 222 222 222 222 222 222 223 223 223 223 223 223 223 223 223 223 224 224 224 224 224 224 224 224 225 225 225 225 226 226 225 225 225 225 226 226 226 226 226 226 226 227 227 227 227 227 227 227 228 228 228 228 228 228 228 228 229 229 229 229 229 230 230 230 230 230 230 230 231 233 233 233 233 233 234 234 234 234 234 234 235 235 235 235 235 235 235 235 236 236 236 236 236 237 237 237 237 237 237 238 238 238 238 238 238 238 239 239 239 239 239 239 239 239 239 240 240 240 240 240 240 240 241 241 241 241 241 241 242 242 242 242 242 242 242 242 242 243 243 243 243 243 243 243 243 244 244 244 244 244 244 244 244 244 244 244 244 244 245 245 245 245 245 246 246 246 246 246 246 245 245 245 245 246 246 246 246 246 246 247 247 247 247 247 247 247 248 248 248 248 249 248 249 249 249 249 249 248 249 248 249 249 250 250 249 250 250 250 250 250 249 249 252 253 253 254 254 255 255 255 255 255 255 256 256 256 256 256 256 256 256 256 256 256 256 256 257 257 257 257 257 257 257 257 257 257 257 257 258 258 258 258 258 258 258 258 259 259 259 259 259 259 260 260 260 260 260 260 260 260 260 261 261 201 202 202 202 202 203 203 203 203 203 203 203 204 204 204 204 204 205 205 205 205 205 206 206 206 206 206 206 206 207 207 207 207 207 208 208 208 208 208 208 208 209 209 209 209 209 209 210 209 210 210 210 210 210 211 211 211 211 211 211 212 212 212 212 212 212 213 213 213 213 213 213 213 214 214 214 214 214 215 215 215 215 215 215 215 215 216 216 216 216 216 216 217 217 217 217 217 217 217 218 218 218 218 218 218 219 219 219 219 219 219 219 219 220 220 220 220 220 220 220 221 221 221 221 221 221 221 221 221 222 222 222 222 222 223 222 223 223 223 223 223 223 223 223 223 224 224 224 224 224 224 224 225 225 225 225 225 225 226 226 226 226 226 226 226 226 226 227 227 227 227 227 227 227 227 227 227 228 228 228 228 228 228 229 228 229 229 229 229 229 230 230 230 230 230 230 231 231 233 233 233 233 234 234 234 234 234 234 234 235 235 235 235 235 235 235 236 236 236 236 236 237 237 237 237 237 237 237 238 238 238 238 238 238 238 239 239 239 239 239 239 239 239 239 240 240 240 240 240 240 240 241 241 241 241 241 241 242 242 242 242 242 242 242 242 242 243 243 243 243 243 243 244 244 244 244 244 244 244 244 244 244 244 244 244 244 244 244 245 245 245 245 245 246 246 246 246 245 244 244 245 245 246 246 246 246 247 247 247 247 247 247 247 247 247 248 248 248 248 248 248 249 249 249 249 249 249 249 249 249 249 250 250 250 250 250 250 249 249 250 249 249 252 253 253 253 254 254 255 255 255 255 255 256 256 256 256 256 256 256 256 256 256 257 257 257 256 256 257 257 257 257 257 257 257 257 257 257 257 257 258 258 258 258 258 258 258 259 259 259 259 259 259 260 260 260 260 260 260 260 260 261 261 261 261 202 202 202 202 202 203 203 203 203 203 203 204 204 204 204 204 204 204 205 205 205 205 205 205 206 206 206 206 206 207 207 207 207 207 208 208 208 208 208 208 209 209 209 209 209 209 210 210 210 210 210 210 210 211 211 211 211 211 211 212 212 212 212 212 212 213 213 213 213 213 213 213 214 214 214 214 214 214 215 215 215 215 215 215 215 216 216 216 216 216 216 216 217 217 217 217 217 217 218 218 218 218 218 218 219 219 219 219 219 219 219 219 219 220 220 220 220 220 220 221 221 221 221 221 221 221 221 221 222 222 222 222 222 222 222 223 223 223 223 223 223 223 223 223 224 224 224 224 224 224 224 225 225 225 225 225 225 226 226 226 226 226 226 226 226 226 226 227 227 227 227 227 227 227 227 228 228 228 228 228 228 228 229 229 229 229 229 229 229 230 230 230 230 230 231 231 231 233 233 234 234 234 234 234 234 234 234 234 235 235 235 235 235 235 235 236 236 236 236 236 237 237 237 237 237 237 237 238 238 238 238 238 238 238 239 239 239 239 239 239 239 239 239 240 240 240 240 240 240 240 241 241 241 241 241 241 242 242 242 242 242 242 242 242 243 243 243 243 243 243 244 244 244 244 244 244 244 244 244 244 244 244 244 244 244 244 244 245 245 245 245 245 245 246 246 245 245 244 245 245 246 246 247 247 247 247 247 247 247 247 247 247 247 248 248 248 248 248 248 248 248 249 249 249 249 249 249 249 249 249 250 250 250 250 250 249 249 249 249 250 249 252 252 253 254 254 254 254 255 255 255 255 256 256 256 256 256 256 256 256 257 257 257 257 257 257 257 257 257 257 257 257 257 257 257 257 257 257 257 258 257 258 258 258 258 258 258 258 259 259 259 259 259 259 259 260 260 260 260 260 260 261 261 261 261 201 202 202 202 202 202 203 203 203 203 203 204 204 204 204 204 204 204 204 205 205 205 205 205 206 206 206 206 206 207 207 207 207 207 208 208 208 208 208 208 209 209 209 209 209 209 209 209 210 210 210 210 210 211 211 211 211 211 211 212 212 212 212 212 212 212 213 213 213 213 213 213 213 214 214 214 214 214 214 215 215 215 215 215 216 216 216 216 216 216 216 217 217 217 217 217 217 217 218 218 218 218 218 218 219 219 219 219 219 219 219 219 219 220 220 220 220 220 220 221 221 221 221 221 221 221 221 221 222 222 222 222 222 223 223 223 223 223 223 223 223 223 223 224 224 224 224 224 224 224 225 225 225 225 225 225 225 226 226 226 226 226 226 226 226 226 226 226 227 227 227 227 227 228 228 228 228 228 228 228 228 228 229 229 229 229 229 229 230 230 230 230 230 230 231 231 231 233 233 233 234 234 234 234 234 234 234 235 235 235 235 235 235 235 236 236 236 236 236 236 237 237 237 237 237 237 237 238 238 238 238 238 238 238 239 239 239 239 239 239 239 239 240 240 240 240 240 240 240 240 241 241 241 241 241 241 242 242 242 242 242 242 242 242 243 243 243 243 243 243 244 244 244 244 244 244 244 244 244 244 244 244 244 244 244 244 244 245 245 245 245 245 246 246 245 245 246 244 245 245 246 246 246 246 247 247 247 246 246 246 247 247 247 248 248 248 248 248 248 248 248 249 249 249 249 249 250 250 250 250 250 250 251 251 250 250 249 249 249 250 249 249 252 253 254 254 254 254 255 255 255 256 256 256 256 256 256 256 256 256 256 256 257 257 257 257 257 257 257 257 257 257 257 257 258 257 257 257 257 257 258 258 258 258 259 259 259 260 260 260 260 260 260 260 261 261 261 261 261 201 201 201 202 202 202 202 202 202 203 203 203 203 204 204 204 204 204 204 204 204 205 205 205 205 205 206 206 206 206 206 207 207 207 207 207 207 208 208 208 208 208 208 209 209 209 209 209 209 209 210 210 210 210 210 211 211 211 211 211 211 212 212 212 212 212 212 212 213 213 213 213 213 213 213 214 214 214 214 214 214 215 215 215 215 215 215 216 216 216 216 216 216 217 217 217 217 217 217 217 218 218 218 218 218 218 218 219 219 219 219 219 219 219 219 220 220 220 220 220 220 220 221 221 221 221 221 221 221 221 222 222 222 222 222 223 223 223 223 223 223 223 223 223 223 224 224 224 224 224 224 224 224 225 225 225 225 225 225 226 226 226 226 226 226 226 226 226 226 226 226 227 227 227 227 227 228 228 228 228 228 228 228 228 229 229 229 229 229 230 230 230 230 230 230 231 231 231 231 233 233 233 234 234 234 234 234 234 235 235 235 235 235 235 235 235 236 236 236 236 236 236 237 237 237 237 237 237 238 238 238 238 238 238 238 239 239 239 239 239 239 239 239 239 240 240 240 240 240 240 240 240 240 241 241 241 241 241 242 242 242 242 242 242 242 243 243 243 243 243 243 243 243 244 244 244 244 244 244 244 245 244 244 244 244 244 244 244 244 245 245 245 245 245 245 245 245 246 245 245 245 245 246 246 246 246 246 246 247 246 246 247 247 247 248 247 248 248 248 248 248 248 248 248 249 249 249 249 250 250 250 250 250 250 250 251 251 250 250 250 250 249 250 250 250 252 253 253 253 254 254 254 255 255 256 256 256 256 256 256 256 256 256 256 256 256 256 256 257 257 257 257 257 257 257 257 257 257 258 257 257 257 257 257 258 258 258 259 260 260 260 260 260 260 260 261 261 261 261 261 201 201 201 201 202 202 202 202 203 203 203 203 203 204 204 204 204 204 204 204 204 205 205 205 205 205 206 206 206 206 206 207 207 207 207 207 207 208 208 208 208 208 208 208 209 209 209 209 209 209 210 210 210 210 211 211 211 211 211 211 211 212 212 212 212 212 212 213 213 213 213 213 213 213 214 214 214 214 214 215 215 215 215 215 215 215 216 216 216 216 216 216 216 217 217 217 217 217 217 217 218 218 218 218 218 218 218 219 219 219 219 219 219 219 219 220 220 220 220 220 220 220 221 221 221 221 221 221 221 222 222 222 222 222 222 223 223 223 223 223 223 223 223 223 224 224 224 224 224 224 224 224 224 225 225 225 225 225 225 226 226 226 226 226 226 226 226 226 226 226 226 227 227 227 227 227 227 228 228 228 228 228 228 228 229 229 229 229 230 230 230 230 230 230 230 230 231 231 231 233 233 233 234 234 234 234 234 234 234 235 235 235 235 235 235 235 236 236 236 236 236 236 237 237 237 237 237 237 238 238 238 238 238 238 238 239 239 239 239 239 239 239 239 239 240 240 240 240 240 240 240 240 240 241 241 241 241 242 242 242 242 242 242 242 242 243 243 243 243 243 243 243 243 244 244 244 244 244 244 245 245 245 244 244 245 245 245 245 245 245 245 245 245 245 245 245 245 245 245 244 245 246 246 246 246 246 246 246 247 247 247 247 247 247 247 248 248 248 248 248 248 248 248 248 249 249 249 249 250 250 250 250 250 250 249 250 250 250 250 250 250 250 250 250 251 251 250 252 253 253 254 254 255 255 255 255 256 256 256 256 256 256 256 256 256 256 256 256 256 256 257 257 257 257 257 257 257 257 257 257 258 257 257 257 257 258 258 258 258 260 260 260 260 260 260 261 261 261 199 200 200 200 200 200 200 201 201 201 202 202 202 202 202 203 203 203 203 204 204 204 204 204 204 204 204 205 205 205 205 205 205 206 206 206 206 206 207 207 207 207 207 208 208 208 208 208 208 209 209 209 209 210 210 209 210 210 210 210 211 211 211 211 211 211 211 212 212 212 212 212 212 212 213 213 213 213 213 213 214 214 214 214 214 214 214 215 215 215 215 215 215 216 216 216 216 216 216 217 217 217 217 217 217 217 218 218 218 218 218 218 218 219 219 219 219 219 219 219 220 220 220 220 220 220 220 221 221 221 221 221 221 221 222 222 222 222 222 222 222 222 223 223 223 223 223 223 223 223 223 223 224 224 224 224 224 224 225 225 225 225 225 225 225 226 226 226 226 226 226 226 226 226 226 226 227 227 227 227 227 227 227 228 228 228 228 228 229 229 229 229 229 229 230 230 230 230 230 230 230 231 231 231 231 233 233 233 234 234 234 234 234 234 234 235 235 235 235 235 235 235 235 236 236 236 236 236 237 237 237 237 237 237 238 238 238 238 238 238 238 239 239 239 239 239 239 239 239 239 239 240 240 240 240 241 240 240 240 241 241 241 241 242 242 242 242 242 242 242 242 243 243 243 243 243 243 243 243 244 244 244 244 244 244 245 245 245 245 245 245 245 245 245 245 245 245 245 245 245 245 245 245 245 245 245 245 245 246 246 246 246 246 246 247 247 247 247 247 247 248 248 248 248 248 248 248 248 248 249 249 249 249 249 249 250 250 250 250 250 250 250 250 250 250 250 250 250 250 251 251 251 251 250 252 253 253 253 254 255 255 255 255 255 256 256 256 256 256 256 256 256 256 256 256 256 256 256 257 257 257 257 257 257 257 257 257 257 258 257 257 257 258 258 258 258 260 260 260 260 200 200 200 200 200 200 200 201 201 201 201 202 202 202 202 203 203 203 203 203 204 204 204 204 204 204 205 205 205 205 205 205 205 206 206 206 206 206 207 207 207 207 207 207 208 208 208 208 208 208 209 209 209 210 210 209 210 210 210 210 210 211 211 211 211 211 211 212 212 212 212 212 212 213 213 213 213 213 213 213 214 214 214 214 214 214 214 215 215 215 215 215 215 216 216 216 216 216 216 217 217 217 217 217 217 217 218 218 218 218 218 218 218 219 219 219 219 219 219 219 220 220 220 220 220 220 220 221 221 221 221 221 221 221 222 222 222 222 222 222 222 222 223 223 223 223 223 223 223 223 223 224 224 224 224 224 224 224 225 225 225 225 225 225 225 225 226 226 226 226 226 226 226 226 226 227 227 227 227 227 227 227 227 228 228 228 228 228 228 229 229 229 229 229 230 230 230 230 230 230 230 230 231 231 231 233 234 234 234 234 234 234 234 234 235 235 235 235 235 235 235 235 236 236 236 236 236 236 237 237 237 237 237 238 238 238 238 238 238 238 238 239 239 239 239 239 239 239 239 239 239 240 240 240 240 240 240 241 241 241 241 241 241 242 242 242 242 242 242 242 242 242 242 243 243 243 243 243 243 244 244 244 244 244 244 245 245 245 245 245 245 245 245 245 245 245 245 245 245 246 245 245 246 246 246 246 246 246 246 246 246 246 246 247 247 247 247 247 247 247 248 248 248 248 248 248 248 249 249 249 249 249 249 250 250 250 250 251 250 250 250 250 250 250 250 250 250 251 251 250 251 250 250 250 252 253 253 254 253 254 255 255 255 255 255 255 256 256 256 256 256 256 256 255 256 256 256 256 256 256 257 257 257 257 257 257 257 257 258 258 257 257 257 258 258 258 258 199 200 200 200 200 200 200 200 200 201 202 202 202 202 202 202 203 203 203 203 204 204 204 204 204 204 204 204 205 205 205 205 205 205 206 206 206 206 207 207 207 207 207 207 207 208 208 208 208 208 208 209 209 209 209 209 210 210 210 210 210 211 211 211 211 211 211 212 212 212 212 212 212 212 213 213 213 213 213 213 213 214 214 214 214 214 214 214 215 215 215 215 215 216 216 216 216 216 216 216 217 217 217 217 217 217 218 218 218 218 218 218 218 219 219 219 219 219 219 219 220 220 220 220 220 220 220 221 221 221 221 221 221 221 222 222 222 222 222 222 222 222 223 223 223 223 223 223 223 223 224 224 224 224 224 224 224 224 225 225 225 225 225 225 225 225 225 226 226 226 226 226 226 226 227 227 227 227 227 227 227 227 227 227 228 228 228 228 228 229 229 229 229 230 230 230 230 230 230 230 231 231 231 231 231 233 234 234 234 234 234 234 234 235 235 235 235 235 235 235 235 236 236 236 236 236 236 236 237 237 237 237 237 238 238 238 238 238 238 238 239 239 239 239 239 239 239 240 240 239 239 240 240 240 241 241 241 241 241 241 241 241 241 242 242 242 242 242 242 242 242 243 243 243 243 243 243 243 243 244 244 244 244 244 244 244 245 245 245 245 245 245 246 246 245 245 245 246 246 245 245 245 246 246 247 246 246 245 246 246 246 246 246 247 247 247 247 247 247 247 248 248 248 248 248 248 249 249 249 250 249 250 250 250 250 250 250 250 250 250 250 250 250 250 250 250 251 251 251 251 251 250 250 250 252 253 253 254 254 255 255 255 255 255 255 255 256 256 256 256 256 256 256 256 256 256 256 256 256 256 257 257 257 257 257 257 257 257 258 258 257 257 258 258 258 258 258 199 199 200 200 200 200 201 200 200 201 201 202 202 202 202 202 203 203 203 203 204 204 204 204 204 204 204 204 205 205 205 205 205 205 205 206 206 206 206 207 207 207 207 207 208 208 208 208 208 208 209 209 209 209 209 209 209 210 210 210 210 210 211 211 211 211 211 211 212 212 212 212 212 212 213 213 213 213 213 213 213 214 214 214 214 214 214 214 214 215 215 215 215 215 216 216 216 216 216 217 217 217 217 217 217 217 218 218 218 218 218 218 218 219 219 219 219 219 219 219 219 220 220 220 220 220 220 221 221 221 221 221 221 221 222 222 222 222 222 222 222 222 223 223 223 223 223 223 223 224 224 224 224 224 224 224 224 225 225 225 225 225 225 225 225 225 225 226 226 226 226 226 226 226 226 226 227 227 227 227 227 227 227 227 228 228 228 228 228 229 229 229 229 229 230 230 230 230 230 230 231 231 231 231 231 234 234 234 234 234 234 234 234 235 235 235 235 235 235 235 236 236 236 236 236 236 236 236 236 237 237 237 237 238 238 238 238 238 238 238 239 239 239 239 239 239 239 240 240 239 239 240 240 240 240 241 241 241 241 241 241 241 241 242 242 242 242 242 242 242 243 243 243 243 243 243 243 243 243 243 243 244 244 244 244 244 245 245 245 245 245 245 246 246 246 246 246 246 245 245 245 246 247 246 247 245 245 245 246 246 247 247 246 247 247 247 247 247 247 247 248 248 248 248 248 249 249 249 249 249 250 250 249 250 250 250 250 250 250 250 250 250 250 250 250 250 251 251 251 251 251 251 250 250 251 251 252 252 253 253 253 254 255 255 255 255 255 256 256 256 256 256 256 256 256 256 256 256 256 256 256 256 256 257 257 257 257 257 257 257 258 258 258 257 257 258 258 258 258 258 199 199 200 201 201 201 201 201 201 201 202 202 202 202 202 203 203 203 203 203 204 204 204 204 204 204 205 205 205 205 205 205 205 206 206 206 206 206 206 207 207 207 207 207 208 208 208 208 209 209 209 209 209 209 209 209 210 210 210 210 210 211 211 211 211 211 211 211 212 212 212 212 212 212 213 213 213 213 213 213 213 214 214 214 214 214 214 214 215 215 215 215 215 215 216 216 216 216 216 217 217 217 217 217 217 218 218 218 218 218 218 219 219 219 219 219 219 219 219 219 220 220 220 220 220 220 221 221 221 221 221 221 221 221 222 222 222 222 222 222 222 223 223 223 223 223 223 223 224 224 224 224 224 224 224 225 225 225 225 225 225 225 225 225 226 226 226 226 226 226 226 226 226 226 226 226 227 227 227 227 227 227 227 228 228 228 228 228 229 229 229 229 229 229 230 230 230 230 230 230 231 231 231 231 234 234 234 234 234 234 234 234 235 235 235 235 235 235 235 236 236 236 236 236 236 236 236 236 237 237 237 237 238 238 238 238 238 238 238 239 239 239 239 239 239 239 240 240 239 239 240 240 240 241 241 241 241 241 241 241 241 241 242 242 242 242 242 242 242 242 243 243 243 243 244 243 243 243 243 244 244 244 244 244 244 245 245 245 245 245 245 246 246 246 246 246 245 245 245 245 246 246 246 246 245 245 246 246 246 247 247 247 247 247 247 247 247 247 247 247 247 248 248 248 248 248 249 249 249 250 250 249 250 250 250 250 250 250 250 250 251 251 251 251 250 251 251 251 252 252 252 251 251 251 251 251 251 252 252 253 253 253 254 254 255 255 255 255 256 256 256 256 256 256 256 256 256 256 257 257 257 256 257 257 256 256 256 257 257 257 257 257 258 258 258 257 257 258 258 258 258 199 199 200 200 200 201 202 202 201 201 201 202 202 202 202 203 203 203 203 203 204 204 204 204 204 204 204 205 205 205 205 205 206 206 206 206 206 206 206 207 207 207 207 207 208 208 208 208 209 209 209 209 209 209 209 209 209 210 210 210 210 210 211 211 211 211 211 211 211 212 212 212 212 212 212 213 213 213 213 213 213 214 214 214 214 214 214 215 215 215 215 215 215 216 216 216 216 216 216 217 217 217 217 217 217 218 218 218 218 218 218 219 219 219 219 219 219 219 219 220 220 220 220 220 220 220 221 221 221 221 221 221 221 221 222 222 222 222 222 222 222 223 223 223 223 223 223 223 224 224 224 224 224 224 224 224 224 225 225 225 225 225 225 226 226 226 226 226 226 226 226 226 227 227 226 226 227 227 227 227 227 227 228 228 228 228 228 229 229 229 229 229 229 229 230 230 230 230 230 230 231 231 231 231 234 234 234 234 234 234 234 234 235 235 235 235 235 235 235 236 236 236 236 236 236 237 237 237 237 237 237 237 238 238 238 238 238 238 239 239 239 239 239 239 239 240 240 240 240 240 240 240 240 240 241 241 241 241 241 241 241 242 242 242 242 242 242 242 243 243 243 243 243 243 243 243 244 243 243 244 244 244 244 244 244 244 245 245 245 245 245 246 246 246 246 246 245 246 246 246 246 246 246 246 245 246 246 246 246 247 247 247 247 247 247 247 247 247 247 247 247 248 248 248 248 249 249 249 249 249 249 249 250 250 250 250 251 250 250 251 251 251 251 251 251 251 251 251 251 252 251 251 251 251 251 251 251 251 252 252 253 253 254 254 254 255 255 255 255 256 256 256 256 256 256 256 257 257 257 257 257 257 257 257 257 257 257 257 257 257 257 257 257 258 258 257 257 258 258 258 199 199 199 200 200 201 202 202 202 202 201 202 203 203 203 203 203 203 203 203 204 204 204 205 204 205 204 205 205 205 206 206 206 206 206 206 206 206 206 207 207 207 207 208 208 208 208 208 209 209 209 210 210 209 209 209 210 210 210 210 210 211 211 211 211 211 211 211 211 211 212 212 212 212 212 212 213 213 213 213 213 214 214 214 214 214 215 215 215 215 215 216 216 216 216 216 216 216 217 217 217 217 217 217 218 218 218 218 218 218 218 219 219 219 219 219 219 219 220 220 220 220 220 220 220 220 221 221 221 221 221 221 221 222 222 222 222 222 222 222 222 223 223 223 223 223 223 224 224 224 224 224 224 224 224 225 225 225 225 225 225 226 226 226 226 226 226 226 226 226 227 227 227 227 227 227 227 227 227 227 228 228 228 228 228 228 228 229 229 229 229 229 230 230 230 230 230 230 230 231 231 231 231 234 234 234 234 234 234 234 235 235 235 235 235 235 235 235 236 236 236 236 236 236 237 237 237 237 237 237 237 238 238 238 238 238 238 239 239 239 239 239 239 239 240 240 240 240 240 240 240 240 241 241 241 241 241 241 241 241 242 242 242 242 242 242 242 242 243 243 243 243 243 243 244 244 244 243 244 244 244 244 245 245 244 245 245 246 245 246 246 246 246 246 246 246 246 246 246 247 247 246 246 245 246 246 246 246 246 247 247 247 247 247 247 247 247 248 248 248 248 249 248 248 249 249 249 249 249 249 250 250 250 250 251 251 251 251 251 251 251 251 251 251 251 251 251 251 251 251 251 251 251 251 251 251 251 251 251 251 252 252 252 252 252 253 253 253 254 254 255 255 255 255 255 256 256 256 256 256 256 256 256 257 257 257 257 257 257 257 257 256 257 257 257 257 257 257 199 199 199 200 200 200 201 202 202 202 202 202 202 203 203 203 203 203 203 203 204 204 204 205 205 205 205 205 205 205 206 206 206 206 206 206 206 206 206 207 207 207 207 208 208 208 208 208 208 209 209 209 210 209 209 209 209 210 210 210 210 211 211 211 211 211 211 212 211 212 212 212 212 212 212 212 213 213 213 213 213 213 214 214 214 215 215 215 215 215 215 216 216 216 216 216 216 216 217 217 217 217 217 217 218 218 218 218 218 218 218 218 219 219 219 219 219 220 220 220 220 220 220 220 220 221 221 221 221 221 221 221 221 221 222 222 222 222 222 223 223 223 223 223 223 223 223 224 224 224 224 224 225 224 225 225 225 225 225 225 225 225 226 226 226 226 226 226 226 227 227 227 227 227 227 227 227 227 227 227 228 228 228 228 228 228 228 229 229 229 229 230 230 230 230 230 230 230 230 231 231 231 231 234 234 234 234 234 234 234 235 235 235 235 235 235 235 236 236 236 236 236 236 237 237 237 237 237 237 237 237 238 238 238 238 238 238 239 239 239 239 239 239 239 240 240 240 240 240 240 240 240 241 241 241 241 241 241 241 241 241 242 242 242 242 242 242 243 243 243 243 243 243 243 244 244 244 244 244 244 244 244 244 245 245 245 245 245 246 246 246 246 246 246 246 246 246 246 246 246 246 247 246 245 246 246 246 246 246 247 247 247 247 247 247 247 247 248 248 248 248 249 248 248 248 249 249 249 250 250 250 250 250 250 251 251 251 251 251 251 252 252 252 252 252 251 251 251 251 251 251 252 252 251 251 251 251 251 252 252 252 252 253 252 252 253 253 253 254 254 255 255 255 255 255 255 256 256 256 256 256 256 256 257 256 256 257 257 257 257 257 257 257 257 257 257 257 257 199 199 200 200 200 200 200 201 201 202 202 202 202 203 203 203 203 203 203 203 204 204 204 205 205 205 205 205 205 205 206 206 206 206 206 206 206 206 206 207 207 207 207 208 208 208 208 208 209 209 209 209 209 209 209 210 209 210 210 210 210 211 211 211 211 211 212 212 212 212 212 212 212 212 212 213 213 213 213 213 213 214 214 214 215 215 215 215 215 215 215 216 216 216 216 216 216 217 217 217 217 217 217 217 218 218 218 218 218 218 218 218 219 219 219 219 219 220 220 220 220 220 220 220 220 221 221 221 221 221 221 221 221 221 222 222 222 222 222 223 223 223 223 223 223 223 223 223 224 224 224 224 224 224 224 224 225 225 225 225 225 225 226 226 226 226 226 226 226 226 227 226 227 227 227 227 227 227 227 228 228 228 228 228 228 228 229 229 229 229 229 230 230 230 230 230 230 230 230 231 231 231 231 234 234 234 234 234 234 235 235 235 235 235 235 235 235 236 236 236 236 236 236 237 237 237 237 237 237 237 237 238 238 238 238 238 239 239 239 239 239 239 239 239 240 240 240 240 240 240 240 241 241 241 241 241 241 241 241 241 241 242 242 242 242 242 242 243 243 243 243 243 243 244 244 244 244 244 244 244 244 244 244 245 245 245 245 245 245 246 246 246 246 246 246 246 246 246 246 246 246 246 247 246 246 246 246 246 246 247 247 247 247 247 247 247 248 248 248 248 249 249 249 248 248 248 249 249 250 250 250 250 250 251 251 251 251 251 251 251 252 252 252 252 252 252 252 252 252 251 251 251 251 251 251 251 252 252 252 252 252 252 252 252 253 253 253 253 254 254 255 255 255 255 255 255 256 256 256 256 256 256 257 257 257 257 257 257 257 257 257 257 257 257 257 257 257 257 258 199 199 200 200 200 200 200 201 201 201 202 202 202 202 203 203 204 204 203 203 204 204 205 205 205 205 205 205 205 206 206 206 206 206 206 206 206 206 207 207 207 207 207 207 208 208 208 208 208 209 209 209 209 209 210 210 210 210 210 210 210 210 211 211 211 211 212 212 212 212 212 212 213 213 213 213 213 213 213 213 214 214 214 214 215 215 215 215 215 215 215 216 216 216 216 216 216 217 217 217 217 217 217 217 218 218 218 218 218 218 218 218 219 219 219 219 219 220 220 220 220 220 220 220 221 221 221 221 221 221 221 221 221 222 222 222 222 222 222 223 222 222 223 223 223 223 223 223 224 224 224 224 224 224 224 225 225 225 225 225 225 225 226 226 226 226 226 226 226 227 227 226 227 227 227 227 227 227 228 228 228 228 228 228 228 228 229 229 229 229 229 230 230 230 230 230 230 230 230 231 231 231 231 234 234 234 234 234 234 235 235 235 235 235 235 235 235 236 236 236 236 236 237 237 237 237 237 237 237 237 237 238 238 238 238 238 239 239 239 239 239 239 239 240 240 240 240 240 240 240 240 240 241 241 241 241 241 241 241 241 241 242 242 242 242 242 242 243 243 243 243 243 244 244 244 244 244 244 244 244 244 244 244 245 245 245 245 245 245 245 246 246 246 246 246 246 246 246 246 246 247 247 247 246 246 246 246 246 246 246 246 246 247 247 247 247 248 248 248 249 249 249 249 248 248 248 248 249 249 250 250 250 251 251 251 251 251 251 251 251 252 252 252 252 252 252 252 251 251 251 251 251 252 252 252 252 252 252 252 252 252 253 253 252 253 253 253 253 254 254 255 255 255 255 255 255 255 255 256 256 256 256 257 257 257 257 257 256 257 257 257 257 257 257 257 257 257 257 257 199 199 200 200 200 200 201 201 201 202 202 202 203 203 203 204 203 203 204 204 204 204 205 205 205 205 205 205 205 206 206 206 206 206 206 206 206 206 207 207 207 207 208 208 208 208 208 208 209 209 209 209 209 209 210 210 210 210 210 210 210 211 211 211 211 212 212 212 212 213 213 213 213 213 213 213 214 214 214 214 214 214 215 215 215 215 215 215 215 215 216 216 216 216 216 216 217 217 217 217 217 217 217 218 218 218 218 218 218 219 219 219 219 219 219 219 220 220 220 220 220 220 220 221 221 221 221 221 221 221 221 222 222 222 222 222 222 222 223 222 222 222 223 223 223 223 224 224 224 224 224 224 224 224 225 225 225 225 225 225 225 226 226 226 226 226 226 226 226 226 226 227 227 227 227 227 227 228 228 228 228 228 228 228 228 229 229 229 229 229 230 230 230 230 230 230 231 231 231 231 231 231 233 234 234 234 234 234 235 235 235 235 235 235 235 235 236 236 236 236 236 236 237 237 237 237 237 237 237 237 238 238 238 238 238 239 239 239 239 239 239 239 240 240 240 240 240 240 240 240 241 241 241 241 241 241 241 241 241 241 242 242 242 242 242 242 243 243 243 243 244 244 244 244 244 244 244 244 244 244 244 245 245 245 245 245 245 245 245 246 246 246 246 247 247 247 246 246 247 247 247 247 246 246 246 246 246 247 246 246 247 247 248 247 247 247 248 248 248 248 249 249 249 248 248 249 249 250 250 250 250 251 251 251 251 250 251 251 251 252 251 252 252 252 252 252 252 252 252 252 252 252 252 252 252 252 252 252 252 253 253 252 252 253 253 253 254 254 255 255 255 255 255 255 255 255 255 255 256 256 256 257 257 257 257 257 256 257 257 257 257 257 257 258 257 257 257 257 258 199 200 200 200 200 201 201 201 201 201 202 202 202 203 203 204 204 204 204 204 204 204 205 205 205 205 205 205 206 206 206 206 206 206 206 206 206 207 207 207 207 207 208 208 208 208 208 208 209 209 209 209 209 210 210 210 210 210 210 210 210 211 211 211 211 212 212 212 212 213 213 213 213 213 213 213 214 214 214 214 214 214 214 215 215 215 215 215 215 215 216 216 216 216 216 216 217 217 217 217 217 217 217 217 218 218 218 218 218 219 219 219 219 219 219 219 219 220 220 220 220 220 220 221 221 221 221 221 221 221 221 222 222 222 222 222 222 222 223 222 222 222 223 223 223 224 224 224 224 224 224 224 224 224 224 225 225 225 225 225 225 226 226 226 226 226 226 226 226 226 227 227 227 227 227 227 228 228 228 228 228 228 228 228 229 229 229 229 229 229 230 230 230 230 230 230 231 231 231 231 231 231 233 234 234 234 234 234 235 235 235 235 235 235 235 235 236 236 236 236 236 237 237 237 237 237 237 237 237 237 238 238 238 238 238 239 239 239 239 239 239 239 240 240 240 240 240 240 240 240 241 241 241 241 241 241 241 241 241 241 242 242 242 242 242 242 243 243 243 243 243 243 244 244 244 244 244 244 244 244 245 245 245 245 245 245 245 245 245 246 246 246 246 247 247 247 247 246 247 247 247 247 246 246 247 247 246 247 246 247 247 247 248 248 247 247 248 248 248 248 249 249 249 249 248 248 249 249 250 250 250 251 250 250 250 251 251 252 252 251 251 251 252 252 252 253 252 252 252 252 252 252 252 252 252 252 252 253 253 252 252 253 252 253 253 253 254 254 255 255 255 255 255 255 255 255 255 256 256 256 256 256 257 256 257 257 256 257 257 257 257 257 258 258 258 257 257 258 258 258 199 200 200 200 200 201 201 201 201 201 202 202 202 202 203 203 203 204 204 204 203 204 205 205 205 205 205 205 205 206 206 206 206 206 206 206 206 207 207 207 207 208 208 208 208 208 208 208 209 209 209 209 209 210 210 210 210 210 210 210 210 211 211 211 211 212 212 212 212 213 213 213 213 213 213 213 213 214 214 214 214 214 214 215 215 215 215 215 215 215 216 216 216 216 216 216 216 217 217 217 217 217 217 217 218 218 218 218 218 219 219 219 219 219 219 219 220 220 220 220 220 220 221 221 221 221 221 221 221 221 222 222 222 222 222 222 222 222 223 223 223 223 223 223 223 224 224 224 224 224 224 224 224 224 224 225 225 225 225 225 225 225 226 226 226 226 226 226 226 226 227 227 227 227 227 227 228 228 228 228 228 228 228 229 229 229 229 229 229 229 230 230 230 230 230 230 231 231 231 231 231 231 233 234 234 234 234 234 235 235 235 235 235 235 235 235 236 236 236 236 237 237 237 237 237 237 237 237 237 237 238 238 238 238 239 239 239 239 239 239 239 240 240 240 240 240 240 240 240 240 241 241 241 241 241 241 241 241 241 242 242 242 242 242 242 242 243 243 243 243 243 243 244 244 244 244 244 244 244 244 245 245 245 245 245 245 245 245 246 246 246 246 246 247 247 247 247 247 247 247 247 248 246 247 247 246 247 247 247 247 247 247 248 248 248 248 248 249 249 248 248 249 249 249 248 248 249 249 249 250 250 251 250 250 250 251 251 252 252 251 251 251 252 252 252 253 253 253 253 252 253 253 252 253 253 253 253 253 253 253 253 253 253 253 254 254 254 254 255 255 255 255 255 255 255 256 256 256 256 256 256 256 257 256 257 257 257 256 257 257 257 257 258 258 258 257 257 258 258 258 258 199 199 200 200 200 200 200 201 201 201 202 202 202 202 202 203 204 204 203 203 203 204 204 205 205 205 205 205 205 205 206 206 206 206 206 206 206 206 207 207 207 207 208 208 208 208 208 208 208 209 209 209 209 209 209 210 210 210 210 210 210 210 210 211 211 211 212 212 212 212 212 213 213 213 213 213 213 214 214 214 214 214 214 214 214 214 215 215 215 215 215 216 216 216 216 216 216 217 217 217 217 217 217 217 218 218 218 218 218 218 219 219 219 219 219 219 219 220 220 220 220 220 220 221 221 221 221 221 221 221 221 222 222 222 222 222 222 222 222 222 223 223 223 223 223 223 224 224 224 224 224 224 224 224 224 224 224 225 225 225 225 225 225 226 226 226 226 226 226 227 227 227 227 227 227 227 228 228 228 228 228 228 228 228 229 229 229 229 229 229 229 229 230 230 230 230 230 231 231 231 231 231 231 233 234 234 234 234 234 235 235 235 235 235 235 235 235 236 236 236 236 237 237 237 237 237 237 237 237 237 237 238 238 238 238 239 239 239 239 239 239 239 240 240 240 240 240 240 240 240 241 241 241 241 241 241 241 241 241 242 242 242 242 242 242 242 243 243 243 243 243 243 244 244 244 244 244 244 244 244 244 244 245 245 245 245 245 245 246 246 246 246 246 247 247 247 247 247 247 247 247 247 248 246 247 247 247 247 247 247 247 247 247 248 248 248 248 248 248 249 249 248 249 249 249 248 248 249 249 250 250 250 250 250 249 250 251 251 251 251 251 251 252 252 252 253 253 253 253 253 253 253 253 252 252 252 253 253 253 253 253 253 253 252 253 253 253 254 254 255 255 255 256 255 256 256 256 256 256 256 256 256 256 256 256 256 257 256 257 257 257 257 258 258 258 258 257 257 258 258 258 258 258 198 199 199 199 199 200 200 200 200 200 201 201 201 201 202 202 203 203 203 204 204 204 204 204 204 205 205 205 205 205 205 205 206 205 206 206 206 206 206 206 207 207 207 207 208 208 208 208 208 208 208 208 209 209 209 209 209 209 210 210 210 211 211 211 211 211 211 212 212 212 212 212 212 213 213 213 213 213 213 214 214 214 214 214 214 214 214 214 214 215 215 215 215 215 216 216 216 216 216 216 216 217 217 217 217 217 218 218 218 218 218 218 219 219 219 219 219 219 219 220 220 220 220 220 220 221 221 221 221 221 221 221 221 222 222 222 222 222 222 222 222 222 222 223 223 223 223 223 223 223 223 224 224 224 224 224 224 224 224 224 225 225 225 225 225 225 226 226 226 226 226 226 227 227 227 227 227 227 227 228 228 228 228 228 228 229 229 229 229 229 229 229 229 230 230 230 230 230 230 231 231 231 231 231 231 234 234 234 234 234 235 235 235 235 235 235 235 235 235 236 236 236 236 237 237 237 237 237 237 237 237 237 237 238 238 238 238 239 239 239 239 239 239 239 240 240 240 240 240 240 240 240 241 241 241 241 241 241 241 241 241 242 242 242 242 242 242 242 242 243 243 243 243 243 243 244 244 244 244 244 244 244 244 245 245 245 245 245 245 246 246 246 246 246 246 246 247 247 247 247 247 247 247 247 247 246 246 247 247 247 247 247 247 247 247 248 248 248 248 248 248 248 249 249 249 249 249 249 249 249 249 249 250 250 250 250 250 251 251 251 251 251 251 252 252 252 252 253 252 253 253 253 253 253 253 253 252 252 252 253 253 253 253 253 253 253 253 254 254 254 254 255 255 255 256 256 256 256 256 256 256 256 256 256 256 256 257 257 257 256 257 257 257 257 257 257 257 257 258 258 258 258 258 258 258 198 198 198 198 199 199 199 199 199 200 201 201 201 201 201 202 202 202 203 203 204 204 204 204 204 204 204 204 205 205 205 205 205 205 205 206 206 206 206 206 206 206 207 207 207 207 207 208 208 208 208 208 208 208 208 209 209 209 209 209 210 210 210 211 211 211 211 211 212 212 212 212 212 212 212 213 213 213 213 213 213 214 214 214 214 214 214 214 214 214 215 215 215 215 215 215 216 216 216 216 216 217 216 217 217 217 217 217 218 218 218 218 218 218 218 219 219 219 219 219 220 220 220 220 220 220 220 221 221 221 221 221 221 221 222 222 222 222 222 222 222 222 223 223 223 223 223 223 223 223 223 223 223 224 224 224 224 224 225 225 225 225 225 225 225 225 225 226 226 226 226 226 227 227 227 227 227 227 227 227 228 228 228 228 228 228 228 229 229 229 229 229 229 229 229 230 230 230 230 230 230 231 231 231 231 231 231 234 234 234 234 234 235 235 235 235 235 235 235 235 236 236 236 236 236 237 237 237 237 237 237 237 237 238 237 238 238 238 238 239 239 239 239 239 239 240 240 240 240 240 240 240 240 240 241 241 241 241 241 241 241 241 241 242 242 242 242 242 242 242 242 243 243 243 243 243 243 244 244 244 244 244 244 244 244 245 245 245 245 245 245 245 245 246 246 246 246 247 247 247 247 247 247 247 247 247 247 246 247 247 246 247 247 247 247 247 247 247 248 248 248 248 249 248 248 249 250 249 250 249 249 249 249 249 250 250 250 251 251 251 251 251 251 251 251 252 252 252 252 253 253 252 253 253 253 253 253 253 253 252 253 253 253 253 253 253 253 253 253 254 254 254 254 255 255 256 256 256 256 256 256 256 256 256 256 257 257 257 257 257 257 257 257 257 257 257 257 257 258 258 258 258 258 258 258 258 258 198 198 199 199 199 199 199 199 200 200 200 201 201 201 202 202 202 202 203 203 203 203 203 204 204 204 204 204 204 204 205 205 206 206 206 206 206 206 206 206 206 207 207 207 207 207 207 208 208 208 208 208 209 209 209 209 209 209 209 209 210 210 210 210 211 211 211 211 212 212 212 212 212 213 213 213 213 213 213 213 213 213 214 214 214 214 214 214 215 215 215 215 215 215 215 215 216 216 216 216 216 216 217 217 217 217 217 217 218 218 218 218 218 218 218 219 219 219 219 219 220 220 220 220 220 220 220 221 221 221 221 221 221 221 221 222 222 222 222 222 222 222 222 223 223 223 223 223 223 223 224 224 224 224 224 224 224 224 224 225 225 225 225 225 225 225 225 226 226 226 226 226 227 227 227 227 227 227 227 227 228 228 228 228 228 228 229 229 229 229 229 229 229 229 230 230 230 230 230 230 230 231 231 231 231 231 231 234 234 234 234 234 235 235 235 235 235 235 235 236 236 236 236 236 236 236 237 237 237 237 237 237 238 238 238 238 238 238 238 239 239 239 239 239 239 240 240 240 240 240 240 240 240 240 241 241 241 241 241 241 241 241 241 242 242 242 242 242 242 243 243 243 243 243 243 243 243 244 244 244 244 244 244 244 245 245 245 245 245 245 245 245 246 246 246 246 246 247 247 247 247 247 247 247 247 247 247 247 246 246 246 247 247 247 247 248 248 247 247 248 248 248 249 249 248 249 250 250 249 250 250 250 249 249 250 250 250 251 251 251 251 252 252 251 251 251 252 252 252 253 253 252 253 252 252 253 253 253 253 253 253 253 253 253 253 253 253 252 253 254 254 254 254 255 255 256 256 256 256 256 256 256 256 256 256 256 256 257 257 257 257 257 257 257 257 257 257 258 258 258 258 258 258 258 258 259 259 258 198 199 199 199 199 199 199 200 200 200 200 200 201 201 202 202 203 203 203 203 203 203 203 203 203 204 204 204 204 204 205 205 205 206 206 206 206 206 206 206 206 207 207 207 207 207 207 208 208 208 208 209 208 208 209 209 209 209 209 209 210 210 210 211 211 211 211 211 211 212 212 212 213 213 213 213 213 213 213 214 214 214 214 214 214 214 214 215 215 215 215 215 215 215 216 216 216 216 216 216 216 217 217 217 217 217 217 218 218 218 218 218 218 218 218 218 219 219 219 220 220 220 220 220 220 220 220 220 221 221 221 221 221 221 221 221 222 222 222 222 222 222 223 223 223 223 223 223 223 224 224 224 224 224 224 224 224 224 224 225 225 225 225 225 225 225 225 226 226 226 226 226 226 227 227 227 227 227 227 228 228 228 228 228 228 228 229 229 229 229 229 229 229 229 230 230 230 230 230 230 230 231 231 231 231 231 231 234 234 234 234 234 235 235 235 235 235 235 236 236 236 236 236 236 236 237 237 237 237 237 237 238 238 238 238 238 238 238 239 239 239 239 239 239 239 240 240 240 240 240 240 240 240 240 241 241 241 241 241 241 241 241 241 242 242 242 242 242 243 243 243 243 243 243 243 243 244 244 244 244 244 244 245 245 245 245 245 245 245 245 245 245 246 246 246 246 246 247 247 247 247 247 247 247 247 247 247 247 247 246 246 246 247 247 248 248 248 248 247 248 248 248 249 249 249 249 250 250 250 250 250 250 250 250 249 250 250 251 251 251 251 252 252 252 251 251 252 252 252 252 252 252 252 252 252 253 253 253 253 253 253 253 253 253 253 253 253 253 253 254 254 254 254 255 255 256 256 256 256 256 256 256 256 256 256 256 257 257 256 257 257 257 257 257 257 257 258 258 258 258 258 258 258 258 258 259 259 258 197 197 198 198 199 199 200 200 200 200 200 201 201 201 201 202 202 202 203 203 203 203 203 203 203 203 203 204 204 204 204 205 205 205 205 205 206 206 206 206 206 207 207 207 207 207 207 207 208 208 208 208 208 208 209 209 209 209 209 209 209 210 210 210 210 210 211 211 211 211 212 212 212 213 213 213 213 213 213 213 214 214 214 214 214 214 215 215 215 215 215 215 215 216 216 216 216 216 216 217 217 217 217 217 217 217 217 218 218 218 218 218 219 219 219 219 218 219 219 219 219 220 220 220 220 220 220 220 221 221 221 221 221 221 221 221 221 222 222 222 222 222 222 223 223 223 223 224 224 224 224 224 224 224 224 224 224 224 224 224 225 225 225 225 225 225 226 226 226 226 226 226 226 226 227 227 227 227 227 227 228 228 228 228 228 228 228 228 229 229 229 229 229 229 230 230 230 230 230 230 230 231 231 231 231 231 231 231 234 234 234 234 234 235 235 235 235 235 235 236 236 236 236 236 236 236 237 237 237 237 237 237 238 237 238 238 238 238 238 239 239 239 239 239 239 240 240 240 240 240 240 240 240 240 240 241 241 241 241 241 241 241 242 242 242 242 242 242 242 243 243 243 243 243 243 243 243 244 244 244 244 244 244 245 245 245 245 245 245 245 245 245 246 246 246 246 246 246 247 247 247 247 247 247 247 247 247 247 247 247 247 247 247 247 248 248 248 247 247 247 248 248 249 249 249 249 249 250 250 250 250 250 250 250 250 250 250 250 251 251 251 251 252 252 252 252 251 252 252 252 252 252 252 252 252 253 253 253 253 253 254 253 253 253 254 254 254 253 253 253 253 253 254 254 255 255 256 256 256 256 256 256 256 256 256 256 257 257 257 257 257 257 257 257 257 257 258 258 258 258 258 258 258 258 258 258 258 259 258 197 198 199 199 200 200 200 201 201 201 201 201 202 202 202 202 203 203 203 203 203 203 203 203 203 204 204 204 204 204 204 205 205 205 205 206 206 207 207 207 207 207 207 207 207 207 208 208 208 208 208 208 209 209 209 209 209 209 209 209 210 210 210 210 211 211 211 211 212 212 212 212 213 213 213 213 213 213 214 214 214 214 214 214 215 215 215 215 215 215 215 215 216 216 216 216 216 216 216 217 217 217 217 217 217 218 218 218 218 218 219 219 219 218 219 219 219 219 219 220 220 220 220 220 220 220 221 221 221 221 221 221 221 221 222 222 222 222 222 222 222 223 223 223 223 224 224 223 224 224 224 224 224 224 224 224 224 225 225 225 225 225 226 226 226 226 226 226 226 226 226 226 227 227 227 227 227 227 227 228 228 228 228 228 228 229 229 229 229 229 229 230 230 230 230 230 230 230 230 231 231 231 231 231 231 231 234 234 234 234 234 235 235 235 235 235 235 236 236 236 236 236 236 236 236 237 237 237 237 237 237 237 238 238 238 238 239 239 239 239 239 239 239 240 240 240 240 240 240 240 240 240 240 241 241 241 241 241 241 241 242 242 242 242 242 242 242 243 243 243 243 243 243 243 243 244 244 244 244 244 244 245 245 245 245 245 245 245 245 245 246 246 247 246 246 247 246 247 248 248 248 248 248 247 247 247 246 247 247 247 247 247 248 248 247 247 247 248 248 248 248 249 249 250 250 250 250 249 249 250 250 250 250 250 250 250 251 251 251 251 251 252 252 252 251 252 252 252 252 252 252 252 253 253 253 253 253 253 253 253 253 254 253 253 253 253 253 253 254 254 254 254 255 255 255 256 256 256 256 256 256 256 256 256 257 257 257 257 257 257 257 257 257 258 258 258 258 258 258 258 258 258 258 258 259 259 258 258 197 198 198 199 199 199 200 200 201 201 201 201 201 202 202 202 202 202 203 203 204 204 203 203 203 203 204 204 204 204 204 204 205 205 206 206 206 207 206 206 207 207 207 207 207 208 208 208 208 208 208 208 208 209 209 209 209 209 210 210 210 210 210 210 210 211 211 211 211 211 212 212 212 212 213 213 213 213 213 213 214 214 214 214 214 215 215 215 215 215 215 215 215 215 216 216 216 216 216 216 216 217 217 217 217 217 218 218 218 218 218 219 218 219 219 219 219 219 219 219 220 220 220 220 220 220 220 221 221 221 221 221 221 222 222 222 222 222 222 222 222 223 223 223 223 224 224 223 224 224 224 224 224 224 224 224 224 224 224 225 225 225 225 225 226 226 226 226 226 226 227 227 227 226 227 227 227 227 227 228 228 228 228 228 228 229 229 229 229 229 229 229 230 230 230 230 230 230 230 230 231 231 231 231 231 231 232 234 234 234 234 234 235 235 235 235 235 236 236 236 236 236 236 236 236 236 237 237 237 237 237 237 238 238 238 238 238 239 239 239 239 239 239 239 240 240 240 240 240 240 240 240 240 240 241 241 241 241 241 241 242 242 242 242 242 242 242 242 243 243 243 243 243 243 243 243 244 244 244 244 244 244 245 245 245 245 245 245 245 245 245 245 246 246 247 247 247 247 246 247 247 248 248 248 248 247 247 247 248 247 247 247 248 248 248 248 248 248 248 248 248 248 248 249 249 250 250 249 249 249 249 250 250 251 251 251 250 251 251 251 251 251 252 252 252 252 252 252 252 252 252 252 252 252 253 253 253 253 253 253 254 254 254 254 254 254 254 253 253 254 254 254 254 255 255 255 256 256 256 256 256 256 256 256 256 257 257 257 257 257 257 257 257 257 258 258 258 258 258 258 258 259 258 258 258 259 259 258 258 198 198 198 199 199 200 199 200 200 200 201 201 201 201 202 202 202 203 203 203 204 204 203 203 204 204 205 204 204 205 204 205 205 205 206 206 207 207 207 207 207 207 207 207 207 208 208 208 208 208 208 209 209 209 209 209 209 209 210 210 210 210 210 211 211 211 211 211 211 212 212 212 212 213 213 213 213 213 213 213 214 214 214 214 214 215 215 215 215 215 215 215 216 216 216 216 216 216 217 217 217 217 217 217 218 218 218 218 218 218 218 218 219 219 219 219 219 219 219 219 220 220 220 220 220 220 220 221 221 221 221 221 222 222 222 222 222 222 222 223 223 223 223 223 224 224 224 224 224 224 224 224 224 224 224 224 224 225 225 225 225 225 225 225 226 226 226 226 226 227 227 227 226 227 227 227 227 227 228 228 228 228 228 228 229 229 229 229 229 229 230 230 230 230 230 230 230 230 230 230 231 231 231 231 232 232 234 234 234 234 235 235 235 235 235 235 235 236 236 236 236 236 236 236 237 237 237 237 237 237 238 238 238 238 238 238 239 239 239 239 239 239 240 240 240 240 240 240 240 240 240 240 241 241 241 241 241 241 241 242 242 242 242 242 242 242 242 243 243 243 243 243 243 243 243 244 244 244 244 244 244 245 245 245 245 245 245 245 245 246 246 246 246 247 247 247 247 247 247 247 247 248 248 248 248 248 247 248 248 248 248 248 248 248 248 248 248 248 248 248 249 248 248 249 249 250 249 249 249 250 250 250 250 250 250 251 251 251 251 251 252 252 252 252 252 252 252 252 252 252 252 252 252 252 253 253 253 253 254 253 254 254 254 254 254 254 253 253 254 254 254 254 255 255 256 256 256 256 256 256 256 257 256 257 257 257 257 257 257 257 257 257 258 258 258 258 258 258 258 259 258 258 258 258 259 259 258 258 258 198 199 200 199 199 199 200 200 201 201 202 202 202 202 202 203 203 203 203 204 204 204 204 205 205 205 205 206 205 205 205 205 205 206 207 207 207 207 207 207 207 207 207 208 208 208 208 208 209 209 209 209 209 209 209 209 209 210 210 210 210 210 211 211 211 211 212 212 212 212 212 213 213 213 213 213 213 213 213 214 214 214 214 215 215 215 215 215 215 215 216 216 216 216 216 217 217 217 217 217 217 217 218 218 218 218 218 218 218 218 219 219 219 219 219 219 219 219 220 220 220 220 220 220 221 221 221 221 221 221 221 222 222 222 222 222 223 223 223 223 223 223 224 224 224 224 224 224 224 224 224 224 224 224 224 224 225 225 225 225 225 225 225 225 226 226 226 226 227 227 227 227 227 227 227 227 228 228 228 228 228 228 229 229 229 229 229 229 230 230 230 230 230 230 230 230 230 230 231 231 231 231 232 232 234 234 234 235 235 235 235 235 235 235 235 235 236 236 236 236 236 236 237 237 237 237 237 237 237 238 238 238 238 238 238 239 239 239 239 239 240 240 240 240 240 240 240 240 240 240 240 241 241 241 241 241 241 242 242 242 242 242 242 243 243 243 243 243 243 243 243 243 243 244 244 244 244 244 245 245 245 245 245 245 245 245 245 246 246 247 246 247 247 247 247 247 247 247 248 247 247 248 248 249 248 248 248 248 248 248 248 248 249 249 248 249 248 248 249 249 249 249 250 250 249 250 250 250 250 250 250 250 251 251 251 251 251 252 252 252 252 253 252 253 253 253 252 252 252 252 252 252 252 253 253 253 254 253 253 254 254 254 254 254 253 253 254 254 254 255 255 255 256 256 256 256 256 256 256 256 256 257 257 257 257 257 257 257 257 258 258 258 258 258 258 258 258 259 259 259 258 259 259 259 258 258 258 258 198 199 199 199 199 199 200 200 200 201 202 202 202 202 202 202 202 203 204 204 204 204 204 205 205 205 205 206 206 206 206 206 205 206 206 207 207 207 207 207 207 207 207 208 208 208 208 208 208 209 209 209 209 210 209 209 209 210 210 210 210 210 210 211 211 211 211 212 212 212 212 213 213 213 213 213 213 213 213 214 214 214 215 215 215 215 215 215 215 216 216 216 216 216 216 216 217 217 217 217 217 217 217 218 218 218 218 218 218 218 219 219 219 219 219 219 219 220 220 220 220 220 220 220 221 221 221 221 221 221 221 222 222 222 222 222 223 223 223 223 223 223 223 224 224 224 224 224 224 225 225 225 225 225 224 224 225 225 225 225 225 225 226 225 225 226 226 226 226 227 227 227 228 228 227 227 228 228 228 228 228 228 229 229 229 229 229 229 230 230 230 230 230 230 230 230 231 231 231 231 231 231 232 232 234 234 234 235 235 235 235 235 235 235 235 236 236 236 236 236 236 237 237 237 237 237 237 237 237 238 238 238 238 238 238 239 239 239 239 239 240 240 240 240 240 240 240 241 241 240 240 241 241 241 241 241 242 242 242 242 242 242 242 243 243 243 243 243 243 243 243 243 244 244 244 244 244 244 245 245 245 245 245 245 245 245 245 245 246 246 247 247 247 247 247 247 248 248 248 247 248 248 248 249 248 248 248 248 248 248 248 248 249 249 249 249 249 249 249 250 249 250 250 250 250 250 250 250 251 251 250 250 251 252 251 251 251 252 252 253 253 253 253 253 253 253 252 252 252 252 252 252 253 252 252 253 253 254 253 253 253 253 253 253 253 254 254 254 254 255 255 256 256 256 256 256 256 256 256 256 256 257 257 257 257 257 257 257 258 258 258 258 258 258 258 258 259 259 259 259 258 259 259 259 258 258 258 258 258 198 198 199 199 199 200 200 200 200 201 201 202 202 202 202 202 202 203 203 204 204 204 204 204 204 205 205 205 206 206 207 206 206 206 206 207 207 207 207 207 207 207 207 208 208 208 208 208 208 209 209 209 209 209 209 209 210 210 210 210 210 210 211 211 211 211 211 212 212 212 212 213 213 213 213 213 213 213 213 213 214 214 214 215 215 215 215 215 216 216 216 216 216 216 216 216 217 217 217 217 217 217 217 218 218 218 218 218 218 218 218 218 219 219 219 219 220 220 220 220 220 220 220 221 221 221 221 221 221 221 221 222 222 222 222 222 222 223 223 223 223 223 223 224 224 224 224 224 224 224 225 225 225 225 225 225 225 225 225 225 226 226 226 226 226 226 226 226 226 227 227 227 227 228 228 228 228 228 228 228 228 229 229 229 229 229 229 229 229 230 230 230 230 230 230 230 231 231 231 231 231 232 232 232 234 234 234 235 235 235 235 235 235 235 236 236 236 236 236 236 236 237 237 237 237 237 237 237 238 238 238 238 238 238 238 239 239 239 239 240 240 240 240 240 240 240 241 241 241 241 240 241 241 241 241 242 242 242 242 242 242 242 242 242 243 243 243 243 243 243 243 243 244 244 244 244 244 244 245 245 245 245 245 245 245 245 245 246 246 246 247 247 247 247 247 247 247 247 247 248 248 248 248 249 247 247 248 248 248 248 248 248 249 249 249 249 250 250 250 250 250 250 250 250 250 250 251 251 251 251 251 250 251 251 252 252 251 252 252 252 253 253 253 253 253 253 252 252 253 253 252 252 253 253 252 252 253 253 254 254 254 253 254 254 254 254 254 254 254 255 255 256 256 256 256 256 256 256 256 256 257 257 257 257 257 257 257 257 258 258 258 258 258 258 258 259 259 259 259 259 259 259 259 259 258 258 258 258 258 259 198 199 200 200 200 200 201 201 201 201 202 202 201 201 202 203 203 203 203 203 203 204 204 204 204 204 205 206 206 206 207 207 207 207 207 207 206 206 207 207 207 208 208 208 208 208 208 209 209 209 209 209 210 209 209 210 210 210 210 211 211 211 211 211 211 212 212 212 212 212 213 213 213 213 213 213 213 214 214 214 214 214 215 215 215 215 215 216 216 216 216 216 216 216 216 216 217 217 217 217 217 217 218 218 218 218 218 218 218 218 219 219 219 219 219 220 220 220 220 220 221 221 221 221 221 221 221 221 221 221 222 222 222 222 222 222 223 223 223 223 223 223 224 224 224 224 224 224 224 225 225 225 225 225 225 225 225 225 226 226 226 226 226 226 226 226 226 226 226 226 227 227 227 227 228 228 228 228 228 228 229 229 229 229 229 229 229 229 230 230 230 230 230 231 231 231 231 231 231 231 232 232 232 234 234 234 235 235 235 235 235 235 236 236 236 236 236 236 236 236 237 237 237 237 237 237 238 238 238 238 238 238 238 238 239 239 239 239 240 240 240 240 240 240 240 241 241 241 241 241 241 241 241 242 242 242 242 242 242 242 242 242 242 243 243 243 243 243 243 243 244 244 244 244 244 244 244 245 245 245 245 245 245 245 245 245 245 246 246 246 247 247 246 246 247 247 247 247 248 248 248 248 248 247 248 248 248 248 248 248 248 248 249 249 249 250 250 250 250 251 250 251 250 250 250 250 250 251 251 251 251 251 251 252 252 252 252 252 252 252 253 253 253 253 253 252 253 253 252 252 252 253 253 253 253 253 253 253 254 254 253 254 254 254 254 255 255 255 255 255 256 256 256 256 256 256 256 256 256 257 257 257 257 257 257 257 258 258 258 258 258 258 258 259 259 259 259 259 259 259 259 259 259 258 258 259 259 259 259 259 199 200 200 200 200 201 201 201 202 201 201 202 202 203 203 203 203 203 203 203 204 204 204 204 205 205 206 206 206 207 207 207 207 207 207 207 207 207 207 208 208 208 208 208 208 208 209 209 209 210 210 209 209 209 210 210 210 211 211 211 211 211 211 212 212 212 212 212 213 213 213 213 213 213 213 214 214 214 214 214 215 215 215 215 215 215 215 216 216 216 216 216 216 216 217 217 217 217 217 217 217 218 218 218 218 218 218 218 219 219 219 219 219 220 220 220 220 220 221 221 221 221 221 221 221 221 221 221 222 222 222 222 222 222 223 223 223 223 223 223 224 224 224 224 224 224 224 225 225 225 225 225 225 225 225 225 226 226 226 226 226 226 226 227 227 227 226 226 227 227 227 227 228 228 228 228 228 229 229 229 229 229 229 229 229 229 230 230 230 230 231 231 231 231 231 231 231 231 232 232 232 234 234 235 235 235 235 235 235 235 236 236 236 236 236 236 236 237 237 237 237 237 237 237 238 238 238 238 238 238 238 238 239 239 239 239 240 240 240 240 240 240 240 241 241 241 241 241 241 241 241 241 242 242 242 242 242 242 242 242 243 243 243 243 243 243 243 244 244 244 244 244 244 244 244 245 245 245 245 245 245 245 245 245 246 247 246 246 246 246 246 246 247 247 247 248 248 248 248 248 248 247 247 248 248 248 248 248 248 249 249 249 249 250 249 250 250 250 250 250 251 251 251 251 250 250 250 251 251 251 252 252 252 252 252 252 252 253 253 253 253 254 254 253 253 253 253 252 252 253 253 253 253 253 253 253 253 253 254 254 254 254 254 255 255 256 255 255 256 256 256 256 256 256 256 256 256 257 257 257 257 257 257 257 257 258 258 258 258 258 258 259 259 259 259 259 259 259 259 259 259 258 258 259 259 259 259 259 259 198 199 199 200 200 200 200 201 201 201 201 201 202 203 203 202 203 203 203 204 204 204 204 204 205 205 205 206 206 207 207 207 207 207 207 207 207 207 207 207 208 208 208 208 208 208 209 209 209 210 210 210 210 210 210 210 211 211 211 211 211 212 212 212 212 212 212 212 213 213 213 213 213 213 213 214 214 214 214 214 215 215 215 215 215 215 215 216 216 216 216 216 216 216 217 217 217 217 217 217 217 218 218 218 218 218 218 219 219 219 219 219 219 220 220 220 220 220 221 221 221 221 221 221 221 222 222 222 222 222 222 222 222 223 223 223 223 223 223 223 223 223 224 224 224 224 225 225 225 225 225 225 226 226 226 225 226 226 226 226 226 226 226 227 227 227 226 226 227 227 227 227 227 228 228 228 228 228 229 229 229 229 229 229 229 229 230 230 230 230 231 231 231 231 231 231 231 231 232 232 232 234 234 235 235 235 235 235 235 235 236 236 236 236 236 237 237 237 237 237 237 237 237 237 238 238 238 238 238 238 238 239 239 239 239 239 240 240 240 240 240 240 240 241 241 241 241 241 241 241 241 241 242 242 242 242 242 243 243 243 243 243 243 243 243 243 243 243 244 244 244 244 245 245 245 245 245 245 245 245 245 245 245 245 246 247 246 246 246 246 246 247 247 246 247 248 248 248 248 248 248 247 247 248 248 248 248 248 249 249 249 249 249 249 250 249 250 250 250 250 250 251 251 251 250 251 251 251 251 252 252 252 252 252 252 252 252 253 253 253 253 254 254 253 253 253 253 252 252 252 253 253 253 253 253 253 254 254 254 254 254 254 255 255 255 255 255 255 255 256 256 256 256 256 256 257 257 257 257 257 257 257 257 257 257 257 258 258 258 258 259 259 259 259 259 259 259 259 259 259 259 258 258 258 259 259 259 259 259 259 260 260 260 198 199 199 199 200 201 201 201 202 202 202 202 202 202 203 203 204 204 204 204 204 205 205 205 206 206 206 207 207 207 208 208 208 208 208 208 207 207 208 208 208 208 208 208 209 209 210 210 210 210 210 210 210 211 211 211 211 211 212 212 212 212 212 212 212 213 213 213 213 213 213 214 214 214 214 214 214 215 215 215 215 215 215 215 216 216 216 216 216 216 216 217 217 217 217 217 217 217 218 218 218 218 218 218 219 219 219 219 219 220 220 220 220 220 220 221 221 221 221 221 221 222 222 222 222 222 222 222 222 222 223 223 223 223 223 223 223 223 224 224 224 224 225 225 225 225 225 226 225 225 225 225 225 226 226 226 226 226 226 227 227 227 227 227 227 227 227 227 227 227 228 228 228 228 228 229 229 229 229 229 229 229 229 230 230 230 230 231 231 231 231 231 231 231 231 232 232 232 234 234 235 235 235 235 235 235 236 236 236 236 236 236 237 237 237 237 237 237 238 238 238 238 238 238 238 238 238 238 239 239 239 239 240 240 240 240 240 240 240 241 241 241 241 241 241 241 241 241 241 242 242 242 242 242 242 243 243 243 243 243 243 244 244 243 243 244 244 244 244 245 245 245 245 245 245 245 245 245 245 245 245 247 247 246 246 246 246 246 247 247 247 247 248 248 248 249 248 248 247 247 248 248 248 248 248 249 248 249 249 249 249 250 249 250 250 250 250 250 251 251 251 251 251 251 251 252 252 252 252 252 252 252 252 252 253 253 253 253 254 254 254 254 254 254 252 252 252 253 253 254 253 253 254 254 254 254 254 254 254 254 255 256 256 255 255 255 256 256 256 256 256 257 257 257 257 257 257 257 257 257 257 257 258 258 258 258 258 259 259 259 259 259 259 259 259 259 259 259 258 258 258 259 259 259 259 259 260 260 260 260 260 260 260 261 261 261 261 261 200 200 201 201 202 202 202 202 202 202 202 203 203 204 204 203 204 205 206 205 205 205 206 206 206 207 207 208 208 208 208 208 208 208 208 208 208 208 209 209 209 209 209 210 210 210 210 210 210 211 211 211 211 211 212 212 212 212 212 212 212 212 213 213 213 213 213 213 214 214 214 214 214 214 215 215 215 215 215 215 215 216 216 216 216 216 217 217 217 217 217 217 217 218 218 218 218 218 218 219 219 219 219 219 220 220 220 220 220 220 220 221 221 221 221 221 221 221 222 222 222 222 222 222 222 222 223 223 223 223 223 224 224 224 224 224 224 224 225 225 225 225 225 225 225 225 225 225 225 226 226 226 226 226 226 227 227 227 227 227 228 227 227 227 227 227 228 228 228 228 229 229 229 229 229 229 229 229 230 230 230 230 230 231 231 231 231 231 231 231 232 232 232 232 234 235 235 235 235 235 235 235 236 236 236 236 236 237 237 237 237 237 237 237 238 238 238 238 238 238 238 238 238 239 239 239 239 239 240 240 240 240 240 240 240 241 241 241 241 241 241 241 241 241 242 242 242 242 242 242 242 242 243 243 243 243 243 243 243 243 244 244 244 244 244 245 245 245 245 245 245 245 245 245 245 245 245 246 246 246 246 246 246 247 247 247 247 247 248 248 248 248 248 248 247 247 248 248 248 248 248 249 248 248 249 249 249 249 249 250 250 250 250 250 251 251 251 251 251 251 251 251 251 251 252 252 252 252 252 252 252 253 253 253 254 254 254 254 254 253 252 252 253 253 254 253 253 254 254 254 254 254 254 254 255 255 255 255 256 256 256 255 255 256 256 256 256 257 257 257 257 257 257 257 257 257 257 258 258 258 258 258 259 259 258 259 259 259 259 259 259 259 259 259 258 258 259 259 259 259 259 259 260 260 260 260 260 260 260 261 261 261 261 261 261 200 201 201 201 201 201 202 202 203 204 203 204 205 205 205 205 206 206 205 206 206 206 207 207 208 208 209 209 208 209 209 208 209 209 209 209 209 210 209 209 210 210 210 211 211 211 211 211 211 211 212 212 212 212 212 212 213 213 213 213 213 214 214 214 214 214 214 214 214 215 215 215 215 215 215 215 216 216 216 216 216 217 217 217 217 217 217 218 218 218 218 218 218 218 219 219 219 219 219 219 220 220 220 220 220 220 221 221 221 221 221 221 222 222 222 222 222 222 222 222 222 223 223 223 223 223 224 224 224 224 224 224 224 225 225 225 225 225 225 225 225 225 225 226 226 226 226 226 227 227 227 227 227 227 228 228 228 228 228 228 228 228 228 228 228 229 229 229 229 229 229 229 229 230 230 230 230 230 231 231 231 231 231 231 231 232 232 232 232 235 235 235 235 235 235 235 235 236 236 236 236 236 237 237 237 237 237 237 237 238 238 238 238 238 238 238 238 238 239 239 239 239 239 240 240 240 240 240 240 240 241 241 241 241 241 241 241 241 241 242 242 242 242 242 242 242 242 243 243 243 243 243 243 243 244 244 244 244 244 245 245 245 245 245 245 245 245 245 245 245 246 246 245 245 245 246 246 246 246 247 247 247 247 247 248 248 248 248 248 247 247 248 248 248 248 248 249 249 249 249 249 249 249 249 250 250 250 250 250 250 251 251 252 252 252 251 251 252 252 252 252 252 252 252 252 252 253 253 253 253 254 254 254 254 253 253 253 253 253 254 254 253 254 254 254 254 254 254 254 255 255 255 256 255 255 255 255 255 256 256 256 257 257 257 257 257 257 258 258 258 258 258 258 258 258 258 259 259 258 258 258 258 258 258 258 259 259 259 259 258 258 258 259 259 259 259 259 260 260 260 260 260 260 261 261 261 261 261 261 261 261 200 200 203 203 203 204 205 205 205 205 206 205 205 206 206 206 207 208 208 207 208 208 208 209 209 209 209 210 210 210 210 210 210 209 210 210 210 211 211 211 211 211 211 212 212 212 212 212 212 213 213 213 213 213 213 214 214 214 214 214 214 214 214 215 215 215 215 215 215 216 216 216 216 216 216 217 217 217 217 217 218 218 218 218 218 218 218 218 219 219 219 219 219 219 220 220 220 220 220 220 221 221 221 221 221 222 222 222 222 222 222 222 222 222 222 223 223 223 223 223 223 224 224 224 224 224 224 225 225 225 225 225 225 225 225 226 226 226 226 226 226 226 227 227 227 227 228 228 228 228 228 228 228 229 229 228 228 228 228 229 229 229 229 229 229 230 230 230 230 230 230 231 231 231 231 231 231 231 231 232 232 232 232 234 235 235 235 235 235 235 236 236 236 236 236 236 236 237 237 237 237 237 237 238 238 238 238 238 238 238 239 239 239 239 239 239 240 240 240 240 240 240 240 241 241 241 241 241 241 241 241 241 242 242 242 242 242 242 242 243 243 243 243 243 243 243 243 244 244 244 244 244 244 245 245 245 245 245 245 245 245 245 245 245 246 247 246 245 245 246 246 246 247 247 247 247 247 248 248 248 248 248 248 247 248 248 248 248 248 248 249 248 249 249 249 249 249 249 249 250 250 250 250 251 251 251 251 251 251 252 252 252 252 252 252 252 252 252 252 253 253 253 253 253 253 254 254 254 253 253 253 253 254 253 253 254 254 254 254 254 254 254 255 255 255 256 256 256 255 255 255 256 256 256 256 257 257 257 257 257 257 257 257 258 258 258 258 258 258 259 259 259 259 258 258 258 259 258 259 259 259 259 259 258 258 258 259 259 259 259 259 260 260 260 260 260 260 261 261 261 261 261 261 261 261 203 203 203 204 205 205 205 205 205 205 206 206 207 207 207 207 207 207 208 208 208 208 208 209 209 210 211 211 211 211 210 209 210 210 211 211 211 211 211 211 212 212 212 212 212 213 213 213 213 213 213 213 213 213 213 214 214 214 214 215 214 214 214 215 215 215 215 215 216 216 216 216 216 216 217 217 217 217 217 218 218 218 218 218 218 219 219 219 219 219 219 219 220 220 220 220 220 220 220 221 221 221 221 222 222 222 222 222 222 222 222 222 222 223 223 223 223 223 224 224 224 224 224 224 225 225 225 225 225 225 225 225 225 226 226 226 226 226 226 226 226 227 227 227 227 227 228 228 228 228 228 228 229 228 228 228 229 229 229 229 229 229 229 230 230 230 230 230 230 230 231 231 231 231 231 231 231 232 232 232 232 234 234 235 235 235 235 236 236 236 236 236 236 236 236 237 237 237 237 238 238 238 238 238 238 238 238 238 238 239 239 239 239 239 240 240 240 240 240 240 240 241 241 241 241 241 241 241 241 241 242 242 242 242 242 242 243 243 243 243 243 243 243 243 244 244 244 244 244 244 244 244 245 245 245 245 245 245 245 245 245 246 246 246 246 246 246 246 246 246 247 247 247 246 247 247 247 248 249 249 249 247 248 248 248 248 248 249 249 249 249 249 249 249 249 249 250 250 250 250 251 251 251 251 251 251 251 252 252 252 253 253 253 252 252 252 252 253 253 253 253 253 253 254 254 253 253 253 253 254 254 253 254 254 254 254 254 255 254 254 255 255 255 255 256 257 256 256 255 256 256 256 256 257 257 257 257 257 257 257 257 257 258 258 258 258 258 258 258 259 259 259 259 259 259 259 259 259 259 259 259 258 258 258 259 259 259 259 260 260 260 260 260 260 260 261 261 261 261 261 261 261 261 203 204 205 205 205 205 205 205 206 207 207 207 208 208 207 207 207 207 208 208 208 208 209 209 210 210 211 211 211 210 210 210 211 211 212 211 211 211 211 211 211 212 212 213 213 213 213 214 213 213 213 214 214 214 214 214 215 215 215 215 215 215 215 215 215 215 216 216 216 216 216 217 217 217 217 217 218 218 218 218 218 219 218 219 219 219 219 219 219 219 220 220 220 220 220 220 220 221 221 221 222 222 222 222 222 222 222 222 222 222 223 223 223 223 223 223 224 224 224 224 224 224 225 225 225 225 225 225 225 225 225 225 226 226 226 226 226 226 226 227 227 227 227 227 228 228 228 228 228 228 228 228 228 229 229 229 229 229 229 229 230 230 230 230 230 230 230 230 230 231 231 231 231 231 231 232 232 232 232 234 234 235 235 235 235 235 235 236 236 236 236 236 236 237 237 237 237 238 238 238 238 238 238 238 238 238 239 239 239 239 239 239 240 240 240 240 240 240 240 241 241 241 241 241 241 241 241 241 242 242 242 242 242 243 243 243 243 243 243 243 244 244 244 244 244 244 244 244 244 244 244 245 245 245 245 245 246 246 246 246 246 246 246 246 246 246 246 246 247 247 246 247 247 247 247 248 248 248 249 248 248 248 248 248 248 249 248 249 249 249 249 249 249 249 250 250 250 250 250 250 251 251 251 251 252 252 252 252 253 253 253 253 252 252 252 253 253 253 253 253 253 254 254 254 253 253 253 253 254 254 254 254 255 254 255 255 255 255 255 255 255 255 256 256 257 256 256 255 256 256 256 256 257 257 257 257 257 257 257 258 258 258 258 258 258 258 258 259 259 259 259 259 259 259 259 259 260 259 259 258 258 258 259 259 259 259 260 260 260 260 260 260 260 260 261 261 261 261 261 261 261 204 204 204 205 205 205 206 206 206 207 207 207 207 207 207 207 208 208 209 209 209 209 209 209 210 210 210 211 211 211 211 211 212 212 212 212 211 211 211 212 212 213 213 213 213 213 213 213 213 214 214 214 214 214 215 215 215 215 215 216 216 215 215 215 216 216 216 216 216 217 217 217 217 217 218 218 218 218 218 218 218 218 219 218 219 219 219 219 219 219 220 220 220 220 220 221 221 221 221 221 222 222 222 222 222 222 222 222 222 223 223 223 223 224 224 224 224 224 224 224 224 224 225 225 225 225 225 225 225 225 225 226 226 226 226 226 226 226 227 227 227 227 227 228 228 228 228 228 229 229 229 229 229 229 229 229 229 229 230 230 230 230 230 230 231 230 230 230 231 231 231 231 231 232 232 232 232 232 235 235 235 235 235 235 235 236 236 236 236 236 236 236 236 237 237 237 237 237 238 238 238 238 238 238 238 239 239 239 239 239 240 240 240 240 240 240 240 241 241 241 241 241 241 241 241 241 241 242 242 242 242 242 242 242 243 243 243 243 243 244 244 244 244 244 244 244 244 244 244 244 245 245 245 245 245 246 246 246 246 246 246 246 246 246 247 246 246 246 246 247 247 247 247 248 248 248 248 248 247 247 248 248 248 248 248 249 249 249 249 249 249 249 250 250 250 250 250 250 250 250 251 251 251 252 252 252 252 252 252 253 252 252 253 253 253 253 253 253 253 253 254 254 254 253 253 253 253 254 254 254 254 255 255 255 255 255 255 255 255 255 255 255 256 256 256 256 256 256 256 256 256 256 257 257 257 257 257 258 258 258 258 258 258 258 258 258 259 259 259 259 259 259 259 259 259 260 259 259 258 258 258 259 259 259 259 260 260 260 260 260 260 260 260 261 261 261 261 261 261 204 205 205 205 206 206 206 206 206 206 206 207 207 207 207 208 208 208 209 209 210 210 210 210 210 209 210 211 211 212 212 212 212 212 212 212 212 212 212 212 213 213 213 213 213 213 213 213 214 214 214 215 215 215 215 215 215 215 215 216 215 215 215 216 216 216 216 216 217 217 217 217 217 217 217 218 218 218 218 218 218 219 219 219 219 219 219 219 219 219 220 220 220 220 220 221 221 221 221 221 222 222 222 222 222 222 222 222 222 223 223 223 223 224 224 224 224 224 224 224 224 225 225 225 225 225 225 226 225 226 226 226 226 226 226 226 226 227 227 227 227 227 227 228 228 228 228 228 228 229 229 229 229 229 229 229 229 229 229 230 230 230 230 230 231 231 231 231 231 231 231 231 232 232 232 232 232 232 234 235 235 235 235 235 235 235 236 236 236 236 236 236 236 237 237 237 237 237 238 238 238 238 238 238 238 238 239 239 239 239 239 240 240 240 240 240 240 241 241 241 241 241 241 241 241 241 242 242 242 242 242 242 242 242 243 243 243 243 243 244 244 244 244 244 244 244 244 244 244 245 245 245 245 246 246 246 246 246 246 246 246 246 246 246 247 247 247 246 246 247 247 247 247 248 248 249 249 248 247 247 247 247 248 248 248 249 249 249 249 249 249 250 250 250 250 250 250 250 250 250 251 251 252 252 252 252 253 252 252 252 252 252 253 253 253 253 253 253 254 253 254 254 254 254 253 253 253 254 254 254 255 255 255 255 255 255 255 255 255 255 256 256 256 256 257 257 256 256 256 256 256 256 257 257 257 258 258 258 258 258 258 258 258 258 258 258 259 259 259 259 259 259 259 259 259 259 259 259 258 258 258 259 259 259 259 260 260 260 260 260 260 260 260 261 261 261 261 261 261 204 204 205 205 206 206 206 206 206 206 206 206 207 207 207 208 208 209 209 208 209 210 210 211 211 210 210 210 210 210 211 211 212 211 212 212 212 212 212 212 213 213 212 212 212 212 213 213 213 214 214 215 215 215 215 215 215 215 215 215 215 215 215 216 216 216 216 216 216 217 217 217 217 217 217 217 218 218 218 218 218 219 219 219 219 219 219 219 220 220 220 220 220 220 220 220 220 221 221 221 221 221 222 222 222 222 222 222 223 222 223 223 223 223 223 223 223 224 224 224 225 225 225 225 225 225 225 225 226 226 226 225 225 226 226 226 226 226 227 227 227 227 228 228 228 228 228 228 228 229 229 229 229 229 229 229 229 229 229 229 230 230 230 230 230 230 231 231 231 231 231 231 232 232 232 232 232 232 232 235 235 235 235 235 235 236 235 236 236 236 236 236 236 237 237 237 237 237 237 238 238 238 238 238 238 238 239 239 239 239 239 239 240 240 240 240 240 241 241 241 241 241 241 241 241 241 242 242 242 242 242 242 242 242 243 243 243 243 243 243 244 244 244 244 244 244 245 245 245 245 245 245 245 245 246 246 246 247 246 246 246 246 247 246 246 246 247 247 247 246 246 246 247 247 248 248 249 249 249 248 248 248 247 248 248 248 248 249 249 249 249 250 250 250 250 250 250 250 250 250 251 251 251 252 252 252 253 253 253 252 252 252 252 253 253 254 254 253 254 254 254 254 254 254 254 253 253 253 254 254 254 255 255 255 255 255 255 255 255 255 255 255 256 256 257 257 257 256 256 256 256 257 257 257 257 257 257 258 258 258 258 258 258 258 258 258 259 259 259 259 259 259 259 259 259 259 259 259 259 258 258 258 259 259 259 259 260 260 260 260 260 260 260 261 261 261 261 261 261 261 205 205 205 206 205 205 206 206 206 207 207 207 208 208 208 208 208 208 209 209 209 210 211 211 210 210 210 210 210 211 211 211 213 213 213 212 212 213 213 213 213 212 212 213 213 213 213 214 214 215 215 215 215 215 215 215 215 215 215 215 215 216 216 216 216 216 216 217 217 217 217 217 218 218 218 218 218 218 218 219 219 219 219 219 220 220 220 220 220 220 220 220 220 220 220 221 221 221 221 221 221 222 222 222 222 222 223 223 223 223 223 223 224 224 223 224 224 224 224 224 224 225 225 225 226 225 225 225 226 226 226 226 226 226 227 227 227 227 227 227 227 228 228 228 228 228 228 229 229 229 229 229 229 229 229 229 229 229 229 230 230 230 230 230 231 231 231 231 231 231 231 232 232 232 232 232 232 235 235 235 235 236 236 236 236 236 236 236 236 236 237 237 237 237 237 237 237 238 238 238 238 238 238 239 239 239 239 239 239 239 240 240 240 240 240 241 241 241 241 241 241 241 241 241 242 242 242 242 242 242 242 242 243 243 243 243 243 243 244 244 244 244 244 244 245 245 245 245 245 245 245 246 246 246 246 247 247 247 247 247 247 247 246 246 247 247 247 246 246 246 246 247 248 248 248 249 249 248 248 248 248 248 248 248 248 249 249 249 249 249 250 250 250 250 250 250 250 250 251 251 251 252 252 252 252 252 253 253 253 253 253 253 253 254 254 254 254 254 254 254 254 254 254 253 253 253 253 254 254 254 255 255 254 255 255 255 255 255 255 256 256 256 257 257 256 256 256 256 257 257 257 257 257 257 258 258 258 258 258 258 258 258 259 259 259 259 259 259 259 259 259 260 260 260 259 259 259 258 258 258 259 259 259 259 260 260 260 260 260 260 260 261 261 261 261 261 261 205 205 205 205 205 206 206 207 207 207 207 207 207 208 208 208 208 209 208 208 209 209 210 211 211 211 211 210 210 211 211 212 212 213 213 213 212 212 212 213 213 213 213 213 213 213 214 214 214 214 215 215 215 215 215 215 215 215 215 215 215 216 216 216 216 216 216 217 217 217 217 217 218 218 218 218 218 218 219 219 219 219 219 219 220 220 220 220 220 221 220 220 220 220 221 221 221 221 221 222 222 222 222 222 222 222 222 223 223 223 223 223 224 224 224 224 224 224 224 225 225 225 225 226 226 226 225 225 226 226 226 226 226 226 226 227 227 227 227 228 228 228 228 228 228 228 228 229 229 229 229 229 229 229 229 229 229 230 230 230 230 230 231 230 231 231 231 231 231 231 231 232 232 232 232 232 233 235 235 235 235 236 235 235 236 236 236 236 236 237 237 237 237 237 237 237 238 238 238 238 238 238 239 239 239 239 239 239 239 239 240 240 240 240 240 241 241 241 241 241 241 241 241 241 242 242 242 242 242 242 242 242 243 243 243 243 243 243 244 244 244 244 244 244 245 245 245 245 245 245 245 246 246 246 246 247 247 247 247 247 247 247 246 247 247 247 247 246 246 246 247 247 248 248 249 249 249 248 248 248 248 248 248 248 248 248 248 249 249 249 249 249 249 250 250 250 250 251 251 251 252 251 251 251 252 252 253 253 253 253 253 253 253 253 254 254 254 254 254 254 254 254 255 254 254 253 253 253 254 254 255 254 254 254 254 255 255 255 255 256 256 256 256 257 257 257 257 257 257 257 257 257 257 257 258 258 258 258 258 258 258 258 259 259 259 259 259 259 259 259 259 259 259 259 259 260 260 258 258 258 259 259 259 259 260 260 260 260 260 260 260 261 261 261 261 205 205 205 206 206 206 206 206 207 207 208 208 208 209 209 209 209 209 209 209 209 209 210 212 212 212 212 211 210 211 212 212 212 213 213 213 212 212 212 212 212 213 214 214 213 214 214 214 215 215 215 215 215 215 215 216 216 215 215 215 215 216 216 216 217 217 217 217 217 217 217 217 218 218 218 218 219 219 219 219 219 219 219 220 220 220 220 220 220 220 220 221 221 220 221 221 221 222 222 222 222 222 222 222 222 222 223 222 223 223 223 223 223 224 224 224 224 224 225 225 225 225 225 226 226 226 226 226 226 226 226 227 227 227 226 227 228 228 228 228 228 228 228 228 228 228 228 228 229 229 229 229 230 229 230 229 229 230 230 230 230 230 230 231 231 231 231 231 231 231 232 232 232 232 232 232 233 235 235 235 235 236 236 236 236 236 236 237 236 236 237 237 237 237 237 238 238 238 238 238 238 238 239 239 239 239 239 239 239 240 240 240 240 240 240 240 241 241 241 241 241 241 241 241 241 242 242 242 242 242 242 243 243 243 243 243 243 243 244 244 244 244 244 244 245 245 245 245 245 245 245 246 246 246 246 247 247 247 247 247 247 247 247 247 247 247 247 247 246 246 247 248 248 249 249 249 249 248 248 248 248 249 249 249 249 248 249 249 249 249 249 249 249 249 250 250 250 251 251 251 251 251 251 252 252 252 252 252 252 253 253 253 253 253 254 253 253 254 254 254 254 254 254 255 255 254 253 253 254 254 254 254 255 255 255 255 255 255 255 256 256 256 256 256 257 257 257 257 257 257 257 257 257 257 258 258 258 258 258 258 258 258 259 259 259 259 259 259 259 259 259 259 259 259 259 259 259 258 258 258 258 259 259 259 259 260 260 260 260 260 260 261 261 261 205 205 205 205 206 206 206 207 207 208 208 208 208 208 208 208 208 209 210 209 209 210 210 211 211 212 213 212 211 211 211 212 212 213 213 213 213 213 213 213 212 213 214 214 214 214 214 214 214 215 215 215 215 215 215 215 215 215 215 215 215 215 216 217 217 217 217 217 217 217 217 217 217 218 218 218 218 219 219 219 219 219 220 220 220 220 220 220 220 220 220 221 221 221 221 221 222 222 222 222 222 221 221 222 222 223 223 223 224 223 223 223 223 224 224 224 224 224 224 225 225 225 225 225 226 226 226 226 226 226 226 226 227 227 227 227 228 228 227 228 227 228 228 228 228 228 228 228 228 229 229 229 229 230 230 230 230 230 230 230 230 230 230 231 231 231 231 231 231 231 232 232 232 232 233 233 233 235 235 235 235 236 236 236 236 236 237 237 237 237 237 237 237 237 238 238 238 238 238 238 238 239 239 239 239 239 239 239 239 240 240 240 240 240 240 240 241 241 241 241 241 241 241 242 242 242 242 242 242 242 242 243 243 243 243 243 243 243 244 244 244 244 244 244 245 245 245 245 245 245 245 246 246 246 246 247 247 247 247 247 247 247 247 247 247 248 247 247 247 246 247 248 248 249 249 249 250 248 248 248 248 249 249 249 249 249 249 249 249 249 249 249 249 250 250 250 250 250 251 251 251 252 252 252 252 252 252 252 252 253 253 253 253 253 254 253 253 254 254 254 254 254 254 254 255 254 254 254 254 254 254 255 255 255 255 255 255 255 255 256 256 256 256 256 256 257 257 257 257 257 257 257 257 257 258 258 258 258 258 258 258 258 259 259 259 259 259 259 259 259 259 259 259 259 259 260 260 258 258 258 259 259 259 259 259 260 260 260 260 260 261 261 261 261 205 205 205 206 206 207 208 207 207 208 207 208 208 209 210 210 210 210 211 210 210 211 211 212 213 212 212 212 212 212 213 214 214 214 214 214 213 213 213 214 214 215 215 214 215 215 214 215 215 215 215 215 215 215 215 215 215 215 215 216 217 217 217 217 217 218 218 217 217 217 218 218 219 219 219 219 219 219 220 220 220 220 220 220 220 220 220 221 221 221 221 222 221 221 221 221 221 221 221 222 222 222 222 223 223 223 224 223 223 223 223 224 224 224 224 225 225 225 225 225 225 225 226 226 226 226 226 226 226 227 227 227 227 228 228 227 227 227 227 228 228 228 228 228 229 229 229 229 229 229 229 230 230 230 230 230 230 230 230 230 231 231 231 231 231 231 231 232 232 232 232 233 233 233 235 235 235 235 236 236 236 236 236 237 237 237 237 237 237 237 237 238 238 238 238 238 238 239 239 239 239 239 239 239 239 239 240 240 240 240 240 240 240 241 241 241 241 241 241 242 242 242 242 242 242 242 242 243 243 243 243 243 243 243 243 244 244 244 244 244 244 245 245 245 245 245 245 245 245 246 246 246 247 247 246 246 247 247 247 247 247 247 247 247 247 247 247 247 248 248 249 249 250 250 248 248 249 249 249 249 249 248 249 249 249 249 250 250 250 250 250 250 251 251 251 251 251 251 252 252 252 252 252 252 253 253 253 254 253 253 253 253 253 253 253 254 254 254 254 254 254 254 255 255 254 254 255 255 255 256 256 255 255 255 255 255 256 256 256 256 256 256 257 257 257 257 257 257 257 257 257 258 258 258 258 258 258 258 259 259 259 259 259 259 259 259 259 259 259 259 260 260 260 260 259 259 259 259 259 259 259 259 259 260 260 260 260 261 261 261 205 205 206 206 207 207 207 207 207 208 209 209 210 210 210 211 211 210 211 211 212 212 212 212 213 213 213 212 213 213 214 214 214 214 213 213 213 214 214 214 214 215 214 214 214 215 215 215 216 216 216 216 216 216 216 215 215 216 216 217 217 218 218 218 218 218 218 218 218 218 218 219 219 219 219 219 219 219 219 219 220 220 221 221 221 221 221 221 221 221 221 221 221 221 221 221 222 222 222 222 222 222 223 223 224 224 224 223 223 224 224 224 225 225 225 225 225 225 225 225 226 226 225 226 226 226 227 227 227 227 227 227 227 227 227 227 228 228 228 228 228 229 228 229 229 229 229 229 229 229 230 230 230 230 230 230 230 230 231 231 231 231 232 232 232 232 232 232 232 232 233 233 235 235 235 236 236 236 236 236 236 237 237 237 237 237 237 237 237 238 238 238 238 238 238 238 239 239 239 239 239 239 239 239 240 240 240 240 240 240 241 241 241 241 241 241 241 241 242 242 242 242 242 242 242 243 243 243 243 243 243 243 243 244 244 244 244 244 245 245 245 245 245 245 245 246 246 246 246 247 247 247 246 246 247 247 247 247 247 247 247 247 247 247 247 247 248 249 249 249 250 249 248 248 249 249 249 249 249 249 249 249 249 249 249 250 250 250 250 250 251 251 251 252 251 252 252 252 252 252 252 252 253 253 253 253 253 253 253 253 253 253 253 253 254 254 254 254 254 254 255 255 256 255 255 255 255 255 256 255 254 255 255 255 256 256 256 256 256 256 257 257 258 258 257 257 257 257 257 258 258 258 258 258 258 259 259 259 259 259 259 259 259 259 259 259 259 260 259 260 260 260 259 259 259 259 259 259 259 259 260 260 260 260 260 261 206 206 206 207 207 207 208 208 208 208 209 210 210 211 211 210 211 211 212 212 213 212 212 213 213 213 213 214 214 214 214 214 214 214 214 214 214 214 214 215 215 215 215 215 215 215 216 216 216 216 216 216 216 216 216 216 216 217 217 218 218 218 219 218 219 219 218 218 218 218 218 218 218 219 219 219 219 220 220 220 220 221 221 221 221 221 221 221 221 221 221 221 221 221 221 222 222 222 222 222 222 222 223 223 223 223 223 223 224 224 224 224 225 225 225 225 225 225 225 225 226 226 225 226 226 226 227 227 227 227 227 228 227 227 228 228 228 228 229 229 228 229 229 229 229 229 229 229 229 230 230 230 230 230 230 230 230 230 231 231 231 231 232 232 232 232 232 232 232 233 233 233 233 233 233 234 234 234 234 234 234 235 235 235 235 235 235 235 235 236 236 236 236 236 236 236 236 237 237 237 237 237 237 238 238 238 238 238 238 238 238 239 239 239 239 239 239 239 240 240 240 242 243 243 243 243 243 243 243 244 244 244 244 244 244 244 244 245 245 245 245 245 245 245 246 246 246 246 247 247 246 247 247 247 247 247 248 248 247 247 247 247 247 247 248 248 249 249 249 250 250 249 249 249 249 250 250 250 250 250 250 250 250 250 250 251 252 252 252 252 252 253 253 252 253 253 253 253 253 253 253 253 254 254 254 254 254 254 254 254 254 254 254 254 254 255 255 255 255 255 255 256 256 256 255 256 256 256 256 256 256 256 257 257 257 257 257 257 258 258 258 258 259 258 258 258 258 258 259 259 259 259 259 259 260 260 260 260 260 260 260 260 260 260 260 260 260 260 260 261 261 260 260 260 260 260 260 261 261 261 261 261 261 261 262 206 206 207 207 207 208 208 208 208 208 209 210 211 211 210 210 211 212 212 213 212 213 213 213 213 214 214 214 214 214 214 214 215 215 214 214 214 214 215 215 215 215 215 216 215 216 216 217 217 217 217 217 217 217 217 216 216 217 217 218 218 218 218 218 219 218 218 218 218 218 219 219 219 219 219 219 220 220 220 220 220 221 221 221 221 221 221 221 221 221 221 222 221 221 221 222 222 222 222 222 222 223 223 224 224 224 224 224 224 224 224 225 225 225 225 225 225 225 226 226 226 226 226 226 226 226 226 227 228 228 227 228 228 228 228 228 228 229 229 229 229 228 229 229 229 229 229 230 230 230 230 230 230 230 230 230 230 231 231 231 231 232 232 232 232 232 232 233 233 233 233 233 233 234 234 234 234 234 234 235 235 235 235 235 235 235 235 235 236 236 236 236 236 236 236 236 236 237 237 237 237 237 238 238 238 238 238 238 238 238 239 239 239 239 239 239 239 240 240 240 243 243 243 243 243 243 243 243 244 244 244 244 244 244 244 244 245 245 245 245 245 245 245 246 246 246 246 247 247 247 247 247 247 247 247 247 247 247 247 247 247 247 248 248 248 249 249 250 250 250 250 250 250 250 250 250 251 251 251 250 250 250 251 251 251 251 251 252 252 252 252 252 252 253 253 253 253 253 254 254 254 254 254 254 255 254 254 254 254 254 254 255 254 254 254 255 255 255 255 255 255 255 256 255 255 256 256 257 257 256 256 257 257 257 257 257 257 258 258 258 258 258 259 258 258 258 258 258 259 259 259 259 259 259 260 260 260 260 260 260 260 260 260 260 260 260 260 260 260 261 260 260 260 260 260 260 260 260 261 261 261 261 261 262 262 206 206 207 207 207 208 209 209 209 209 210 210 210 211 211 212 212 212 213 213 213 214 214 214 214 214 214 214 214 215 215 215 215 215 216 216 215 215 215 216 216 216 217 216 217 217 217 217 217 217 217 216 216 217 218 217 217 217 217 218 218 218 219 218 219 219 219 220 220 219 219 220 219 220 220 220 220 220 220 221 221 221 221 222 221 222 222 222 222 222 223 223 223 223 222 223 223 223 223 224 224 224 224 224 224 224 224 224 224 225 225 226 226 225 225 226 226 226 226 226 226 226 226 227 227 228 228 227 228 228 228 229 228 228 229 229 229 229 229 229 229 229 229 229 229 229 230 230 230 231 230 230 231 231 231 232 232 232 232 232 232 232 232 233 233 233 233 233 233 234 234 234 234 234 234 234 235 235 235 235 235 235 235 235 235 236 236 236 236 236 236 236 236 236 237 237 237 237 237 238 238 238 238 238 238 238 239 238 239 239 239 240 239 239 240 240 240 243 243 243 243 243 243 243 244 244 244 244 244 244 244 244 245 245 245 245 245 245 245 245 246 246 246 247 247 247 247 247 247 247 247 247 247 247 248 248 247 247 248 248 248 248 249 250 250 250 251 251 250 251 251 251 251 251 251 251 251 251 251 251 251 252 252 251 252 252 252 252 252 252 253 253 253 253 253 254 254 254 254 254 254 254 254 254 254 254 255 255 255 255 255 254 254 255 255 255 255 255 255 255 255 255 256 256 257 257 257 256 256 257 257 257 258 258 258 258 258 258 258 258 258 258 258 258 258 259 259 259 259 259 259 259 259 260 260 260 260 260 260 260 260 260 260 260 260 261 261 260 260 260 261 261 261 261 261 261 261 261 261 261 261 206 207 208 209 209 209 209 209 210 211 210 211 211 212 212 212 213 213 213 214 214 214 214 214 214 214 215 215 215 216 216 216 216 216 216 216 216 216 216 217 216 216 216 216 216 217 217 216 216 217 218 218 217 218 218 218 218 218 219 219 219 219 219 220 220 220 220 220 220 220 220 220 220 221 220 220 220 221 221 221 221 222 222 222 223 223 223 223 224 224 224 224 224 224 224 224 224 224 224 224 224 225 225 224 224 225 225 225 226 226 226 226 226 226 226 226 226 227 227 227 227 227 228 228 228 228 228 228 229 229 229 230 229 229 229 230 229 229 229 229 230 229 230 230 230 230 231 231 231 231 231 231 232 232 232 232 232 232 233 233 233 233 233 233 234 234 234 234 234 234 234 234 234 235 235 235 235 235 235 235 235 235 236 236 236 236 236 236 236 237 237 237 237 237 237 238 238 238 238 238 238 238 238 239 238 239 239 239 239 239 240 240 240 240 243 243 243 243 243 243 244 244 244 244 244 244 244 244 245 245 245 245 245 245 245 245 245 246 246 246 246 247 247 247 246 247 247 247 247 247 248 248 248 248 248 248 248 248 249 249 250 250 251 251 251 251 251 251 251 251 251 251 252 251 252 252 252 252 252 252 251 252 252 252 252 252 253 252 253 253 253 253 253 254 254 254 254 254 255 255 254 254 254 254 255 255 255 255 255 254 255 255 255 255 255 255 255 255 255 256 256 256 256 257 257 257 257 257 257 257 258 258 258 258 258 258 258 258 258 258 258 258 259 259 259 259 259 259 259 260 260 260 260 260 260 260 260 260 260 260 260 261 261 261 260 260 260 261 261 261 261 261 261 261 261 261 261 261 208 208 209 209 209 209 210 211 212 212 212 212 213 212 212 213 213 213 213 214 214 214 214 214 215 215 215 215 216 216 216 216 217 216 216 216 216 216 216 216 216 217 216 217 217 216 217 217 217 218 218 217 218 218 218 218 218 219 219 219 220 220 220 221 221 221 221 221 221 220 221 220 220 220 220 220 221 221 222 222 222 223 223 223 224 224 224 224 224 224 224 224 224 224 224 224 224 224 224 224 225 225 224 224 225 225 225 225 226 226 226 226 226 226 226 226 226 227 227 227 227 228 228 228 229 229 230 230 230 230 229 229 229 229 229 229 229 229 230 230 230 230 230 230 230 230 231 232 231 232 232 232 232 232 232 232 232 232 233 233 233 233 233 234 234 234 234 234 234 234 234 235 235 235 235 235 235 235 235 235 235 236 236 236 236 236 236 237 237 237 237 237 237 237 237 238 238 238 238 238 238 239 239 239 239 239 239 240 240 240 240 240 240 243 243 243 243 243 244 244 244 244 244 244 244 244 244 245 245 245 245 245 245 245 245 245 246 246 246 246 246 246 246 246 247 247 247 247 247 248 248 248 248 248 249 249 249 249 250 250 251 251 251 250 251 251 251 251 251 251 251 251 252 252 252 252 252 252 251 252 252 252 252 252 253 253 253 253 253 253 253 253 254 254 254 255 255 255 255 255 254 254 254 254 255 255 255 255 254 255 255 255 255 255 255 255 255 255 256 256 256 256 257 257 257 257 257 257 257 258 258 258 258 258 258 258 258 258 258 258 258 258 259 259 259 259 259 260 260 260 260 260 260 260 260 260 260 260 260 261 261 261 261 260 260 260 260 261 261 261 261 261 261 261 261 261 262 208 208 208 209 209 209 210 210 210 211 212 212 213 213 213 213 213 213 213 214 214 214 214 214 214 214 214 215 214 215 216 216 216 216 216 216 217 217 216 216 216 216 216 216 216 216 216 217 218 218 218 219 218 218 218 218 218 218 219 220 220 220 220 221 221 221 222 221 221 221 221 221 221 221 221 221 221 221 221 222 222 223 223 223 224 224 224 223 224 224 224 224 224 224 224 224 225 225 224 224 224 225 225 225 225 225 225 225 225 226 226 226 226 226 226 226 226 226 227 227 228 228 228 228 228 228 229 229 229 229 230 229 229 229 229 229 229 229 230 230 230 230 230 230 230 230 230 231 232 232 232 232 232 232 232 232 232 232 233 233 233 233 233 233 234 234 234 234 234 234 234 235 235 235 235 235 235 235 235 235 236 236 236 236 236 236 236 236 237 237 237 237 237 237 237 238 238 238 238 238 238 238 238 239 239 239 239 239 239 240 240 240 240 240 243 243 243 243 244 244 244 244 244 244 244 244 244 244 245 245 245 245 245 245 245 245 245 246 246 246 246 246 246 246 247 247 247 247 247 248 248 248 248 248 248 249 249 249 250 250 250 251 251 251 251 251 251 252 252 252 252 252 252 252 251 251 252 252 251 252 252 252 252 253 253 253 253 253 253 253 253 253 253 253 254 254 255 255 254 254 254 254 254 254 254 254 255 255 255 255 255 255 255 256 255 255 255 255 255 256 256 256 257 257 257 258 257 257 257 257 257 258 258 258 258 258 258 258 258 258 258 259 258 259 259 259 259 260 260 260 260 260 260 260 260 260 260 260 260 260 260 260 260 261 260 260 260 260 260 260 260 261 261 261 261 261 261 262 208 209 210 210 210 210 210 211 211 211 212 213 213 214 214 214 214 214 214 214 215 214 214 214 214 214 214 215 216 216 216 216 216 216 217 217 217 217 216 216 217 217 217 217 217 218 218 218 219 219 219 219 219 219 219 219 219 220 220 221 221 221 221 221 222 221 221 221 222 222 222 222 222 222 222 222 222 222 223 223 223 223 223 224 224 224 224 224 224 224 224 224 224 224 225 225 224 224 225 225 225 226 225 225 225 225 226 226 226 226 226 226 226 227 227 227 228 228 228 228 228 228 228 228 229 229 230 230 230 230 229 229 230 230 230 230 230 230 230 230 231 231 230 231 231 232 232 232 232 232 232 232 232 232 232 233 233 233 233 233 233 234 234 234 234 234 234 235 235 235 235 235 235 235 235 235 235 235 236 236 236 236 236 236 237 237 237 237 237 237 237 237 238 238 238 238 238 238 238 238 239 239 239 239 239 239 240 240 240 240 240 243 243 243 243 243 244 244 244 244 244 244 244 244 245 245 245 245 245 245 245 245 245 245 246 246 246 246 246 246 247 247 247 247 247 247 247 248 248 248 248 248 248 248 249 249 249 250 250 250 251 250 251 251 252 252 252 252 252 252 252 252 251 252 252 252 253 253 252 253 253 253 253 253 253 253 253 253 253 253 253 253 253 254 254 254 253 254 254 254 254 254 254 255 255 255 255 255 255 255 255 256 256 255 255 255 256 256 256 256 257 257 257 257 257 257 257 257 258 258 258 258 258 258 258 258 258 258 258 258 259 259 259 259 259 260 260 260 260 260 260 260 260 260 260 260 260 260 260 260 261 259 260 260 260 260 260 261 261 261 261 261 261 261 208 209 209 210 210 210 210 210 210 211 212 211 212 213 214 214 214 214 214 214 215 215 214 214 214 214 215 215 216 216 216 216 216 216 216 217 217 217 217 217 217 217 217 218 218 218 218 218 218 219 218 218 219 219 219 220 220 220 220 221 221 221 221 221 221 221 221 221 222 222 222 222 222 222 223 222 222 223 223 223 223 223 223 224 224 224 224 224 224 224 224 224 224 224 224 225 225 225 225 225 226 226 226 226 226 226 226 226 226 227 227 226 227 227 228 228 228 228 228 228 228 228 228 229 229 229 229 230 229 230 230 230 230 230 231 231 231 230 231 231 231 231 231 231 231 232 232 232 232 232 232 232 232 232 232 232 233 233 233 233 233 234 234 234 234 234 235 235 235 235 235 235 235 235 235 235 235 235 236 236 236 236 236 236 237 237 237 237 237 237 237 238 238 238 238 238 238 238 239 239 239 239 239 239 239 240 240 240 240 240 240 243 243 243 243 243 244 244 244 244 244 244 244 244 245 245 245 245 245 245 245 246 246 246 246 246 246 246 247 246 247 247 247 247 247 248 248 247 247 248 248 248 248 248 248 248 248 248 248 249 249 249 250 250 251 251 251 251 251 251 252 252 252 252 252 252 253 253 253 253 253 254 254 254 254 254 254 254 254 254 254 253 253 253 253 253 254 254 254 254 254 254 254 255 255 255 255 255 255 255 255 255 255 256 255 255 255 256 256 256 256 257 257 257 257 257 257 257 258 258 258 258 258 258 258 258 258 258 258 258 259 259 259 259 259 259 260 260 260 260 260 260 260 260 260 260 260 260 260 260 261 259 260 260 260 261 261 261 261 261 261 261 261 261 208 209 209 209 210 210 211 211 212 211 210 211 212 212 212 213 213 214 214 214 214 214 214 214 215 216 215 216 216 216 216 217 217 217 217 217 217 217 217 217 218 218 218 218 217 218 218 218 218 218 218 219 219 220 220 220 220 220 221 221 221 221 221 221 221 221 221 222 222 222 222 222 222 223 223 223 223 223 223 223 223 223 224 224 224 224 224 224 224 224 224 224 224 225 225 225 225 225 225 226 226 226 226 226 226 226 227 226 227 227 227 227 227 228 228 228 228 228 228 228 228 228 229 229 229 229 229 229 230 230 230 230 230 231 230 230 230 231 231 231 231 231 231 231 232 232 232 232 232 232 232 232 232 233 233 233 233 233 233 233 234 234 234 234 234 235 235 235 235 235 235 235 235 235 235 235 236 236 236 236 236 236 237 237 237 237 237 237 237 237 238 238 238 238 238 238 238 239 239 239 239 239 239 239 239 240 240 240 240 240 243 243 243 243 243 244 244 244 244 244 244 245 245 245 245 245 245 245 245 245 246 246 246 246 246 246 246 247 247 247 246 247 247 247 247 247 247 248 248 248 248 249 249 249 249 248 248 248 249 250 249 250 250 250 250 251 251 250 251 252 252 252 252 252 253 253 253 254 254 254 254 254 254 254 255 254 254 254 254 254 253 253 253 253 253 254 254 254 254 254 254 254 254 255 255 255 256 255 255 255 255 255 256 256 255 255 256 256 256 256 257 257 257 257 257 257 257 258 258 258 258 259 259 259 259 258 258 258 258 259 259 259 259 259 259 260 260 260 260 260 260 260 260 260 260 260 260 260 260 260 260 260 260 260 260 261 260 260 261 261 261 261 261 262 208 209 210 210 211 211 211 212 211 210 211 212 211 211 212 212 212 213 214 214 214 214 214 214 215 215 215 215 216 216 217 217 217 217 217 217 216 217 217 217 218 218 218 218 218 218 218 218 218 218 219 219 220 219 219 219 220 220 221 221 221 221 221 221 221 222 222 222 222 223 222 223 223 223 223 223 223 223 223 223 224 224 224 224 224 224 225 225 225 225 224 224 225 225 225 225 225 225 226 226 226 226 226 226 227 227 227 227 227 227 228 228 228 228 228 228 228 228 228 228 229 229 229 230 230 229 229 229 230 230 230 230 230 230 230 230 231 231 231 231 231 231 231 232 232 232 232 232 232 232 232 232 232 233 233 233 233 233 234 234 234 234 234 234 234 235 235 235 235 235 235 235 236 236 236 236 236 236 236 236 236 237 237 237 237 237 237 237 238 238 238 238 238 238 238 239 239 239 239 239 239 239 239 239 239 240 240 240 240 243 243 243 243 244 244 244 244 244 244 244 245 245 245 245 245 245 245 245 246 246 246 246 246 246 246 247 247 247 247 247 247 247 247 247 247 248 248 248 248 248 248 249 249 250 249 249 249 249 249 248 249 250 250 250 250 250 251 251 252 252 252 252 252 252 252 252 253 254 254 254 254 254 254 254 254 255 255 255 255 254 253 252 253 253 254 254 254 254 254 254 254 254 255 255 255 255 256 256 256 255 255 255 256 256 256 256 256 256 256 257 257 257 257 257 257 257 257 258 258 258 258 259 259 259 259 258 258 258 258 259 259 259 259 259 260 260 260 260 260 260 260 260 260 260 260 260 260 260 260 260 260 260 260 260 260 260 260 261 261 261 261 262 262 209 209 209 210 210 211 211 211 210 210 211 212 211 211 212 212 213 214 215 214 214 214 214 215 214 215 215 216 216 216 217 217 217 217 217 217 217 217 217 217 218 218 218 218 218 218 219 219 219 219 220 220 219 219 219 220 221 221 220 220 221 221 221 221 222 222 222 222 223 223 223 223 223 223 223 223 223 223 223 223 224 224 224 224 224 225 225 225 225 225 225 224 225 225 225 225 225 226 226 226 226 226 227 227 227 227 227 227 227 228 228 228 228 228 228 228 228 228 228 228 229 229 229 230 229 229 229 230 230 230 230 230 230 230 230 230 231 231 231 231 231 232 232 232 232 232 232 232 232 232 233 233 233 233 233 233 233 233 234 234 234 234 234 234 235 235 235 235 235 235 236 236 236 236 236 236 236 236 236 236 237 237 237 237 237 237 238 238 238 238 238 238 238 239 239 239 239 239 239 239 239 239 239 240 240 240 240 240 243 243 243 243 243 243 244 244 244 244 244 245 245 245 245 245 245 245 246 246 246 246 246 246 246 246 247 247 247 247 247 247 247 247 247 247 247 248 248 248 248 248 249 249 249 249 249 250 250 250 250 249 250 250 250 250 250 251 251 251 252 251 251 252 252 252 253 253 254 254 254 254 254 254 255 255 255 255 255 255 254 254 253 253 253 254 254 254 255 255 254 254 254 255 255 255 255 255 256 256 255 255 255 256 256 256 256 256 256 256 256 257 257 257 257 257 257 258 258 258 258 258 258 259 259 259 259 259 258 259 259 259 259 259 259 260 260 260 260 260 260 260 259 259 260 260 260 260 260 261 260 260 260 260 260 260 260 260 261 261 261 262 262 262 210 211 210 210 211 211 212 212 212 213 214 215 215 215 214 214 214 215 215 216 216 216 216 217 217 217 217 217 217 217 217 217 218 218 218 218 218 218 218 219 219 219 219 219 219 219 219 220 220 220 221 221 221 221 221 221 222 222 222 222 222 223 223 223 223 223 223 223 223 223 223 223 224 223 224 224 224 224 225 225 225 225 225 225 225 225 225 225 225 225 226 226 226 226 226 227 227 227 227 227 228 228 228 228 228 228 228 228 228 228 228 228 229 229 229 229 230 229 229 229 230 230 230 230 231 231 231 230 230 231 231 231 231 231 232 232 232 232 232 232 232 232 233 233 233 233 233 233 233 233 233 233 234 234 234 235 235 235 235 235 235 235 235 236 236 236 236 236 236 236 236 236 236 237 237 237 237 237 237 238 238 238 238 238 238 238 238 239 239 239 239 239 239 239 239 239 239 240 240 240 240 243 243 243 243 243 243 243 244 244 244 244 245 245 245 245 245 245 245 246 246 246 246 246 246 246 247 246 247 247 247 247 247 247 247 247 247 247 248 248 249 249 249 249 249 249 249 249 249 250 250 250 250 250 250 250 250 251 251 251 251 251 251 252 252 253 252 252 253 254 254 254 254 254 254 254 255 255 255 255 255 255 254 253 253 253 254 254 254 255 255 255 255 255 255 255 255 255 255 255 256 256 255 256 256 256 256 256 256 256 256 256 256 257 257 257 257 257 258 258 258 258 258 258 258 259 259 259 258 259 259 259 259 259 259 259 259 260 260 260 260 260 259 260 259 260 260 260 260 261 261 260 260 260 260 260 260 260 260 261 261 261 262 262 262 262 211 211 210 211 212 212 213 213 213 213 214 215 215 214 214 214 215 216 216 216 216 216 217 217 217 217 217 218 218 218 217 218 218 218 219 219 219 218 218 219 219 219 219 219 220 220 220 220 220 221 221 221 221 221 221 222 222 222 222 222 223 223 223 223 223 223 223 223 223 223 223 223 224 224 224 224 224 224 225 225 225 225 226 225 225 225 225 225 225 226 226 226 226 226 227 227 227 227 227 228 227 228 228 228 228 228 228 228 228 228 229 229 229 229 229 229 229 229 229 230 230 230 230 230 230 231 231 230 231 231 231 231 232 232 232 232 232 232 232 232 232 233 233 233 233 233 233 234 233 233 233 234 234 234 234 235 235 235 235 235 235 236 236 236 236 236 236 236 236 236 237 236 236 237 237 237 237 238 238 238 238 238 238 238 238 238 238 238 239 239 239 239 239 240 239 239 239 239 240 240 243 243 243 243 243 243 243 244 244 244 244 244 245 245 245 245 245 245 246 246 246 246 246 246 246 246 246 247 247 247 247 247 247 248 248 248 248 248 249 248 249 249 249 249 249 249 249 250 250 250 250 250 250 251 251 251 251 252 252 252 252 252 251 252 253 253 253 253 253 253 254 254 254 254 255 255 255 255 255 255 255 254 253 252 253 253 254 254 254 255 255 255 255 255 255 255 255 255 255 256 256 256 256 256 256 256 256 256 256 256 256 256 257 257 257 257 257 258 258 258 258 258 258 258 258 258 258 258 258 259 259 259 259 260 260 260 260 260 259 260 260 259 260 260 260 260 261 260 261 261 260 260 260 260 260 260 261 261 261 262 262 262 262 210 210 211 211 211 212 213 212 212 213 214 214 215 215 215 214 215 215 216 216 216 216 216 217 217 217 217 217 218 218 218 218 218 218 218 218 219 219 219 219 219 219 219 220 220 220 220 220 220 221 221 221 221 221 221 222 222 222 222 223 223 223 223 223 223 223 223 223 223 223 223 224 224 224 224 224 224 224 225 225 225 225 226 226 226 226 226 225 225 225 226 226 226 226 227 227 227 227 227 227 227 228 228 228 228 228 228 228 228 228 229 229 229 229 229 229 229 229 230 230 230 230 230 230 230 230 230 231 231 231 231 231 232 232 232 232 232 232 232 232 232 233 233 233 233 233 234 234 234 233 234 234 234 234 234 234 235 235 235 235 235 236 236 236 236 236 236 236 236 236 237 237 237 237 237 238 237 237 237 238 238 238 238 238 238 238 238 239 239 239 239 239 239 240 239 239 239 240 240 240 243 243 243 243 243 243 244 244 244 244 244 244 244 245 245 245 245 245 245 246 246 246 246 246 246 246 246 247 247 247 247 247 247 247 248 248 248 248 248 249 249 249 249 249 250 250 250 250 251 251 250 250 250 250 251 251 251 251 252 252 252 252 252 252 252 253 254 254 254 254 254 254 254 254 255 255 255 255 255 255 255 254 253 253 253 253 254 254 254 255 255 255 255 255 255 255 255 255 255 256 256 256 256 256 256 256 256 256 256 257 257 257 257 257 257 257 257 258 258 258 258 258 258 258 258 258 258 258 258 259 259 259 259 260 260 260 260 260 259 259 259 260 260 260 260 261 261 261 261 261 260 260 260 261 261 261 261 212 212 212 213 213 214 213 214 215 215 214 214 215 215 216 217 217 217 216 217 217 217 218 217 218 218 218 218 218 218 218 219 219 219 219 220 220 220 220 220 220 220 220 220 221 221 221 221 222 222 222 222 222 222 223 223 223 223 223 223 223 223 223 223 224 224 224 224 224 224 224 224 225 225 225 225 226 226 226 226 226 226 226 226 226 226 226 226 226 226 227 227 227 227 228 228 228 228 228 228 228 228 228 228 228 229 229 229 229 229 229 230 230 230 230 230 230 230 230 230 230 231 231 231 231 231 232 232 232 232 232 232 232 232 232 232 233 233 233 233 234 234 234 234 234 234 234 234 234 235 235 235 235 235 235 235 236 236 236 236 236 236 236 236 236 236 237 237 237 237 237 237 237 238 238 238 238 238 239 239 239 239 239 239 239 239 239 239 240 240 240 240 240 240 240 243 243 243 243 243 244 244 244 244 244 244 244 244 245 245 245 245 245 246 245 246 246 246 246 247 247 247 247 247 247 247 248 247 247 248 248 248 248 248 249 249 249 249 249 250 250 250 250 251 251 251 251 250 251 251 251 251 252 252 252 253 253 253 252 252 253 254 254 254 254 254 254 254 254 254 255 255 255 255 255 255 255 254 253 253 253 254 254 254 255 255 255 255 256 256 256 255 255 255 255 255 256 256 256 256 256 256 256 256 256 257 257 257 257 257 257 258 258 258 258 258 258 258 258 258 258 258 258 258 259 259 259 259 260 260 260 259 259 259 260 260 260 260 260 261 261 261 261 261 261 260 260 260 261 211 212 212 212 212 213 213 213 214 215 215 214 215 215 216 216 217 217 217 217 217 217 217 218 218 218 218 218 218 218 218 218 218 219 219 219 219 219 220 220 220 220 220 220 221 221 222 221 222 222 222 222 222 222 222 222 223 223 223 223 223 223 223 223 223 224 224 224 224 224 224 224 224 225 225 225 225 225 226 226 226 227 226 226 226 226 226 226 227 226 227 227 227 227 228 228 228 228 228 228 228 228 228 228 228 228 228 229 229 229 229 229 230 230 230 230 230 230 230 230 230 231 231 231 231 231 231 232 232 232 232 232 232 232 233 233 233 233 233 233 233 234 234 234 234 234 234 234 234 235 235 235 235 235 235 235 235 235 236 236 236 236 236 236 236 236 237 237 237 237 238 238 238 238 238 238 238 238 238 239 239 239 239 239 239 239 239 239 239 240 240 240 240 240 240 240 243 243 243 244 244 244 244 244 244 244 244 244 245 245 245 245 245 245 245 245 246 246 246 246 247 247 247 247 247 247 247 247 248 247 248 248 248 248 248 248 248 249 249 249 250 250 250 251 251 252 251 251 251 251 251 251 251 251 251 251 252 253 253 253 253 254 254 254 254 254 254 254 254 254 254 255 255 255 255 255 255 255 254 253 253 253 254 254 254 254 255 255 255 255 255 256 256 256 256 256 256 256 256 256 257 256 256 256 256 256 256 257 257 257 257 257 258 258 258 258 258 258 258 258 258 258 258 258 258 259 259 259 259 259 259 259 259 259 260 260 260 260 261 261 261 261 261 261 261 261 260 260 260 261 261 211 212 213 213 212 212 213 214 214 215 215 214 215 216 216 216 216 217 217 217 217 217 217 217 218 218 218 218 218 218 218 219 219 219 219 219 219 220 220 220 220 220 220 220 221 221 222 222 222 222 222 222 222 222 222 222 222 222 223 223 223 223 223 223 224 224 224 224 224 224 224 224 224 225 225 225 225 225 226 226 226 226 227 227 226 226 226 226 226 227 227 228 227 228 228 228 227 227 228 228 228 228 228 228 229 229 229 229 229 229 229 229 229 229 229 229 230 230 230 230 231 231 231 231 231 231 231 231 232 232 232 232 232 232 233 233 233 233 233 233 233 233 234 234 234 234 234 234 235 235 235 235 235 235 235 235 235 236 236 236 236 236 236 236 236 236 237 237 237 237 237 238 238 238 238 238 238 238 239 239 239 239 239 239 239 239 239 239 240 240 240 240 240 240 240 240 243 243 243 244 244 244 244 244 244 244 244 244 244 245 245 245 245 245 245 246 246 246 246 246 246 246 247 247 247 247 247 248 248 248 248 248 248 249 249 248 249 249 249 249 250 250 250 250 251 251 250 251 251 251 251 252 252 252 252 252 252 252 253 254 254 254 254 254 253 254 254 254 254 254 254 255 255 255 255 255 255 255 254 254 253 253 253 254 254 254 255 255 255 255 255 256 256 256 256 256 256 256 256 256 256 257 257 257 256 257 257 257 257 257 257 257 257 257 257 258 258 258 258 258 258 258 258 259 259 259 259 259 259 259 259 259 260 259 260 260 261 261 261 261 261 261 261 261 261 261 260 260 261 261 261 212 213 214 213 213 213 213 214 215 214 214 215 215 215 215 216 217 217 217 217 217 217 217 217 218 218 218 218 218 218 218 219 219 219 219 219 220 220 220 220 221 221 221 221 221 222 222 222 222 222 222 222 222 222 222 222 222 223 223 223 223 223 223 224 224 224 224 224 224 224 225 225 225 225 225 225 225 226 226 226 226 227 227 227 227 226 226 226 227 227 227 227 227 228 228 228 228 228 228 228 228 228 229 229 229 229 229 230 230 230 229 229 229 229 229 230 230 230 230 230 231 231 231 231 232 231 231 232 232 232 232 232 233 233 233 233 233 233 233 233 233 233 233 234 234 234 235 235 235 235 235 235 235 235 235 236 236 236 236 236 236 236 237 237 237 237 237 237 237 238 238 238 238 238 238 238 239 239 239 239 239 239 239 239 239 240 240 240 240 240 240 240 240 240 240 243 243 243 244 244 244 244 244 244 244 244 244 244 245 245 245 245 245 246 246 246 246 246 246 246 246 247 247 247 247 247 248 248 248 249 248 248 249 249 249 249 249 249 249 250 250 250 251 250 251 251 251 252 251 251 251 252 252 252 252 253 252 253 253 253 253 253 253 254 254 254 254 254 254 254 254 255 255 255 254 254 254 254 253 253 253 253 254 254 254 255 255 255 255 255 255 256 256 256 256 256 256 256 256 256 257 257 257 257 257 257 257 257 257 257 257 257 258 258 257 258 258 258 258 258 259 259 259 259 259 259 259 259 259 259 259 260 260 260 261 261 261 261 261 261 261 261 261 262 262 261 261 261 261 203 204 211 212 213 213 213 213 213 213 213 214 214 214 215 215 215 216 216 217 217 217 217 218 218 218 218 217 218 218 218 218 218 218 218 219 219 219 219 220 220 220 220 221 221 221 222 221 221 221 222 222 222 223 223 223 223 223 222 222 222 223 223 223 223 223 224 224 224 224 224 224 225 225 225 225 225 225 225 226 226 226 226 226 227 227 227 227 227 226 226 227 227 227 227 227 228 228 228 228 228 228 228 228 228 229 229 229 229 229 229 229 230 230 230 230 230 230 230 230 230 230 230 231 231 231 232 231 231 231 232 232 232 232 232 233 233 233 233 233 233 233 234 233 233 233 234 234 234 235 235 235 235 235 235 235 235 235 236 236 236 236 236 236 237 237 237 237 237 237 237 238 238 238 238 239 238 239 239 239 239 239 239 239 239 239 239 239 239 240 240 240 240 240 240 240 240 240 243 243 244 244 244 244 244 244 244 244 244 245 245 245 245 245 245 245 245 246 246 246 246 246 246 246 246 247 247 247 247 247 248 248 248 248 248 249 249 249 250 250 250 250 250 250 250 250 250 251 251 251 251 252 252 252 252 252 252 252 253 253 253 254 253 253 253 253 253 253 254 254 254 254 254 254 254 254 254 254 254 254 254 254 254 253 254 254 254 254 255 255 255 255 255 255 256 256 256 256 256 256 256 256 256 257 257 257 257 257 257 257 257 257 257 257 257 258 258 258 258 258 258 258 258 259 259 259 259 259 259 259 259 259 259 260 260 260 261 261 261 261 261 204 206 205 211 211 211 212 213 213 214 214 214 214 214 213 214 214 214 214 215 215 216 217 217 217 217 217 217 217 217 217 217 218 218 218 219 219 219 219 218 219 219 219 220 220 220 220 220 221 221 221 221 221 221 222 222 222 222 223 223 223 223 223 223 223 223 223 223 223 223 223 224 224 224 224 224 224 225 225 225 225 225 226 226 226 226 226 226 227 227 227 227 227 227 227 227 228 228 227 227 227 228 228 228 228 228 228 228 228 228 228 229 229 229 229 229 230 230 231 230 230 230 231 231 231 231 231 231 231 231 231 232 232 232 232 232 232 232 233 233 233 233 233 233 233 233 233 233 233 234 234 234 234 235 235 235 235 235 235 235 235 235 236 236 236 236 236 236 237 237 237 237 237 237 237 237 238 238 238 238 238 239 239 239 239 239 239 239 239 239 239 239 239 240 240 240 240 240 240 240 240 240 243 243 244 244 244 244 244 244 244 244 245 245 245 245 245 245 245 245 246 246 246 246 246 246 246 246 246 246 247 247 247 247 247 248 248 248 248 249 249 250 250 250 250 250 250 250 250 251 251 251 251 251 251 251 251 252 252 252 252 252 252 253 253 254 253 253 253 254 254 254 254 254 254 255 255 255 255 254 254 254 255 255 255 254 253 253 253 254 254 254 255 255 255 255 255 256 256 256 256 256 256 256 256 256 256 256 257 257 257 257 257 257 258 258 258 258 258 258 258 258 258 258 258 258 258 259 259 259 259 259 259 259 259 259 260 260 260 260 261 204 206 207 206 205 204 205 205 205 211 212 211 212 213 212 212 213 214 214 214 214 214 214 214 214 214 214 214 215 215 216 216 217 217 217 217 217 217 218 218 218 218 218 218 219 219 219 219 219 219 219 219 220 220 220 220 220 220 221 221 221 221 222 222 222 222 222 223 223 223 223 223 223 223 224 224 224 224 223 224 223 224 224 224 224 224 225 225 225 225 225 225 226 226 226 226 227 227 227 227 227 227 227 227 227 227 227 227 227 227 228 228 228 228 228 228 228 228 228 229 229 229 229 230 230 230 231 230 230 231 231 231 231 231 231 231 231 231 231 231 232 232 232 232 232 232 233 233 233 233 233 233 233 234 234 234 234 234 234 234 234 234 235 235 235 235 235 235 235 235 235 236 236 236 236 236 237 237 237 237 237 237 237 237 237 238 238 238 238 238 238 238 239 239 239 239 239 239 239 239 239 239 240 240 240 240 240 240 240 240 240 243 243 244 244 244 244 244 244 244 245 245 245 245 245 245 245 245 245 246 246 246 246 246 246 246 246 247 247 247 247 247 247 247 248 248 248 249 249 249 250 250 250 250 250 250 250 251 251 251 252 251 251 252 252 252 252 252 252 252 252 253 253 253 254 254 253 253 253 254 254 254 254 254 255 255 254 254 255 255 255 255 255 255 254 253 253 254 254 254 254 255 255 255 255 255 256 256 256 256 256 256 256 256 256 256 256 257 257 257 257 257 258 258 258 258 258 258 258 258 258 258 258 258 258 258 259 259 259 259 259 259 259 259 259 260 260 260 260 261 204 206 207 208 207 205 207 208 207 206 205 212 212 212 212 213 213 213 214 214 214 214 214 214 213 214 215 215 215 215 215 215 216 217 217 217 217 218 217 218 218 219 219 219 219 219 219 219 219 219 219 219 219 219 219 220 220 220 220 220 221 221 221 221 221 221 222 222 222 222 222 223 223 223 223 223 223 223 224 224 224 224 224 223 224 225 225 224 225 225 225 225 225 225 226 226 226 226 226 226 227 227 227 227 227 227 228 228 228 228 228 228 228 228 228 228 228 229 229 228 228 229 229 229 229 230 230 230 230 230 230 230 230 231 231 231 231 231 231 231 231 231 232 232 232 232 232 233 233 233 233 233 233 233 233 233 234 234 234 234 234 234 234 235 235 235 235 235 235 235 235 236 236 236 236 236 236 236 236 237 237 237 237 237 238 238 238 238 238 239 238 238 238 238 239 239 239 239 239 239 239 239 239 239 240 240 240 240 240 240 240 240 240 243 243 244 244 244 244 244 244 245 245 245 245 245 245 245 245 245 245 246 246 246 246 246 246 246 246 247 247 247 247 248 248 248 249 248 249 249 249 249 250 250 249 249 249 250 250 251 251 251 251 251 252 252 252 252 252 252 252 252 253 253 253 253 253 254 253 253 253 254 254 254 254 254 254 254 255 255 255 255 255 255 255 255 254 254 254 254 254 254 254 255 255 255 255 255 256 256 256 256 256 256 256 256 256 256 256 257 257 257 257 257 257 258 258 258 258 258 258 258 258 258 258 258 258 258 259 259 259 259 259 259 259 259 259 260 260 260 260 261 204 206 207 207 207 207 208 209 209 207 206 206 206 206 211 212 212 212 212 212 213 213 214 213 214 215 215 214 214 214 214 214 215 216 216 215 215 215 216 216 217 218 218 218 218 218 219 219 219 219 219 219 219 219 219 219 219 220 220 220 219 220 220 221 221 221 221 221 221 222 222 222 222 222 222 222 223 223 223 223 223 223 223 223 224 224 224 224 224 224 225 225 225 225 225 225 225 226 226 225 226 226 226 226 227 227 227 227 227 227 227 228 228 228 228 228 228 228 228 228 228 228 229 229 229 229 229 230 230 230 230 230 230 230 230 230 230 230 230 231 231 231 231 231 231 231 232 232 232 232 232 232 233 233 233 233 233 233 233 233 233 234 234 234 234 234 234 234 234 235 235 235 235 235 235 235 236 236 236 236 236 236 236 236 237 237 237 237 237 238 238 238 238 238 238 238 238 238 238 238 238 239 239 239 239 239 239 239 240 240 240 240 240 240 240 240 241 241 243 243 244 244 244 244 244 244 245 245 245 245 245 245 245 245 245 246 246 246 246 246 246 246 246 247 247 247 247 247 247 248 248 249 249 249 249 249 249 249 250 249 249 250 250 250 250 251 251 252 251 251 252 252 252 252 253 252 253 253 253 253 253 253 254 254 254 254 254 254 255 254 254 254 254 255 255 255 255 255 255 254 254 254 254 254 254 254 254 255 255 255 255 255 255 256 256 256 256 256 256 256 256 256 256 257 256 257 257 257 257 258 258 258 258 258 258 258 258 258 258 258 258 258 258 258 259 259 259 259 259 259 260 260 259 260 260 260 261 205 206 207 207 208 208 209 210 209 208 208 209 208 207 211 211 212 212 212 212 212 213 213 213 213 213 213 214 214 214 214 214 215 215 215 216 216 215 216 216 216 217 217 217 217 218 218 218 218 218 219 219 219 219 219 219 219 220 220 220 220 220 220 220 220 220 221 221 221 221 222 222 222 222 222 222 222 223 223 223 223 223 223 223 223 223 223 223 224 224 224 224 224 225 225 225 226 225 226 226 226 226 226 226 226 226 226 227 227 227 227 227 227 227 228 228 228 228 228 228 228 228 228 228 229 229 230 229 230 230 230 230 230 230 230 230 230 230 230 231 230 230 231 231 231 231 231 231 232 232 232 232 232 232 233 233 233 233 233 233 233 233 233 233 234 234 234 234 234 234 235 235 235 235 235 235 235 235 236 236 236 236 236 236 237 237 237 237 237 237 238 238 238 238 238 238 238 238 238 238 238 238 238 239 239 239 239 239 239 239 239 240 240 240 240 240 240 241 241 241 243 244 244 244 244 244 244 244 245 245 245 245 245 245 245 245 245 246 246 246 246 246 246 246 246 247 247 247 247 247 247 248 248 248 248 248 248 249 249 249 249 249 249 249 250 250 250 251 251 252 251 251 251 252 252 252 252 253 253 253 253 253 253 253 254 254 254 254 254 254 254 254 254 254 255 255 254 254 254 254 254 254 254 254 254 254 254 254 255 255 255 255 255 255 256 256 256 256 256 256 256 256 256 257 256 257 257 257 257 257 257 258 258 258 258 258 258 258 258 258 258 258 259 259 259 259 259 259 259 259 259 259 259 259 260 260 260 260 261 261 206 207 207 208 208 209 209 209 209 209 208 207 207 207 208 208 211 212 212 212 212 212 213 213 213 213 213 213 214 215 215 214 214 214 215 216 216 216 216 216 216 217 217 217 217 218 218 218 218 218 218 218 218 218 218 219 219 219 219 219 220 220 221 221 221 221 220 220 220 221 221 221 222 222 222 222 222 222 222 223 222 222 223 223 224 224 224 224 224 223 223 223 223 224 224 225 225 225 226 226 226 226 226 226 226 226 226 226 227 227 227 227 227 227 227 228 228 228 228 228 228 228 228 228 228 228 229 229 229 229 229 230 230 230 230 230 230 230 230 230 230 230 230 230 231 231 231 231 231 232 232 232 232 232 232 233 233 233 233 233 233 233 233 233 233 234 234 234 234 234 234 234 235 235 235 235 235 235 235 236 236 236 236 236 236 236 236 237 237 237 237 238 238 238 238 238 238 238 238 238 238 238 238 238 238 239 239 239 239 239 239 239 240 240 240 240 240 240 240 241 241 241 243 244 244 244 244 244 244 244 245 245 245 245 245 245 245 245 245 246 246 246 246 246 246 246 246 247 247 247 247 247 247 248 248 248 249 248 248 249 249 249 249 249 249 250 250 250 251 251 251 252 251 252 252 252 252 252 252 252 253 253 253 253 253 253 254 254 253 253 254 254 254 254 254 254 255 255 255 255 254 254 254 254 254 254 254 254 254 254 255 255 255 255 255 255 255 256 256 256 256 256 256 256 257 257 257 257 257 257 257 257 257 258 258 258 258 258 258 258 258 258 258 258 258 259 259 259 259 259 259 259 259 259 259 260 260 260 260 260 261 205 207 208 208 209 209 209 209 210 209 208 208 208 209 209 209 209 209 210 209 209 209 209 209 209 209 209 209 209 210 210 210 211 211 212 212 212 213 212 212 212 213 213 213 213 214 214 214 215 214 214 214 215 216 216 216 216 216 217 217 217 218 218 218 218 218 218 218 218 218 218 218 219 219 219 219 219 219 220 220 220 221 221 221 221 221 221 221 221 222 222 222 222 222 222 222 223 223 222 223 223 223 224 224 224 224 224 224 224 224 224 223 224 225 225 225 226 226 226 226 226 226 226 226 226 227 227 227 227 227 227 227 228 228 228 228 228 228 228 228 228 228 229 229 229 229 229 229 229 229 230 230 231 231 231 230 230 230 230 230 231 231 231 231 231 231 231 232 232 232 232 232 232 233 233 233 233 233 233 233 233 233 234 234 234 234 234 234 234 235 235 235 235 235 235 235 236 236 236 236 236 236 236 236 236 236 237 237 237 237 238 238 238 238 238 238 238 239 238 239 238 239 239 238 239 239 239 239 239 240 240 240 240 240 240 240 241 241 241 241 243 244 244 244 244 244 244 244 244 245 245 245 245 245 245 245 246 246 246 246 246 246 246 246 246 247 247 247 247 247 247 248 248 248 248 248 248 248 248 248 248 249 249 250 250 251 251 251 251 252 251 252 252 252 252 252 252 252 252 253 253 253 253 254 254 253 253 253 253 254 254 254 253 253 254 254 254 254 254 254 254 254 254 254 254 254 255 255 255 255 255 255 255 255 256 256 256 256 256 256 256 256 256 257 257 257 257 257 257 257 257 258 258 258 258 258 258 258 258 258 258 258 258 259 259 259 259 259 259 259 259 259 259 260 260 260 260 261 261 207 209 209 209 209 209 209 209 208 208 208 209 209 210 211 211 211 211 211 210 210 210 211 211 211 210 210 210 211 211 211 212 212 212 212 213 213 213 212 213 213 213 213 214 214 214 215 215 215 215 215 215 216 215 216 216 216 216 217 218 218 218 218 218 218 218 218 219 219 218 219 219 219 219 219 220 220 220 220 220 221 221 221 221 221 221 221 221 222 222 222 222 222 223 223 222 223 223 223 224 224 224 224 224 225 225 225 225 224 224 224 224 224 225 225 225 226 226 226 226 226 226 226 226 227 227 227 227 227 228 228 228 228 228 228 228 228 228 228 229 229 229 229 229 229 229 229 230 230 230 231 231 231 231 231 231 231 231 231 231 231 231 231 231 232 232 232 232 232 232 233 233 233 233 233 233 233 233 233 234 234 234 234 234 234 234 235 235 235 235 235 235 235 235 236 236 236 236 236 236 236 237 237 236 236 237 237 237 237 238 238 238 238 238 238 238 238 239 239 238 239 239 239 239 239 239 240 240 240 240 240 240 240 240 241 241 241 241 244 244 244 244 244 244 244 244 244 245 245 245 245 245 245 245 246 246 246 246 246 246 246 246 247 247 247 247 247 247 248 248 248 248 248 249 249 249 249 249 249 249 249 249 250 250 250 251 251 252 251 251 252 252 252 252 252 253 253 253 253 253 253 253 253 253 253 253 253 253 254 254 253 253 253 254 255 255 254 254 254 253 253 253 254 254 255 255 255 255 255 255 255 255 256 256 256 256 256 256 256 257 256 257 257 257 257 257 257 257 257 257 258 258 258 258 258 258 258 258 258 258 259 259 259 259 259 259 259 259 259 259 260 260 260 260 261 261 261 208 208 208 209 209 209 208 208 208 208 208 209 210 211 211 212 212 212 211 212 212 212 212 212 212 212 212 211 211 211 212 212 212 212 213 213 214 213 213 213 213 213 214 214 214 214 215 215 215 215 215 215 216 216 216 217 217 217 218 218 219 219 219 219 218 218 219 219 219 219 219 219 219 220 220 220 220 221 221 221 221 221 221 221 221 221 221 222 222 222 222 222 223 222 223 223 223 223 224 224 224 224 224 224 224 224 225 225 225 225 225 225 225 225 225 226 226 226 226 226 227 227 227 227 227 227 227 227 228 228 228 228 228 228 228 228 229 228 229 229 229 229 229 229 229 230 230 230 230 230 231 231 231 231 231 231 232 232 231 231 231 231 231 232 232 232 232 232 233 233 233 233 233 233 233 233 233 233 234 234 234 234 234 234 234 235 235 235 235 235 235 235 235 236 236 236 237 237 237 237 237 237 237 236 237 237 237 238 238 238 238 238 238 238 238 239 239 239 239 239 239 239 239 239 239 240 240 240 240 240 240 240 240 240 241 241 241 244 243 244 244 244 244 244 244 244 244 245 245 245 245 246 246 246 246 246 246 246 246 246 246 247 247 247 247 247 247 248 248 247 248 248 249 249 249 249 250 249 249 250 250 250 251 251 251 251 251 251 251 251 252 252 252 253 253 253 253 253 253 253 253 253 252 253 253 253 254 254 253 253 253 253 254 254 254 254 254 254 254 253 253 254 254 255 255 255 255 255 255 255 255 255 256 256 256 256 256 256 257 257 257 257 257 257 257 257 257 257 257 258 258 258 258 258 258 258 258 258 258 259 259 259 259 259 259 259 259 259 259 260 260 260 260 261 261 261 208 209 209 210 210 209 209 209 209 209 209 210 212 212 212 212 212 212 213 213 213 212 213 213 213 213 213 213 212 212 212 212 213 213 214 214 213 213 213 213 214 214 214 215 215 215 215 215 215 215 216 216 216 216 216 216 217 217 218 219 219 219 219 218 218 218 219 219 219 219 219 219 219 220 220 220 220 221 221 221 221 221 221 221 221 221 222 222 222 222 222 222 222 223 223 223 224 223 223 224 224 224 224 224 224 225 225 225 225 225 225 225 225 225 226 226 226 226 226 227 227 227 227 227 227 227 228 228 228 228 228 228 229 229 229 229 229 229 229 229 230 229 229 229 230 230 230 230 230 231 231 231 231 231 231 232 232 232 231 231 231 232 232 232 232 232 232 233 233 233 233 233 233 233 233 233 233 234 234 234 234 234 234 235 235 235 235 235 235 235 235 235 235 236 236 236 237 237 237 237 237 237 237 237 237 238 238 238 238 238 238 238 238 239 239 239 239 239 239 239 239 239 239 239 240 240 240 240 240 240 240 240 240 241 241 241 243 244 244 244 244 244 244 244 244 244 245 245 245 246 246 246 246 246 246 246 246 246 247 247 247 247 247 247 248 248 248 248 247 248 248 248 249 249 250 250 250 250 250 250 250 251 251 251 251 251 251 251 251 251 252 252 252 253 253 253 253 253 253 252 252 252 253 254 254 254 254 253 253 253 253 254 254 254 254 254 254 254 253 253 254 254 255 255 255 255 255 255 255 255 255 256 256 256 256 256 256 256 256 257 256 257 257 257 257 257 257 257 257 257 257 258 258 258 258 258 259 259 259 259 259 259 259 259 259 259 259 260 260 260 260 260 260 209 210 211 211 210 210 210 210 210 211 211 212 212 213 212 212 213 213 213 213 213 214 214 214 213 213 213 212 212 213 213 213 213 214 213 213 213 214 214 214 214 214 214 215 215 215 215 215 215 216 216 216 216 217 217 218 218 218 219 219 219 219 219 219 219 219 219 219 219 219 220 220 220 220 220 220 221 221 221 221 221 221 221 221 222 222 222 222 223 223 223 223 223 223 224 224 224 223 223 224 224 224 225 225 225 225 225 225 225 225 225 225 225 226 226 226 226 226 227 227 227 227 227 227 228 228 228 228 228 228 228 228 229 229 229 229 229 229 229 229 229 229 230 230 230 230 230 230 230 230 231 231 231 231 231 232 232 232 232 232 232 232 232 232 232 232 233 233 233 233 233 233 233 233 233 233 234 234 234 234 234 234 235 235 235 235 236 235 235 236 236 236 236 236 236 237 237 237 237 237 237 237 237 237 238 238 238 238 238 238 238 239 239 239 239 239 239 239 239 239 239 239 239 240 240 240 240 240 240 240 240 241 241 241 241 243 244 244 244 245 244 244 244 244 245 245 245 245 246 246 246 246 246 246 246 246 246 246 247 247 247 247 247 248 248 248 248 248 248 248 248 249 249 249 249 250 250 250 250 251 251 251 250 251 252 251 251 252 252 252 252 252 252 253 252 252 252 252 252 253 253 253 254 254 253 253 253 253 253 253 253 254 253 253 253 254 253 253 254 254 254 255 255 255 255 255 255 255 255 255 256 256 256 256 256 256 256 256 256 256 257 257 257 257 257 257 257 257 257 257 258 258 258 258 258 258 258 259 259 259 259 259 259 259 259 259 260 260 260 260 261 261 211 211 211 210 210 211 211 211 211 211 212 212 213 213 213 213 214 214 214 214 214 214 214 214 213 213 214 214 214 215 214 214 215 214 213 213 214 214 215 214 215 215 215 216 216 216 216 216 217 217 217 217 217 218 218 218 218 218 219 219 219 219 219 219 219 219 219 219 220 220 220 220 220 220 220 221 221 221 222 222 222 221 221 222 222 222 223 223 223 223 223 223 223 224 224 224 224 223 223 223 224 225 225 225 225 225 226 225 224 224 225 225 225 226 226 226 226 227 227 227 227 227 228 228 228 228 228 228 229 229 229 229 229 229 229 229 229 229 229 229 229 230 230 230 230 230 230 230 230 231 231 231 231 231 231 231 232 232 232 232 232 232 232 233 233 233 233 233 233 233 233 233 233 233 233 234 234 234 234 234 234 234 235 235 235 235 235 236 236 236 236 236 236 236 237 237 237 237 237 237 237 237 237 238 238 238 238 238 238 238 238 239 239 239 239 239 239 239 239 239 240 240 240 240 240 240 240 240 241 241 241 241 241 241 244 244 244 245 245 244 244 244 244 245 245 245 246 246 246 246 246 246 246 246 246 247 247 247 247 247 247 248 248 248 248 248 248 248 248 248 249 249 249 249 249 249 250 250 251 251 250 251 251 251 251 252 251 252 252 252 252 252 253 253 252 252 251 252 253 253 253 253 253 253 253 253 253 253 254 254 253 254 254 253 254 254 254 254 254 254 255 255 255 255 255 255 255 255 255 256 256 256 256 256 256 257 257 257 257 256 257 257 257 257 257 257 257 257 257 258 258 258 258 258 258 258 258 259 259 259 259 259 259 259 259 260 260 260 260 261 261 211 211 211 211 212 212 212 211 211 211 212 212 213 213 213 214 214 214 214 215 215 215 214 215 214 214 214 215 215 215 215 215 216 216 215 214 214 214 215 215 216 216 216 217 217 217 217 217 218 218 218 218 218 217 218 218 218 218 218 219 219 220 220 220 220 220 219 220 220 220 220 220 220 220 220 220 221 221 222 222 222 222 222 222 222 222 222 223 223 224 224 224 224 224 224 224 224 224 224 223 224 224 225 225 224 224 224 224 225 225 225 226 225 226 226 226 226 226 227 227 227 227 228 228 228 228 228 228 228 229 229 229 229 229 229 229 229 229 229 229 230 230 230 230 230 230 230 231 231 231 231 231 231 231 231 231 232 232 232 232 232 233 233 233 233 233 233 233 233 233 233 233 233 233 233 234 234 234 234 234 234 235 235 235 235 235 236 236 236 236 236 237 236 236 236 237 237 237 237 237 237 237 237 237 238 238 238 238 238 238 238 239 239 239 239 239 239 239 239 239 240 240 240 240 240 240 240 241 241 241 241 241 241 241 243 244 244 244 244 244 244 244 244 245 245 245 246 246 246 246 246 246 246 246 246 247 247 247 247 247 247 248 248 247 248 248 248 248 248 248 249 249 250 250 249 249 250 250 250 250 250 250 251 251 251 251 251 252 252 252 252 253 253 253 252 252 251 252 252 253 253 252 253 253 253 253 253 253 253 254 253 253 253 254 254 253 254 254 254 254 255 255 255 255 255 255 255 255 255 255 256 256 256 256 256 257 257 257 257 257 257 257 257 257 257 257 257 257 257 257 257 258 258 258 258 258 258 259 259 259 259 259 259 259 259 260 260 260 260 261 261 211 211 211 211 211 212 212 212 212 212 212 212 212 213 214 214 214 214 215 215 215 215 215 215 215 215 215 215 216 216 216 216 216 215 215 215 216 216 216 217 217 217 217 217 218 218 218 218 218 218 218 218 218 218 218 218 218 218 219 219 219 220 220 220 220 220 220 220 220 220 220 221 221 221 221 221 221 221 222 222 222 222 222 222 223 223 223 223 224 224 224 224 224 224 224 224 223 223 224 224 224 224 224 224 224 224 225 226 227 227 226 226 226 226 226 226 226 227 227 227 227 228 228 228 228 228 228 229 229 229 229 229 229 229 229 229 229 229 230 230 230 230 230 230 230 230 231 231 231 231 231 231 232 231 232 232 232 232 232 233 233 233 233 233 233 233 233 233 233 233 234 233 233 233 234 234 234 234 234 234 235 235 235 235 236 236 236 236 236 237 237 236 236 237 237 237 238 238 237 237 237 237 237 237 238 238 238 238 238 239 239 239 239 239 239 239 240 240 240 240 240 240 240 240 240 240 241 241 241 241 241 241 241 244 244 244 244 245 244 244 244 244 245 245 245 246 246 246 246 246 246 246 246 246 247 247 247 247 248 248 247 247 248 248 248 248 248 248 248 249 249 249 249 249 249 250 250 251 250 250 250 250 251 251 251 251 251 252 252 252 253 253 253 253 253 252 252 251 252 253 253 252 252 253 253 253 253 253 253 253 254 254 254 254 254 254 254 254 254 254 255 255 255 255 255 255 255 255 256 256 256 256 256 256 257 257 257 257 257 257 257 257 257 257 257 257 257 257 257 257 258 258 258 258 258 258 259 259 259 259 259 259 259 260 260 260 260 260 261 261 211 211 211 211 212 212 212 212 212 212 213 212 213 214 214 214 215 215 215 215 215 215 216 216 215 216 216 216 216 216 216 217 216 216 216 216 216 217 217 217 217 218 218 218 218 218 218 218 218 218 218 218 218 218 218 218 219 219 219 219 219 220 220 220 220 220 220 220 221 221 221 221 221 221 221 221 221 222 222 222 222 222 223 223 223 223 223 224 224 224 225 225 225 225 224 224 224 224 225 224 224 225 226 225 225 225 225 226 226 226 226 226 226 227 226 226 227 227 227 227 227 228 228 228 228 228 229 229 229 229 229 229 229 229 229 230 230 230 230 230 230 230 230 231 231 231 231 231 231 231 232 232 232 232 232 232 232 232 233 233 233 233 233 233 233 233 233 233 233 233 233 233 233 234 234 234 234 234 234 234 235 235 235 236 236 236 236 237 237 237 237 237 237 237 237 237 237 237 237 237 237 237 238 238 238 238 238 238 238 239 239 239 239 239 239 239 240 240 240 240 240 240 240 240 240 240 241 241 241 241 241 241 244 244 244 244 244 244 244 244 244 245 245 245 246 246 246 246 246 246 246 246 246 247 247 247 247 247 247 247 248 248 248 248 248 248 248 248 249 249 249 249 249 249 250 250 250 250 250 250 250 251 251 251 251 251 252 252 252 252 253 253 253 253 253 253 252 251 252 253 253 252 252 252 253 253 253 253 253 254 254 254 254 254 254 254 254 255 255 255 255 255 255 255 255 255 255 256 256 256 256 256 256 256 257 257 257 257 257 257 257 257 257 257 257 258 258 258 258 258 258 258 258 259 259 259 259 259 259 259 259 259 260 260 260 260 260 261 261 211 211 211 212 212 212 212 212 213 213 213 213 214 214 214 215 215 215 215 215 215 215 216 216 216 216 216 216 216 216 217 216 217 217 217 217 217 217 217 217 217 217 217 218 218 218 218 219 219 219 219 219 218 218 218 218 219 219 219 219 219 220 220 220 220 220 221 220 220 221 221 221 221 221 221 221 222 222 222 222 222 223 223 223 223 223 223 224 224 224 224 224 224 224 223 224 225 225 225 225 226 226 226 225 225 225 226 226 226 227 227 227 227 227 227 227 227 227 227 228 228 228 228 228 228 229 229 229 229 229 230 229 230 230 230 230 230 230 230 230 230 231 231 231 231 231 231 231 231 232 232 232 232 232 232 232 233 233 233 233 233 233 233 233 233 233 233 233 233 233 233 233 234 234 234 234 234 234 235 235 235 235 235 236 236 236 237 237 237 237 237 237 237 237 237 238 238 238 238 238 238 238 238 238 239 238 238 238 238 238 239 239 239 240 240 240 240 240 240 240 240 240 240 240 240 240 241 241 241 241 241 244 244 244 245 244 244 244 244 244 245 245 245 246 246 246 246 246 246 246 246 247 247 247 247 247 247 247 247 248 248 248 248 248 248 249 249 249 249 249 249 249 249 250 250 250 250 250 250 251 251 251 251 251 251 251 252 252 252 252 253 253 253 253 253 253 252 252 252 252 252 252 252 253 253 253 253 253 253 254 254 254 254 254 254 254 254 254 255 255 255 255 255 255 256 255 256 256 256 256 256 256 256 257 257 257 257 257 257 257 257 257 257 258 258 258 258 258 258 258 258 259 259 259 259 259 259 259 259 259 259 260 260 260 260 260 261 261 211 211 212 212 212 212 212 213 213 213 213 214 214 215 215 215 215 215 215 215 216 216 216 216 216 216 216 216 216 217 216 217 217 217 217 217 217 217 217 217 217 217 217 218 218 218 219 219 219 219 219 219 219 219 219 219 219 219 219 219 220 219 220 220 221 221 221 221 221 221 221 221 221 221 222 222 222 222 222 223 223 223 223 223 223 223 223 224 224 224 224 224 224 224 224 224 224 225 225 225 225 226 226 226 226 226 226 226 227 227 227 227 228 227 227 227 227 227 228 228 228 228 228 228 229 229 229 229 229 230 229 230 230 230 230 230 230 230 230 231 231 231 231 231 231 231 231 232 232 232 232 232 232 232 232 232 233 233 233 233 233 233 234 234 234 234 233 233 233 233 234 234 234 234 234 234 234 235 235 235 236 236 236 236 237 237 237 237 237 237 237 237 237 237 238 238 238 238 238 238 238 238 238 239 239 239 239 239 239 239 239 239 239 240 240 240 240 240 240 240 240 240 240 240 240 241 241 241 241 241 244 245 245 244 244 244 244 244 244 245 245 245 246 246 246 246 246 246 246 246 247 247 247 247 247 248 247 247 248 248 248 248 248 249 249 249 249 249 249 249 249 249 250 250 250 250 251 251 250 251 251 251 252 251 251 251 252 252 252 253 253 253 253 253 253 253 253 252 252 252 252 252 252 253 253 253 253 253 254 254 254 254 254 254 255 255 255 255 255 255 255 256 256 256 256 256 256 256 256 256 256 256 257 257 257 257 257 257 257 257 257 257 257 257 258 258 258 258 258 258 258 258 259 259 259 259 259 259 259 259 260 260 260 260 261 261 212 213 213 213 213 213 213 213 213 213 213 214 215 215 215 215 215 215 216 216 216 216 216 216 216 216 216 216 217 216 216 216 217 217 217 217 217 217 217 217 217 217 218 218 218 219 219 219 219 219 219 219 219 219 219 219 219 219 219 219 219 220 220 220 221 221 221 221 222 221 221 221 222 222 222 222 222 223 223 223 223 223 223 223 224 224 224 224 224 224 224 224 224 224 224 224 224 225 225 225 225 226 226 226 226 226 227 227 227 227 227 228 227 227 227 227 228 228 228 228 228 229 229 229 229 229 229 229 230 229 230 230 230 230 230 230 231 231 231 231 231 231 231 231 231 231 232 232 232 232 232 232 232 232 233 233 233 234 234 234 234 234 234 234 233 233 233 233 233 233 234 234 234 234 234 234 234 235 235 236 236 236 237 237 237 237 237 238 238 237 238 238 238 237 238 238 238 238 238 238 239 239 239 239 239 239 239 239 239 239 239 240 240 240 240 240 240 240 240 240 240 240 240 241 241 241 241 241 241 244 245 245 244 244 244 244 245 244 245 245 246 246 246 246 246 246 246 246 246 247 247 247 247 247 248 248 248 248 248 248 248 248 248 248 248 248 249 249 249 249 249 249 250 250 250 250 251 251 251 250 251 251 252 251 251 252 252 252 252 253 253 253 253 253 253 253 253 253 252 252 252 252 253 253 253 253 253 253 254 254 254 254 254 254 255 255 255 255 255 255 256 256 256 256 256 256 256 256 256 257 257 257 257 257 257 257 257 257 257 257 257 257 258 258 258 258 258 258 258 258 258 259 259 259 259 259 259 259 259 260 260 260 260 261 261 212 212 213 213 213 213 213 213 214 214 214 214 215 216 215 216 216 216 216 216 216 216 216 216 216 216 217 217 216 217 217 217 217 218 218 218 218 217 217 217 218 218 218 218 218 218 218 219 219 219 219 219 219 219 219 219 219 219 219 219 219 220 220 220 220 220 221 221 222 222 222 222 222 222 222 222 223 223 223 223 223 223 224 224 224 224 224 224 224 224 225 225 225 224 224 224 225 225 225 225 226 226 226 226 227 227 227 227 227 227 228 228 228 227 228 228 228 228 228 228 228 229 229 229 229 229 229 230 229 230 230 230 230 230 230 231 231 231 231 231 231 231 231 232 232 232 232 232 232 232 232 232 233 233 233 233 233 233 234 234 234 234 233 234 233 233 233 233 233 234 234 234 234 234 234 234 235 235 236 236 236 236 236 237 236 237 238 238 238 238 238 237 238 238 239 239 239 239 239 239 239 239 239 239 239 239 239 239 239 239 239 240 240 240 240 240 240 240 240 240 240 241 240 240 241 241 241 242 244 245 245 245 244 245 245 245 245 245 245 246 246 246 246 246 246 246 247 247 247 247 247 247 247 248 248 248 248 248 248 248 248 248 249 248 248 248 249 249 249 249 249 249 250 250 250 250 250 250 250 251 251 251 251 251 252 252 252 252 252 252 253 252 253 253 253 253 253 253 253 252 252 253 253 253 253 253 254 254 254 254 254 254 254 255 255 255 255 255 255 255 256 256 256 256 256 256 256 257 257 257 257 258 257 257 257 257 257 258 258 258 258 258 258 258 258 258 258 258 258 259 259 259 259 259 259 259 259 260 260 260 260 260 260 261 213 213 213 213 213 213 213 214 215 215 215 215 216 216 215 215 216 216 216 216 216 216 216 216 216 216 217 217 217 217 217 217 217 218 218 218 217 217 217 218 218 218 218 218 219 218 219 218 219 219 219 219 220 219 219 220 220 220 220 219 219 220 220 220 220 220 221 222 222 222 222 222 222 222 223 223 223 223 223 223 224 224 224 224 224 224 224 224 225 225 225 225 225 225 224 225 225 225 225 226 226 226 227 227 227 227 227 227 227 227 228 228 228 228 228 228 228 228 228 228 229 229 229 229 229 230 230 230 230 230 230 230 230 231 231 231 231 231 231 231 232 232 232 232 232 232 232 232 232 232 233 233 233 233 233 233 233 234 234 234 234 234 234 234 233 233 234 234 234 234 234 235 235 235 235 235 235 235 236 236 236 236 237 236 237 237 238 238 238 238 238 238 239 239 239 239 239 239 239 239 239 239 239 239 239 239 239 239 239 239 240 240 240 240 240 240 240 240 240 241 240 241 241 241 241 241 242 245 245 245 244 244 245 245 245 245 245 245 246 246 246 246 246 246 247 247 247 247 247 247 247 247 248 248 248 248 248 248 248 248 248 249 249 249 249 249 249 249 249 250 250 250 250 250 250 250 250 250 251 251 251 251 251 251 252 252 252 252 252 252 252 253 253 253 253 253 253 253 253 253 253 253 253 253 254 254 254 254 254 254 254 254 255 255 255 255 255 255 255 256 256 256 256 257 256 256 257 257 257 257 257 257 257 257 257 258 258 257 257 258 258 258 258 258 258 258 258 259 259 259 259 259 259 259 259 259 259 260 260 260 260 260 213 214 214 213 213 213 214 214 214 215 215 216 216 216 216 215 215 216 216 216 216 216 216 216 217 217 217 217 217 218 218 218 218 218 218 218 218 218 218 218 218 219 219 219 219 219 219 220 220 220 220 220 220 220 220 220 220 220 220 220 220 220 220 220 220 220 221 222 222 222 222 222 223 223 223 223 223 223 223 224 224 224 224 224 225 225 225 225 225 225 226 225 225 225 225 225 225 226 226 226 226 226 226 227 227 227 227 227 227 227 228 229 228 228 228 229 229 228 228 228 229 229 229 229 230 230 230 230 230 230 230 230 231 231 231 231 231 231 232 232 232 232 232 232 232 232 232 232 233 233 233 233 233 233 233 233 234 234 234 234 234 234 234 234 234 234 234 234 234 234 235 235 235 235 235 235 235 236 237 237 236 236 237 237 237 237 238 238 238 238 239 239 239 239 239 239 239 239 239 239 239 239 239 239 239 239 239 239 239 240 240 240 240 240 240 240 240 241 241 241 241 241 241 241 242 242 245 245 245 244 244 244 244 244 245 245 245 246 246 246 246 246 246 247 247 247 247 247 247 247 247 248 248 248 248 248 248 248 249 249 249 249 249 249 249 249 249 250 250 250 251 251 250 250 250 251 250 251 251 251 251 251 251 251 251 252 252 252 252 252 253 253 253 253 253 253 253 253 253 253 253 253 253 254 254 254 254 254 254 254 254 255 255 255 255 256 255 256 256 256 256 256 257 257 256 257 257 257 257 257 257 257 257 257 257 257 258 258 258 258 258 258 258 258 258 258 259 259 259 259 259 259 259 259 259 259 260 260 260 261 261 213 213 213 213 214 214 214 215 215 215 215 215 215 215 216 216 215 216 216 216 216 216 217 217 217 217 217 217 217 218 218 218 218 219 219 218 218 219 219 219 219 219 219 219 219 220 220 220 220 220 220 221 221 221 221 221 221 220 221 221 221 221 221 220 220 221 222 222 223 223 223 223 223 223 223 223 223 224 224 224 224 224 225 225 225 225 225 225 225 225 226 226 225 225 225 225 226 226 226 226 226 226 226 227 227 227 227 227 227 228 228 229 229 229 229 229 229 229 228 229 229 229 229 230 230 230 230 230 230 230 230 231 231 231 231 231 231 232 232 232 232 232 232 232 232 233 233 233 233 233 233 233 233 233 234 234 234 234 235 234 234 234 234 234 234 234 234 234 234 234 235 235 235 235 235 236 236 237 237 236 236 237 238 238 238 238 238 238 238 239 239 239 239 239 239 239 239 239 239 239 239 239 239 239 239 239 239 240 240 240 240 240 240 240 240 241 241 241 241 241 241 242 242 242 242 245 245 245 244 244 245 245 245 245 245 245 246 246 246 246 246 247 247 247 247 247 247 247 247 247 248 248 248 248 249 249 249 249 249 249 249 250 249 250 250 250 249 250 250 251 251 251 251 251 251 251 251 251 251 251 251 251 251 251 251 252 252 252 252 252 252 252 252 252 253 253 253 253 253 253 253 253 254 254 254 254 254 254 254 254 255 255 255 255 255 256 256 256 256 256 256 256 256 256 257 257 257 257 257 257 257 257 257 257 258 258 258 258 258 258 258 258 258 258 258 259 259 259 259 259 259 259 259 260 259 260 260 260 261 214 213 213 213 213 214 214 214 214 215 215 215 215 215 215 215 215 215 216 217 217 217 217 217 217 217 217 217 217 218 218 218 219 219 219 219 219 219 219 219 219 219 219 219 219 220 220 220 220 220 221 221 221 221 221 221 221 221 221 221 221 221 221 221 221 221 221 222 222 222 223 223 223 223 224 224 224 224 224 224 224 224 225 225 225 225 225 225 225 225 225 226 226 226 225 225 226 226 226 226 226 226 226 227 227 227 227 227 227 227 228 228 229 229 229 229 230 229 229 229 229 229 230 230 230 230 230 230 230 230 230 231 231 231 231 231 232 232 232 232 232 232 232 232 233 233 233 233 233 233 233 233 233 233 233 234 234 234 235 235 234 234 234 234 234 234 234 234 234 234 235 235 235 235 235 236 236 236 237 236 237 237 237 237 238 238 238 238 238 238 239 239 239 239 239 239 239 239 239 239 239 240 240 239 239 240 240 240 240 240 240 240 241 241 241 241 241 241 241 241 241 242 242 242 242 245 245 244 244 244 244 245 245 245 245 245 246 246 246 246 246 247 247 247 247 247 247 247 247 247 248 248 248 248 248 248 248 249 249 249 249 249 250 250 250 249 250 250 250 250 251 251 251 251 251 251 251 251 251 251 251 251 252 251 251 251 252 252 252 252 252 252 252 252 253 253 253 253 253 253 253 253 254 254 254 254 254 254 255 255 255 255 255 255 255 256 256 256 256 256 256 256 256 256 256 257 257 257 257 257 257 257 257 258 258 258 258 257 257 257 258 258 258 258 258 258 258 259 259 259 259 259 259 260 260 260 260 260 213 213 213 213 213 213 213 214 214 214 215 215 215 215 215 215 215 216 217 217 218 218 218 218 217 217 217 218 218 218 218 219 219 219 219 219 219 219 219 220 219 219 219 220 220 220 220 220 221 221 221 221 221 222 222 222 222 222 222 222 222 222 222 222 221 221 221 222 222 223 223 223 223 223 223 224 224 224 224 224 224 225 225 225 225 225 225 226 225 225 226 226 226 226 226 226 226 226 226 226 226 227 227 227 227 227 227 227 227 228 228 228 229 229 230 230 229 229 229 229 229 229 230 230 230 230 230 230 230 231 231 231 231 231 231 232 232 232 232 232 232 232 233 233 233 233 233 233 233 233 233 233 233 234 234 234 234 235 235 235 235 234 234 234 234 234 234 234 234 235 235 235 235 235 236 236 237 236 236 237 237 237 237 238 238 238 238 238 238 238 238 239 239 238 239 239 239 239 239 239 240 240 240 240 240 240 240 240 240 240 241 241 241 241 241 241 241 241 241 241 242 242 242 243 245 245 245 245 244 245 245 245 245 245 246 246 246 246 246 247 247 247 247 247 247 247 247 247 247 248 248 248 248 248 248 248 249 249 249 249 249 249 250 249 250 250 250 250 250 251 251 251 252 252 251 251 251 251 251 251 251 251 251 251 251 251 252 252 252 252 252 253 253 253 253 253 253 253 253 253 253 253 254 254 254 254 254 254 255 255 255 255 255 255 255 256 256 257 256 256 256 256 256 256 256 256 257 257 257 257 257 257 258 258 258 258 257 257 258 258 258 258 258 258 258 258 258 259 259 259 259 259 259 260 260 260 261 214 213 213 214 213 213 213 214 215 214 215 215 215 215 215 215 216 217 217 217 217 218 218 218 218 218 218 218 218 218 218 219 219 219 219 219 219 219 220 220 220 220 220 220 220 220 221 221 221 221 222 222 222 222 222 222 222 222 222 222 223 222 222 222 222 221 222 222 222 223 223 223 224 224 224 224 224 224 224 225 225 225 225 225 225 225 225 226 226 226 226 226 226 226 226 226 226 226 226 227 227 227 227 227 227 227 228 228 228 228 228 229 229 229 230 230 230 230 230 229 230 230 230 230 230 230 230 231 231 231 231 231 231 231 232 232 232 232 232 232 233 233 233 233 233 233 233 233 233 233 233 234 234 234 234 235 234 235 235 235 235 234 234 234 234 234 234 234 235 235 235 236 235 236 236 237 236 237 237 237 237 237 238 238 239 238 238 238 238 238 238 239 239 239 239 239 239 239 239 239 240 240 240 240 240 240 241 241 241 241 241 241 241 241 241 241 241 242 242 242 242 242 243 246 245 244 244 244 245 245 245 245 245 246 246 246 246 246 247 247 247 247 247 247 247 247 247 248 248 248 248 248 248 248 248 249 249 249 249 249 249 249 249 250 250 250 250 250 250 250 251 251 252 251 251 251 251 251 251 251 251 251 251 251 251 251 252 252 252 252 253 253 253 253 253 252 252 253 253 253 253 253 254 254 254 254 254 254 255 255 255 255 255 255 256 256 256 256 256 256 256 256 256 257 257 257 257 257 257 257 257 257 257 257 258 258 258 258 258 258 258 258 258 258 258 259 259 259 259 259 259 259 260 260 260 260 214 214 213 213 214 215 215 215 215 215 215 215 215 216 216 216 217 217 218 218 218 218 218 218 218 218 218 218 218 219 219 219 219 219 219 220 220 220 220 220 220 221 221 221 221 221 221 222 222 222 222 222 222 222 222 223 223 223 223 223 222 222 222 222 222 223 223 224 224 224 224 224 224 224 224 224 225 225 225 225 225 225 225 225 226 226 226 226 226 227 227 227 227 227 227 226 227 227 227 227 227 228 228 228 228 228 228 228 228 229 229 230 230 230 230 230 230 230 230 230 230 230 230 230 231 231 231 231 231 231 231 232 232 232 232 232 232 233 233 233 233 233 233 233 233 233 233 233 234 234 234 234 235 234 234 235 235 235 235 235 235 235 235 235 235 235 235 236 236 236 236 236 236 237 237 237 237 237 238 238 238 239 239 238 238 238 238 239 239 240 240 239 240 239 239 239 239 239 240 240 240 240 240 241 241 241 241 241 241 241 241 241 241 242 242 242 242 242 242 243 246 245 245 244 244 245 245 245 245 246 246 246 246 246 247 247 247 247 247 247 247 247 247 247 247 247 248 248 248 248 248 249 249 249 249 249 249 249 250 249 249 250 250 250 250 250 250 250 250 251 251 252 251 252 252 251 252 252 251 251 251 251 251 251 252 252 252 252 252 252 252 252 252 252 253 253 253 253 253 253 254 254 254 254 254 254 255 255 255 255 255 256 256 256 256 256 256 256 256 256 256 257 257 257 257 257 257 257 257 257 258 258 258 258 258 258 258 258 258 258 258 259 259 259 259 259 259 259 260 260 260 260 260 261 214 213 214 215 216 215 215 215 215 215 216 216 216 216 216 217 217 218 218 219 219 219 219 219 219 218 218 218 219 219 219 219 219 220 220 220 220 220 220 221 221 221 221 221 222 222 222 222 222 222 222 222 222 222 223 223 223 223 223 223 224 223 223 224 224 224 224 224 224 224 224 224 224 224 224 225 225 225 225 225 225 226 226 226 226 226 226 226 227 227 227 227 227 227 227 227 227 227 227 228 228 228 228 228 229 229 229 229 229 229 230 230 230 230 230 231 230 230 230 230 230 231 231 231 231 231 231 231 231 232 232 232 232 232 232 233 233 233 233 233 233 233 233 233 234 234 234 234 234 234 234 235 234 235 235 235 235 235 235 235 235 235 235 235 235 235 236 236 236 237 236 237 237 238 237 237 237 238 238 239 239 239 239 239 239 239 239 239 240 239 239 239 239 239 239 240 240 240 240 240 240 241 241 241 241 241 241 241 241 241 241 242 242 242 242 243 243 243 245 245 245 245 245 245 245 245 245 246 246 246 246 246 247 247 247 247 247 247 247 247 247 247 248 248 248 248 248 248 249 249 249 249 249 249 249 249 249 249 250 250 250 250 250 250 251 250 250 250 250 251 251 252 252 252 252 252 252 252 252 252 251 251 252 252 252 252 253 253 253 253 253 253 253 253 253 254 254 253 253 254 254 255 255 254 254 255 255 255 255 255 256 256 256 256 256 256 256 256 256 257 257 257 257 258 258 258 258 258 258 258 258 258 258 258 258 258 258 259 258 259 259 259 259 259 259 259 259 260 260 260 260 260 215 214 214 215 215 214 215 215 215 216 216 217 217 217 218 218 218 218 218 219 219 219 219 219 219 219 219 219 219 219 219 219 219 220 220 220 220 220 221 221 221 222 221 221 222 222 222 222 222 222 222 222 223 223 223 222 222 223 222 223 223 224 224 224 224 224 224 224 225 225 224 224 224 224 225 225 225 225 225 226 225 226 226 226 226 226 226 226 227 227 227 228 227 227 227 227 227 228 228 228 228 228 228 229 229 229 229 229 229 229 230 230 230 231 231 231 231 231 230 230 231 231 231 231 231 231 231 231 232 232 232 232 232 232 233 233 233 233 233 233 233 233 234 234 234 234 234 234 234 234 234 234 234 235 235 235 235 235 235 235 235 235 235 235 235 235 236 236 237 237 236 237 237 237 238 238 238 238 238 238 239 239 239 239 239 239 239 239 239 240 240 240 239 239 240 240 240 240 240 240 240 240 241 241 241 241 241 241 242 242 242 242 242 242 242 242 243 242 245 245 245 245 245 245 245 245 245 246 246 246 246 246 247 247 247 247 247 247 247 247 247 247 248 248 248 248 248 249 249 249 249 249 249 249 249 249 249 249 250 250 250 250 250 251 251 251 251 251 250 251 251 251 251 252 252 252 253 253 253 252 252 252 252 252 252 252 253 253 253 253 254 254 255 255 256 256 255 254 254 254 255 255 255 255 255 255 255 255 255 256 256 256 256 256 256 256 256 256 257 257 257 257 257 258 257 257 257 257 257 257 257 258 258 258 258 259 259 259 259 259 259 259 259 259 259 259 259 260 260 260 260 260 260 214 214 215 215 215 216 216 216 217 217 218 219 219 219 219 219 219 219 219 220 220 220 220 220 219 219 219 219 220 220 220 220 220 220 220 221 221 221 221 222 222 222 222 222 222 223 223 223 222 223 223 223 223 223 223 222 222 223 223 223 223 223 224 224 224 225 225 225 225 225 225 225 225 225 225 225 225 226 226 226 226 226 226 227 227 227 227 227 227 228 227 227 227 227 227 228 228 228 229 229 229 229 229 229 229 229 229 230 230 230 231 231 231 231 231 231 230 231 231 231 231 231 231 231 232 232 232 232 232 232 233 233 233 233 233 233 233 233 234 234 234 234 234 234 234 234 234 234 235 235 235 235 235 235 236 236 236 235 235 235 235 235 235 236 236 237 237 237 237 237 237 237 238 238 238 238 238 239 239 239 239 239 239 239 239 239 239 240 240 240 240 240 240 240 240 241 241 241 241 241 241 241 241 242 242 242 242 242 242 242 242 242 242 242 242 245 245 245 245 245 245 245 245 245 246 246 246 246 246 247 247 247 247 247 247 247 247 247 247 248 248 248 248 249 249 249 249 249 249 249 249 249 249 249 250 250 250 250 250 250 250 251 251 251 252 251 251 251 251 251 252 252 252 252 253 253 253 253 253 252 253 253 252 253 253 253 254 255 255 255 255 256 256 256 255 255 254 255 255 255 255 256 256 255 255 256 256 255 255 256 256 257 257 256 256 257 257 257 257 257 257 257 257 258 257 257 257 257 257 258 258 258 259 259 259 259 259 259 259 259 259 259 259 260 260 260 260 261 260 260 261 215 215 216 216 216 216 217 217 217 219 219 219 219 219 219 219 219 220 220 220 220 220 220 220 220 220 220 220 220 220 220 220 220 221 221 221 221 221 222 222 222 222 222 222 222 223 222 223 223 223 223 224 224 223 223 223 224 224 224 223 223 223 223 223 224 224 225 225 225 225 225 226 225 225 225 225 225 226 226 226 226 227 227 227 227 227 227 227 228 228 228 228 227 227 228 228 228 229 229 229 229 229 229 229 230 230 230 230 230 231 231 231 231 231 230 231 231 231 231 231 232 232 232 232 232 232 232 232 232 233 233 233 233 233 233 233 233 234 234 234 234 234 234 234 234 234 234 234 235 235 235 235 235 236 236 236 236 235 235 236 236 236 236 236 237 237 237 237 237 237 237 238 238 238 238 238 238 239 239 239 239 239 239 239 239 239 239 239 240 240 240 240 240 240 240 241 241 241 241 241 241 241 241 242 242 242 242 242 242 242 242 242 242 242 245 245 245 245 245 245 246 246 246 246 246 246 246 247 247 247 247 247 247 247 247 247 247 248 248 248 248 248 249 249 249 249 249 249 249 249 249 249 250 250 250 250 250 250 250 250 251 251 251 251 251 251 251 252 252 252 252 252 252 253 253 253 253 253 253 253 253 253 253 253 254 254 254 254 254 254 255 255 255 256 256 255 254 255 255 256 256 255 255 255 256 256 255 256 256 256 257 257 257 257 257 257 257 257 257 257 257 258 258 257 257 258 257 257 258 258 258 259 259 259 259 259 259 259 259 259 259 259 260 260 260 260 261 261 260 261 261 215 216 216 217 217 217 217 218 218 218 219 219 219 219 219 219 219 220 220 220 220 220 221 221 221 221 221 221 220 221 220 221 221 221 221 221 221 221 222 222 222 222 222 222 222 223 222 223 223 222 223 223 224 224 223 223 223 224 224 224 224 223 223 223 223 223 224 224 225 225 225 225 225 225 225 225 225 226 226 227 227 227 227 228 227 227 227 227 228 228 228 228 228 228 227 228 228 229 229 229 229 229 229 230 230 230 230 230 230 230 231 231 231 231 231 231 231 231 231 231 231 232 232 232 232 232 232 232 232 233 233 233 233 233 233 233 234 234 234 234 234 234 234 234 234 234 234 234 235 235 235 235 235 235 236 236 235 235 235 236 236 236 236 237 237 237 237 237 237 237 237 237 237 238 238 238 238 239 240 240 240 239 239 240 239 240 239 239 239 240 240 240 240 240 241 241 241 241 241 241 241 241 241 242 242 242 242 242 242 242 242 242 242 242 245 245 245 245 245 245 246 246 246 246 246 246 246 247 247 247 247 247 247 247 247 247 247 248 248 248 248 248 248 249 249 249 249 249 249 249 249 250 250 250 250 250 250 250 250 250 251 251 251 251 251 251 251 251 251 251 251 252 252 253 253 252 252 253 253 253 253 254 253 254 254 254 254 254 254 254 255 255 255 256 256 256 255 255 255 256 256 256 256 256 256 256 256 256 256 256 257 257 257 257 257 257 257 257 257 257 257 258 258 257 257 258 258 258 258 258 258 259 259 259 259 259 259 259 259 259 259 259 260 260 260 260 261 261 260 261 261 262 215 215 216 216 216 217 217 217 218 218 218 219 219 219 219 220 220 220 220 220 221 221 221 221 221 221 221 221 221 221 221 221 221 221 221 221 222 222 222 223 223 223 223 223 223 223 223 223 223 223 223 223 223 223 223 224 224 224 225 224 224 224 224 223 223 223 223 223 224 224 224 225 225 225 225 225 225 225 226 226 227 227 227 227 227 227 227 227 227 227 228 228 227 227 227 228 228 228 229 229 229 229 229 229 230 230 230 230 230 230 231 231 231 231 231 231 231 231 231 231 231 231 231 232 232 232 232 232 232 233 233 233 233 233 233 233 233 234 234 234 234 234 234 234 234 235 235 235 235 235 235 235 235 235 236 236 235 236 236 236 236 236 236 237 237 237 237 237 237 237 238 238 238 239 239 239 239 240 239 239 239 240 240 239 239 239 239 239 240 240 240 240 240 240 240 240 240 240 241 241 241 241 241 241 242 242 242 241 242 242 242 242 242 242 242 242 243 243 243 243 243 243 243 244 244 244 244 244 244 245 245 245 245 245 245 245 245 245 245 245 246 246 246 246 246 246 247 247 247 247 247 247 247 248 248 248 248 248 248 249 249 249 249 251 251 251 252 251 252 252 252 253 253 253 253 252 253 253 253 254 254 254 254 254 254 254 255 255 255 256 256 256 256 256 256 256 255 255 256 256 257 257 257 257 257 257 257 256 256 257 258 257 257 257 257 258 258 258 257 258 259 259 258 258 258 258 259 259 259 259 260 260 260 260 260 260 260 260 260 260 260 260 260 261 261 262 262 261 261 262 263 215 215 215 216 216 216 217 217 218 218 219 219 219 220 220 220 220 220 221 221 221 221 221 222 222 222 222 222 222 222 222 223 222 222 222 222 222 222 223 223 223 223 223 223 223 223 223 223 223 223 224 224 224 223 224 224 224 225 225 225 225 225 224 224 224 224 224 224 224 225 226 225 225 225 225 225 226 226 226 226 227 227 227 227 228 228 228 228 228 228 228 227 227 228 228 228 228 229 229 229 229 229 229 230 230 230 230 230 230 231 231 231 231 231 231 231 231 231 232 232 232 232 232 232 232 232 232 233 233 233 233 233 233 233 233 234 234 234 234 234 234 234 234 235 235 235 235 235 235 235 235 235 236 236 236 236 236 236 236 236 236 237 237 237 237 237 237 237 238 238 238 238 238 239 239 239 239 239 239 239 240 239 240 240 239 239 239 240 240 240 240 240 241 241 241 241 241 241 241 241 241 241 241 241 241 241 241 242 242 242 242 242 242 242 242 243 243 243 243 243 244 244 244 244 244 244 244 244 245 245 245 245 245 245 245 245 245 245 246 246 246 246 246 246 246 247 247 247 247 247 247 247 248 248 248 248 248 248 248 248 248 249 251 251 251 251 252 252 252 253 253 253 252 252 253 253 253 253 254 254 254 254 254 254 255 255 255 255 255 256 256 256 256 256 256 256 255 255 256 256 256 257 257 257 257 257 256 257 257 257 257 257 257 258 258 258 258 257 258 259 259 259 259 258 258 258 259 259 259 259 260 260 260 260 260 260 260 260 260 260 260 260 261 261 262 262 262 262 262 263 216 216 216 216 217 217 217 218 218 219 219 220 220 219 220 221 220 221 221 221 221 222 222 222 222 222 222 222 222 223 223 222 222 222 222 222 222 223 223 223 223 223 224 223 223 223 223 223 223 224 224 224 224 223 224 225 225 225 225 225 226 225 225 225 225 225 225 225 225 226 225 225 225 225 225 226 226 226 226 227 227 227 227 228 228 228 228 228 228 228 228 228 228 228 229 228 229 229 229 229 229 230 230 230 230 230 230 230 230 231 231 231 231 231 231 231 231 232 232 232 232 232 232 232 233 233 233 233 233 233 233 233 233 234 234 234 234 234 234 234 234 235 235 235 235 235 235 235 235 235 235 235 235 236 236 236 236 236 236 237 237 237 237 237 237 237 237 237 238 238 238 238 239 238 239 239 239 239 239 240 240 239 239 240 239 239 240 240 240 240 240 241 241 241 241 241 241 241 241 241 241 241 241 241 241 242 242 242 243 243 242 242 242 242 243 243 243 243 243 243 244 244 244 244 244 244 244 245 245 245 245 245 245 245 245 245 246 246 246 246 246 246 246 247 247 247 247 247 247 247 247 247 247 248 248 248 248 248 248 248 249 251 252 252 251 252 252 253 253 253 253 253 252 252 253 253 253 253 254 254 254 254 254 254 255 255 255 255 255 255 255 255 255 256 256 256 255 256 256 256 256 257 257 257 257 257 257 257 257 257 257 257 257 258 258 257 257 258 259 260 260 259 259 259 259 259 259 259 259 259 259 260 260 260 260 260 260 260 260 260 260 261 261 261 261 262 262 262 217 216 217 217 217 218 219 219 219 219 219 219 220 220 220 221 221 221 221 222 222 222 222 222 222 223 223 223 223 223 223 223 223 223 223 223 223 223 223 224 224 224 223 223 223 223 223 224 224 225 225 224 224 224 225 225 225 225 226 225 226 225 225 225 225 225 225 226 226 226 225 225 226 226 226 226 226 227 227 227 227 227 228 228 228 228 228 228 228 229 228 228 229 228 229 229 229 229 229 229 230 230 230 230 230 230 230 231 231 232 232 232 232 231 232 232 232 232 232 232 232 233 233 233 233 233 233 233 233 233 234 234 234 234 234 234 234 234 235 235 235 235 235 235 235 235 235 235 235 235 235 236 236 236 236 236 236 237 237 237 237 237 237 237 237 238 238 238 238 238 239 238 238 239 238 239 239 240 239 239 239 240 240 240 240 240 240 240 240 241 241 241 241 241 241 241 241 241 242 241 242 242 242 242 242 243 243 243 243 243 243 243 243 243 243 243 243 243 244 244 244 244 244 244 245 245 245 245 245 245 245 245 245 245 245 246 246 246 247 247 247 247 247 247 247 247 247 248 247 248 248 248 248 248 248 248 248 248 248 251 252 252 253 252 252 252 252 253 253 252 252 252 253 253 253 253 254 254 254 254 254 254 254 254 255 255 255 255 255 255 256 256 256 256 256 256 256 256 256 257 257 257 257 257 257 257 257 257 257 257 258 258 258 257 257 258 259 260 260 260 260 260 259 259 259 260 259 259 259 259 260 260 260 260 260 260 260 260 260 261 261 261 261 261 262 262 263 218 218 217 217 218 218 218 218 218 219 219 220 220 220 221 221 222 221 222 222 222 222 222 223 223 222 223 223 223 223 223 223 223 223 224 223 223 223 223 224 224 224 224 224 224 224 224 224 224 224 224 224 225 225 226 226 225 226 225 225 226 226 225 225 225 225 226 226 226 226 225 226 226 226 226 226 227 227 227 227 228 228 228 227 228 228 228 228 229 228 229 229 229 229 229 229 229 230 230 230 230 230 230 230 231 231 231 231 232 232 232 231 231 232 232 232 232 232 233 233 233 233 233 233 233 233 233 233 234 234 234 234 234 234 234 234 234 235 235 235 235 235 235 235 235 235 236 236 236 236 236 236 236 236 236 237 237 237 237 237 237 237 238 237 238 238 238 239 239 239 238 238 238 239 240 240 240 240 239 239 240 240 240 240 240 240 240 240 241 241 241 241 241 241 241 241 242 242 242 242 242 242 242 243 243 243 243 243 243 243 243 243 243 243 243 243 243 243 244 244 244 244 244 245 245 245 245 245 245 245 245 245 245 246 246 246 246 247 247 247 247 247 247 247 247 248 248 248 248 248 248 248 248 248 249 249 249 249 251 252 252 253 252 252 252 252 253 253 253 252 252 253 253 253 253 253 254 254 254 254 254 254 254 255 255 255 255 255 255 256 256 256 256 257 256 256 256 257 257 257 257 257 257 257 257 258 258 258 257 258 258 258 258 258 258 258 259 260 260 260 259 259 260 259 259 259 259 259 260 260 260 260 260 260 260 260 260 261 261 261 262 262 261 262 262 262 217 217 218 218 218 218 218 218 219 219 220 221 221 221 221 222 222 222 222 222 222 223 223 223 222 222 222 223 223 223 223 224 224 224 224 224 224 224 224 224 224 224 224 224 224 224 224 224 224 224 224 225 225 225 225 226 226 226 226 226 225 225 226 225 225 226 226 226 225 226 226 226 226 226 226 227 227 227 228 228 228 228 228 228 228 228 228 228 228 229 229 229 229 229 229 230 230 229 230 230 230 230 230 230 231 231 231 231 231 231 232 232 232 232 232 232 232 232 232 232 233 233 233 233 233 233 233 233 233 233 234 234 234 234 234 234 234 235 235 235 235 235 235 235 235 236 236 236 236 236 236 236 236 236 237 237 237 237 237 237 237 237 238 238 238 238 238 238 239 239 239 238 238 239 239 239 239 240 239 239 240 240 240 240 240 240 240 240 240 241 241 241 241 241 241 241 242 242 242 242 242 242 242 243 243 243 243 243 243 243 243 243 243 244 244 244 244 244 244 244 244 244 245 245 245 245 245 245 245 245 245 245 245 246 246 246 246 247 247 247 247 247 248 248 248 248 248 248 248 248 248 248 249 249 249 250 250 250 252 251 252 253 253 253 252 252 252 253 253 252 253 253 253 253 253 253 254 254 254 254 254 254 254 254 255 255 255 255 256 256 256 256 256 256 256 256 257 257 257 257 257 257 257 257 257 258 258 257 258 258 258 258 258 258 258 259 260 260 259 259 260 259 259 259 259 259 259 260 260 260 260 260 260 260 260 260 261 261 261 261 261 261 262 262 262 262 263 218 218 218 218 218 218 219 219 219 219 220 220 221 221 222 222 222 222 222 222 223 223 223 223 223 222 222 222 223 223 223 224 224 224 224 224 224 224 224 224 224 224 224 224 224 225 225 224 224 224 224 225 225 226 226 226 226 226 225 226 226 226 225 225 226 226 226 226 226 226 226 226 226 226 227 227 227 227 227 227 228 228 228 228 228 228 228 229 229 229 229 229 229 230 230 230 230 230 230 230 230 230 230 230 231 231 231 232 232 231 232 232 232 232 232 233 232 232 233 233 233 233 233 233 233 233 233 233 233 233 234 234 234 234 234 234 234 235 235 235 235 235 235 235 236 236 236 236 236 236 236 236 236 236 237 237 237 237 237 237 237 237 238 238 238 238 238 238 238 239 239 239 238 239 239 239 239 240 239 239 240 241 240 240 240 240 240 240 241 241 241 241 241 241 241 242 242 242 242 242 242 242 242 242 243 243 243 243 243 243 243 243 243 244 244 244 244 244 244 244 244 244 245 245 245 245 245 245 245 245 245 245 246 246 246 246 247 247 247 247 247 247 248 248 248 248 248 248 248 248 248 249 249 250 250 250 250 250 252 251 252 253 253 252 252 252 252 253 253 252 253 253 253 253 253 253 253 254 254 254 254 254 254 254 255 255 255 255 256 256 256 256 256 256 256 256 256 257 257 257 257 258 258 258 258 258 258 258 258 258 258 258 258 258 258 259 260 260 259 259 259 259 259 259 259 259 259 260 260 260 260 260 260 260 260 260 261 261 261 261 261 262 262 263 262 263 263 218 219 219 219 219 218 219 219 220 220 220 221 221 221 222 222 222 222 222 223 223 223 223 223 224 223 223 223 223 223 223 223 224 224 224 224 224 224 224 224 224 224 224 225 225 225 225 225 224 224 224 225 225 225 225 226 226 226 226 225 226 226 226 226 226 226 227 226 226 226 226 226 226 226 226 227 227 227 228 227 228 228 228 228 228 228 228 229 229 229 229 229 229 230 230 230 230 230 230 230 230 231 231 230 231 231 231 232 232 232 232 232 232 232 232 232 232 232 233 233 233 233 233 233 233 233 233 233 233 233 233 234 234 234 234 234 235 235 235 235 235 235 235 235 235 236 236 236 236 236 236 236 236 236 237 237 237 237 237 238 238 238 238 238 238 238 238 238 238 239 239 239 238 239 239 239 240 240 239 240 240 241 240 240 240 241 241 241 241 241 241 241 241 241 242 242 242 242 242 242 243 243 243 243 243 243 243 243 243 243 243 243 244 244 244 244 244 244 244 244 244 244 245 245 245 245 245 245 245 245 245 246 246 246 246 246 246 246 247 247 247 247 247 248 248 248 248 248 248 249 249 249 249 250 250 250 250 249 252 251 252 253 253 253 253 252 253 253 252 252 253 253 253 253 253 254 254 254 254 254 254 254 254 254 255 255 255 255 255 255 256 256 256 256 256 256 256 257 257 257 257 257 257 258 258 258 258 258 258 258 258 258 258 258 258 259 259 259 259 259 258 258 259 259 259 259 259 260 260 260 260 260 260 260 261 261 261 261 261 261 261 262 262 263 263 262 263 263 219 219 219 219 219 219 219 220 220 221 221 221 221 222 222 222 222 222 222 223 223 223 223 224 224 224 224 223 223 223 223 223 224 224 224 224 224 224 224 225 225 225 225 225 225 225 225 225 224 225 226 226 225 226 226 226 226 226 226 226 226 227 226 227 227 227 226 227 227 227 227 226 226 226 227 227 228 228 228 228 228 228 228 228 228 228 228 229 229 230 230 230 230 230 231 231 231 231 230 231 231 231 231 231 231 232 232 232 232 232 231 231 232 232 232 232 232 232 232 233 233 233 233 233 233 233 233 233 234 234 234 234 234 234 234 235 235 235 235 235 235 235 235 235 236 236 236 236 236 236 236 236 236 237 237 237 237 237 238 238 238 238 238 238 238 238 238 238 238 239 239 239 239 239 239 240 239 239 240 240 240 240 240 240 241 241 241 241 241 241 241 241 241 242 242 242 242 242 242 242 243 243 243 243 243 243 243 243 244 244 244 244 244 244 244 244 244 244 244 244 244 245 245 245 245 245 245 245 245 245 246 246 246 246 246 246 246 247 247 247 247 247 248 248 248 248 248 248 249 249 249 249 249 249 249 249 249 252 252 252 252 253 253 253 253 253 253 252 252 253 253 253 253 253 254 254 254 254 254 254 254 254 255 255 255 255 255 255 255 256 256 256 256 256 256 256 257 256 257 257 257 257 257 258 258 258 257 257 258 258 258 258 258 258 259 259 259 259 259 259 259 259 259 259 259 260 260 260 260 260 260 260 260 260 261 261 261 261 261 261 262 262 262 262 262 262 263 263 219 219 219 219 219 219 219 220 220 221 222 221 222 222 222 222 222 222 222 223 223 223 223 223 223 224 224 224 224 223 224 224 224 224 224 224 224 224 225 225 225 225 225 225 225 225 225 225 224 225 225 226 226 226 227 227 227 226 226 226 226 226 226 226 227 227 227 227 226 226 226 226 226 227 227 227 227 228 228 229 228 229 229 228 229 229 229 229 229 229 230 230 230 230 231 231 231 231 231 231 231 231 231 231 232 232 232 233 232 231 231 232 233 233 232 232 232 232 232 232 232 233 233 234 234 233 233 233 234 234 234 234 234 234 234 235 235 235 235 235 235 236 236 236 236 236 236 236 236 237 236 236 237 237 237 237 237 237 238 238 238 238 238 238 238 238 238 238 238 239 239 239 239 239 239 239 239 240 240 240 240 240 240 240 240 241 241 241 241 241 241 241 241 242 242 242 242 242 242 242 243 243 243 243 243 243 243 243 244 244 244 244 244 244 244 244 244 244 244 244 244 245 245 245 245 245 245 245 245 246 246 246 246 246 246 246 246 247 247 248 248 248 248 248 248 248 248 248 249 248 249 249 249 249 249 249 249 252 252 252 252 253 252 252 252 253 253 253 252 253 253 253 253 253 254 254 254 254 254 254 254 254 255 255 255 255 255 255 256 256 256 256 256 256 256 256 257 256 256 256 257 257 258 258 258 258 257 257 257 258 258 258 258 258 258 259 259 259 259 259 259 259 259 259 259 260 260 260 260 260 260 260 260 261 261 261 261 261 262 262 262 261 262 262 262 263 263 263 263 264 219 219 220 220 219 219 220 220 221 221 222 222 222 222 223 223 223 223 223 223 223 223 224 224 224 225 225 224 224 224 224 224 224 224 224 224 224 224 225 225 225 225 225 225 225 225 224 225 226 226 226 226 227 227 227 226 226 226 227 227 226 226 226 226 226 226 226 226 226 226 226 227 227 227 227 227 228 228 229 229 229 229 229 229 229 229 229 229 229 230 230 230 231 231 231 231 231 231 232 232 231 231 231 232 232 232 232 232 231 232 233 234 233 232 232 232 232 232 232 232 232 233 233 233 233 233 233 233 234 234 235 234 234 234 235 235 235 235 235 235 236 236 236 236 236 236 236 236 237 237 237 237 237 237 237 237 237 238 238 238 238 238 238 238 238 238 238 238 239 239 239 239 239 240 239 239 240 240 240 240 240 240 240 241 241 241 241 241 241 241 241 241 242 242 242 242 242 242 242 243 243 243 243 243 243 243 244 244 244 244 244 244 244 244 244 244 244 244 244 244 244 245 245 245 245 245 245 246 246 246 246 246 246 246 246 246 247 247 248 248 247 248 248 248 248 248 248 249 249 249 249 249 249 249 249 249 252 252 252 252 253 252 252 253 253 253 253 252 252 253 253 253 253 254 254 254 254 254 254 254 254 254 255 255 255 255 255 255 256 256 256 256 256 256 256 256 256 257 257 257 258 258 259 258 258 258 257 257 258 258 258 258 258 258 258 258 259 259 259 259 259 259 259 259 259 259 260 260 260 260 260 260 261 261 261 261 261 261 261 261 262 262 262 262 262 262 263 262 263 264 219 219 219 220 220 220 219 220 220 220 221 221 222 223 223 223 223 223 223 223 223 223 224 224 224 224 224 225 225 225 224 224 224 224 225 224 224 224 224 224 225 225 225 225 225 225 225 225 226 226 227 226 226 227 227 227 227 226 227 227 226 226 226 226 226 226 227 227 227 227 226 226 226 227 228 228 228 228 228 229 229 229 229 230 230 230 230 230 230 230 230 230 230 230 231 231 231 231 231 232 232 232 232 232 232 232 232 232 232 232 232 232 233 233 233 233 232 232 233 232 233 233 233 233 233 233 233 234 233 234 234 235 235 235 235 235 235 236 236 235 235 235 236 236 236 236 236 236 236 236 237 237 237 237 237 237 237 238 238 238 238 238 238 238 238 239 239 239 238 238 239 240 240 239 239 240 239 240 240 240 240 240 240 240 241 241 241 241 241 241 242 242 241 242 242 242 242 242 242 243 243 243 243 243 243 243 243 243 243 244 244 244 244 244 244 244 245 245 245 245 245 244 244 245 245 245 245 245 245 245 246 246 246 246 246 246 247 247 247 248 247 247 248 248 248 248 248 248 249 249 249 249 249 249 249 249 249 252 252 252 252 252 252 252 253 253 253 252 252 252 253 253 253 253 253 254 254 254 254 254 254 254 254 254 255 255 255 255 255 255 256 256 256 257 257 256 256 257 257 257 257 257 258 258 258 258 257 258 258 258 258 258 259 258 258 259 259 259 259 259 260 260 260 260 260 260 260 260 260 260 260 260 260 261 261 261 261 261 262 262 262 261 262 262 262 262 262 262 263 263 263 263 264 264 264 218 218 218 219 220 220 220 220 220 220 221 221 221 222 222 222 222 222 223 224 224 223 223 224 224 224 224 224 225 225 225 225 225 225 225 225 225 225 225 225 224 225 225 225 225 225 225 225 226 226 226 227 227 227 227 227 227 227 226 227 227 227 226 227 228 227 226 226 227 228 228 227 226 226 227 227 228 228 228 228 229 229 229 229 229 229 230 230 230 230 230 230 231 231 231 231 231 231 231 232 232 232 232 233 233 232 232 233 233 233 232 233 233 233 234 234 234 233 233 233 233 233 233 233 232 233 234 233 234 234 234 234 235 235 235 235 235 235 236 236 236 236 235 236 237 237 237 237 236 236 236 237 237 237 237 237 237 237 238 238 238 238 238 238 238 238 239 239 239 239 239 239 239 239 239 239 240 239 240 240 240 240 240 240 241 241 241 241 241 241 241 242 242 242 242 242 242 242 242 242 243 243 243 243 243 243 243 243 243 244 244 244 244 244 245 245 245 245 245 245 245 245 245 244 245 245 245 245 245 245 245 245 245 246 246 246 246 246 247 247 248 248 247 248 248 248 248 248 249 249 249 249 249 249 249 249 249 250 252 252 252 252 252 252 253 253 253 253 253 253 253 253 253 253 253 253 253 254 254 254 254 254 254 254 254 254 254 255 255 255 255 255 256 256 256 257 256 256 257 257 257 257 257 257 258 258 258 258 258 258 258 258 259 259 259 258 258 259 259 259 259 259 259 260 260 260 260 260 260 260 260 260 260 260 261 261 261 261 261 262 262 262 262 262 262 261 262 262 262 262 263 263 263 263 264 264 217 218 218 218 219 220 220 220 221 221 221 221 222 222 222 222 223 222 222 222 223 223 223 224 224 224 225 225 225 225 225 225 226 225 225 225 225 226 226 226 226 225 225 226 226 226 226 226 226 225 226 226 227 226 227 227 228 228 228 227 227 227 227 226 227 227 226 226 227 227 228 227 227 227 227 227 227 227 228 228 229 229 229 229 229 229 230 230 230 230 230 231 230 231 231 231 231 231 232 231 232 232 232 232 233 233 233 233 233 233 233 232 233 234 234 234 234 235 234 233 233 233 233 233 233 232 234 234 234 234 234 234 235 235 236 236 236 236 236 236 236 236 236 236 236 236 237 237 238 237 237 236 237 237 237 237 237 237 237 238 238 238 238 238 238 238 239 239 239 239 239 239 239 239 239 239 239 240 240 240 240 240 240 240 241 241 241 241 241 241 241 241 241 242 242 242 242 242 242 242 242 243 243 243 243 243 244 243 244 244 244 244 244 244 244 244 245 245 245 245 245 245 245 245 245 245 246 246 246 246 246 246 246 246 246 246 247 246 246 247 248 248 248 248 248 248 248 248 248 249 249 249 249 249 249 249 249 250 250 252 252 252 252 252 252 252 253 253 253 253 254 254 253 253 253 253 253 253 253 254 254 254 254 254 254 254 254 254 254 255 255 255 255 255 255 255 256 256 256 256 256 257 257 257 257 257 257 258 258 258 258 258 259 259 259 259 259 258 259 259 259 259 259 259 259 260 260 260 260 260 260 260 260 260 260 260 261 261 262 261 261 261 262 262 262 263 262 262 262 262 262 262 263 263 263 263 264 265 217 217 217 218 218 218 219 219 219 219 220 221 221 221 221 221 222 222 223 223 223 222 222 222 223 223 224 224 224 225 225 225 225 225 225 225 225 225 225 225 226 226 226 226 226 227 227 227 227 227 226 226 226 227 227 227 226 227 227 228 228 227 228 228 227 227 226 227 227 227 227 227 227 227 227 227 228 228 227 227 228 228 229 228 229 229 229 230 230 230 230 230 230 231 231 231 231 231 231 232 232 232 232 233 232 232 232 233 234 233 233 233 232 233 233 234 235 234 235 234 234 234 233 233 233 233 232 233 234 234 235 235 235 235 235 235 235 235 236 236 236 236 236 236 236 236 236 237 237 237 237 238 237 237 237 237 237 237 237 237 237 238 238 238 238 238 239 239 239 239 239 239 239 239 239 239 239 239 239 239 240 240 240 240 240 240 240 241 241 241 241 241 241 241 242 242 242 242 242 242 242 242 243 243 243 243 243 243 244 244 244 244 244 244 244 244 244 244 244 245 245 245 245 245 245 245 245 245 246 246 246 246 246 246 247 247 247 247 246 246 247 247 247 248 248 248 248 248 248 248 249 249 249 249 249 249 249 249 250 250 250 252 252 252 252 252 252 252 252 252 253 253 254 253 254 254 253 253 254 254 254 254 254 254 254 254 255 255 255 254 255 255 255 255 255 255 255 255 256 256 256 256 256 256 257 257 257 257 257 258 258 258 258 258 258 259 259 259 259 259 259 259 259 259 259 259 259 260 260 260 260 260 260 260 260 260 260 260 260 261 261 261 261 261 261 262 262 262 263 263 263 263 263 263 263 263 263 263 264 217 218 218 218 218 218 218 218 218 218 219 220 220 220 221 221 222 222 223 223 223 223 223 223 223 223 224 224 224 225 225 225 225 226 226 225 225 225 225 225 225 225 225 225 226 226 226 226 226 227 226 226 227 227 227 227 227 227 227 227 227 227 228 228 227 227 227 228 228 228 227 227 227 227 227 228 228 228 228 228 228 228 228 228 229 229 230 230 230 229 230 230 230 231 231 231 231 231 231 232 232 232 233 233 233 233 233 233 234 234 233 233 232 233 233 234 234 235 234 234 233 233 234 234 234 233 233 233 234 234 234 235 235 236 236 236 236 235 235 235 236 236 236 236 236 236 236 237 237 237 238 238 237 237 237 237 237 237 237 237 237 238 238 238 238 238 239 239 239 239 239 239 239 239 239 239 240 240 239 239 240 240 240 240 240 241 241 241 241 241 241 241 241 242 242 242 242 242 242 242 242 243 243 243 243 243 243 243 244 243 244 244 244 244 244 244 244 244 244 244 245 245 245 245 245 245 245 245 246 246 246 246 247 247 247 247 247 247 247 246 247 247 247 247 247 247 248 248 248 248 249 249 249 249 249 249 249 249 250 250 250 252 252 252 252 252 253 253 253 252 253 253 254 253 253 253 253 253 254 255 254 254 254 254 254 254 255 255 255 255 255 255 255 255 255 255 255 256 256 257 257 257 257 256 256 257 257 257 258 258 258 258 258 258 258 258 259 259 259 259 259 259 259 259 259 259 259 260 260 260 260 260 260 260 260 260 260 261 261 261 261 262 262 262 262 262 262 262 263 263 264 264 264 263 263 263 263 263 263 218 218 218 219 219 219 220 219 219 218 219 219 219 221 221 221 222 223 223 223 223 222 223 223 223 224 224 225 225 225 225 226 226 226 226 225 225 225 226 226 226 226 226 226 226 226 226 226 226 226 226 226 227 227 227 227 227 228 228 228 227 227 228 227 227 227 227 228 227 227 227 227 227 228 228 228 228 228 228 228 228 228 228 229 229 229 230 230 229 230 230 231 231 231 231 231 232 232 232 231 232 232 232 232 233 234 234 234 233 233 233 233 233 233 233 234 235 235 234 234 233 233 234 233 233 233 233 234 234 234 234 235 236 237 236 235 235 235 235 235 236 236 236 236 236 237 237 237 237 237 238 238 238 237 237 237 237 237 237 238 238 238 238 238 238 238 239 239 239 239 239 239 239 240 240 240 240 240 240 240 240 240 240 240 241 241 241 241 241 241 242 242 242 242 242 242 242 243 243 243 243 243 243 243 243 243 243 243 243 244 244 244 244 244 244 244 244 245 245 245 245 245 245 245 245 245 246 246 246 246 246 247 247 247 247 246 246 246 246 247 247 247 247 247 247 248 248 248 248 249 249 249 249 249 249 249 250 250 250 250 252 252 252 252 252 253 253 253 253 253 253 254 254 253 254 253 253 254 255 255 254 254 254 254 254 255 256 256 256 256 256 256 256 256 256 257 257 257 257 257 257 257 257 257 257 257 257 257 258 258 259 259 258 258 258 258 258 259 259 259 259 259 260 260 259 259 260 260 260 260 260 260 260 260 260 260 261 261 261 261 262 262 263 263 262 262 263 263 263 263 264 264 264 263 264 263 264 264 264 215 215 215 217 218 218 219 219 219 220 220 220 220 219 220 220 220 220 220 221 222 223 223 223 223 223 223 223 224 224 224 224 225 225 225 226 226 226 226 226 226 226 227 227 227 226 227 227 227 226 226 227 227 228 227 227 227 227 228 228 228 228 228 229 227 228 229 229 228 228 228 228 228 227 227 228 228 228 228 229 229 228 228 228 229 229 229 229 229 229 229 229 230 230 230 231 231 231 231 232 232 232 231 232 232 233 233 233 233 234 234 234 233 233 233 234 233 234 233 234 234 235 234 234 234 234 233 233 234 234 233 234 234 234 235 235 236 237 237 237 236 236 235 236 236 236 236 236 236 237 237 237 237 237 238 238 238 237 237 237 237 237 238 238 238 238 238 238 238 239 239 239 239 239 239 239 239 239 240 240 240 240 240 240 240 240 240 240 241 241 241 241 241 242 242 242 242 242 242 242 243 243 243 243 243 243 243 243 243 243 243 243 243 243 244 244 244 244 244 244 245 245 245 245 245 245 245 245 245 245 246 246 246 246 246 246 247 247 247 247 247 247 247 247 247 247 247 248 248 248 248 248 249 249 249 249 249 249 249 249 249 250 250 250 252 252 252 252 252 252 253 253 254 253 253 254 254 254 254 254 253 254 255 255 254 255 255 255 255 255 255 256 256 257 257 257 257 257 257 258 257 257 257 258 258 258 257 257 257 257 258 258 258 258 259 259 258 258 258 258 258 259 259 259 259 259 259 260 260 260 260 260 260 260 260 260 260 260 260 261 261 261 261 261 262 262 263 263 262 262 263 263 263 263 264 264 264 264 265 264 264 265 264 216 216 216 216 215 215 215 218 218 219 219 219 219 220 221 221 220 221 221 221 220 220 221 222 222 223 223 223 223 223 223 224 224 224 225 225 225 225 225 226 226 226 226 226 226 226 227 227 227 227 227 228 227 227 228 228 228 228 228 228 227 228 229 229 229 229 229 228 227 228 229 229 229 229 229 229 228 228 228 228 228 228 228 228 228 228 229 229 229 229 230 229 229 229 229 230 230 230 231 231 231 232 232 231 231 231 232 232 233 233 233 234 234 234 234 234 234 235 235 235 235 234 234 235 235 234 234 235 234 234 233 233 234 234 233 233 234 235 236 237 236 236 236 237 237 237 237 237 237 236 236 236 236 237 237 237 237 238 238 238 238 237 237 238 238 238 238 238 238 238 238 238 239 238 239 239 240 240 240 239 239 239 240 240 240 240 240 240 240 240 240 241 241 241 241 241 242 242 242 242 242 242 242 243 243 243 243 243 243 243 243 243 243 243 243 243 244 244 244 244 244 244 245 245 245 245 245 245 245 245 245 246 246 246 246 246 246 246 246 247 247 247 247 247 247 247 247 247 247 248 248 248 248 248 248 249 249 249 249 249 249 249 250 250 250 250 250 252 252 252 252 252 253 253 253 254 254 254 254 254 255 255 254 254 254 254 255 255 255 256 256 256 256 256 256 256 257 257 257 257 258 258 258 258 258 258 258 257 258 257 257 257 257 258 258 258 258 258 258 258 258 258 258 258 259 259 259 259 259 259 259 260 260 260 260 260 260 260 260 260 260 260 261 261 261 261 261 262 262 262 263 263 263 263 263 263 263 263 264 264 264 265 265 265 265 265 214 215 215 216 216 216 217 217 217 217 217 216 216 215 215 215 215 215 218 218 218 219 219 219 220 221 221 221 222 222 222 221 221 221 222 223 223 223 223 223 224 224 224 224 224 225 225 225 225 225 226 227 227 227 227 226 226 226 227 227 227 227 227 227 228 228 228 228 228 228 228 227 228 229 229 230 230 228 228 228 228 228 229 229 229 229 228 228 228 228 228 228 228 228 229 230 229 229 229 229 230 230 230 230 229 230 230 231 232 231 231 232 231 232 232 232 232 232 232 232 233 234 234 234 235 235 235 236 236 236 235 235 235 236 235 234 235 236 235 234 234 234 234 234 235 234 234 234 235 236 236 236 236 236 236 236 237 237 236 236 236 237 237 237 237 237 238 238 238 238 239 238 239 238 238 238 238 238 238 238 239 239 239 239 239 239 239 240 240 239 239 240 240 240 241 241 241 241 241 241 241 241 241 241 241 241 242 242 242 242 242 242 242 243 243 243 243 243 243 243 243 243 244 244 244 244 244 244 244 244 244 245 245 245 245 245 245 245 245 246 246 246 246 246 246 246 246 247 247 247 247 247 247 247 247 247 247 247 247 248 248 248 248 248 248 248 249 249 249 249 249 250 250 250 250 250 250 252 252 252 252 252 253 253 253 253 254 254 254 254 254 255 255 254 254 254 255 256 256 256 256 257 256 256 256 256 256 257 257 257 258 258 258 258 258 258 258 258 258 258 258 258 257 258 258 258 258 258 259 258 258 258 258 259 259 259 259 259 259 259 259 260 260 260 260 260 260 260 260 260 261 261 261 261 261 261 262 262 262 263 263 263 263 263 263 263 263 263 264 265 264 265 264 265 265 266 215 215 215 216 217 217 216 216 216 216 216 216 215 215 216 216 216 217 218 219 219 219 218 218 219 219 219 220 220 221 222 222 222 222 222 222 222 222 222 222 223 224 224 223 224 224 224 224 225 225 225 225 226 226 226 227 227 227 227 227 227 227 228 228 228 227 227 227 227 227 228 228 228 228 228 228 228 229 229 230 229 229 229 228 228 229 229 229 229 229 229 229 229 228 228 229 229 230 229 229 230 230 230 230 230 230 230 229 230 231 231 232 231 231 231 232 232 233 233 233 233 233 233 233 234 234 234 235 235 236 236 236 236 236 236 236 236 235 235 236 236 235 234 234 235 234 234 234 234 234 234 235 235 235 235 235 235 236 236 237 237 237 237 236 237 237 237 237 238 238 238 238 239 239 239 239 239 238 239 238 238 238 239 239 239 239 239 239 239 239 240 239 239 239 239 240 240 241 241 241 241 241 241 241 241 241 241 241 241 242 242 242 242 242 242 242 243 243 243 243 243 243 243 243 243 244 244 244 244 244 244 244 244 244 245 245 245 245 245 245 245 246 246 246 246 246 246 246 246 246 246 247 247 247 247 247 247 247 247 247 247 247 248 248 248 248 248 248 248 249 249 249 249 249 250 250 250 250 250 250 252 252 253 252 252 253 253 253 253 254 254 254 254 254 254 254 254 254 255 255 256 256 255 256 256 256 256 256 256 256 256 256 257 257 257 257 257 258 258 258 258 258 258 258 258 258 258 258 258 258 259 258 258 258 258 258 258 259 259 259 259 260 260 260 260 260 260 260 260 260 260 260 260 261 261 261 261 261 261 262 262 262 262 263 263 264 264 264 264 263 263 263 264 264 264 265 264 265 265 216 215 216 216 216 217 217 216 216 215 216 216 216 216 217 217 217 217 217 216 217 218 218 218 219 220 220 221 220 219 219 218 218 219 219 220 220 220 220 221 222 223 223 223 223 223 223 222 222 224 224 224 224 224 224 225 225 225 225 225 226 226 226 227 227 227 227 227 227 227 227 228 228 228 228 228 227 228 228 228 228 228 229 229 229 229 229 230 230 229 230 230 230 230 229 229 229 230 229 229 229 228 228 229 229 230 230 229 230 230 230 230 230 230 230 230 230 230 230 230 231 231 231 231 231 232 232 232 233 233 233 234 234 234 234 235 235 235 235 235 235 236 236 235 236 236 236 236 236 236 235 234 234 234 234 234 234 234 234 234 234 234 234 235 236 235 236 236 237 237 237 237 237 237 238 238 237 237 238 238 238 238 239 239 239 240 239 240 239 239 239 239 240 240 239 239 239 239 240 239 240 240 240 240 240 240 240 241 241 240 240 241 241 241 241 241 242 242 242 242 242 242 242 242 242 243 243 243 243 243 243 243 243 243 244 244 244 244 244 244 244 244 244 245 245 245 245 245 245 245 246 246 246 246 246 246 246 246 246 247 247 247 247 247 247 247 247 247 247 247 248 248 248 248 249 249 249 249 249 249 249 249 249 250 250 250 250 250 250 252 252 253 252 252 253 253 253 253 253 254 254 254 254 254 254 254 255 254 254 255 255 255 255 256 256 256 256 256 256 256 257 257 257 257 258 257 258 258 258 258 258 258 258 258 258 258 258 258 259 259 259 259 259 258 258 258 259 259 259 259 259 259 260 260 260 260 260 260 260 260 260 260 260 261 261 261 261 262 261 262 262 262 262 263 263 263 264 264 264 264 263 264 264 264 265 265 265 266 216 216 216 216 217 217 217 216 216 216 217 217 217 217 218 218 217 217 217 217 218 218 218 218 219 220 220 220 219 219 219 219 219 219 220 220 220 220 221 222 222 222 222 223 223 223 223 224 224 224 224 224 224 224 225 225 226 226 226 226 226 226 226 226 226 227 227 228 228 228 228 228 229 229 228 228 228 229 229 229 229 229 229 229 228 229 229 229 229 229 229 230 229 229 228 229 229 229 229 229 228 229 230 230 230 230 229 230 231 231 231 231 231 231 231 231 231 231 231 231 231 231 232 232 233 232 232 233 233 233 234 234 235 234 234 235 235 235 235 235 235 235 235 235 236 237 237 237 237 235 235 235 235 235 234 235 234 235 235 235 234 234 235 235 235 237 236 237 237 237 237 237 238 238 238 238 238 239 239 239 239 239 239 239 240 240 240 240 241 240 241 241 241 240 240 240 240 240 240 240 240 240 240 240 240 241 241 241 240 241 241 241 241 241 241 241 242 242 242 242 242 242 242 242 243 243 243 243 243 243 243 243 244 244 244 244 244 244 244 244 245 245 245 245 245 245 245 245 245 246 246 246 246 246 246 246 247 247 247 247 247 247 247 247 247 247 247 247 247 248 248 248 248 249 249 249 249 249 249 249 249 249 250 250 250 250 250 250 252 252 253 253 253 253 253 253 253 253 254 254 254 254 254 254 254 255 254 254 254 255 255 256 256 256 256 256 257 256 256 257 257 257 257 257 258 258 258 258 258 258 258 259 258 258 258 258 258 259 259 259 260 259 259 258 258 259 259 259 259 259 259 259 260 260 260 260 260 260 260 260 260 260 260 261 261 261 261 261 262 262 262 262 263 263 263 263 263 264 264 264 264 264 265 265 265 265 266 217 216 217 217 217 218 217 218 217 217 217 218 219 219 218 218 217 217 217 218 218 218 218 219 219 219 220 219 219 219 220 219 219 220 220 220 221 221 222 222 222 222 222 223 223 224 224 224 224 224 224 224 224 225 225 226 226 226 227 226 226 226 227 227 227 227 227 228 228 228 228 228 229 229 229 229 229 229 229 230 229 230 229 229 230 230 230 229 229 230 230 229 228 228 228 229 229 229 229 229 230 230 231 230 230 230 230 231 231 231 231 231 231 231 231 232 231 231 231 232 232 233 232 233 233 233 233 234 234 234 234 235 234 234 235 235 235 236 236 235 235 235 235 235 236 236 237 237 236 236 236 236 236 235 235 235 236 235 235 235 234 235 235 236 237 237 237 237 237 237 237 237 238 238 238 238 238 239 239 239 239 240 240 240 240 240 240 241 241 241 241 241 241 241 241 241 240 241 241 241 240 240 240 240 240 241 241 241 241 241 241 241 241 241 242 242 242 242 242 242 242 242 243 243 243 243 243 243 243 243 244 244 244 244 244 244 244 244 244 245 245 245 245 245 245 245 245 245 246 246 246 246 246 246 246 247 247 247 247 247 247 247 247 247 247 247 247 248 248 248 248 248 249 249 249 249 249 249 249 249 249 250 250 250 250 250 250 253 253 253 253 253 253 253 253 253 253 254 254 254 254 254 254 254 254 254 254 255 255 255 255 256 256 256 256 256 256 256 257 257 257 257 257 257 258 258 258 258 258 258 258 259 259 258 259 259 259 259 259 259 260 259 259 259 259 259 259 259 259 259 259 259 259 260 260 260 260 260 260 261 260 260 261 261 261 261 262 262 262 262 262 262 262 262 263 263 264 264 264 264 265 265 264 264 265 266 217 216 217 217 218 219 219 218 218 218 218 219 219 219 218 218 218 217 217 218 218 219 219 219 219 219 220 220 220 220 219 219 220 219 220 220 221 221 222 223 222 222 222 222 223 223 224 224 225 225 225 225 224 224 224 225 226 226 226 227 227 227 227 227 227 227 227 227 227 228 228 228 228 228 229 229 229 230 229 229 229 229 229 229 230 231 231 231 231 231 231 231 231 229 229 228 229 229 229 230 230 230 231 231 230 231 231 231 231 230 231 231 231 231 231 231 232 231 230 231 232 232 233 233 233 234 234 234 234 234 234 234 234 234 234 234 234 235 236 236 235 235 235 235 235 235 235 235 236 237 237 237 237 236 236 236 236 236 236 235 235 234 235 236 236 237 237 237 237 237 238 238 238 238 239 239 239 239 239 239 239 240 240 240 240 240 240 240 241 241 241 241 241 241 241 241 242 242 241 241 241 240 240 240 241 241 241 241 241 241 241 241 241 241 241 242 242 242 242 242 242 242 243 243 243 243 243 243 243 243 244 244 244 244 244 244 244 244 244 244 245 245 245 245 245 245 245 245 245 246 246 246 246 246 246 246 247 247 247 247 247 247 247 247 247 247 247 247 248 248 248 248 248 249 249 249 249 249 249 249 249 249 249 250 250 250 250 250 253 253 253 253 253 253 253 253 253 253 254 254 254 254 254 254 254 254 254 255 255 255 255 255 256 256 256 256 256 256 257 257 257 257 257 257 257 257 257 257 258 258 259 259 259 259 259 259 259 259 259 259 259 259 259 259 259 259 259 259 258 258 259 259 259 259 259 260 260 260 260 261 261 261 260 261 261 262 262 262 262 262 262 262 262 263 263 263 263 264 263 264 264 264 265 264 264 265 266 266 217 217 218 218 218 219 218 218 217 217 218 219 219 219 219 218 218 217 217 219 219 218 219 220 219 219 220 220 220 220 220 220 220 220 220 220 219 220 220 221 222 223 223 222 222 222 223 223 224 224 224 225 225 225 225 225 225 225 226 226 226 227 227 227 227 227 227 227 228 228 228 228 228 229 229 229 229 229 229 230 230 230 230 229 229 229 229 230 230 230 230 230 230 230 230 229 229 229 230 230 229 230 230 231 231 231 231 231 231 231 231 230 230 231 231 231 231 231 231 231 231 231 231 231 232 232 233 233 234 234 235 234 235 235 235 235 235 234 234 235 235 236 236 236 236 236 235 235 235 235 236 236 236 237 237 237 237 237 236 235 235 235 234 234 235 236 236 236 237 238 238 238 238 239 239 239 239 239 239 240 240 240 240 240 241 241 240 240 240 241 241 242 242 241 241 241 242 242 242 242 242 241 241 241 241 241 241 241 241 241 242 242 242 242 242 242 242 242 242 242 242 242 242 243 243 243 243 243 243 243 244 244 244 244 244 244 244 244 244 244 244 244 245 245 245 245 245 245 245 245 246 246 246 246 246 246 246 246 247 247 247 247 247 247 247 248 247 247 247 247 248 248 248 248 249 249 249 249 249 249 249 249 249 249 250 250 250 250 250 250 253 253 253 253 253 253 253 253 253 253 253 254 254 254 254 254 254 254 254 254 255 255 255 255 255 256 256 256 256 256 257 257 257 257 257 257 257 257 257 258 258 258 258 258 258 258 258 258 258 258 259 259 259 259 259 259 259 259 259 259 258 259 259 259 259 260 260 260 260 260 261 261 261 260 261 261 261 261 262 262 262 262 262 262 263 263 263 263 263 263 263 264 264 264 264 264 265 265 265 265 217 217 217 218 218 218 219 218 217 217 217 218 218 219 219 218 218 218 217 219 220 220 219 219 220 220 220 220 220 221 221 221 220 221 220 220 220 220 220 220 220 221 222 222 222 222 223 223 223 223 223 224 224 225 225 225 225 225 225 226 226 226 226 227 227 227 227 227 228 228 228 228 229 229 229 229 229 229 229 229 230 230 230 230 230 230 230 230 231 231 231 230 230 230 230 229 229 230 230 230 230 230 230 231 231 231 231 231 231 230 230 230 230 230 230 230 231 231 231 231 232 232 232 232 231 231 232 232 233 234 234 234 234 235 235 235 235 234 234 234 234 235 235 236 236 235 235 236 235 235 235 236 235 235 236 237 237 237 237 236 236 235 235 234 234 235 236 237 237 237 237 238 239 239 239 238 239 240 239 239 240 240 241 241 241 241 240 240 240 240 240 241 242 242 241 241 241 242 242 242 242 242 242 242 242 242 242 241 241 241 241 242 242 242 242 242 242 242 242 242 242 242 242 242 243 243 243 243 243 243 244 244 244 243 243 244 244 244 244 244 244 244 245 245 245 245 246 245 245 245 245 246 246 246 246 246 246 247 247 247 247 247 247 247 247 248 248 248 248 247 248 248 248 248 248 249 249 249 249 249 249 249 249 249 250 250 250 250 250 250 250 253 253 253 253 253 253 253 253 253 253 254 254 254 254 254 254 254 254 254 254 255 255 255 255 255 255 256 256 256 256 257 257 256 256 256 257 257 257 258 258 258 258 258 258 258 258 258 258 258 258 258 259 259 259 259 259 259 259 259 259 259 259 259 259 260 260 260 260 260 260 261 261 261 261 260 261 261 261 261 262 262 262 262 262 262 262 262 262 263 263 263 263 264 264 264 264 264 265 265 266 218 218 218 218 218 217 217 219 218 218 219 218 217 218 218 218 218 217 217 218 219 220 220 219 219 220 221 221 221 221 222 222 222 221 222 221 221 221 220 220 220 220 221 221 222 223 224 224 224 224 224 224 224 224 224 224 225 225 225 225 225 226 226 227 227 227 227 227 227 227 228 228 228 229 229 229 229 229 228 229 229 230 229 230 230 231 231 230 231 231 232 232 231 230 230 230 229 230 230 230 230 230 230 231 232 231 231 230 231 231 231 230 230 231 231 231 231 231 231 231 231 232 232 233 232 232 232 232 233 234 234 234 234 234 234 235 235 235 235 235 235 234 234 234 235 235 234 234 234 234 234 235 235 235 235 236 236 236 237 237 237 237 236 235 235 234 235 236 237 237 238 238 239 239 238 238 238 239 239 239 239 239 240 240 241 241 241 240 240 240 240 240 241 241 241 241 241 241 241 242 242 242 243 242 242 242 242 242 242 242 242 242 242 242 243 242 242 242 242 242 242 242 242 242 243 243 243 243 243 243 243 243 243 243 244 244 244 244 244 244 244 244 244 245 245 245 245 245 245 245 245 246 246 246 246 246 246 247 247 247 247 247 247 247 247 248 248 248 248 248 248 248 248 248 248 248 249 249 249 249 249 249 249 249 249 250 250 250 250 250 250 250 252 253 253 253 253 253 253 253 253 254 254 254 254 254 254 254 254 254 255 255 255 255 255 255 255 255 256 256 256 256 256 257 256 257 257 257 258 258 258 258 258 258 258 258 258 258 258 258 258 258 258 259 259 259 259 259 259 259 259 259 259 260 259 259 260 260 260 260 260 260 260 261 261 261 260 260 261 261 261 262 261 262 262 262 262 262 263 263 263 264 264 264 264 264 264 264 265 265 265 265 266 218 217 218 218 219 218 217 217 218 218 218 218 219 218 217 217 217 217 218 218 219 219 220 219 219 219 220 220 221 222 222 222 222 222 223 222 222 222 222 221 221 221 221 221 221 222 223 223 224 224 225 225 224 224 224 224 224 224 225 225 225 226 226 226 226 227 227 227 227 227 227 227 228 228 228 228 228 228 228 228 229 229 229 230 230 230 230 231 231 231 232 232 232 231 231 231 230 230 229 230 230 230 230 230 231 231 231 231 231 230 230 231 230 231 231 232 232 232 231 231 231 232 232 233 233 233 233 233 234 234 234 234 234 234 234 234 235 235 236 236 235 235 235 235 234 234 234 234 235 235 235 235 234 234 235 235 236 237 236 237 237 237 237 237 236 235 235 236 236 237 238 238 238 238 239 238 238 238 239 239 238 238 239 239 240 240 240 240 240 240 240 240 240 241 241 241 241 241 241 242 242 242 242 243 242 242 242 242 242 242 242 242 242 242 242 243 243 242 242 243 243 243 243 243 243 243 243 243 243 243 243 243 243 244 244 244 244 244 244 244 244 244 244 244 245 245 245 245 245 245 245 245 246 246 246 246 246 246 246 247 247 247 247 247 247 247 248 248 248 248 248 248 248 248 248 248 248 249 249 249 249 249 249 249 249 249 250 250 250 250 250 250 250 252 253 253 253 253 253 253 253 253 253 254 254 254 254 254 254 254 254 255 255 255 255 255 255 255 256 256 256 256 256 256 257 256 256 257 257 257 257 257 258 258 258 257 258 258 258 258 258 258 258 259 259 259 259 259 259 259 259 259 259 259 260 260 260 260 260 260 260 260 260 260 260 261 261 261 261 260 260 261 262 262 262 262 262 262 263 263 263 263 263 264 264 264 265 265 264 265 265 265 265 266 217 217 217 218 219 219 218 217 218 219 218 218 218 218 217 217 218 218 219 219 220 220 219 219 219 220 220 220 221 221 221 222 222 222 222 223 223 223 223 222 222 222 222 222 221 222 222 223 223 223 224 225 225 225 225 225 225 225 225 225 226 227 226 227 227 227 227 227 227 228 228 228 228 228 228 228 228 228 229 229 229 229 230 230 230 230 231 231 231 231 231 232 232 231 231 232 231 230 230 230 230 230 230 230 231 231 232 232 232 231 231 230 231 231 231 232 232 232 232 232 231 231 232 233 233 233 234 234 235 234 234 234 234 234 234 234 235 235 235 235 235 235 235 234 234 235 235 235 235 236 236 236 235 235 235 235 236 236 236 236 236 236 236 236 236 236 235 236 237 237 237 237 237 238 238 238 238 238 239 238 238 239 239 239 239 239 240 241 241 241 241 240 240 240 241 241 241 241 241 241 241 242 242 242 242 242 242 242 242 242 243 242 242 243 242 242 243 243 243 242 243 243 243 243 243 243 243 243 243 243 243 243 243 244 244 244 244 244 244 244 244 244 245 245 245 245 245 245 245 245 245 246 246 246 246 246 246 247 247 247 247 247 247 247 247 248 248 248 248 248 248 248 248 248 248 248 249 249 249 249 249 249 249 249 249 250 250 250 250 250 250 251 251 252 253 253 253 253 253 254 254 254 254 254 254 254 254 254 254 254 255 255 255 255 255 255 255 256 256 256 256 256 257 256 257 256 256 256 257 257 257 257 257 257 257 257 258 258 258 258 258 258 258 258 259 259 259 259 259 259 259 258 259 259 260 260 260 260 260 261 261 260 260 260 260 261 261 261 261 261 260 260 261 262 262 263 263 262 262 263 263 263 263 263 264 265 265 265 265 264 264 265 265 265 266 217 217 217 218 218 218 219 218 218 219 219 218 218 218 218 218 219 220 220 221 221 221 220 219 220 221 220 220 221 222 221 221 222 222 222 223 223 224 224 223 222 222 221 222 222 222 222 222 222 222 223 224 224 225 226 226 226 227 227 227 227 227 227 227 228 228 228 227 228 228 228 228 229 229 229 229 229 228 229 229 230 229 230 230 230 231 231 231 231 231 231 232 232 231 231 231 231 232 231 231 230 231 231 231 231 231 232 232 231 231 231 231 232 232 232 232 232 232 231 232 232 232 232 232 232 233 234 235 235 234 234 234 234 234 234 234 234 235 235 235 235 235 234 234 235 235 235 235 236 237 237 236 235 235 235 235 235 235 236 237 237 237 237 236 236 236 235 236 236 236 236 237 237 238 238 238 238 238 238 238 239 239 239 240 240 240 241 241 241 241 240 241 241 241 241 241 241 241 241 241 241 241 242 242 242 242 242 242 242 242 242 243 242 243 243 242 243 243 243 243 243 243 243 243 243 243 243 243 244 244 244 244 244 244 244 244 244 244 244 244 245 245 245 245 245 245 245 245 245 245 246 246 246 246 246 246 246 246 247 247 247 247 247 247 247 247 248 248 247 248 248 248 248 248 248 249 249 249 249 249 249 249 249 249 249 250 250 250 250 250 250 251 251 253 253 253 253 253 253 254 254 254 254 254 254 254 254 254 254 254 255 255 255 255 255 256 255 255 255 255 256 256 256 256 256 256 256 256 257 257 257 257 257 257 257 257 258 258 258 258 258 258 258 258 258 258 259 259 259 258 259 259 259 259 260 260 260 260 260 261 261 261 261 261 261 261 261 261 262 261 261 261 261 261 262 262 262 263 263 263 263 263 263 264 264 265 265 264 264 264 265 265 265 266 266 267 218 218 217 217 217 218 218 219 218 218 219 218 218 219 219 219 220 221 221 221 221 222 221 221 222 222 221 221 220 221 221 222 223 223 223 223 224 224 224 224 223 223 223 223 223 222 223 223 222 222 223 223 224 225 225 226 226 227 227 227 227 228 228 228 228 228 228 228 229 229 229 228 228 229 229 229 230 229 229 229 229 230 230 230 230 230 231 231 231 231 232 232 232 231 232 232 231 232 232 232 231 231 231 231 231 231 232 232 231 232 231 231 232 232 233 233 232 232 232 233 233 232 233 233 233 233 234 234 235 235 235 235 236 236 235 235 235 235 235 235 235 234 235 235 235 236 236 236 236 237 237 236 236 236 235 235 235 235 236 236 237 238 237 236 236 236 236 236 237 237 237 238 238 238 239 239 238 238 238 238 239 239 239 240 240 241 241 241 242 242 241 241 241 241 241 242 242 242 242 242 242 241 241 242 242 242 243 242 242 242 243 243 243 242 242 243 243 242 243 243 243 243 243 243 243 243 243 244 244 244 244 244 244 244 244 244 244 245 245 245 245 245 245 245 245 245 245 245 245 245 246 246 246 246 246 246 246 246 247 247 247 247 247 247 247 247 248 248 248 248 248 248 248 248 248 249 249 249 249 249 249 249 249 249 249 250 250 250 250 250 251 251 251 253 253 253 253 253 253 253 254 254 254 254 254 254 254 254 254 255 255 255 255 255 255 256 255 255 255 255 256 256 256 256 256 256 256 256 256 256 257 257 257 257 257 258 258 258 258 258 258 258 258 258 258 258 258 258 258 259 259 259 259 260 260 260 260 260 261 261 261 261 261 261 261 261 262 262 262 261 261 261 261 262 262 262 262 262 263 263 263 263 264 264 264 264 264 264 264 265 265 265 265 265 266 267 219 219 219 218 218 218 218 218 218 218 218 219 219 219 219 220 220 221 221 221 221 221 221 221 222 223 223 223 222 221 221 222 223 223 223 224 224 224 225 225 224 224 224 224 223 223 224 224 224 223 223 223 224 225 225 225 225 226 226 227 226 227 227 228 228 228 228 228 229 229 229 229 229 229 229 230 230 230 230 229 229 230 230 231 231 231 232 231 231 232 231 232 232 231 231 231 232 232 232 232 232 231 231 231 231 231 231 231 231 231 231 231 232 232 232 233 232 232 233 233 233 232 233 233 234 234 234 235 235 235 236 235 235 236 236 235 235 235 235 235 235 235 235 235 236 236 237 237 237 238 238 237 237 236 236 236 236 235 236 237 237 237 237 236 236 236 236 236 237 237 238 238 239 239 238 238 238 238 239 239 239 239 239 240 241 241 242 242 243 243 243 242 241 241 242 242 242 242 241 241 241 241 241 241 242 242 242 243 243 242 242 243 243 242 242 242 243 243 243 243 243 243 243 243 243 243 243 243 244 244 244 244 244 244 244 244 245 245 245 245 245 245 245 245 245 245 245 245 246 246 246 246 246 246 246 246 246 246 247 247 247 247 247 247 247 248 248 248 248 248 248 248 248 248 249 249 249 249 249 249 249 249 249 249 250 250 250 250 251 251 251 251 251 253 253 253 253 253 253 253 254 254 254 254 254 254 254 254 255 255 255 255 255 255 255 255 255 255 255 256 256 256 256 256 256 256 256 256 256 256 257 257 257 257 257 258 258 258 258 258 258 258 258 258 258 258 259 259 260 260 259 259 260 260 260 260 261 261 261 262 262 262 262 261 261 262 262 262 262 261 261 261 261 261 262 262 262 262 263 263 263 263 263 264 264 264 264 264 264 265 265 264 265 265 266 266 267 220 219 219 218 218 218 218 218 219 219 219 219 220 220 220 221 222 222 221 221 222 221 221 222 223 223 223 222 222 222 223 223 223 223 224 224 225 224 224 225 225 225 224 224 224 224 224 224 223 223 223 224 224 225 225 225 225 226 227 227 226 227 228 228 228 229 229 229 230 229 229 229 230 230 230 230 230 230 230 229 230 231 231 231 231 232 232 232 232 232 232 231 231 232 232 232 232 232 232 231 231 231 231 231 231 231 232 232 232 231 232 232 232 233 233 233 233 233 233 232 233 233 234 234 235 235 235 235 235 235 235 235 235 235 235 235 235 236 236 236 236 236 236 236 237 238 238 239 238 238 237 237 237 236 236 236 236 236 236 237 237 236 236 236 236 236 237 237 237 237 237 237 237 237 238 238 239 239 239 240 240 240 241 241 242 243 243 243 243 242 242 242 242 243 242 242 242 242 241 242 242 242 241 242 242 242 243 242 243 243 243 243 242 242 243 243 243 243 243 243 243 243 243 244 244 244 244 244 244 244 244 244 244 244 245 245 245 245 245 245 245 245 245 245 245 245 246 246 246 246 246 246 246 246 246 246 247 247 247 247 247 247 247 247 248 248 248 248 248 248 248 248 249 249 249 249 249 249 249 249 249 250 250 250 250 251 251 250 251 251 251 253 253 253 253 253 253 253 254 254 254 254 254 254 254 254 255 255 255 255 255 255 255 255 255 255 256 256 256 256 256 256 255 255 255 256 256 256 257 257 257 257 257 257 257 257 258 258 258 258 258 258 258 259 259 259 259 260 260 260 260 260 260 261 261 261 261 261 262 262 262 262 262 262 262 262 262 262 261 261 262 261 261 261 261 262 262 263 263 263 263 263 263 264 265 265 265 264 264 264 265 265 266 267 268 220 219 219 219 219 218 219 219 219 219 220 221 221 222 222 222 221 221 222 221 222 222 223 223 224 223 223 223 223 224 224 224 224 225 225 224 224 224 224 225 225 225 224 224 224 224 223 224 224 224 224 225 225 226 226 226 226 226 226 227 227 227 228 228 228 229 229 229 230 229 230 230 230 230 230 230 230 230 230 231 231 231 232 232 232 232 232 233 233 232 232 232 233 232 233 233 232 232 231 231 231 232 232 232 232 233 232 231 231 232 232 233 233 233 233 232 233 233 233 233 234 234 235 236 235 235 235 235 235 235 236 236 235 235 236 236 237 237 237 237 237 237 237 238 238 238 238 237 237 236 236 236 236 236 237 236 236 236 237 236 236 236 236 236 236 236 237 237 237 237 237 238 238 239 239 240 240 240 241 241 241 241 242 242 243 243 242 242 242 242 242 243 243 243 243 242 242 242 242 242 242 242 242 242 242 243 243 243 243 243 243 243 243 243 243 243 243 243 243 244 244 244 244 244 244 244 244 244 244 244 244 244 245 245 245 245 245 245 245 245 245 245 245 245 246 246 246 246 246 246 246 246 246 247 247 247 248 247 247 247 247 247 248 248 248 248 248 248 248 248 249 249 249 249 249 249 249 249 250 250 250 250 250 250 251 251 251 251 251 253 253 253 253 253 253 253 253 254 254 254 254 254 254 254 255 254 255 255 255 255 255 255 255 256 256 256 256 255 255 255 255 255 256 256 256 256 257 257 257 257 257 258 258 258 258 259 259 258 258 259 258 258 258 258 259 259 259 260 260 260 260 260 261 261 261 261 262 262 262 262 262 262 262 262 262 262 262 261 261 262 261 262 262 262 262 262 263 263 263 263 264 264 264 264 264 264 265 265 265 265 266 266 267 267 268 269 269 220 220 219 219 219 220 219 220 221 221 222 222 222 222 222 222 222 222 223 223 223 224 224 224 224 223 223 224 225 225 225 225 224 224 223 224 224 225 225 225 224 224 224 223 224 225 226 226 226 226 226 226 226 227 227 227 227 227 227 227 228 229 229 229 230 230 230 230 230 230 231 231 230 230 230 230 230 231 231 231 232 232 232 232 232 233 233 233 233 233 233 232 233 233 233 233 232 231 232 232 232 232 232 232 232 232 231 232 233 233 233 233 233 233 233 234 234 234 234 235 236 236 235 235 235 235 235 236 236 235 235 235 236 237 237 238 238 238 238 238 238 238 238 238 238 238 237 236 236 236 236 237 237 237 236 236 236 236 236 237 236 237 237 237 237 237 237 237 237 238 238 239 239 240 240 240 241 241 241 242 242 242 243 243 243 243 243 243 243 243 243 243 243 243 243 242 242 242 242 243 242 242 242 242 243 243 243 243 243 243 243 243 243 243 243 243 243 244 244 244 244 244 244 244 244 244 244 244 244 245 245 245 245 245 245 245 245 245 245 245 245 246 246 246 246 246 246 246 247 246 246 247 247 248 248 247 247 248 248 248 248 248 248 249 249 249 248 249 249 249 249 249 249 249 249 249 250 250 250 250 250 251 251 251 251 251 251 253 253 253 253 253 254 254 254 254 254 254 254 254 254 254 254 255 255 255 255 255 255 255 255 256 255 255 255 255 255 255 256 256 256 256 257 257 257 257 257 257 258 258 258 258 258 258 258 258 258 258 258 258 258 258 259 259 259 260 260 260 260 260 260 261 261 261 262 262 262 262 262 262 262 262 262 263 262 262 262 262 262 262 263 263 262 262 262 262 263 263 263 263 264 264 264 265 265 265 266 266 266 266 266 267 268 268 267 267 268 221 221 221 221 221 221 221 221 221 221 222 222 222 222 222 222 223 224 224 225 225 225 224 224 224 224 224 225 225 225 225 224 224 224 224 224 225 225 225 224 224 224 224 225 225 226 226 227 228 227 227 228 228 228 228 229 229 228 228 228 229 229 230 230 230 230 230 230 231 231 231 231 231 231 231 231 231 231 232 232 232 232 233 233 233 232 233 233 233 233 234 234 234 233 233 232 233 233 233 233 233 233 233 232 232 232 233 234 233 233 233 233 233 233 234 235 234 235 236 236 236 236 236 236 235 235 236 236 235 235 236 236 236 237 237 238 238 238 238 238 238 238 238 238 237 236 237 238 237 237 237 237 237 237 237 237 237 237 237 237 238 238 238 238 237 237 238 238 238 239 239 240 240 240 240 241 241 241 241 242 242 242 242 243 243 243 243 243 243 243 244 243 243 242 242 242 243 243 243 243 242 242 242 243 243 243 243 243 243 243 243 243 243 243 244 244 244 244 244 244 244 244 244 244 244 244 245 245 245 245 245 245 245 245 245 245 245 245 245 246 246 246 246 246 247 246 247 247 246 247 248 248 249 248 249 249 248 248 248 248 248 248 248 249 249 249 249 249 249 249 249 249 249 249 250 250 250 250 251 251 251 251 251 251 251 253 253 253 253 253 253 254 254 254 254 254 254 255 255 255 254 255 255 255 255 255 255 255 256 255 255 256 256 256 257 256 257 257 257 257 257 257 257 257 257 257 257 257 257 257 257 258 258 258 258 258 258 258 259 259 259 259 259 260 260 260 260 260 261 261 261 261 262 262 262 262 262 262 262 262 262 263 263 263 263 263 263 263 263 263 263 263 262 262 263 263 263 263 264 264 264 265 265 265 265 266 266 266 266 266 266 266 266 266 267 268 222 221 222 222 222 222 222 222 223 223 223 224 224 225 225 225 225 225 225 225 225 225 225 225 225 225 225 225 224 224 224 225 225 225 225 224 224 225 225 225 226 226 226 227 227 227 228 229 228 228 229 229 229 229 229 229 230 230 230 230 230 230 230 231 231 231 231 232 232 231 231 231 231 232 232 232 233 233 233 233 233 233 233 233 234 234 234 234 234 234 234 234 233 233 233 233 233 233 232 232 232 233 233 233 233 233 234 233 234 235 235 235 236 236 236 236 237 237 237 236 236 237 236 236 235 236 236 236 236 237 238 238 238 238 238 238 239 239 239 238 237 237 238 237 237 237 237 238 238 237 237 237 237 237 237 238 238 237 237 237 237 238 238 239 240 240 240 240 240 240 240 240 240 241 241 242 241 241 242 243 243 243 243 243 244 244 244 244 244 244 243 242 242 242 242 242 242 242 242 243 244 243 243 243 243 243 243 243 243 243 244 244 244 244 244 244 244 244 244 244 245 245 245 245 245 245 245 245 245 245 245 245 245 245 246 246 246 246 246 247 247 248 247 247 247 247 247 248 249 249 249 249 248 248 248 249 248 248 249 249 249 249 249 249 249 249 249 249 250 250 250 250 250 251 251 251 251 251 250 251 253 253 253 253 253 253 253 254 254 254 254 254 255 255 255 255 255 255 255 255 255 255 255 255 255 256 256 256 256 257 257 257 257 257 257 257 257 257 257 257 257 257 257 257 257 257 258 258 258 258 258 258 258 259 259 259 259 260 260 260 260 260 260 261 261 261 261 262 262 262 262 262 262 262 262 263 263 263 263 263 263 263 264 263 263 263 263 263 263 263 263 263 264 264 264 264 264 264 265 265 266 265 265 266 266 266 266 266 267 267 268 223 223 223 222 222 222 223 224 224 224 224 225 225 225 226 226 226 226 226 226 226 226 226 226 226 226 225 225 224 224 224 224 225 224 224 225 225 226 226 226 226 226 226 227 228 228 228 228 228 229 229 229 229 229 230 230 230 230 230 230 230 231 231 231 231 232 232 232 232 231 231 232 232 232 233 233 233 233 233 233 233 233 233 233 233 234 234 234 234 234 235 234 233 233 233 233 233 233 233 234 234 234 233 233 234 234 234 234 235 235 236 237 237 237 236 237 237 237 237 237 237 236 236 236 236 236 237 237 237 238 238 238 238 238 238 239 239 239 238 238 238 238 238 237 238 238 238 238 237 237 237 237 237 237 238 237 237 237 238 238 238 239 239 240 239 240 240 240 240 240 240 241 241 242 241 242 241 242 243 243 243 243 243 244 244 244 244 244 243 243 243 242 243 243 243 243 243 243 243 244 243 243 243 244 243 244 243 243 244 244 244 244 244 244 244 244 244 244 245 245 245 245 245 244 244 245 245 245 245 245 245 246 245 246 246 246 246 246 247 247 248 247 247 247 247 247 248 249 249 249 248 249 249 249 249 249 249 249 249 249 249 249 249 249 249 249 249 250 250 250 250 250 250 250 250 250 250 250 250 253 253 253 253 253 253 254 254 254 254 254 254 255 255 255 255 255 255 255 255 255 255 255 255 255 255 255 256 256 256 256 257 257 257 257 258 258 257 257 257 257 257 257 257 258 258 258 258 258 258 259 259 259 259 259 259 259 259 260 260 260 260 260 261 261 261 261 261 261 262 262 262 262 262 262 263 263 263 263 263 263 263 264 264 264 263 263 263 263 263 263 263 264 264 264 264 264 264 265 266 266 266 265 266 266 266 266 266 267 267 268 268 269 270 271 271 223 224 223 223 223 223 224 224 224 225 225 225 226 226 226 226 226 226 226 226 227 227 227 227 226 226 226 225 225 225 225 224 225 224 225 226 226 226 226 227 227 227 228 228 228 228 228 228 229 230 230 230 230 230 230 230 230 230 230 231 230 231 231 231 232 232 232 232 232 231 232 232 233 233 233 233 234 234 233 233 234 234 234 233 234 234 234 234 235 235 234 233 233 233 234 233 233 234 235 235 234 233 233 235 235 234 234 235 235 236 237 237 237 237 238 238 237 237 237 237 237 237 236 236 236 236 236 237 237 238 238 239 239 239 239 239 239 239 239 238 238 238 238 238 238 238 238 238 238 238 237 238 238 238 238 238 238 238 238 239 239 239 239 239 240 241 240 240 240 240 241 242 242 241 241 241 242 243 243 243 243 243 244 244 244 244 244 244 243 243 243 243 243 243 243 243 243 243 244 244 244 243 243 244 244 244 244 244 244 244 244 244 244 244 244 244 244 245 245 245 245 245 244 245 245 245 245 245 245 246 246 246 246 246 246 247 247 247 247 248 247 247 247 247 247 247 248 249 250 250 250 250 250 249 249 249 249 249 249 249 249 249 249 249 249 250 250 250 250 250 250 250 250 250 250 250 250 251 253 253 253 253 253 253 253 254 254 254 254 254 254 255 255 255 255 255 255 255 255 255 255 255 256 256 256 256 257 257 257 257 257 257 257 258 258 257 258 258 257 257 257 257 258 258 258 258 258 258 259 259 259 259 259 259 259 260 260 260 260 260 260 260 261 261 261 261 261 262 262 262 262 262 263 263 263 263 263 263 263 264 263 263 264 264 263 263 263 263 263 263 264 263 264 264 265 265 265 266 266 265 265 265 266 266 266 267 267 267 267 267 268 269 269 269 269 270 271 224 224 224 225 225 225 225 225 226 226 226 226 226 226 226 226 227 227 227 227 227 227 227 226 226 226 225 225 225 225 224 225 226 226 226 227 227 227 227 228 228 228 228 228 228 229 229 230 231 231 231 231 231 231 231 231 231 231 231 231 231 231 231 232 232 232 232 232 232 233 233 233 234 234 234 234 234 234 234 234 234 234 234 234 234 235 235 235 234 233 233 234 233 233 234 235 235 235 234 233 234 235 234 234 235 235 236 237 237 237 237 237 237 237 237 236 236 236 236 236 237 236 237 237 238 238 238 238 239 239 239 239 239 239 239 239 238 238 238 238 238 238 238 238 238 238 237 238 239 238 239 238 238 238 238 238 239 238 238 239 239 240 240 240 240 240 241 242 242 242 241 242 242 242 242 243 243 243 244 244 244 244 245 244 244 244 243 243 243 243 243 243 243 243 243 244 244 244 244 244 244 244 244 244 244 244 244 244 244 245 245 245 245 244 244 244 245 245 245 245 245 245 245 245 245 246 246 246 246 246 246 246 247 247 247 247 248 248 248 248 247 248 248 248 249 250 250 250 249 249 249 249 249 249 249 249 249 249 250 250 250 250 250 250 250 250 250 250 250 251 250 251 250 251 251 253 253 253 253 253 253 253 254 254 254 254 254 254 255 255 255 255 255 255 255 255 255 255 256 256 256 256 256 257 257 257 257 257 257 257 258 258 258 258 258 258 258 257 257 257 258 258 258 259 258 259 259 259 259 259 259 259 259 260 260 260 260 260 260 261 261 261 261 261 262 262 262 262 262 263 263 263 263 263 263 263 263 263 264 264 264 264 263 263 263 263 263 263 263 263 264 264 265 265 265 266 265 265 266 266 266 266 266 267 267 267 268 267 268 268 268 269 269 270 271 225 225 225 225 225 226 226 226 226 226 226 226 227 227 227 227 227 227 227 227 227 226 226 226 226 226 225 225 225 225 225 226 226 226 226 226 227 227 228 228 228 228 228 229 230 230 231 231 231 232 232 232 232 232 232 232 231 231 231 231 231 232 232 232 233 233 233 233 233 233 233 234 234 233 234 234 234 234 234 234 234 234 235 235 235 234 234 234 234 234 234 234 234 234 235 235 234 234 235 236 235 234 235 236 237 236 236 237 237 237 237 237 237 237 238 238 237 238 238 236 237 237 239 239 238 239 239 239 239 239 239 239 239 238 238 238 238 238 238 238 238 238 238 238 238 238 238 238 238 238 238 238 238 238 238 238 238 239 239 239 239 240 240 241 241 242 242 242 242 242 243 242 243 243 243 243 243 244 244 244 244 244 244 243 243 243 243 243 243 243 243 243 243 243 244 244 244 244 245 244 244 244 244 244 244 244 244 245 245 245 245 244 245 245 245 245 245 245 246 246 246 246 246 246 246 246 246 246 247 247 247 247 248 248 249 249 249 249 248 248 248 249 250 250 250 250 249 250 249 250 250 250 249 249 249 250 250 250 250 250 250 250 250 250 250 250 251 251 251 251 251 252 251 253 253 253 253 253 254 254 254 254 254 254 254 254 255 255 255 255 255 255 255 255 255 256 256 256 256 256 256 257 257 257 257 257 258 258 258 258 258 258 258 258 258 258 258 258 258 258 258 258 258 258 258 259 259 259 259 259 259 259 259 260 260 260 261 261 261 261 262 262 262 262 262 262 262 263 262 262 263 263 264 263 263 263 263 264 263 263 264 263 263 263 263 263 263 263 263 263 264 265 264 265 265 265 265 266 267 267 267 267 267 267 267 267 268 268 269 270 270 271 272 226 226 226 226 226 226 226 226 227 227 227 227 227 227 227 227 227 227 226 226 226 226 227 226 226 226 225 225 225 226 226 226 226 226 227 228 228 228 228 228 228 229 230 231 231 231 231 231 232 232 232 232 232 232 232 232 232 232 232 232 232 232 233 232 233 233 234 234 234 234 234 234 234 234 234 234 234 234 235 235 235 235 235 235 235 234 234 234 234 234 234 235 235 235 234 234 235 236 236 235 235 235 236 237 236 237 237 237 237 237 237 238 238 238 237 238 238 237 237 238 239 239 239 239 239 239 239 239 239 239 239 238 238 237 238 238 238 239 239 239 238 239 238 238 237 238 238 238 238 238 238 238 238 239 239 239 240 240 240 239 240 240 241 241 241 241 242 242 242 243 243 243 243 244 244 244 244 244 245 245 245 244 243 243 243 243 243 243 243 243 243 243 244 244 244 244 245 245 244 244 244 244 244 244 244 245 245 245 245 245 244 245 245 245 245 245 246 246 246 246 246 246 246 246 247 247 247 247 248 248 248 248 248 249 249 249 249 249 249 250 250 250 250 251 251 250 249 250 251 250 250 250 250 250 250 250 250 249 250 250 250 250 251 251 251 251 252 252 252 252 251 253 254 254 254 254 254 254 254 254 254 254 254 254 255 255 255 255 255 255 255 256 256 256 256 256 256 256 256 257 257 257 257 257 257 258 258 258 258 258 258 258 258 258 258 258 258 258 258 258 258 258 258 259 259 259 259 259 259 259 259 259 260 260 260 260 261 261 262 262 262 262 262 262 262 262 262 262 263 263 263 263 263 263 263 263 263 263 263 263 263 263 264 264 264 263 264 263 263 264 264 265 266 266 265 266 266 266 266 267 268 268 267 268 268 269 270 271 271 271 271 272 227 227 227 227 227 227 227 227 227 227 227 227 227 226 225 226 226 227 227 227 226 226 225 225 226 226 226 226 227 227 228 228 228 228 228 229 230 230 231 231 231 231 232 232 232 232 232 232 232 232 232 232 232 232 232 232 232 232 233 233 234 234 234 234 234 235 234 234 234 235 235 235 235 235 235 235 235 235 235 234 234 234 234 234 234 235 235 235 235 234 235 235 236 236 236 235 236 237 237 237 236 237 237 237 238 237 238 238 237 238 238 238 238 237 238 239 239 239 239 239 239 239 239 239 239 239 238 238 238 237 238 238 238 239 239 239 239 238 238 238 238 238 238 238 238 239 239 239 239 240 240 241 241 240 240 240 240 240 240 241 241 242 242 242 243 244 244 244 244 244 245 244 244 245 245 245 245 244 243 243 243 243 243 243 244 244 244 244 244 244 244 245 245 245 244 244 244 244 244 244 245 245 245 245 245 244 244 245 245 245 245 246 246 246 246 246 246 246 247 247 248 248 248 248 248 248 248 248 249 249 249 249 249 249 250 250 249 250 251 251 251 251 251 251 251 250 250 250 250 250 250 250 250 250 250 250 251 251 251 252 252 252 252 252 252 252 254 254 254 254 254 255 254 255 254 254 254 254 254 255 255 255 255 255 255 255 255 256 256 256 256 256 256 256 256 257 257 257 257 257 257 258 257 258 258 258 258 258 258 259 259 258 258 259 258 259 259 259 259 259 259 259 259 259 259 259 259 260 260 260 260 260 261 261 262 262 262 262 262 262 262 262 262 263 263 263 263 263 264 264 263 263 263 263 263 263 263 263 264 264 264 264 264 264 264 264 264 265 266 266 266 266 266 267 267 267 268 268 268 268 269 270 270 270 269 270 271 272 272 272 272 272 271 272 272 227 227 227 227 227 227 227 227 227 227 227 227 227 226 225 225 226 226 227 227 226 226 226 226 227 227 226 226 227 227 228 228 228 228 229 230 231 231 231 232 231 231 231 232 232 232 232 233 233 233 233 233 233 233 233 232 232 233 233 233 234 234 234 234 235 235 234 234 234 235 235 235 235 235 235 235 235 235 235 235 236 235 234 234 235 235 235 236 235 235 235 235 236 237 237 236 236 237 237 237 237 237 237 238 237 238 238 238 238 238 239 239 238 238 238 238 238 239 239 239 239 239 239 239 239 239 238 238 238 238 238 238 238 238 238 239 239 238 238 238 238 238 238 238 238 239 239 239 240 240 241 241 241 240 240 240 241 241 241 242 241 241 242 243 243 244 244 244 244 245 245 245 244 245 245 245 245 244 244 243 244 244 244 244 244 244 244 244 244 244 244 244 245 245 245 245 244 244 244 245 245 245 245 245 245 244 245 245 245 245 246 246 247 247 247 247 247 247 247 248 248 248 248 248 248 248 248 248 249 249 248 249 249 250 250 250 249 250 250 250 250 251 251 251 251 250 250 250 250 250 250 250 250 250 250 250 251 251 251 252 252 252 252 252 252 252 254 254 254 254 255 255 254 254 254 254 254 254 254 255 255 255 255 255 255 255 255 255 256 256 256 256 256 256 256 256 257 257 257 257 257 258 257 258 258 258 258 258 258 258 258 258 258 259 259 259 259 259 259 260 260 260 259 259 259 260 260 260 260 260 260 260 261 261 261 261 262 262 262 262 262 262 262 262 263 263 263 263 264 264 264 263 264 264 263 263 263 263 264 265 264 264 265 265 265 265 265 265 265 266 266 267 267 267 267 267 267 268 268 268 269 270 269 269 269 269 269 270 271 271 271 270 270 271 271 271 272 227 227 227 227 227 228 228 228 228 228 227 227 227 227 226 226 226 226 226 226 226 226 226 227 228 228 228 227 227 227 227 227 228 229 230 230 231 231 231 232 232 231 232 232 233 233 233 233 233 233 233 233 233 233 233 233 234 234 234 233 234 234 234 235 235 235 234 234 235 235 235 235 235 235 235 235 236 236 236 236 236 235 235 234 234 235 235 236 235 235 235 235 236 236 237 237 237 238 238 238 238 237 237 238 238 238 238 238 238 238 239 239 238 238 239 239 239 239 239 239 239 239 239 239 238 238 238 238 238 238 238 238 238 238 238 238 239 239 238 239 239 239 238 238 239 239 239 239 239 240 241 241 241 240 240 241 241 242 242 242 242 242 242 242 243 243 244 245 245 245 245 245 244 245 245 245 245 244 244 243 244 244 244 245 244 244 244 244 245 245 244 244 244 244 245 245 245 245 245 245 245 245 245 245 245 245 245 245 245 245 246 246 247 247 247 247 247 247 247 248 248 248 248 248 248 249 248 248 249 248 249 249 250 250 250 249 249 250 250 250 250 250 250 251 251 251 251 251 251 251 251 251 251 250 250 250 251 252 252 252 251 252 252 252 252 252 254 254 254 254 254 254 254 254 254 254 254 254 255 255 255 255 255 255 255 255 255 256 256 256 256 256 256 256 256 256 257 257 257 257 257 257 257 257 257 258 258 258 258 258 258 258 258 258 258 259 259 260 259 259 260 260 259 259 260 260 260 259 260 260 260 261 261 261 261 262 262 262 262 262 262 262 262 262 262 262 263 263 263 264 264 264 264 264 264 263 263 263 263 264 265 264 265 265 266 266 265 265 265 265 266 266 266 267 267 268 268 268 269 270 270 269 268 268 268 268 269 269 270 270 271 270 269 270 270 270 271 272 228 228 228 228 228 228 228 228 228 227 227 226 226 225 225 226 226 226 226 226 226 226 227 227 228 228 228 228 228 228 228 228 228 229 229 230 230 231 232 232 231 232 232 232 232 233 233 233 233 233 233 233 233 233 233 234 234 234 234 234 234 235 235 235 235 234 235 235 235 235 235 235 235 235 235 235 236 236 236 236 235 234 234 235 235 235 236 235 236 235 236 236 236 237 238 238 238 238 238 238 238 238 238 238 238 238 238 238 238 239 238 238 238 239 239 239 239 239 240 239 239 239 238 238 238 238 238 238 238 238 238 238 238 239 239 239 238 238 239 239 239 239 238 238 239 239 240 240 241 241 242 241 241 241 241 242 243 243 243 243 243 243 243 243 244 244 245 245 245 244 245 245 245 245 246 245 245 244 244 244 244 244 244 244 244 245 244 245 245 245 244 245 244 244 245 245 245 245 245 245 245 245 245 245 245 245 245 245 245 246 246 247 247 247 247 247 247 248 248 248 248 248 248 248 248 249 248 248 248 249 249 249 249 249 249 249 250 250 249 250 250 251 250 250 250 251 251 251 251 252 251 251 251 251 251 251 251 252 251 251 252 252 252 252 252 254 254 254 254 254 254 254 254 254 254 254 254 255 255 255 255 255 255 255 256 256 256 256 256 256 256 256 256 256 256 257 257 257 257 257 257 257 257 257 257 258 258 258 258 258 258 258 258 259 259 260 260 260 260 260 260 260 260 261 261 261 260 260 261 261 261 261 261 261 261 261 261 262 262 262 262 262 262 263 263 263 262 263 263 263 264 264 264 264 264 263 263 263 264 265 265 265 265 265 265 265 265 265 265 266 266 267 267 268 268 269 269 270 269 269 269 269 268 268 268 268 269 270 269 269 271 270 269 270 270 271 272 273 228 228 228 228 228 228 228 228 227 226 226 225 225 226 227 227 227 227 227 226 226 226 227 227 227 228 228 228 229 229 229 229 229 230 230 230 230 231 232 232 231 232 232 232 232 233 233 233 233 233 233 233 233 234 234 234 234 234 234 234 234 234 235 235 235 235 235 235 235 235 235 235 235 236 236 236 236 236 236 236 236 235 235 235 235 236 236 236 237 236 236 237 237 238 238 238 238 238 238 238 238 238 238 239 239 239 238 238 238 239 239 239 238 239 239 239 240 240 240 239 239 239 238 238 238 238 238 239 239 239 238 238 238 238 239 238 238 238 239 239 239 239 238 239 239 239 239 240 240 241 241 241 242 242 241 243 243 243 244 244 244 244 244 243 244 245 245 246 245 245 245 245 245 246 245 245 245 244 244 245 244 244 245 244 244 245 245 245 245 245 244 245 245 245 244 245 245 245 245 245 246 245 245 245 245 245 245 245 246 246 246 246 247 247 247 247 247 248 248 248 248 248 248 248 248 248 248 248 248 248 249 249 249 249 249 249 250 249 250 250 250 250 251 251 250 250 251 251 251 251 251 251 251 251 251 251 251 251 251 251 251 252 252 252 252 254 254 254 254 254 254 254 254 254 254 254 255 255 255 255 255 255 256 256 256 256 256 256 256 256 256 256 256 256 257 257 257 257 257 257 257 257 257 257 258 258 258 258 258 258 258 258 258 259 259 260 260 260 260 260 260 260 261 261 261 261 261 261 262 262 262 261 261 261 261 261 262 262 263 262 263 264 263 263 263 263 263 263 263 263 263 264 265 264 264 264 264 263 263 264 264 265 265 265 265 266 265 265 265 265 266 266 266 267 268 269 269 269 269 269 269 269 269 269 268 268 269 269 269 270 270 270 269 270 270 271 271 271 272 228 228 228 228 228 228 228 227 226 226 226 226 227 228 227 228 228 227 227 226 226 227 227 227 227 228 228 228 229 230 230 230 231 231 231 230 231 232 232 231 231 231 232 232 232 233 233 233 233 234 234 234 234 234 234 235 234 234 234 235 235 235 235 235 235 235 235 235 235 236 236 236 236 236 236 236 236 236 237 236 235 235 236 236 236 236 236 237 237 237 237 238 238 238 238 239 239 239 238 239 238 238 239 239 238 238 239 239 239 239 239 239 239 240 240 240 240 240 240 239 239 239 238 238 238 238 239 240 239 239 238 238 238 238 238 239 239 239 239 239 239 238 239 239 239 239 239 240 240 241 242 242 242 242 243 243 244 244 245 245 245 245 244 244 244 245 246 246 246 245 245 246 246 245 244 244 244 244 245 245 244 244 244 245 245 245 245 245 245 245 245 245 245 245 245 245 245 245 245 245 245 245 245 245 245 245 245 246 246 246 246 246 247 247 247 247 248 248 248 248 248 248 248 248 248 248 248 248 248 249 249 249 249 249 250 250 250 250 250 250 250 250 250 250 250 250 251 251 251 251 251 251 251 251 251 251 251 252 252 252 251 251 252 252 254 254 254 254 254 254 254 254 254 254 254 255 255 255 255 255 256 256 256 256 256 256 256 256 256 256 256 256 256 257 257 257 257 257 257 257 257 257 258 258 258 258 258 258 258 258 258 259 259 258 258 259 259 259 259 259 260 260 260 260 260 260 261 261 261 262 262 262 261 261 262 262 263 264 263 264 264 263 263 263 263 263 263 263 263 263 264 264 264 264 264 264 263 264 264 264 264 265 265 265 266 266 266 265 266 266 266 266 267 268 268 268 269 268 268 269 269 269 269 269 268 268 269 269 269 269 269 269 270 270 270 270 271 272 272 228 228 228 229 229 228 227 226 227 227 227 228 228 228 229 228 228 227 227 227 227 227 227 228 228 228 228 228 229 229 230 230 231 231 231 231 231 231 232 233 232 232 233 233 233 233 233 233 234 234 234 234 235 235 234 234 234 235 235 235 235 235 235 235 235 235 236 236 236 236 236 236 236 236 237 237 237 237 236 236 235 236 237 237 236 236 237 237 238 238 238 239 238 238 239 239 239 239 239 239 239 239 239 238 239 239 239 239 239 239 239 239 239 240 240 240 240 239 239 238 238 238 239 239 239 239 239 239 239 238 238 238 239 239 239 239 239 239 239 239 239 239 239 240 240 240 241 241 242 242 242 243 243 243 244 244 245 245 245 245 245 244 245 245 246 246 246 246 245 245 245 245 244 244 244 244 244 244 244 244 244 245 245 245 246 246 245 245 245 245 245 245 245 245 245 245 245 245 245 245 246 245 245 245 245 245 245 245 246 246 246 247 247 247 247 247 248 248 248 248 248 248 248 248 248 248 249 249 249 249 249 249 249 249 249 250 250 250 250 250 250 250 250 250 250 251 251 251 251 251 251 251 251 251 251 252 252 252 252 252 252 252 252 254 254 254 254 254 254 254 255 255 255 255 255 255 255 255 256 256 256 256 256 256 256 256 256 256 256 256 256 256 256 257 257 257 257 257 257 257 257 258 258 258 258 258 258 258 259 259 259 258 258 258 258 258 258 258 258 258 259 259 259 259 259 259 260 261 262 262 262 263 263 263 263 263 263 264 264 264 264 264 264 264 263 263 263 263 263 264 264 264 265 265 264 263 264 264 264 264 265 265 265 265 266 266 266 266 266 266 267 267 268 267 267 268 268 268 268 269 268 268 268 268 268 268 269 269 269 269 270 270 271 271 271 271 271 272 273 273 229 229 229 229 229 229 228 228 227 228 228 228 228 228 228 227 227 227 227 227 227 227 227 228 229 229 229 229 229 229 230 230 231 232 232 232 231 232 233 233 233 233 233 233 233 233 233 234 234 234 234 235 235 234 234 234 234 235 235 235 235 235 235 235 236 236 236 236 236 236 237 237 237 237 237 237 238 237 237 236 236 237 237 237 237 238 238 238 238 239 239 238 238 239 239 239 240 240 240 240 240 239 239 240 240 240 240 240 240 240 240 240 240 240 240 239 239 239 239 239 238 239 239 239 239 239 239 239 239 239 239 239 239 239 239 239 239 239 239 239 239 239 240 240 240 241 241 242 242 242 244 244 244 244 245 245 245 245 245 246 245 245 245 246 246 246 245 245 244 244 244 244 244 244 244 244 244 244 244 244 244 245 245 245 245 244 244 244 244 244 244 245 245 245 246 245 245 245 245 245 245 245 245 245 246 246 246 245 246 246 246 247 247 247 248 248 248 248 248 248 248 248 248 248 249 249 249 249 249 249 249 249 249 250 250 250 250 250 250 250 250 250 250 250 251 251 251 251 251 251 251 251 251 251 252 252 252 252 252 252 252 252 252 252 253 253 253 253 253 253 253 253 253 253 253 253 253 254 254 254 254 254 254 254 254 254 255 255 255 255 255 255 255 255 255 255 255 256 256 256 256 256 256 256 256 256 257 257 256 256 256 256 259 258 258 258 258 258 259 259 259 259 259 259 259 260 260 261 261 262 262 263 263 263 263 263 264 264 264 264 264 264 264 264 263 263 263 264 264 264 264 265 265 265 264 264 264 264 264 265 265 265 266 266 267 266 266 266 266 267 267 268 268 267 267 267 268 269 269 269 268 268 269 270 270 270 269 270 270 271 271 271 272 272 272 273 273 273 273 273 274 229 229 229 229 228 228 228 228 228 229 228 227 227 228 228 227 227 228 228 228 227 228 229 229 230 230 230 231 230 231 231 232 232 231 231 232 233 233 233 233 233 233 233 233 234 234 234 235 235 235 234 234 234 234 235 235 235 235 235 235 236 236 236 236 236 236 236 236 236 237 237 237 237 237 238 237 237 237 237 238 238 238 238 238 238 239 238 238 238 238 238 238 239 240 240 240 240 240 240 240 241 240 240 240 241 241 241 241 241 240 240 240 240 240 239 239 239 239 239 239 239 239 239 239 239 239 240 240 239 239 238 239 238 239 239 239 239 240 240 240 240 241 241 241 241 241 242 243 244 244 244 245 245 246 246 246 246 246 246 246 245 245 245 245 245 245 245 245 244 244 245 245 245 244 245 245 245 244 244 244 244 244 244 244 244 245 244 245 245 245 245 246 245 245 245 245 245 245 245 246 246 246 246 246 245 246 246 246 247 247 248 248 248 248 248 248 248 248 248 248 248 249 249 249 249 249 249 250 250 250 250 250 250 250 250 250 250 250 250 250 250 251 251 251 251 251 251 252 252 252 252 252 252 252 252 252 252 252 252 252 252 253 253 253 253 253 253 253 253 253 253 253 253 253 254 254 254 254 254 254 254 254 254 254 255 255 255 255 255 255 255 255 255 255 256 256 256 256 256 256 256 256 256 256 257 256 257 257 258 259 259 259 258 258 259 260 261 260 259 259 259 260 259 260 261 261 261 262 262 262 263 263 263 263 263 264 264 264 264 263 263 263 263 263 264 264 264 264 264 264 265 265 265 265 264 264 264 265 265 266 266 266 266 266 266 266 267 267 268 268 268 268 268 268 268 268 268 268 269 269 269 270 271 271 270 271 271 272 273 273 273 273 273 273 273 272 273 273 230 229 228 228 229 228 229 228 228 227 228 228 228 228 229 229 228 227 227 227 228 229 229 230 231 231 231 232 232 232 232 232 231 232 232 233 233 234 234 234 234 234 234 234 235 235 235 235 235 235 235 235 235 235 236 236 236 236 236 236 236 236 236 237 237 237 237 237 237 237 237 238 238 238 238 238 238 238 238 238 238 238 238 238 238 238 238 238 238 238 239 240 240 240 240 240 241 241 241 240 241 241 242 241 241 240 239 239 239 240 240 239 240 239 239 239 239 239 239 239 239 239 239 240 239 239 239 239 239 239 239 239 239 239 239 240 240 241 241 241 241 241 241 242 242 243 244 245 245 245 245 245 246 246 247 246 246 246 245 245 245 245 245 245 245 244 244 245 246 245 245 245 245 245 244 244 245 244 245 245 245 244 244 244 245 245 245 245 246 246 245 245 245 245 245 246 246 246 246 246 246 246 246 246 246 247 247 248 248 248 248 248 248 248 248 248 248 249 249 249 249 249 249 249 250 250 250 250 250 250 250 250 250 250 250 250 250 250 251 251 251 251 251 251 252 252 252 252 252 252 252 252 252 252 252 252 252 252 252 253 253 253 253 253 253 253 253 253 253 253 253 254 254 254 254 254 254 254 254 254 254 254 254 255 255 255 255 255 255 255 255 255 256 256 256 256 256 256 256 256 256 256 256 257 257 257 260 259 259 259 259 259 259 260 260 260 259 259 259 259 259 260 261 261 261 261 262 262 262 262 262 262 263 263 264 263 264 263 263 263 263 264 264 264 264 264 264 264 265 265 265 265 265 265 264 264 265 266 266 266 266 266 266 267 267 267 267 267 268 268 268 268 267 268 268 269 269 269 270 271 271 271 272 272 272 272 272 272 273 272 272 272 273 274 274 274 230 229 229 229 229 228 228 228 228 228 228 229 229 229 229 228 228 228 228 227 228 229 229 230 231 232 233 233 233 233 233 232 232 233 233 233 234 234 234 234 234 235 235 235 235 235 235 235 235 235 235 236 236 236 236 236 236 236 236 236 237 237 237 237 237 237 237 237 238 238 238 238 238 238 238 238 238 238 238 238 239 239 239 238 238 238 238 238 239 239 239 240 240 240 240 241 241 241 241 241 241 242 241 241 240 239 239 239 240 240 240 240 240 239 239 239 238 238 239 239 239 239 239 239 239 239 240 239 239 239 240 240 240 240 240 241 241 241 241 241 241 241 242 242 243 244 245 245 245 246 246 246 246 246 246 246 245 245 244 244 244 244 245 245 245 245 246 246 246 245 246 245 245 245 245 245 245 245 245 245 245 244 244 245 245 245 245 246 246 245 245 245 245 245 246 246 246 246 246 246 246 246 246 247 247 247 248 248 248 248 248 248 248 248 248 249 249 249 249 249 249 249 249 250 250 250 250 250 250 250 250 250 250 250 250 251 251 251 251 251 251 251 251 252 252 252 252 252 252 252 252 252 252 252 252 252 252 253 253 253 253 253 253 253 253 253 254 254 254 254 254 254 254 254 254 254 254 254 255 255 255 255 255 255 255 255 255 255 255 255 255 255 256 256 256 256 256 256 256 256 256 256 256 257 257 259 259 260 260 260 259 259 260 260 260 260 259 259 259 259 260 260 261 261 262 262 262 262 262 263 263 263 263 263 263 264 264 263 264 264 264 264 264 264 264 264 264 264 265 265 265 265 265 265 264 264 265 266 266 266 266 267 267 267 266 267 267 267 267 267 267 268 268 269 269 269 270 271 270 270 271 271 272 272 272 272 271 272 271 272 272 273 274 274 274 274 230 230 230 229 229 229 229 228 228 228 228 229 229 230 229 229 229 230 230 229 228 228 229 229 230 231 232 233 233 234 234 234 233 233 233 233 234 234 234 234 234 234 234 234 235 235 235 235 235 236 236 236 235 236 236 236 236 236 236 236 236 237 237 237 237 237 237 237 237 237 238 238 237 238 238 238 238 238 238 238 239 239 239 239 238 238 238 238 238 238 239 239 240 240 240 241 241 242 242 241 241 242 242 242 241 241 239 239 239 240 240 240 240 239 239 239 239 238 239 239 239 239 239 239 239 239 239 240 240 239 239 240 240 241 241 241 240 240 241 241 241 241 241 242 243 244 244 244 245 245 245 246 246 246 247 247 247 247 245 245 245 245 245 245 246 245 246 245 246 246 245 245 245 245 246 246 246 246 246 246 246 245 244 244 245 245 245 245 246 246 246 245 245 245 246 246 246 246 246 246 246 246 247 247 247 247 248 248 248 248 248 248 248 249 249 249 249 249 249 249 249 249 249 250 250 250 250 250 250 250 250 250 250 250 250 250 251 251 251 251 251 251 251 251 252 252 252 252 252 252 252 252 252 252 252 252 252 252 253 253 253 253 253 253 253 253 253 254 254 254 254 254 254 254 254 254 255 254 254 254 255 255 255 255 255 255 255 255 256 256 255 256 256 256 256 256 256 256 256 256 256 256 256 256 257 257 259 259 260 260 260 260 260 260 260 261 260 260 260 260 260 260 260 260 261 261 262 261 262 263 263 263 263 263 264 264 264 264 264 264 264 263 263 264 264 264 264 264 264 265 265 265 265 265 265 265 265 264 265 266 265 266 267 266 266 266 266 266 266 267 268 268 269 269 269 269 270 270 271 270 270 270 271 271 272 272 271 271 271 272 272 273 274 274 274 273 273 230 231 230 230 230 229 229 229 228 229 229 229 230 230 230 229 230 230 230 230 230 230 228 229 230 231 231 232 233 233 234 234 234 234 234 234 234 234 234 234 234 234 234 234 234 235 235 235 235 235 235 236 236 235 236 236 236 236 236 236 237 237 237 237 237 237 237 237 237 237 237 237 237 238 237 238 238 238 238 238 238 239 239 239 239 238 237 238 239 239 239 239 239 239 240 241 241 241 241 241 241 241 242 242 241 240 240 239 239 239 239 240 240 240 240 239 239 239 239 239 239 239 239 239 239 239 239 239 239 240 239 239 240 240 241 241 241 241 241 241 241 242 242 242 242 243 244 244 244 245 245 246 246 246 246 247 247 247 246 245 246 245 245 245 246 245 245 245 245 245 245 245 245 245 245 245 245 245 246 245 246 246 245 245 245 245 246 245 245 246 246 246 246 246 246 246 247 247 247 247 247 246 247 247 247 247 247 248 248 248 248 248 248 248 249 249 249 249 249 249 249 249 249 249 250 250 250 250 250 250 250 250 250 250 251 251 251 251 251 251 251 251 251 251 251 252 252 252 252 252 252 252 252 252 252 252 252 252 252 252 253 253 253 253 253 253 253 254 254 254 254 254 254 254 254 254 255 255 255 255 254 255 255 255 255 255 255 255 255 256 256 256 256 256 256 256 256 256 256 256 256 256 256 256 256 257 258 259 260 259 259 260 260 260 260 260 261 261 260 260 260 260 260 260 260 261 261 261 262 262 262 263 262 262 263 264 264 263 264 264 263 263 263 263 263 263 263 264 264 264 265 265 265 265 265 265 266 265 265 265 265 266 266 266 266 266 265 266 267 267 267 267 268 268 268 268 269 270 270 270 269 269 271 271 271 272 272 272 271 271 272 272 272 273 273 273 272 272 231 231 230 230 230 230 230 229 229 230 230 230 230 230 230 230 230 231 231 230 230 230 229 229 230 231 231 232 233 233 234 234 234 234 235 235 235 235 235 234 234 234 234 234 235 235 235 236 236 235 235 235 235 236 236 236 236 236 237 237 237 237 237 237 237 237 237 237 238 238 238 237 238 238 238 238 238 238 239 238 238 239 239 239 239 238 238 238 239 239 240 240 239 239 239 240 241 241 241 241 241 241 241 241 240 240 240 239 239 239 239 240 240 240 240 240 240 239 239 239 239 240 240 240 240 240 240 240 240 240 240 240 240 240 240 240 241 241 241 242 242 242 242 242 242 243 243 244 244 244 245 245 246 246 247 247 247 246 246 245 245 245 245 245 245 245 245 245 246 245 245 245 245 246 245 245 245 245 245 245 246 246 246 246 246 246 246 246 245 246 246 247 247 247 247 247 247 248 247 247 247 247 247 247 247 247 247 248 248 248 248 248 248 249 249 249 249 249 249 249 249 249 249 249 250 250 250 250 250 250 250 250 250 251 251 251 251 251 251 251 251 251 251 251 252 252 252 252 252 252 252 252 252 252 253 253 253 253 253 253 253 253 253 253 253 253 253 254 254 254 254 254 254 254 254 254 255 255 255 255 255 255 255 255 255 255 256 255 255 256 256 256 256 256 256 255 256 256 257 257 257 257 257 256 256 257 257 260 260 260 260 260 260 260 261 261 261 261 261 261 261 261 261 260 260 260 261 261 261 262 262 262 262 263 262 263 263 263 263 264 263 263 263 263 264 264 264 264 264 264 264 265 265 265 265 265 266 266 266 265 265 266 266 266 266 265 266 266 267 268 267 267 267 267 268 268 269 269 269 270 269 269 270 271 272 272 272 272 271 271 272 272 272 273 273 272 272 272 273 231 231 231 231 231 231 230 230 230 230 230 230 230 230 231 231 231 231 231 230 229 229 230 231 231 232 232 232 233 233 234 234 234 235 235 235 235 235 234 234 234 234 234 235 236 236 236 236 236 236 236 236 236 236 236 236 236 237 237 237 237 237 237 237 237 237 238 238 238 238 238 238 238 238 238 238 238 239 238 239 239 239 239 239 238 238 238 238 239 239 240 239 239 240 240 240 241 241 241 241 240 240 240 240 240 240 239 239 239 239 239 240 240 240 240 240 240 240 239 240 240 240 240 240 240 240 240 239 240 240 240 241 240 240 240 241 241 241 241 242 242 241 241 242 243 243 244 244 245 245 245 245 246 247 247 247 246 246 245 245 244 244 245 245 245 245 246 245 245 245 245 245 246 245 246 246 246 246 245 245 246 246 246 246 247 247 246 246 246 247 247 247 247 247 247 246 247 247 246 247 247 247 248 248 248 247 248 248 248 248 248 249 249 249 249 249 249 249 249 249 249 249 250 250 250 250 250 250 250 250 250 250 251 251 251 251 251 251 251 251 251 251 251 252 252 252 252 252 252 252 252 252 252 252 253 253 253 253 253 253 253 253 253 253 253 253 254 254 254 254 254 254 254 254 254 254 255 255 255 255 255 255 255 255 255 255 255 255 256 256 256 256 256 256 255 255 256 256 257 258 257 257 257 257 257 257 259 260 260 260 260 261 261 261 261 261 261 261 261 261 261 261 261 261 261 261 261 261 261 261 262 262 262 262 262 263 263 263 263 263 263 263 263 263 264 264 264 264 264 264 265 265 265 265 265 265 265 266 266 265 265 266 265 265 266 266 267 267 268 268 268 267 267 267 268 268 268 269 269 268 269 270 270 271 272 272 271 271 271 271 272 272 273 272 272 272 272 272 272 273 231 231 231 231 231 231 230 230 230 230 230 230 230 230 230 230 230 231 230 229 230 231 231 231 231 231 232 232 233 233 234 235 235 235 235 235 235 235 235 235 235 235 235 236 236 236 236 236 236 236 236 237 236 236 236 236 237 237 237 237 238 238 238 237 237 238 238 238 238 238 238 238 239 239 239 239 239 239 239 239 240 240 239 238 238 238 238 238 238 239 239 239 239 240 240 240 241 240 240 240 240 239 239 240 240 239 239 240 239 240 240 240 240 240 240 240 240 240 240 240 239 239 240 240 240 240 240 240 240 241 241 241 240 240 240 241 241 241 241 241 242 242 242 242 243 243 244 244 245 245 245 245 246 246 247 246 246 245 244 245 245 245 245 245 246 245 245 245 245 245 245 245 245 245 246 245 246 246 245 246 246 246 246 247 246 247 247 247 247 248 247 247 247 247 246 247 247 247 247 247 247 248 248 248 248 248 248 248 248 249 249 249 249 249 249 249 249 249 249 249 249 250 250 250 250 250 250 250 250 250 250 250 251 251 251 251 251 251 251 251 251 251 251 252 252 251 252 252 252 252 252 252 252 253 253 253 253 253 253 253 253 253 253 254 254 254 254 254 254 254 254 254 254 254 254 255 255 255 255 255 255 255 255 255 255 255 255 256 256 256 256 256 256 256 255 255 256 256 257 257 258 258 257 257 257 259 259 260 260 260 261 260 260 261 261 261 261 261 261 261 261 261 261 261 261 261 261 261 261 261 262 262 262 262 262 262 263 263 263 263 263 263 263 263 264 264 264 264 264 264 264 265 265 265 265 266 265 265 266 265 265 266 266 266 266 266 267 267 268 268 267 267 267 268 268 268 269 269 268 269 269 270 270 271 271 271 271 271 271 271 272 273 273 272 272 271 272 272 273 231 231 232 232 232 231 231 230 231 231 231 231 230 229 229 229 230 230 230 230 230 230 231 231 232 232 232 232 232 233 234 234 234 235 235 235 235 235 235 235 235 235 236 236 236 236 236 236 236 237 237 237 237 237 236 237 237 237 237 237 238 238 238 238 238 238 238 238 238 238 239 239 239 239 239 239 239 239 239 239 239 240 239 239 238 238 238 239 239 239 240 239 240 240 240 240 240 240 240 239 240 240 239 240 240 239 239 239 239 240 241 240 240 240 240 239 240 240 240 240 240 240 239 240 240 240 240 240 241 241 241 241 240 241 241 241 241 241 241 241 242 242 242 242 242 243 243 244 245 245 244 244 245 246 246 246 246 246 245 245 245 245 245 245 245 245 245 245 245 245 245 245 245 245 245 245 245 245 245 245 245 246 246 246 246 247 247 247 247 248 248 248 247 247 247 246 247 247 247 247 247 247 248 248 248 248 248 248 249 249 249 249 249 249 249 249 249 249 249 249 249 250 250 250 250 250 250 250 250 250 250 251 251 251 251 251 251 251 251 251 251 251 251 252 252 252 252 252 252 252 252 253 253 253 253 253 253 253 253 253 253 253 254 254 254 254 254 254 254 254 254 254 254 254 254 255 255 255 255 255 255 255 255 255 255 255 255 256 256 256 257 256 256 256 256 255 256 256 256 257 257 258 258 258 257 259 259 259 260 260 261 260 260 260 260 261 261 261 261 261 261 262 261 261 261 261 261 261 261 261 262 262 262 262 262 262 262 262 263 263 263 263 263 263 264 264 264 264 264 264 264 264 265 265 265 266 265 265 265 265 265 266 266 266 267 267 267 267 268 267 267 267 267 267 268 268 269 268 268 268 269 270 270 270 270 271 272 271 271 271 272 273 273 273 272 272 271 272 272 273 232 232 232 231 231 231 231 231 231 230 230 229 230 230 230 231 231 231 230 231 231 232 231 232 233 233 234 234 234 234 234 235 235 236 236 236 235 235 235 236 236 236 237 237 237 237 237 237 237 237 237 237 237 237 237 237 238 238 238 238 238 238 238 238 238 238 239 239 239 239 239 239 239 239 239 239 239 240 240 240 239 239 239 238 238 239 239 240 239 240 240 240 240 240 240 240 240 240 240 240 240 240 239 239 240 240 240 241 241 240 240 240 240 240 240 240 240 240 240 240 240 240 240 240 241 241 241 241 241 241 241 241 241 241 241 241 242 242 242 242 242 243 243 244 244 243 244 244 245 245 245 245 245 245 246 245 245 245 245 245 245 245 246 246 246 245 245 246 246 245 245 246 245 245 246 246 246 246 245 246 246 247 247 247 247 247 248 247 247 247 247 247 247 247 247 247 247 247 247 248 248 248 248 248 249 249 249 249 249 249 249 249 249 249 250 250 250 250 250 250 250 250 250 250 250 250 250 251 251 251 251 251 251 251 251 251 251 251 251 252 252 252 252 252 252 252 252 252 253 253 253 253 253 253 253 253 253 253 254 254 254 254 254 254 254 254 254 254 254 254 254 255 255 255 255 255 255 255 255 255 255 256 255 256 256 256 256 257 257 256 256 256 255 256 256 256 257 257 257 257 257 258 260 259 259 260 260 260 260 261 261 261 261 261 261 261 261 262 262 262 261 261 261 261 261 261 261 262 262 262 262 262 262 262 262 262 263 263 263 263 263 263 264 264 264 264 264 264 264 264 265 265 266 265 265 265 265 266 266 266 266 267 267 268 268 268 267 267 268 268 267 268 268 268 268 268 269 269 269 269 269 269 271 272 271 271 271 272 272 272 273 272 272 271 272 273 273 273 232 232 232 232 232 231 230 229 230 230 230 231 231 231 231 231 231 231 231 232 232 233 232 233 233 234 234 234 235 235 236 236 235 235 235 236 236 237 237 237 237 237 237 237 237 237 237 237 237 237 237 237 237 238 238 238 238 238 238 238 238 238 238 238 239 239 239 239 239 239 240 240 240 240 240 240 240 240 240 239 239 238 239 239 239 239 240 240 240 240 240 240 240 240 239 239 240 240 240 240 240 240 240 240 240 240 241 240 240 240 240 240 240 240 240 240 240 240 240 240 241 241 241 241 241 241 241 241 241 241 241 241 241 242 242 242 242 243 243 243 243 243 243 244 244 245 245 244 245 245 245 245 246 246 245 245 245 245 245 245 246 246 245 245 246 246 245 245 246 246 246 246 247 247 246 246 246 246 246 246 246 247 247 247 247 247 247 247 247 247 247 247 247 247 247 247 248 248 248 248 248 249 249 249 249 249 249 249 249 249 249 250 250 250 250 250 250 250 250 250 250 250 250 250 251 251 251 251 251 251 251 251 251 251 251 251 252 252 252 252 252 252 252 252 252 253 253 253 253 253 253 253 253 253 254 254 254 254 254 254 254 254 254 254 255 255 255 255 255 255 255 255 255 255 255 255 255 256 256 256 256 257 256 257 257 257 257 257 257 256 256 256 256 257 257 257 257 257 258 261 259 260 260 260 260 260 261 260 260 261 261 261 261 261 262 262 261 261 261 261 261 261 261 261 262 262 262 262 262 262 262 262 262 262 263 263 263 263 263 264 264 264 264 264 264 264 264 265 265 265 265 265 265 266 266 266 266 266 266 267 267 268 268 268 268 268 268 268 268 267 268 268 269 269 269 268 269 268 269 271 272 271 271 271 271 272 272 273 272 271 271 272 273 272 273 232 232 231 230 230 231 231 231 231 231 231 231 231 231 232 231 232 232 232 232 233 233 234 234 234 235 236 236 236 235 235 235 236 236 236 236 236 237 237 237 237 237 237 237 237 237 237 238 238 238 238 238 238 238 238 238 238 238 238 239 239 239 239 239 239 239 240 240 240 240 240 240 240 240 240 240 239 239 239 239 239 239 239 240 240 240 240 240 240 240 240 240 240 240 240 240 240 240 240 240 240 240 240 240 241 241 240 240 240 240 240 240 240 240 240 240 240 241 241 241 241 241 241 241 241 241 241 241 241 241 242 242 242 242 242 242 243 243 243 243 244 244 244 245 245 244 244 245 245 245 246 246 246 246 245 245 245 246 246 245 246 246 246 246 246 246 247 246 247 247 246 246 246 247 246 246 246 246 247 246 246 246 247 247 247 247 248 247 248 247 247 247 247 248 248 248 248 248 249 249 249 249 249 249 249 249 249 249 249 250 250 250 250 250 250 250 250 250 250 250 250 251 251 251 251 251 251 251 251 251 251 251 251 251 251 251 251 251 252 252 252 252 252 253 253 253 253 253 253 253 253 254 254 254 254 254 254 254 254 254 254 255 255 255 255 255 255 255 255 255 255 255 256 256 256 257 256 256 257 257 257 257 257 257 257 256 256 256 256 257 257 257 257 257 257 258 261 260 260 260 260 260 260 260 260 260 261 261 261 261 261 261 262 263 262 261 261 261 261 261 261 262 262 262 262 262 262 262 262 262 262 262 263 263 263 263 263 263 263 263 263 264 264 264 264 265 265 265 265 265 266 266 266 266 266 267 267 267 268 268 268 268 268 269 268 268 268 268 267 268 268 268 268 269 269 270 271 272 271 271 271 271 271 272 272 272 272 271 272 272 272 273 274 274 232 231 230 231 231 231 231 232 232 232 231 231 231 231 231 231 231 232 233 233 233 234 235 235 235 235 236 235 235 236 236 236 236 237 237 237 237 237 237 237 237 238 238 238 238 238 238 238 238 238 238 238 238 238 239 239 239 239 239 239 239 239 239 240 240 240 240 240 240 240 240 240 240 240 240 240 240 239 239 239 239 239 240 240 240 240 241 241 241 241 241 240 240 240 240 240 240 240 240 240 240 240 240 241 241 241 241 240 240 240 240 240 240 240 240 240 240 241 241 241 241 241 242 242 242 241 242 241 241 242 242 242 243 243 243 243 244 244 244 245 244 244 244 244 244 244 244 245 245 246 246 246 246 246 245 245 245 245 246 246 247 247 247 247 247 247 246 247 247 247 246 246 247 247 247 245 245 246 246 246 247 247 247 247 247 247 248 247 247 247 248 248 248 248 248 248 249 249 249 249 249 249 249 249 249 249 249 249 250 250 250 250 250 250 250 250 250 250 250 251 251 251 251 251 251 251 251 251 251 251 251 251 251 251 251 252 252 252 252 252 252 252 252 253 253 253 253 254 254 254 254 254 254 254 254 254 254 255 255 255 255 255 255 255 255 255 255 255 256 255 256 256 256 256 257 257 257 257 257 257 257 257 257 256 256 256 257 257 257 257 257 257 257 257 258 260 261 261 261 260 260 260 260 260 260 261 261 261 261 261 261 261 262 263 262 261 261 261 261 261 262 262 262 262 262 262 262 262 262 262 263 263 263 263 263 263 263 264 264 264 264 264 264 264 264 265 265 265 266 266 266 266 266 266 266 267 267 267 267 267 268 268 268 269 269 269 269 268 268 268 268 268 269 269 269 270 271 271 271 271 270 271 271 272 272 271 271 272 272 273 273 273 274 274 274 232 231 232 232 231 231 231 231 231 231 232 232 233 233 233 231 232 233 233 234 234 235 235 235 235 235 236 236 237 236 237 237 237 237 237 237 237 237 238 238 238 238 238 238 238 238 238 238 238 238 238 238 238 238 239 239 239 239 239 239 239 240 240 240 240 240 240 240 240 240 240 240 240 240 240 240 239 239 240 239 239 240 240 240 241 241 241 241 241 241 241 241 240 240 240 240 240 240 240 240 240 240 241 241 241 241 241 241 240 240 240 241 241 240 241 241 241 241 242 242 242 242 243 242 242 241 241 241 242 242 243 243 243 243 244 244 244 244 244 244 245 245 244 244 244 245 246 245 245 246 246 246 245 245 245 245 246 246 246 247 247 247 247 247 246 246 247 247 247 246 247 247 247 247 246 246 246 246 246 246 246 247 247 247 247 247 247 248 248 248 248 248 248 248 249 249 249 249 249 249 249 249 250 250 249 249 249 249 249 250 250 250 250 250 250 250 251 251 251 251 251 251 251 251 251 251 251 251 252 251 251 251 251 252 252 252 252 252 252 252 252 252 252 253 253 253 253 253 254 254 254 254 254 254 254 254 254 254 255 255 255 255 255 255 255 255 255 255 256 256 256 256 256 256 257 257 257 257 256 256 256 256 256 257 257 257 257 257 257 257 257 257 257 258 260 260 262 262 262 261 261 261 260 260 261 261 261 261 261 261 261 262 263 263 262 262 261 261 261 262 262 262 262 262 262 262 262 263 263 263 263 263 263 264 264 264 264 264 265 265 264 265 264 264 264 265 265 265 266 266 266 266 266 267 267 267 267 267 267 267 267 268 268 269 269 269 270 269 269 268 268 268 268 269 269 270 270 272 272 271 271 271 272 271 271 272 272 273 273 273 273 273 274 274 273 233 232 231 231 231 231 231 231 231 231 232 233 234 233 232 232 233 233 234 235 235 235 235 234 235 235 235 236 236 237 237 237 237 237 237 237 238 238 238 238 238 238 238 238 238 238 238 238 238 238 239 239 239 239 239 239 239 239 239 240 240 240 240 240 240 240 240 240 240 240 240 240 241 241 240 240 239 239 239 239 239 239 240 240 241 241 241 242 242 241 241 241 241 241 240 240 240 241 241 241 240 240 241 241 241 241 241 241 241 240 241 241 241 241 241 241 242 242 242 242 242 242 242 242 242 242 242 241 241 242 242 243 243 243 243 244 244 244 244 244 245 245 244 244 245 245 245 245 245 246 246 246 246 245 245 245 246 246 246 247 247 247 247 247 247 246 246 247 247 246 247 247 248 247 247 246 246 247 247 246 246 246 246 247 247 247 248 248 248 248 248 248 248 248 249 249 249 249 249 249 249 250 250 250 250 249 249 249 249 250 250 250 250 250 250 250 251 251 251 251 251 251 251 251 251 252 252 252 252 252 251 251 252 252 252 252 252 252 252 252 252 252 252 253 253 253 253 253 254 254 254 254 254 254 254 254 254 255 255 255 255 255 255 255 255 255 255 255 255 255 256 256 256 256 256 257 257 256 256 256 257 257 257 257 257 257 257 257 258 258 257 257 258 258 260 260 261 262 263 263 262 261 261 261 261 261 261 261 261 261 261 262 263 263 262 262 261 261 261 261 262 262 262 262 262 262 263 263 263 263 263 263 264 264 264 264 265 265 266 266 265 265 265 265 264 264 265 265 266 266 266 266 266 267 267 267 267 268 268 268 268 268 268 268 268 269 269 269 270 270 269 269 268 268 269 269 270 271 272 271 271 271 272 271 271 272 273 273 273 272 273 274 274 274 273 273 273 273 273 274 274 233 232 232 232 232 231 232 231 231 231 232 233 233 232 232 232 232 234 234 233 234 234 234 234 234 235 235 235 236 237 237 237 237 237 237 238 238 238 238 238 238 238 238 238 238 238 238 239 239 239 239 239 239 239 239 239 239 239 240 240 240 240 240 240 240 240 240 240 240 240 240 241 241 241 241 240 240 240 240 239 239 239 239 240 241 241 241 241 241 241 241 241 242 241 241 241 241 241 241 241 241 241 240 241 241 241 241 241 241 240 241 241 241 241 241 241 242 242 242 242 242 242 242 242 242 242 242 242 241 241 242 243 242 243 243 244 244 244 244 244 244 244 244 244 245 246 245 245 246 246 247 246 246 245 245 246 246 247 247 247 248 248 248 248 248 247 247 246 246 247 248 248 247 247 247 247 246 247 247 247 247 247 246 246 247 247 248 248 248 248 248 248 248 248 249 249 249 249 249 250 250 250 250 250 250 250 249 249 250 250 250 250 250 250 250 250 251 251 250 251 251 252 251 251 251 252 252 252 252 252 252 252 252 252 252 252 252 252 253 252 252 252 253 253 253 253 253 253 254 254 254 254 254 254 254 254 254 255 255 255 255 255 255 255 255 255 255 255 255 255 256 256 256 256 256 256 256 256 256 257 257 257 257 258 258 257 257 258 258 258 258 258 258 258 260 260 260 261 261 261 262 262 262 262 261 261 261 261 261 261 261 262 262 263 263 262 262 261 261 261 262 262 263 263 263 263 263 263 263 263 264 264 264 264 265 265 265 265 266 266 266 266 266 266 266 266 265 265 266 266 266 266 266 267 267 267 267 268 268 269 268 268 268 268 268 268 268 269 269 270 270 270 270 270 269 269 270 271 271 271 271 271 272 272 271 272 273 273 273 272 273 273 273 273 272 273 273 273 273 273 274 274 274 233 233 233 233 232 232 232 232 232 232 232 232 232 232 232 233 233 233 234 234 234 234 235 235 236 236 236 236 236 237 238 238 238 238 238 238 238 238 238 238 239 239 239 239 239 239 239 240 240 240 239 239 239 239 239 240 240 240 240 240 240 240 240 241 241 240 241 241 241 241 241 241 241 241 241 241 241 240 240 240 239 239 240 241 241 241 241 240 241 241 241 241 241 241 241 241 241 241 241 241 241 241 242 242 241 241 241 241 241 241 241 241 242 242 242 242 242 242 242 242 242 242 242 242 242 242 242 242 242 242 242 243 243 243 244 244 244 244 244 244 244 245 245 246 246 246 246 246 247 247 247 246 246 246 246 247 247 247 248 248 247 247 248 248 247 247 246 247 248 248 248 247 247 247 247 248 248 248 247 247 247 247 247 247 247 248 248 248 248 248 248 249 249 249 249 250 250 250 250 249 249 249 250 250 249 249 249 250 250 250 251 250 250 250 251 251 251 250 251 251 252 251 252 252 252 253 252 252 252 252 252 252 252 252 252 252 253 253 253 253 253 253 253 253 253 253 254 254 254 254 254 254 254 254 255 255 255 255 255 255 255 255 255 255 256 256 256 256 256 256 256 256 256 256 256 257 257 257 257 257 257 257 257 257 257 257 258 258 258 258 258 258 260 260 261 261 261 261 261 261 263 264 263 263 262 261 261 261 261 262 263 264 264 263 262 261 261 261 262 262 262 263 263 263 263 263 263 263 263 264 264 265 265 266 266 266 266 265 266 266 266 266 266 267 267 266 266 266 266 266 266 267 267 267 267 267 268 268 269 269 269 269 269 269 269 269 269 269 269 269 270 270 269 269 270 271 271 271 271 271 271 271 271 272 273 273 273 272 273 273 273 273 272 272 272 273 273 274 274 274 275 275 275 233 233 233 232 232 232 233 232 232 232 233 234 234 234 235 235 235 236 236 236 235 236 236 237 237 237 238 238 238 238 238 238 239 238 239 239 239 239 239 239 239 239 239 240 240 240 239 239 239 239 239 240 240 240 240 240 240 240 241 241 241 241 241 241 241 241 241 241 241 241 241 241 241 241 241 241 240 240 239 239 240 241 241 240 240 240 241 241 241 241 241 241 241 241 241 241 241 241 241 241 241 241 241 241 241 242 242 242 242 242 242 243 242 242 242 242 242 242 242 242 242 242 243 242 242 242 242 243 243 243 244 244 244 244 245 245 245 246 245 245 245 245 246 246 246 246 247 246 246 246 246 247 247 248 247 247 247 247 248 249 248 247 247 247 248 248 248 247 247 247 247 248 248 248 248 248 247 247 247 248 247 247 247 248 248 248 248 249 249 249 249 249 249 249 249 249 249 249 249 249 249 249 249 250 250 251 251 251 251 251 251 251 251 250 251 251 251 251 252 252 253 252 252 252 252 252 252 252 252 252 252 252 253 253 253 253 253 253 253 253 253 254 254 254 254 254 254 254 254 255 255 255 255 255 255 255 255 255 255 256 256 256 256 256 256 256 256 256 256 256 257 257 257 257 257 257 257 257 257 258 257 257 258 257 258 258 258 258 260 260 260 260 260 261 261 261 262 263 265 265 264 263 262 262 262 262 263 265 265 264 263 262 262 262 262 262 263 263 264 264 264 264 264 264 264 264 264 265 265 265 266 266 266 266 266 266 266 266 266 266 267 267 267 267 267 266 266 266 267 267 267 267 268 268 268 269 269 269 269 269 269 269 269 269 269 269 269 269 269 269 269 270 270 271 271 272 271 271 271 272 272 273 272 272 273 273 273 273 272 271 272 272 273 273 273 274 274 274 234 234 234 233 233 233 233 233 233 233 234 234 234 235 235 235 235 235 235 236 236 236 237 237 238 238 239 239 239 239 238 239 239 239 239 239 239 239 239 239 240 240 240 240 240 240 239 240 240 240 240 240 240 240 240 241 241 241 241 241 241 241 242 242 241 241 241 242 242 242 242 242 242 241 241 241 240 239 239 239 240 240 240 240 240 240 240 241 240 240 241 241 241 241 241 241 241 241 241 241 241 241 242 242 242 242 242 242 243 243 243 242 242 242 242 242 242 242 243 243 243 243 242 242 242 243 243 244 244 244 243 244 245 245 245 244 245 245 245 246 246 246 246 247 247 247 246 246 247 247 247 247 247 247 247 247 247 248 248 247 247 247 247 248 248 248 247 247 247 247 248 249 248 248 248 248 247 248 248 247 247 247 248 248 248 248 249 249 249 249 249 250 250 250 250 250 249 249 249 250 250 250 250 250 251 251 251 251 252 251 251 251 251 251 251 251 252 252 253 253 252 252 252 252 253 252 252 252 253 253 254 254 254 253 253 253 253 253 253 254 254 254 254 254 254 254 255 255 255 255 255 255 255 255 255 255 255 256 256 256 256 256 256 256 256 256 256 256 257 257 257 257 257 257 257 258 258 258 258 258 258 257 257 258 258 258 260 260 260 260 260 261 261 261 261 262 264 264 265 265 265 264 263 262 264 265 265 265 264 263 262 262 262 262 263 263 263 264 265 265 265 265 265 265 265 265 265 265 265 265 265 265 265 265 266 266 266 266 266 266 266 267 267 267 267 267 267 267 267 267 267 267 268 268 268 269 269 269 270 270 270 270 270 269 269 269 269 269 269 269 269 270 271 271 271 271 272 273 272 272 272 272 273 273 273 273 272 271 272 272 272 273 273 273 274 233 234 234 234 234 234 234 235 235 235 235 236 236 237 237 237 237 238 238 239 239 239 239 238 239 239 239 239 240 240 239 239 240 240 240 240 240 240 240 240 240 240 240 240 240 240 241 241 241 241 241 241 241 241 241 241 241 241 241 241 242 242 242 242 242 242 242 242 242 241 241 240 240 239 239 240 240 240 240 240 240 241 240 241 241 241 241 242 242 242 241 241 241 241 242 241 242 242 243 243 242 242 243 243 243 243 242 242 242 243 242 243 244 244 243 242 242 242 242 243 243 244 243 244 245 245 245 244 244 245 245 246 246 246 247 247 247 247 247 247 247 247 247 247 247 247 248 248 248 247 247 247 247 247 247 248 248 249 248 248 247 247 247 248 249 249 248 248 248 247 248 248 248 248 248 248 248 248 248 249 249 249 249 249 249 249 249 250 249 249 249 249 250 250 250 250 250 251 251 251 251 251 251 251 251 251 251 251 252 252 252 252 252 253 253 253 252 253 253 252 252 252 253 254 254 254 253 253 254 253 253 253 254 254 254 254 254 255 255 255 255 255 255 255 255 255 255 255 255 256 256 256 256 256 256 256 256 256 256 256 257 257 257 257 257 257 257 258 257 258 258 258 258 258 257 258 258 258 258 260 260 260 260 261 261 261 261 261 261 262 263 264 265 265 265 265 264 265 265 265 265 265 264 263 262 262 262 262 263 263 264 265 265 265 265 266 266 265 266 266 265 265 265 265 265 265 266 266 266 266 266 266 266 266 266 267 267 267 267 267 267 267 267 267 267 268 268 268 268 268 269 269 269 270 270 270 270 270 269 269 269 269 269 269 269 270 270 270 271 271 272 272 271 272 272 273 273 273 273 272 271 272 272 272 273 273 273 274 234 235 235 235 235 235 236 236 237 237 237 237 237 237 238 238 239 239 239 239 239 239 240 240 240 240 240 240 240 240 240 240 240 241 240 240 240 240 240 240 240 241 241 241 241 241 241 241 241 241 241 241 241 241 242 242 242 241 241 241 241 242 242 242 242 242 242 242 242 241 240 241 241 241 241 240 239 240 240 240 241 241 242 242 242 242 242 241 241 241 242 242 242 242 242 242 243 243 243 243 243 243 243 243 243 243 243 242 243 243 243 242 242 242 243 243 243 243 244 243 244 245 245 244 244 245 245 246 246 246 246 246 247 247 247 247 248 248 247 247 248 247 247 248 248 247 247 247 248 248 248 247 247 248 248 248 248 248 247 247 248 249 249 249 249 248 248 248 248 248 248 248 248 248 248 248 248 249 249 249 249 249 249 249 249 249 249 249 250 250 250 251 250 250 251 251 251 251 251 251 251 251 251 252 252 252 252 252 252 252 253 253 253 253 253 253 253 253 253 253 254 254 254 254 254 254 253 253 254 254 254 254 254 255 255 255 255 255 255 255 255 255 255 255 255 256 256 256 256 256 256 256 256 257 257 257 256 257 257 257 257 257 257 258 258 258 258 259 258 259 258 258 258 258 258 259 260 260 260 260 261 261 261 261 261 261 261 262 263 265 265 265 265 265 265 265 265 265 266 265 264 263 263 262 262 263 263 263 264 265 265 265 266 266 266 266 265 266 266 265 265 265 265 266 266 266 266 266 266 266 267 267 267 267 267 267 267 268 268 267 267 268 268 268 268 268 268 268 269 269 269 270 270 270 271 270 270 270 270 270 270 270 269 270 270 270 270 271 271 271 272 272 272 273 273 273 271 271 272 272 272 272 273 273 273 274 233 234 235 235 236 236 236 236 237 238 238 238 237 237 238 239 238 238 239 239 240 240 240 240 240 240 240 240 240 240 240 240 240 241 241 240 240 240 240 241 241 241 241 241 241 241 241 241 241 241 241 241 241 242 242 242 241 241 241 242 242 242 242 242 242 242 242 243 243 242 242 242 242 242 242 241 240 240 240 240 241 241 241 241 242 242 242 241 241 242 242 242 242 242 243 242 242 243 243 243 244 244 244 243 243 243 243 243 243 243 243 243 243 243 243 243 243 243 243 244 245 245 245 244 244 245 245 246 246 246 246 246 246 247 247 248 248 248 248 248 247 247 248 248 248 248 248 248 249 248 248 247 247 248 248 248 249 249 248 248 249 250 249 249 248 248 248 248 249 248 248 248 248 248 248 248 248 249 249 249 249 249 249 249 249 249 250 249 250 250 250 251 251 251 251 251 252 251 251 251 251 251 252 252 252 252 252 252 252 252 252 253 254 254 253 253 253 253 253 254 254 254 254 254 254 254 254 254 254 254 254 254 254 255 255 255 255 255 255 255 255 255 255 255 256 256 256 256 256 256 256 256 256 257 257 257 257 257 257 257 257 257 257 258 258 258 258 259 259 259 259 259 258 258 259 258 260 260 260 261 261 261 261 261 261 261 261 262 262 264 265 266 266 266 265 265 265 265 265 265 265 264 264 263 262 262 263 263 264 264 265 265 265 266 266 265 265 265 265 265 265 265 265 266 266 266 266 266 266 267 267 267 267 267 267 267 268 268 268 268 268 268 268 268 268 268 268 268 269 269 269 269 270 270 270 270 271 271 271 271 271 271 271 271 270 270 270 270 271 271 271 272 272 272 272 272 271 271 272 272 272 272 272 273 273 233 234 235 236 236 236 237 236 236 237 238 238 238 237 237 238 238 239 239 239 239 239 240 239 240 240 240 240 240 240 240 240 240 241 241 241 241 241 241 241 241 241 241 241 242 241 242 241 241 241 241 241 241 241 241 241 241 241 242 242 242 242 242 242 242 242 242 243 243 243 243 242 242 242 242 241 241 241 240 240 240 241 241 241 241 241 241 242 242 242 242 242 242 242 242 243 243 243 243 243 243 244 244 244 244 244 244 244 243 244 244 244 244 243 243 243 243 243 243 243 244 244 244 245 244 244 245 245 245 245 245 246 246 247 247 247 247 248 249 249 248 248 248 249 248 249 249 249 249 249 249 248 248 247 248 248 249 250 249 249 249 249 249 250 250 249 248 248 248 248 249 249 249 249 249 248 248 249 249 249 249 249 249 249 249 250 250 250 250 250 250 250 250 251 251 251 251 252 252 252 252 251 251 252 251 251 251 252 252 252 252 252 253 254 254 253 253 253 254 254 254 254 254 254 254 254 254 254 254 254 254 254 254 255 255 255 255 255 255 255 255 255 255 255 256 256 256 256 256 256 256 256 256 256 257 257 257 257 257 257 257 257 257 257 258 258 258 258 258 258 259 259 259 259 259 259 259 261 261 260 260 261 261 261 261 261 261 261 262 262 264 264 265 266 266 265 265 265 265 265 265 264 264 264 264 263 263 263 264 264 264 264 265 265 265 265 265 265 266 266 266 266 266 266 265 266 266 266 266 266 266 267 267 267 267 267 267 268 268 268 268 268 268 268 268 268 268 268 268 268 269 270 270 270 270 270 270 270 270 271 271 271 271 271 272 272 271 271 270 270 271 271 272 272 272 272 272 271 272 272 272 272 272 273 273 273 235 235 235 236 236 236 237 237 237 238 238 238 237 237 238 239 239 239 239 239 239 240 240 240 240 240 240 240 240 240 240 241 241 241 241 241 241 241 241 241 241 241 242 242 242 242 242 241 241 241 241 241 241 241 241 241 241 242 242 242 243 242 242 242 242 242 243 243 243 243 242 241 241 241 241 241 240 241 241 241 241 241 241 241 242 242 242 242 242 242 242 243 243 242 242 243 243 243 244 244 244 244 245 245 245 244 244 244 244 244 244 244 244 244 244 244 243 243 243 243 243 244 245 244 245 245 245 245 245 246 246 247 247 246 247 247 248 249 249 249 249 249 250 249 249 249 249 249 249 249 248 248 248 248 248 250 250 250 249 249 249 249 249 249 249 249 249 248 248 248 249 248 249 248 248 249 249 249 249 249 249 249 250 250 250 250 250 250 250 250 250 250 250 251 251 252 252 252 252 251 251 251 251 252 252 252 252 253 253 253 252 253 253 253 253 253 253 253 254 254 254 254 254 254 254 254 254 254 254 254 254 254 255 255 255 255 255 255 255 255 255 256 256 256 256 256 256 256 256 256 256 256 256 256 257 257 257 257 257 257 257 257 257 257 258 258 258 258 258 259 259 259 260 260 259 259 261 261 261 261 261 261 261 261 262 262 262 262 262 262 263 264 264 264 265 265 265 266 266 266 265 264 264 263 263 263 263 264 264 264 264 265 265 265 265 265 265 266 266 266 266 266 266 266 266 266 266 266 266 266 266 267 267 267 267 267 267 268 268 268 268 268 268 268 268 268 268 268 268 269 269 269 269 270 270 270 270 270 271 271 270 270 270 271 271 272 272 271 271 271 271 272 272 272 272 272 271 272 272 272 272 273 272 273 273 235 235 235 236 237 237 238 238 238 238 238 238 238 238 239 239 239 239 240 240 240 240 240 240 240 240 240 240 241 241 241 241 241 241 241 241 241 241 241 242 242 242 242 242 242 242 241 241 241 241 241 242 242 242 242 242 242 242 242 242 242 242 243 243 243 243 243 242 242 241 241 241 241 241 241 242 242 241 241 242 242 242 242 242 242 242 242 242 242 242 243 243 243 243 243 243 243 244 244 244 244 244 245 245 245 245 244 245 245 245 245 245 245 244 244 244 244 244 244 244 244 245 245 246 246 245 246 246 246 246 246 246 247 247 249 249 249 248 249 249 250 249 249 249 249 249 249 249 249 249 249 249 249 250 249 250 250 250 249 249 250 249 249 249 249 249 249 248 248 248 248 248 248 248 249 249 250 249 249 249 249 250 250 250 251 250 250 250 250 250 251 251 251 251 252 252 251 251 251 252 252 252 252 252 252 252 253 253 253 253 253 253 253 253 253 253 253 254 254 254 254 254 254 254 254 254 254 254 254 254 255 255 255 255 255 255 255 256 256 256 256 256 256 256 256 256 256 256 256 256 256 256 257 257 257 257 257 257 257 257 257 257 258 258 258 258 258 259 259 259 259 260 260 259 261 261 261 261 261 261 261 261 262 262 262 262 262 262 262 263 263 264 265 265 266 266 266 266 265 265 264 264 263 263 263 263 264 265 265 265 265 265 265 265 265 266 266 266 266 266 266 266 266 266 267 267 266 266 266 267 267 267 267 267 267 267 268 268 268 268 268 268 268 268 268 268 268 268 269 269 269 269 270 270 270 270 270 270 270 270 270 270 271 271 272 272 271 271 271 271 272 272 272 272 271 271 271 272 272 272 272 273 237 237 238 238 238 238 238 238 238 238 238 239 239 240 240 240 240 240 240 240 240 240 241 241 241 241 241 241 241 241 241 241 241 241 242 242 242 242 242 242 242 242 242 242 242 242 241 242 242 242 242 242 242 242 242 242 243 243 243 243 243 243 243 243 242 241 241 241 242 242 241 242 243 242 242 242 242 242 242 242 242 243 243 243 242 242 242 242 243 243 243 243 243 243 244 244 244 244 244 244 245 245 244 245 246 245 246 246 245 245 244 244 244 244 244 244 245 245 245 246 245 246 246 247 247 246 246 247 247 248 249 248 249 248 249 250 250 250 250 250 250 249 249 249 249 250 250 250 250 250 249 249 250 250 250 250 250 250 249 249 249 249 249 249 249 249 249 249 249 249 249 249 250 250 249 249 249 250 250 250 251 251 251 251 251 251 250 251 251 251 252 252 252 251 252 252 252 252 252 252 252 252 253 253 253 253 253 253 253 253 253 253 253 254 254 254 254 254 254 254 254 254 254 254 255 255 255 255 255 255 255 255 255 256 256 256 256 256 256 256 256 256 256 256 257 256 257 256 257 257 257 257 257 257 257 257 258 258 258 258 258 258 259 259 259 259 259 260 260 260 262 262 262 261 261 261 261 261 262 262 262 262 262 262 262 262 262 263 264 265 265 266 266 266 266 265 265 264 264 264 263 264 264 264 265 265 265 265 265 265 265 266 266 266 266 266 266 266 266 266 267 266 267 266 266 267 267 267 267 267 267 267 268 268 268 268 268 268 268 268 268 268 268 268 268 269 269 269 270 270 270 270 270 270 270 270 270 270 270 271 271 272 272 272 272 272 272 272 272 272 271 271 271 271 271 272 272 272 236 237 238 238 238 238 238 238 239 239 239 240 240 240 240 241 241 241 241 241 241 241 241 241 241 241 241 242 242 242 242 242 242 242 242 242 242 242 242 242 243 242 242 242 242 242 242 242 242 243 243 243 243 243 243 243 243 243 243 243 243 242 242 242 243 242 241 242 242 242 242 242 242 242 242 242 242 242 243 243 243 243 243 243 243 243 243 244 244 244 244 244 244 245 245 244 244 244 244 244 244 244 245 245 245 246 245 245 244 244 244 244 244 245 246 245 245 246 246 246 246 247 247 247 248 247 248 248 248 248 249 250 250 250 250 250 250 249 249 249 249 250 250 250 250 250 249 249 250 250 250 250 250 251 250 250 249 249 249 249 249 249 249 249 249 249 249 249 250 250 250 249 249 250 251 251 251 251 251 251 251 251 251 251 251 251 252 252 252 252 252 252 252 252 252 252 252 253 253 253 253 253 253 253 253 253 253 253 254 254 254 254 254 254 254 254 254 254 254 254 255 255 255 255 255 255 255 256 256 256 256 256 256 256 256 256 256 256 256 256 257 257 257 257 257 257 257 257 257 257 257 257 258 258 258 258 258 258 258 258 259 259 259 259 259 260 262 262 262 261 261 261 261 261 262 262 262 262 262 262 262 262 262 263 263 263 263 264 265 266 266 265 265 264 264 264 264 264 264 265 265 265 265 265 265 265 265 265 266 266 266 267 267 266 267 267 267 266 266 266 267 267 267 267 268 267 267 267 267 268 268 268 268 268 268 269 269 268 268 268 269 269 269 269 270 270 270 270 270 270 270 270 270 270 270 270 271 271 271 271 272 273 272 272 272 272 271 271 271 271 272 272 237 238 239 239 239 239 240 240 241 241 241 241 241 241 241 241 241 242 242 242 242 242 242 242 242 242 242 242 242 243 243 242 242 243 243 242 242 242 242 242 242 242 242 242 243 243 243 243 243 243 243 243 243 243 242 242 242 243 243 242 242 242 242 242 242 242 242 243 243 243 242 243 243 243 243 243 243 243 243 243 244 244 244 244 244 244 245 245 245 245 245 245 245 245 244 244 244 245 246 246 245 245 245 244 244 245 245 245 245 246 246 246 246 246 247 248 248 247 248 247 248 248 248 249 250 249 250 250 250 250 249 249 249 249 250 250 250 250 250 250 250 249 250 250 250 250 251 250 249 249 249 249 249 250 250 250 250 249 249 249 249 250 251 250 250 249 250 251 251 251 251 251 251 251 251 251 251 251 251 251 252 251 252 252 252 252 252 253 253 253 253 253 253 253 253 253 253 253 253 253 253 254 254 254 254 254 254 254 254 254 254 255 255 255 255 255 255 255 255 255 255 255 255 255 256 255 256 256 256 256 256 256 256 257 257 257 257 257 257 257 257 257 257 257 258 258 258 258 258 258 258 258 258 259 259 259 259 259 259 262 262 262 262 262 262 262 261 262 262 262 262 262 262 262 262 263 263 263 263 263 264 264 265 265 265 265 265 264 264 264 264 264 264 264 265 265 265 265 265 266 266 266 266 266 266 266 266 267 267 267 267 267 267 267 267 267 268 268 268 267 267 267 268 268 268 268 268 268 268 268 268 268 268 269 269 269 270 270 270 270 270 270 271 271 270 270 270 270 270 270 270 270 271 272 272 273 273 272 272 271 271 272 272 272 241 241 241 241 241 241 241 241 241 241 242 242 242 242 242 242 242 242 242 242 242 242 243 243 243 243 243 243 243 243 243 243 243 243 242 242 243 243 243 243 243 243 243 243 243 243 243 243 243 242 242 243 242 242 242 242 242 242 242 242 242 243 243 243 243 243 243 244 244 244 244 244 244 244 244 244 244 245 245 245 245 245 245 245 245 246 246 246 245 244 244 244 245 245 245 245 245 245 245 245 245 245 245 246 246 246 246 247 247 247 247 247 247 248 248 249 249 249 249 250 250 249 250 251 250 249 249 249 250 250 249 250 250 250 250 250 250 250 250 251 251 250 250 250 249 249 250 250 250 250 250 250 249 250 250 250 251 250 250 250 250 250 250 250 251 251 251 251 252 252 252 251 251 251 251 251 252 252 252 252 252 252 253 253 253 253 253 253 253 253 253 254 253 253 253 254 254 254 254 254 254 254 255 255 255 255 255 255 255 255 255 255 255 255 255 255 255 255 255 256 256 256 256 256 257 257 257 257 257 257 257 257 257 257 257 257 257 258 258 258 258 258 258 258 258 258 258 258 259 259 259 259 259 261 262 262 262 262 263 262 262 262 262 262 262 262 262 262 262 263 263 263 263 263 263 263 264 264 265 265 265 265 265 265 264 264 264 264 264 265 265 265 265 265 266 266 266 266 266 267 267 266 267 267 266 266 266 267 267 267 267 268 268 268 267 267 268 268 268 268 268 268 268 268 268 269 269 269 269 269 270 270 270 270 270 271 270 270 270 270 270 270 270 270 270 270 270 271 271 271 272 272 272 271 271 241 241 241 241 241 241 241 241 241 242 242 242 242 242 242 242 242 242 242 243 243 243 243 243 243 243 243 243 243 243 243 243 242 243 243 243 243 243 243 243 243 243 243 243 243 243 243 243 243 243 243 242 242 243 243 243 243 243 242 242 243 243 243 243 243 243 243 243 243 244 244 244 244 244 245 245 245 246 246 246 246 246 245 245 246 245 245 245 245 245 245 245 245 245 245 245 245 245 245 245 246 246 246 246 246 246 246 246 247 247 248 248 249 249 249 249 250 249 249 249 250 250 251 250 249 249 249 249 249 249 250 250 250 250 250 250 250 250 251 251 250 250 249 249 249 250 250 249 250 250 250 249 250 250 251 251 250 250 250 250 250 251 251 251 251 252 252 252 252 252 252 252 251 251 251 252 252 252 252 252 253 253 253 252 253 253 253 253 253 254 254 254 254 254 254 254 254 254 254 254 254 254 255 255 255 255 255 255 255 255 255 255 256 256 256 256 255 255 256 256 256 256 257 257 257 257 257 257 257 257 257 257 258 257 257 257 258 258 258 258 258 258 258 258 258 258 259 259 259 259 259 259 261 261 262 262 262 262 263 263 262 262 262 262 262 262 262 263 263 263 263 263 263 263 263 264 264 264 264 265 265 265 265 264 264 264 264 265 265 265 265 265 266 265 266 266 266 266 266 266 266 267 267 267 267 266 267 267 267 267 267 268 268 268 268 267 268 268 268 268 268 268 269 268 268 269 269 269 269 270 270 270 270 270 271 271 270 270 270 270 270 270 271 271 271 271 271 271 271 271 272 273 241 241 241 241 241 241 241 242 242 242 242 242 242 242 242 242 242 243 243 243 243 243 243 243 243 243 243 243 243 243 243 243 243 243 244 244 244 244 244 244 244 244 243 243 243 243 243 244 244 243 242 243 243 243 244 243 243 243 242 242 243 243 244 244 244 243 244 243 244 244 244 244 245 244 245 245 246 246 246 246 247 246 246 246 245 245 245 245 245 245 245 245 245 245 245 245 246 246 245 245 246 246 246 246 246 247 247 247 248 248 248 248 249 249 249 249 249 249 249 250 250 251 251 250 250 249 249 250 250 250 249 249 250 250 250 250 250 250 251 251 250 250 250 249 249 249 249 249 249 250 250 250 250 250 251 251 251 250 250 250 250 251 251 251 252 252 252 252 252 253 252 252 252 252 252 252 252 252 252 252 252 252 252 253 253 253 253 253 253 253 254 254 254 254 254 254 254 254 254 254 254 254 254 255 255 255 255 255 255 255 255 255 255 255 256 256 255 256 256 256 256 257 257 257 257 257 257 257 257 257 257 257 257 257 257 258 258 258 258 258 258 258 258 258 259 259 259 259 259 259 259 259 261 262 262 262 262 262 263 263 262 262 262 262 262 262 262 263 263 263 263 263 263 263 264 264 264 264 264 264 265 265 265 265 265 264 264 265 265 265 265 265 265 265 265 266 266 266 267 267 267 267 267 267 267 267 267 267 267 267 267 268 268 268 267 267 268 268 268 268 268 268 269 269 269 269 269 269 269 269 270 270 270 270 270 270 271 270 270 270 270 271 271 271 271 271 271 271 271 271 271 271 241 242 241 242 242 242 242 242 242 242 242 242 242 242 242 243 243 243 243 243 243 243 243 243 243 243 243 243 243 243 244 244 243 243 244 244 244 244 244 244 244 244 243 243 243 243 243 243 243 243 243 243 243 244 243 242 243 243 243 243 243 243 244 244 244 245 244 245 245 245 245 245 245 245 246 246 246 246 246 246 246 246 246 246 246 246 246 246 246 245 245 245 246 246 246 246 246 245 246 246 246 246 246 246 247 248 248 248 248 248 249 249 249 249 250 249 249 249 250 250 250 250 251 250 250 250 250 250 250 250 250 250 250 250 250 250 250 251 251 251 250 250 249 250 250 250 250 249 249 249 250 250 250 251 251 251 251 251 250 250 251 251 251 252 252 252 252 252 253 253 253 253 253 252 253 253 253 253 252 252 252 253 253 253 253 253 253 253 253 253 254 254 254 254 254 254 254 254 254 254 254 254 255 255 255 255 255 255 255 255 255 255 256 256 256 256 256 256 256 256 257 257 257 257 257 257 257 257 257 257 257 257 257 258 258 258 258 258 258 258 258 258 259 259 259 259 259 259 259 259 259 261 262 262 262 262 263 263 263 262 262 262 262 262 262 262 262 263 263 263 263 264 264 264 264 264 263 263 264 264 265 265 265 265 265 265 265 265 265 265 265 265 265 265 266 266 266 267 267 267 267 267 267 267 267 267 267 267 266 267 267 268 268 268 267 268 268 268 268 268 268 268 268 268 268 269 269 269 269 269 270 270 270 270 270 270 271 271 271 271 271 271 271 271 271 271 271 271 271 271 242 242 242 242 242 242 242 242 242 242 242 242 243 243 243 243 243 243 243 243 243 243 243 244 243 243 243 243 243 243 243 243 244 243 243 244 243 244 244 244 244 244 244 244 244 243 243 243 243 243 244 244 244 243 243 243 243 243 243 243 244 244 244 244 244 244 245 245 245 245 246 246 246 246 246 246 246 246 246 247 247 246 246 246 246 246 246 246 246 246 245 245 245 245 245 246 246 245 245 246 246 246 246 246 247 248 248 247 248 249 249 249 249 249 250 250 249 250 250 250 250 250 250 251 250 251 250 249 250 250 250 250 250 250 250 250 251 251 251 251 251 250 250 250 250 251 250 250 250 250 249 250 251 251 251 251 251 252 251 250 251 251 252 252 252 252 252 252 252 252 253 253 253 253 253 253 254 253 253 253 253 253 253 253 253 253 253 253 253 253 253 254 254 254 254 254 254 254 255 255 255 255 255 255 255 255 255 255 255 255 255 256 256 256 256 256 256 256 256 256 257 257 257 257 257 257 257 257 257 257 257 257 257 258 258 258 258 258 258 258 258 259 259 259 259 259 259 259 259 259 259 261 262 262 262 262 262 263 263 263 263 262 262 262 262 262 262 263 263 263 263 264 264 264 263 263 263 264 264 264 264 264 265 265 265 265 265 265 265 265 265 265 265 266 266 266 266 267 267 267 267 268 268 268 268 268 268 267 267 267 267 268 269 268 267 268 268 268 268 268 268 268 268 269 268 269 269 269 269 269 269 270 270 270 270 270 270 271 271 270 270 271 271 271 271 271 271 271 271 271 242 242 242 242 242 242 242 242 243 243 243 243 243 243 243 243 243 243 243 243 244 244 244 244 244 243 243 243 243 243 243 243 243 243 244 244 244 244 244 244 244 244 243 243 243 243 243 243 244 244 243 243 243 243 243 243 243 243 244 245 245 244 244 245 245 245 245 245 246 246 245 246 246 246 246 246 246 246 246 247 247 247 247 246 246 246 246 246 246 246 246 246 245 245 245 245 245 246 246 246 247 247 247 247 247 247 248 248 249 249 249 249 250 249 249 250 250 250 251 251 251 250 251 250 250 249 250 250 250 250 250 251 251 250 250 251 251 251 251 250 250 250 250 251 251 251 250 250 250 251 251 251 251 251 252 252 251 251 251 251 252 252 251 252 252 251 252 252 252 253 253 253 253 254 254 254 253 253 253 253 253 253 253 253 253 253 253 253 253 253 254 254 254 254 254 254 254 255 255 255 255 255 255 255 255 255 255 256 256 256 256 256 256 256 256 256 256 256 257 257 257 257 257 257 257 257 257 257 257 257 258 258 258 258 258 258 258 258 258 258 259 259 259 259 259 259 259 259 259 262 262 262 262 263 263 263 263 263 263 263 263 263 262 262 262 263 263 263 263 263 263 263 264 263 264 264 264 264 264 264 264 264 265 265 265 265 265 265 265 265 266 266 266 266 266 266 266 267 267 268 268 268 268 268 268 268 268 267 267 268 268 269 268 268 268 268 268 268 268 269 269 269 269 268 269 269 269 269 269 270 270 270 270 270 270 270 270 270 270 271 271 271 271 271 271 271 271 243 242 242 242 242 243 243 243 243 243 243 243 243 243 243 243 243 243 244 244 244 244 244 243 243 243 243 243 244 243 243 244 244 244 244 244 244 244 244 244 244 244 244 244 243 243 243 244 244 243 243 243 243 243 243 243 243 244 244 244 244 244 244 244 244 245 245 245 245 245 246 246 246 247 247 246 246 246 246 246 247 246 247 247 246 246 246 246 246 246 246 245 245 245 245 245 246 246 246 246 246 246 247 247 247 248 248 248 249 249 249 249 249 249 250 249 250 250 251 251 251 251 250 250 250 250 250 250 250 250 251 250 250 250 250 251 251 251 251 250 251 251 251 251 251 251 251 250 251 251 251 251 251 251 251 251 251 252 251 251 251 251 251 252 252 252 252 252 252 252 253 253 253 253 254 254 254 253 253 253 253 253 253 253 253 253 253 253 254 254 254 254 254 254 254 254 254 254 254 255 255 255 255 255 255 255 255 256 256 256 256 256 256 256 256 256 257 257 257 257 257 257 257 257 257 257 257 257 257 258 258 258 258 258 259 259 259 259 259 259 259 259 259 259 259 259 259 259 262 262 262 263 263 263 263 263 263 263 263 264 263 263 262 262 263 263 263 263 263 263 263 264 263 264 264 264 264 264 264 264 264 264 265 265 265 265 265 265 265 266 266 266 266 266 266 266 267 267 267 268 268 268 268 268 268 268 268 267 267 268 268 268 268 268 268 268 268 268 269 269 269 269 268 268 269 269 269 270 270 270 270 270 270 270 270 270 270 270 271 271 271 271 271 271 272 272 243 243 243 243 243 243 243 243 243 243 243 243 244 244 243 244 244 244 244 244 244 243 243 243 244 244 244 244 244 244 244 244 244 244 244 245 244 244 244 244 244 244 244 244 244 244 244 244 244 243 243 243 244 244 244 244 244 244 244 245 245 245 245 245 245 246 246 246 246 246 247 247 246 246 246 246 245 246 246 246 247 247 247 247 246 246 246 246 246 246 246 246 245 245 246 246 246 247 247 248 247 247 247 247 248 249 249 249 250 250 250 250 250 250 250 250 251 252 251 251 251 251 250 250 250 250 250 250 250 250 250 250 251 251 251 251 251 251 251 251 251 252 252 251 251 251 251 251 251 251 251 251 251 251 252 252 252 252 252 252 252 252 252 253 253 253 253 253 253 253 253 254 254 254 253 253 253 254 254 253 253 254 254 254 254 254 254 254 254 254 254 254 254 254 254 255 255 255 255 255 255 255 255 255 256 256 256 256 256 256 256 256 257 257 257 257 257 257 257 257 257 257 257 257 257 258 258 258 258 258 259 259 259 259 259 259 259 259 259 259 259 259 259 260 260 262 262 262 263 263 263 262 263 263 263 264 264 264 263 263 262 263 263 263 263 263 263 263 264 263 264 264 264 264 264 264 264 264 264 264 264 265 265 265 265 266 266 266 266 266 266 266 266 267 268 267 268 268 268 268 268 268 268 269 268 267 267 268 268 269 268 268 268 268 268 269 269 269 269 268 269 268 269 269 270 270 269 269 269 269 269 270 270 270 270 270 271 271 271 271 271 243 243 243 244 243 243 243 243 243 243 244 244 244 244 244 244 244 244 244 244 244 244 244 244 244 244 244 244 244 244 244 244 244 244 244 244 244 244 244 244 245 244 244 245 245 245 244 244 244 243 243 244 245 244 245 245 246 245 245 245 245 246 246 246 246 246 246 247 247 247 247 246 246 246 246 246 246 246 246 246 247 246 247 247 247 247 246 246 246 246 246 246 246 246 246 247 247 248 247 247 247 248 248 248 249 249 249 250 249 250 250 250 250 250 251 252 252 251 251 251 251 251 250 250 250 250 250 250 251 251 250 251 251 251 251 251 251 252 252 252 252 252 252 252 252 252 251 251 251 251 251 251 251 252 252 252 252 253 253 253 253 253 253 253 253 253 253 253 254 254 254 254 254 254 254 254 254 254 254 254 254 254 254 254 254 254 254 254 254 254 255 255 255 255 255 255 255 255 255 255 255 255 256 256 256 256 256 256 256 256 256 257 257 257 257 257 257 257 257 257 257 257 258 258 258 258 258 258 258 259 259 259 259 259 259 259 259 259 259 259 259 259 260 260 262 262 262 262 263 262 262 262 262 263 263 264 263 263 262 262 263 263 263 263 263 263 263 263 263 264 264 264 264 264 264 263 264 264 264 264 264 265 266 266 266 266 266 266 266 266 266 266 267 267 268 268 268 268 268 268 268 269 269 269 268 267 268 268 268 268 268 268 268 268 269 269 269 269 269 268 268 268 268 269 269 269 269 269 269 269 269 269 270 270 270 270 271 243 243 244 244 244 244 244 244 244 244 244 244 244 244 244 244 244 244 244 245 244 244 244 244 244 244 244 244 244 244 244 244 244 244 244 244 244 245 245 245 245 245 244 245 244 245 244 244 245 244 244 244 245 245 245 246 246 246 245 246 246 246 247 247 246 246 246 247 247 247 246 246 247 247 246 247 247 246 246 246 246 246 246 247 247 247 247 246 246 246 246 246 246 246 247 247 248 247 247 247 248 249 249 248 248 249 249 249 249 249 250 250 250 250 251 251 252 251 251 251 251 251 250 250 250 250 250 250 250 251 251 251 251 251 251 251 251 252 251 252 252 252 252 252 252 252 251 252 252 251 251 251 251 251 252 252 252 252 253 253 253 253 253 254 254 254 254 253 253 254 254 255 255 255 255 255 255 254 254 254 254 254 254 254 254 254 254 254 255 255 255 255 255 255 255 255 255 255 255 255 255 255 256 256 256 256 256 256 256 256 257 257 257 257 257 257 257 257 257 257 258 258 258 258 258 258 258 258 258 259 259 259 259 259 259 259 259 259 259 259 259 259 259 260 262 262 262 262 262 262 262 263 263 263 263 263 263 263 263 263 262 263 264 264 263 263 263 263 263 263 264 264 263 263 263 264 264 265 264 265 265 265 265 265 266 266 266 266 266 266 266 267 267 267 267 268 268 269 269 269 268 268 269 269 268 268 267 267 268 268 268 268 268 268 268 269 269 269 269 269 268 268 268 268 268 269 269 269 269 269 269 269 269 269 270 270 270 244 244 244 244 244 244 244 244 244 244 243 243 244 244 244 244 244 244 245 245 244 244 244 244 244 244 244 244 244 244 244 244 244 244 244 244 245 245 245 245 245 244 244 244 244 244 244 245 245 245 245 245 245 245 246 246 245 246 246 246 246 246 247 246 245 246 247 247 246 246 246 246 246 247 247 247 247 247 247 246 245 246 246 247 247 247 247 247 246 246 247 247 247 247 247 247 247 247 248 248 248 249 249 249 249 249 249 249 249 250 250 251 251 250 251 252 252 252 251 251 252 251 251 250 250 250 250 250 251 251 251 251 251 252 252 251 252 251 252 252 252 252 252 252 252 252 252 252 252 252 251 251 252 252 252 252 252 252 252 252 253 253 253 254 254 254 254 254 254 254 255 255 255 255 255 255 255 254 254 254 254 254 254 254 254 254 255 255 255 255 255 255 255 255 255 255 255 255 255 256 256 256 256 256 256 256 256 256 257 257 257 257 257 257 257 257 257 258 258 258 258 258 258 258 258 258 258 258 259 259 259 259 259 259 259 259 259 259 259 260 260 260 260 262 262 262 262 262 262 262 262 263 263 263 263 263 263 263 264 263 263 264 264 264 263 263 263 263 263 264 263 264 264 264 264 265 265 264 265 266 266 265 265 265 266 266 266 267 267 267 266 267 267 268 268 268 268 268 268 268 269 269 269 269 268 267 267 267 268 268 268 268 268 269 269 269 269 269 269 269 269 269 269 269 269 269 270 270 269 269 269 269 269 269 270 244 244 244 244 244 245 245 244 243 243 244 244 245 245 244 244 244 244 244 245 244 244 244 244 244 244 244 244 244 244 244 244 244 245 245 244 245 245 245 245 246 245 246 245 244 244 244 245 245 245 245 245 245 245 246 246 245 245 246 246 246 246 246 246 245 246 246 246 246 246 246 246 246 247 247 247 247 248 248 247 246 246 246 247 247 247 247 247 247 246 246 247 247 247 247 247 248 247 247 247 248 249 249 250 250 249 249 249 249 249 250 250 250 251 251 252 252 252 251 251 251 252 251 250 250 250 250 250 251 251 251 251 251 252 252 251 252 251 252 252 252 252 252 253 252 252 252 252 252 252 251 251 252 252 252 252 252 252 252 253 253 253 253 253 253 254 255 255 255 254 255 255 255 255 255 255 255 254 254 254 254 254 254 254 254 255 255 255 255 255 255 255 255 255 255 255 255 255 255 256 256 256 256 256 256 256 256 257 257 257 257 257 257 257 257 257 257 258 258 258 258 258 258 258 258 258 258 258 259 259 259 259 259 259 259 259 259 259 259 259 260 260 260 262 262 262 262 262 262 262 263 263 262 263 263 262 263 263 263 263 263 263 264 264 264 263 263 263 263 263 263 264 264 264 265 265 265 265 265 266 266 265 265 265 265 266 266 266 266 267 267 267 267 267 268 269 268 268 268 268 268 268 269 269 268 268 267 267 267 267 268 269 268 269 269 269 269 269 269 269 269 269 269 269 268 269 269 270 270 269 269 269 269 245 245 245 245 244 243 244 245 244 243 244 244 244 244 244 244 244 245 245 245 244 244 245 245 245 244 245 245 245 245 245 245 245 245 245 245 246 246 246 246 244 244 244 245 245 245 245 245 245 245 245 245 245 246 246 246 247 246 246 245 246 247 247 246 246 247 246 246 246 247 247 247 248 248 248 248 247 246 246 246 246 247 247 247 247 247 247 246 247 247 247 248 248 248 248 248 248 249 249 249 250 250 249 250 250 250 251 251 251 252 252 251 251 251 251 251 251 252 251 251 250 250 250 251 251 251 251 251 251 252 252 252 252 252 252 252 252 252 252 253 252 252 252 252 252 251 252 252 252 252 252 252 252 252 253 253 253 253 253 253 254 254 255 255 255 254 254 254 255 255 255 255 255 255 254 254 254 254 254 255 255 255 255 255 255 255 255 255 255 255 255 255 255 256 256 256 256 256 256 256 256 256 257 257 257 257 257 257 257 257 257 257 258 258 258 258 258 258 258 258 258 258 258 259 259 259 259 259 259 259 259 259 259 259 259 259 259 260 260 262 262 262 262 262 262 263 263 263 263 263 263 263 263 263 263 263 263 263 263 264 263 263 264 265 264 264 265 264 264 265 265 266 265 265 266 266 266 266 266 266 265 266 266 266 266 266 266 267 267 267 267 268 268 268 268 268 268 268 269 270 269 268 268 267 267 267 268 269 269 269 269 270 270 269 269 269 269 269 270 269 269 269 269 269 270 245 245 245 244 244 244 244 244 244 244 244 244 244 244 244 244 244 245 244 245 245 245 245 245 245 245 245 245 245 245 245 245 245 246 246 246 246 245 244 244 244 245 245 245 244 245 245 245 245 246 245 246 246 246 246 246 245 246 246 246 246 246 247 247 246 246 246 247 247 247 248 248 247 248 248 247 246 246 247 247 247 247 247 247 247 247 247 248 248 248 248 249 249 249 249 249 249 249 250 250 250 250 250 251 251 251 252 252 252 252 251 251 251 251 251 252 251 251 251 251 251 251 251 251 251 251 252 252 252 252 252 252 252 252 252 252 252 252 252 252 252 252 252 252 252 252 252 252 252 252 252 252 252 253 253 254 254 254 254 255 255 255 254 254 254 254 254 254 254 255 255 255 254 254 254 254 255 255 255 255 255 255 255 255 255 255 255 256 256 256 256 256 256 256 256 256 256 256 257 257 257 257 257 257 257 257 257 257 258 258 258 258 258 258 258 258 258 258 258 258 259 259 259 259 259 259 259 259 260 260 260 260 260 260 260 260 262 262 262 262 262 262 262 263 263 263 263 263 263 263 263 263 263 263 263 263 263 263 263 264 264 265 264 265 265 265 265 265 265 266 266 266 266 266 266 266 266 266 266 266 266 266 266 267 267 267 267 267 267 268 268 268 268 267 268 268 269 270 269 269 268 267 267 268 268 268 269 269 269 270 270 270 270 269 269 270 270 270 269 269 245 245 245 245 244 244 244 244 244 244 244 244 245 245 245 245 245 245 245 245 245 245 245 245 245 245 245 245 246 246 247 246 246 245 244 244 244 244 244 244 245 245 245 245 245 245 245 246 247 246 246 246 246 246 246 246 247 246 247 247 246 246 247 247 247 247 247 248 247 247 247 247 247 247 247 247 247 247 247 247 247 247 247 248 248 248 248 249 249 249 249 249 249 249 250 250 251 250 251 251 251 251 251 252 252 252 252 252 252 252 251 252 252 251 251 251 251 251 252 251 251 252 252 252 252 252 252 252 252 252 252 252 253 252 253 252 252 252 252 253 252 252 252 252 253 253 253 252 253 253 253 254 254 254 254 254 255 255 255 254 254 254 254 254 254 255 255 255 255 254 254 255 255 255 255 255 255 255 255 255 255 255 256 256 256 256 256 256 256 256 256 257 257 257 257 257 257 257 257 257 257 257 257 258 258 258 258 258 258 258 258 258 258 258 258 258 259 259 259 259 259 259 259 259 260 260 260 260 260 260 260 260 262 262 262 262 262 262 262 262 263 263 263 263 263 263 263 263 263 263 263 264 263 263 263 263 263 264 264 264 264 265 265 265 266 266 266 266 266 266 267 267 266 266 266 266 266 266 266 266 267 267 267 267 267 267 268 269 269 268 268 268 269 269 269 268 267 268 268 268 268 268 268 268 269 270 270 270 270 270 270 270 270 270 270 269 245 245 245 245 245 245 245 245 245 245 245 245 245 245 245 245 245 245 245 245 245 245 246 246 246 246 247 246 245 244 244 245 245 244 245 245 246 246 246 246 245 246 246 246 246 246 245 246 246 246 246 246 246 247 246 247 247 246 247 247 246 247 248 248 248 248 247 247 248 248 248 247 247 247 247 247 247 247 247 248 248 248 248 248 249 249 249 249 249 250 250 251 251 251 250 250 250 251 251 251 251 251 251 251 252 252 251 252 251 251 251 251 251 251 251 252 252 252 252 252 252 252 252 252 252 252 253 252 253 253 253 252 252 252 253 253 253 253 252 253 253 253 253 253 253 254 254 254 254 254 254 255 255 255 255 255 255 254 254 254 254 254 255 255 256 255 255 255 255 255 255 255 255 255 255 255 255 256 256 256 256 256 256 256 256 256 256 257 257 257 257 257 257 257 257 257 257 258 258 258 258 258 258 258 258 258 258 258 258 258 258 259 259 259 259 259 259 259 259 260 260 260 260 260 260 260 260 260 262 262 262 262 262 262 262 262 262 262 263 263 263 263 264 263 263 263 264 264 264 264 264 264 264 264 264 264 265 265 265 265 265 265 266 265 265 266 266 267 267 267 267 266 267 266 266 267 267 267 267 267 267 267 268 269 269 269 268 268 268 268 268 267 267 269 268 268 268 268 268 268 269 269 270 270 270 270 270 270 269 270 270 269 245 245 245 245 245 245 245 245 245 245 245 245 245 246 246 245 245 246 246 246 246 246 246 246 244 245 246 246 246 245 245 245 245 246 246 245 246 246 246 246 246 246 246 245 245 246 246 247 246 247 247 247 246 246 247 247 247 247 248 247 248 247 248 247 247 248 248 248 247 247 247 247 248 248 247 248 247 247 248 249 249 250 250 249 250 250 250 250 250 251 251 251 251 251 251 251 252 252 252 251 251 251 251 252 252 251 251 251 251 251 251 252 252 252 252 252 252 252 252 252 252 253 253 253 253 253 253 253 252 253 253 253 253 253 253 253 254 254 254 253 253 254 254 254 254 255 255 255 254 255 255 255 255 254 255 255 254 255 254 255 256 255 255 255 255 255 255 255 255 255 255 256 256 256 256 256 256 256 256 256 256 257 257 257 257 257 257 257 257 257 257 257 258 258 258 258 258 258 258 258 258 258 258 258 258 259 259 259 259 259 259 259 259 259 259 260 260 260 260 260 260 260 260 260 262 262 262 262 262 263 263 263 262 263 263 263 263 263 263 264 263 264 263 264 264 264 264 264 264 264 264 265 265 265 265 265 265 265 265 265 265 266 266 267 267 268 267 267 267 267 266 267 267 267 267 267 267 267 268 268 268 269 269 269 268 268 268 267 268 269 269 268 268 268 268 268 269 269 270 270 270 270 270 270 270 269 270 269 246 245 245 245 245 245 245 245 245 245 245 245 246 246 245 245 246 246 246 246 246 247 246 245 245 246 247 247 246 246 246 246 247 246 245 246 246 246 246 247 247 247 246 246 246 245 246 246 246 247 247 246 246 247 247 248 247 248 247 247 247 247 248 247 247 248 248 247 248 247 248 248 247 247 247 247 248 248 249 249 249 249 249 249 250 250 250 250 250 251 251 251 251 251 251 251 252 252 251 251 251 252 252 252 251 251 251 251 251 252 252 252 252 252 252 252 252 253 253 253 253 253 253 253 253 253 253 253 253 253 253 253 254 254 254 254 253 253 253 253 253 254 254 254 254 255 255 255 255 255 255 254 254 254 255 255 255 255 255 255 255 255 255 255 255 256 255 255 256 256 256 256 256 256 256 256 256 256 256 257 257 257 257 257 257 257 257 257 257 257 258 258 258 258 258 258 258 258 258 258 258 258 258 259 259 259 259 259 259 259 259 259 259 259 260 260 260 260 260 260 260 260 260 262 262 263 263 263 263 263 263 263 263 263 263 264 264 263 264 264 264 264 264 264 264 264 264 264 264 263 264 264 265 265 265 265 265 265 266 265 266 267 266 267 267 268 268 267 267 267 267 268 268 268 267 268 268 268 268 268 268 269 269 269 268 268 267 268 268 269 270 269 268 269 268 269 269 269 270 270 270 270 270 270 269 246 246 246 246 246 246 245 245 246 246 246 245 246 246 246 246 246 246 246 245 245 246 247 247 247 247 247 247 247 247 246 246 246 246 246 246 247 247 247 247 246 246 246 246 246 246 246 247 246 246 246 247 248 247 247 247 247 247 247 248 248 247 247 247 247 247 248 248 247 247 248 248 248 248 249 249 249 249 249 249 250 250 250 250 251 251 251 251 251 251 251 251 252 252 252 252 251 251 252 252 251 251 251 251 251 252 252 252 252 252 252 252 253 253 253 253 253 253 253 253 253 253 253 253 253 253 254 254 254 254 254 254 254 254 254 253 254 254 254 254 254 255 254 255 255 255 255 254 254 254 255 255 255 255 255 255 255 255 255 255 255 255 256 256 256 256 256 256 256 256 256 256 256 256 257 257 257 257 257 257 257 257 257 257 257 257 258 258 258 258 258 258 258 258 258 258 258 258 259 259 259 259 259 259 259 259 259 259 259 259 259 260 260 260 260 260 260 260 260 262 263 263 263 263 263 263 264 264 264 263 264 264 263 263 264 264 264 264 264 265 265 264 265 264 264 263 264 265 265 265 264 265 265 265 265 265 266 266 266 267 267 267 267 268 268 267 267 268 268 268 268 268 268 268 268 268 268 268 269 269 269 268 268 267 267 268 269 269 269 269 269 269 270 270 270 270 270 270 270 270 270 270 246 246 246 246 246 246 246 246 246 246 246 246 246 246 246 246 246 245 246 247 247 247 248 247 247 247 247 247 247 247 247 246 246 246 247 247 248 248 247 247 247 247 247 246 247 247 247 246 246 247 247 247 248 248 247 247 247 248 248 248 248 248 247 247 247 247 247 247 248 249 249 248 248 248 249 249 249 250 250 250 250 250 250 251 251 251 251 251 251 251 252 252 252 252 251 251 251 252 252 251 251 251 252 252 252 252 252 252 252 253 253 253 253 253 253 253 253 253 253 253 253 253 253 253 253 254 254 254 254 254 254 254 254 253 254 254 254 254 254 254 254 255 255 255 255 254 254 254 254 255 255 255 255 255 256 255 255 255 255 255 256 256 256 256 256 256 256 256 256 256 256 257 257 257 257 257 257 257 257 257 257 257 257 257 257 258 258 258 258 258 258 258 258 258 258 259 259 258 259 259 259 259 259 259 259 259 259 259 259 259 260 260 260 260 260 260 261 263 262 262 263 263 263 263 263 263 264 264 264 264 264 264 264 265 265 264 265 265 265 265 265 265 264 264 264 264 265 266 266 266 265 265 265 265 266 266 266 266 267 267 267 268 268 268 268 269 268 268 269 269 268 268 268 268 269 268 268 268 268 268 268 268 267 268 268 269 269 269 269 269 270 270 270 270 270 270 270 270 270 270 246 246 246 246 246 245 245 246 246 247 246 246 247 247 246 246 247 247 247 247 247 248 248 248 247 247 248 248 247 247 247 247 247 247 248 247 247 247 248 247 246 247 248 248 247 246 246 247 247 247 248 248 248 247 247 247 248 248 248 248 248 248 248 248 248 248 249 249 248 248 249 249 249 249 250 250 250 250 250 250 250 251 250 251 251 250 251 252 251 252 252 252 251 251 252 252 252 251 252 252 252 252 252 252 252 253 253 253 253 253 253 253 253 253 254 254 253 253 253 253 253 253 254 254 254 254 254 255 255 254 254 254 254 254 254 254 255 255 255 255 254 254 254 254 255 255 255 255 255 255 255 256 256 255 255 256 256 256 256 256 256 256 256 256 256 256 256 256 257 256 256 257 257 257 257 257 257 257 257 257 257 258 258 258 258 258 258 258 258 258 258 258 258 258 259 259 259 259 259 259 259 259 259 259 260 260 260 260 260 260 260 260 260 260 262 263 263 263 263 263 263 263 263 263 264 264 264 264 264 265 266 265 265 265 266 266 266 266 265 265 265 265 264 265 266 266 266 266 265 265 266 266 265 266 266 266 266 267 267 268 268 268 269 269 269 269 268 268 268 269 269 269 268 269 269 268 269 269 268 268 268 268 269 270 270 270 270 270 270 270 270 270 270 270 270 270 270 246 245 246 246 247 247 247 247 247 248 246 246 247 247 247 248 248 248 248 248 249 248 248 248 249 248 248 248 248 248 247 247 247 247 247 247 247 247 248 248 247 247 247 247 246 247 247 247 248 248 247 247 248 248 248 248 248 248 248 248 248 248 248 249 249 249 249 249 249 249 250 250 250 250 250 250 250 250 251 251 251 251 251 251 252 251 252 252 251 251 252 252 252 252 252 252 252 252 252 253 253 253 253 253 253 253 253 253 253 253 253 253 253 253 253 254 254 254 254 254 254 255 255 254 254 254 254 254 254 254 254 254 254 255 255 255 254 254 254 254 255 255 255 255 255 255 255 255 255 255 255 256 256 256 256 256 256 256 256 256 257 257 257 257 257 257 257 257 257 257 257 258 258 258 258 258 258 258 258 258 258 258 258 259 259 259 259 259 259 259 259 259 259 259 259 259 260 260 260 260 260 260 260 260 260 260 260 260 260 260 261 261 261 261 261 261 262 262 261 261 262 262 262 263 263 264 264 264 263 264 265 265 265 264 264 264 264 264 263 263 263 263 264 264 265 265 265 265 265 264 264 265 265 264 265 266 266 266 267 267 269 269 269 268 268 268 268 268 269 269 269 268 269 269 269 268 268 268 268 269 269 270 270 270 270 270 270 270 269 270 270 246 247 247 247 247 247 247 248 247 247 247 247 248 248 248 248 248 248 249 249 249 248 249 249 249 249 249 249 248 247 247 247 247 248 248 248 248 248 248 247 247 247 247 247 247 247 247 247 247 247 247 248 248 249 248 248 248 248 249 249 249 248 249 249 249 249 249 250 250 250 250 250 250 251 250 250 250 251 250 251 251 251 251 251 252 252 251 251 252 252 252 252 252 252 252 252 253 253 253 253 253 253 253 253 253 253 253 253 253 254 254 254 254 255 255 255 255 255 255 255 255 254 254 254 254 254 254 254 254 254 254 255 255 255 255 254 254 255 255 255 255 255 255 255 255 255 255 255 255 256 256 256 256 256 256 256 256 256 256 256 256 257 257 256 257 257 257 257 257 257 258 258 258 258 258 258 258 258 258 258 259 259 259 259 259 259 259 259 259 259 259 259 259 260 260 260 260 260 260 260 260 260 260 260 260 261 260 261 261 261 261 261 261 262 262 262 262 261 262 262 263 263 263 264 264 264 264 264 265 265 265 265 265 265 265 264 264 264 264 263 264 265 265 265 266 266 266 265 265 265 265 265 265 265 265 266 267 267 269 269 268 269 269 269 269 268 269 269 269 269 269 269 270 269 269 268 268 268 270 270 270 270 270 270 270 269 270 270 270 246 247 247 248 247 247 247 248 247 247 248 248 248 248 249 249 248 249 249 249 250 249 249 249 250 250 250 250 248 248 248 248 248 248 248 248 248 248 248 247 248 248 248 247 248 248 248 248 248 248 247 247 248 248 249 249 249 249 249 249 249 249 249 249 249 249 249 250 250 250 250 250 250 251 251 251 250 250 250 251 251 251 251 251 251 252 252 251 252 252 252 252 252 252 252 252 253 253 253 253 253 253 253 253 253 253 253 253 254 254 254 254 254 254 255 255 254 255 255 255 255 254 254 254 254 254 254 254 254 255 255 255 255 255 255 255 255 255 255 255 255 255 255 255 255 255 255 255 255 255 255 255 255 255 255 255 256 256 256 256 256 257 257 257 257 257 257 257 257 257 258 258 258 258 258 258 258 258 259 259 259 259 259 259 259 259 259 259 259 259 259 259 259 260 260 260 260 260 260 260 260 260 260 260 260 260 260 260 261 261 261 261 262 262 262 263 262 261 262 262 263 262 263 263 264 264 264 264 265 265 265 265 265 265 264 264 264 263 263 264 263 264 264 264 265 265 266 266 266 266 266 266 266 266 265 265 266 266 269 269 269 269 269 270 269 269 269 270 269 269 269 270 270 269 269 269 268 268 269 270 270 270 270 270 270 270 270 270 247 247 247 248 248 248 248 248 248 248 248 248 248 248 249 249 249 249 249 249 250 250 250 250 250 250 250 250 250 250 249 248 248 248 248 248 248 248 248 249 249 249 248 248 249 249 248 248 248 248 248 248 248 248 249 249 249 249 249 249 249 249 249 249 249 249 250 250 251 250 250 250 250 250 251 251 251 250 250 251 251 251 251 251 251 252 252 252 252 252 252 252 252 252 252 252 253 253 253 253 253 253 253 253 253 253 253 253 254 254 254 254 254 254 255 255 255 254 255 255 255 254 254 254 254 254 254 254 255 255 255 255 255 254 254 255 255 255 255 255 255 256 255 255 255 255 255 255 255 255 255 255 255 255 255 255 256 256 257 257 257 257 257 257 257 257 257 257 257 257 258 258 258 258 258 258 258 259 259 259 259 258 259 259 259 259 259 259 259 259 259 259 260 260 260 260 260 260 260 260 260 260 261 260 261 260 260 260 261 261 261 262 262 262 262 262 262 262 262 262 262 262 263 263 264 264 265 265 265 265 264 264 264 264 263 263 263 264 264 264 264 264 265 265 264 265 266 266 267 267 266 266 267 267 266 266 266 266 269 269 269 270 270 269 269 269 270 270 270 269 269 269 269 269 270 270 270 270 271 270 271 270 247 247 247 248 248 248 248 248 249 249 249 249 249 249 249 249 249 250 250 250 250 251 251 250 250 250 250 250 250 250 250 249 249 248 248 248 248 248 249 249 249 249 249 248 249 249 248 248 248 248 248 248 248 248 248 249 249 249 249 249 249 249 250 249 249 250 250 250 250 250 250 250 250 250 250 251 251 251 250 251 251 251 251 251 251 252 252 252 252 252 252 253 252 252 252 252 253 253 253 253 253 253 253 254 254 253 253 253 254 254 254 254 254 254 255 255 255 255 254 255 255 255 255 255 255 255 255 255 255 255 255 255 255 255 255 255 255 255 255 255 255 255 255 255 255 255 255 255 255 255 255 255 256 256 256 256 256 256 257 257 257 257 258 257 257 258 257 257 257 257 258 258 258 258 258 258 258 259 259 258 258 259 259 259 259 259 259 259 259 259 259 259 259 260 260 260 260 260 260 260 260 260 261 260 260 260 260 260 260 261 261 261 261 262 261 261 262 263 262 262 263 263 263 263 264 265 265 265 265 265 264 264 263 263 264 264 265 265 264 265 265 265 265 266 265 264 265 266 267 266 266 266 267 267 267 267 267 267 269 269 269 270 270 269 269 270 269 269 270 247 248 248 248 248 248 249 249 248 249 249 250 249 249 249 249 249 249 250 250 250 250 250 251 251 250 249 249 249 250 249 249 250 250 249 248 248 248 248 249 249 249 249 249 249 249 249 249 249 249 249 249 248 248 248 248 249 249 249 249 249 250 250 250 250 250 250 250 250 250 250 250 250 250 250 250 251 251 251 251 251 252 252 251 251 251 252 252 252 252 252 253 253 253 253 253 253 253 253 253 253 253 253 254 254 254 254 253 253 254 254 254 255 254 255 255 255 255 254 254 255 255 255 255 255 256 256 256 256 256 256 255 255 255 254 254 255 255 255 255 255 255 255 255 255 256 255 255 255 255 255 255 256 256 256 256 256 256 256 257 258 257 257 258 257 258 258 257 257 257 257 258 258 258 258 258 258 258 258 258 258 259 259 259 259 259 259 259 259 259 259 259 259 259 259 260 260 260 260 260 260 260 260 261 261 261 260 260 261 260 260 260 261 261 261 261 262 262 262 262 262 262 263 264 264 264 264 264 264 265 265 265 264 264 264 265 265 266 265 264 265 265 266 266 266 266 265 265 266 266 266 266 266 266 266 266 267 267 267 269 269 270 271 269 248 248 248 249 249 249 249 249 249 249 249 250 250 250 250 250 250 250 250 250 250 250 251 251 251 250 249 249 249 250 249 249 249 249 249 249 248 248 249 249 249 249 249 250 249 249 249 249 249 249 249 249 248 249 249 249 249 249 249 249 250 250 250 250 250 250 250 250 250 250 250 250 250 251 251 251 251 251 251 251 251 252 251 251 252 251 252 252 253 252 252 253 253 253 253 253 253 253 253 253 253 253 254 254 254 254 254 254 254 254 254 255 255 255 255 255 255 255 255 255 255 255 255 255 256 256 256 255 255 256 256 256 256 255 255 255 255 256 255 255 255 255 255 255 255 255 255 256 256 255 255 256 256 256 257 256 256 256 256 257 258 257 257 258 258 258 258 258 258 257 257 258 258 258 258 258 258 258 258 258 258 259 259 259 259 259 259 259 258 259 259 259 259 259 259 260 260 260 260 260 260 260 260 261 261 261 260 261 261 261 261 261 260 260 261 261 261 261 261 262 263 263 263 264 264 264 264 264 264 265 265 265 264 264 265 265 266 266 265 265 265 265 266 266 265 265 265 265 265 265 266 266 266 266 267 267 266 266 266 269 269 249 248 249 250 249 250 250 250 250 250 250 250 251 251 250 250 250 250 250 250 250 250 250 250 249 249 249 250 250 249 249 249 249 250 249 249 248 249 250 250 249 250 250 250 250 250 249 249 250 249 249 249 249 249 250 250 250 249 249 249 250 250 250 250 250 250 250 250 250 250 250 251 251 251 251 251 251 251 251 251 251 251 251 252 251 252 252 252 252 252 253 253 253 253 253 253 253 253 253 253 253 254 254 254 254 254 254 254 254 254 254 255 255 255 255 255 255 255 255 255 255 255 255 255 255 255 256 255 256 256 256 256 255 255 255 256 256 256 255 256 255 255 255 255 255 255 256 256 255 256 256 256 256 256 256 256 256 257 257 258 257 258 258 258 258 258 257 257 257 257 258 259 259 259 259 258 258 258 258 258 258 258 258 258 259 259 259 258 259 260 260 260 260 260 260 260 261 260 261 260 260 261 261 261 261 261 261 261 261 261 261 261 260 260 261 261 261 261 262 263 263 263 263 264 264 264 264 264 265 265 264 264 264 265 265 266 266 266 266 265 266 266 265 266 266 265 265 266 267 267 266 266 266 267 267 266 267 267 269 250 250 250 250 250 251 251 251 250 250 250 250 250 251 251 251 251 251 250 250 250 250 249 249 249 249 249 249 249 248 248 248 248 249 249 248 248 249 249 250 249 249 250 250 250 250 250 249 249 250 250 249 249 249 250 249 250 250 250 250 250 250 250 250 250 250 250 250 250 251 251 251 251 251 251 251 251 251 251 252 252 251 252 252 252 252 252 253 253 252 253 253 253 253 253 253 253 253 253 253 254 254 254 254 254 254 254 254 254 254 254 255 255 255 255 255 255 255 255 255 255 255 255 255 255 255 256 255 256 256 256 256 255 255 255 256 256 256 256 256 256 256 255 255 255 255 255 255 255 256 256 256 256 256 256 257 256 257 258 258 258 258 258 258 258 258 257 257 257 257 258 259 259 258 258 258 258 258 258 258 258 258 258 259 259 259 259 259 259 260 261 261 260 260 260 260 261 261 261 261 260 261 261 261 261 261 261 260 261 261 261 261 261 260 260 261 261 262 262 263 264 264 264 264 264 264 264 264 265 265 265 264 264 265 265 265 266 267 266 266 266 266 266 266 267 266 266 267 267 266 266 267 266 267 267 267 267 251 251 251 251 251 251 251 251 251 250 251 251 251 251 251 251 250 251 250 250 249 248 248 249 248 248 248 248 248 248 248 248 249 249 249 248 249 250 250 249 249 249 250 250 250 250 250 250 250 250 250 249 250 250 250 250 250 250 250 250 250 250 250 251 251 251 251 251 251 251 251 251 251 251 251 251 251 251 251 252 251 252 252 252 252 252 253 253 253 253 253 253 253 253 253 253 253 253 253 254 254 254 254 254 254 254 254 254 254 254 255 255 255 255 256 256 255 255 255 255 255 255 255 256 256 255 256 256 256 256 256 255 256 255 256 256 256 256 256 256 256 256 256 256 256 255 255 255 256 256 256 256 256 256 257 257 257 258 258 258 258 258 258 258 258 258 258 258 258 258 259 259 258 258 259 258 259 259 258 259 259 259 259 259 259 260 260 259 260 260 261 260 260 261 261 261 261 261 260 260 261 262 261 261 262 261 261 261 262 261 261 261 260 260 261 262 262 262 263 263 263 263 264 264 264 264 265 265 266 265 265 265 265 265 265 266 267 267 267 267 267 266 267 267 266 266 267 266 267 267 267 267 267 268 267 250 250 250 251 251 251 251 251 252 251 251 251 250 251 251 250 250 250 251 250 250 250 250 250 250 250 250 249 249 248 248 249 248 248 248 248 248 248 248 249 249 249 249 248 249 250 250 249 249 249 250 250 250 250 250 250 250 250 250 250 250 250 250 250 250 250 250 250 250 250 250 251 251 251 251 251 251 251 251 251 251 251 251 251 251 251 251 252 252 252 252 252 252 253 253 253 253 253 253 253 253 253 253 253 253 253 254 254 254 254 254 254 254 254 254 254 254 254 254 254 255 255 255 255 255 255 255 255 255 256 256 256 256 255 256 256 256 256 256 255 256 255 255 256 256 256 256 256 256 256 256 256 256 256 255 255 256 256 256 256 256 256 257 257 257 258 258 258 258 258 258 258 258 258 258 258 258 258 259 258 258 259 259 258 259 259 259 259 259 259 259 260 260 260 260 259 260 261 261 260 260 261 261 261 260 260 260 261 262 262 261 262 261 261 261 261 262 261 261 261 260 260 261 261 261 261 262 263 263 264 264 264 264 264 264 265 266 266 265 265 265 266 266 267 267 267 268 268 267 267 267 267 267 267 266 267 267 268 268 268 250 250 251 251 251 251 251 251 251 251 251 251 251 250 251 251 251 250 250 250 250 250 250 250 250 250 249 250 250 249 248 248 248 249 249 248 248 248 248 248 249 249 249 249 249 249 249 249 249 249 250 250 250 250 250 250 250 250 250 250 250 250 250 250 250 250 250 251 251 250 250 250 250 251 251 251 251 251 251 251 251 251 251 251 252 252 252 252 252 252 252 252 252 252 252 252 253 253 253 253 253 253 253 253 253 253 253 253 254 254 254 254 254 254 254 254 254 255 255 255 255 255 255 254 254 255 255 255 255 255 255 255 256 255 255 256 256 256 256 256 255 256 256 256 255 255 256 256 256 256 256 256 256 257 256 256 256 255 256 256 256 257 256 257 257 257 257 258 258 258 258 258 258 258 258 259 258 258 258 258 259 259 259 259 259 258 259 259 259 259 259 259 259 260 260 260 260 260 260 260 261 260 260 261 261 260 261 261 260 261 261 262 262 262 261 261 261 261 262 261 260 260 260 261 261 262 261 262 262 262 263 264 264 265 264 264 264 265 266 266 266 265 265 266 266 267 267 267 267 268 268 268 267 267 266 266 266 267 268 268 250 251 250 250 250 251 251 251 251 251 251 250 250 251 251 251 250 251 251 251 250 249 249 249 249 249 249 249 249 250 249 249 248 248 248 248 248 248 248 248 248 248 249 249 249 249 249 249 249 249 249 249 249 250 250 250 250 250 250 250 250 250 250 250 250 250 250 250 250 250 251 251 251 250 250 250 251 251 251 251 251 251 251 251 251 251 252 252 252 252 252 252 252 252 252 252 252 252 253 252 253 253 253 253 254 253 253 253 253 253 254 254 254 254 254 254 254 254 255 255 255 255 255 255 256 255 255 255 255 255 255 255 255 255 255 255 255 256 256 256 256 256 255 255 256 256 256 256 256 256 256 256 256 256 256 256 256 256 256 256 256 256 256 257 257 257 257 257 257 258 258 258 258 258 258 258 258 258 259 259 258 258 258 259 259 259 259 258 259 259 259 259 259 259 259 260 260 260 261 260 260 261 261 261 260 261 261 261 261 262 261 261 260 261 262 262 261 261 261 261 261 261 261 260 260 261 261 262 262 263 263 263 263 263 264 265 265 265 265 264 265 266 266 266 266 265 266 266 266 267 267 267 267 267 268 268 267 267 266 266 267 267 267 250 250 251 251 251 251 251 250 250 250 250 250 251 251 251 250 250 250 250 249 249 249 249 249 249 249 249 249 249 249 248 248 248 248 248 248 248 248 249 249 249 249 249 249 249 249 249 249 249 249 249 249 250 250 250 250 251 251 251 251 251 250 250 250 250 250 251 251 251 251 251 251 251 251 251 251 251 251 251 251 251 251 251 251 251 252 252 252 252 252 252 252 252 252 252 252 252 252 252 253 253 253 253 254 254 253 253 253 254 254 254 254 254 254 254 254 254 254 255 255 255 255 255 256 256 256 255 255 255 256 255 256 256 256 256 256 256 256 257 256 255 255 255 255 256 256 256 256 256 256 256 256 256 256 256 256 256 256 256 257 257 257 257 257 257 257 258 258 258 258 258 258 258 258 258 258 258 259 259 258 258 258 259 259 259 258 258 258 259 259 259 259 260 260 260 260 261 261 260 260 261 262 261 261 261 262 261 261 262 261 261 261 261 262 262 261 261 261 260 260 260 260 260 261 262 262 262 263 263 263 263 263 264 264 265 265 265 265 265 265 266 266 266 266 266 266 266 266 266 267 267 267 267 268 268 267 267 267 266 266 267 266 249 251 251 251 250 250 249 249 249 250 250 251 250 250 249 249 249 249 248 248 247 248 248 248 248 248 248 248 248 247 248 248 248 248 248 249 249 249 249 249 249 249 249 249 249 249 249 249 249 250 250 250 250 251 251 250 251 251 251 251 251 250 250 250 251 251 251 251 251 251 251 251 251 251 251 251 251 251 251 251 251 252 252 252 252 252 252 252 252 252 252 252 252 253 252 253 253 253 253 253 253 253 254 254 253 253 253 254 254 254 254 254 254 254 254 255 255 255 255 255 255 256 256 256 255 255 255 255 256 256 256 256 256 256 256 256 256 256 256 256 255 256 255 255 255 255 256 256 256 256 256 256 257 256 256 256 256 256 256 257 257 257 257 257 257 258 258 258 258 258 258 258 258 258 258 258 258 259 258 258 258 259 259 259 259 258 258 259 259 260 260 261 261 260 261 262 261 261 261 262 262 262 262 262 261 261 261 261 261 262 261 262 262 262 262 261 260 260 260 260 260 261 261 262 263 263 263 263 263 264 264 264 264 265 265 265 266 265 266 266 267 266 266 266 267 267 267 267 267 267 267 268 268 268 267 266 266 266 266 266 267 267 250 249 249 250 249 249 249 249 249 248 249 249 249 249 248 248 249 248 247 247 247 247 247 247 247 247 247 247 247 248 248 248 248 249 249 249 249 249 249 249 249 249 250 249 249 249 249 250 250 250 250 250 250 251 251 250 251 251 251 251 251 250 250 251 251 251 251 251 251 251 251 251 251 251 251 251 252 251 251 251 251 251 252 252 252 252 252 252 252 252 252 252 253 253 253 253 253 253 253 253 253 253 254 254 254 253 253 254 254 254 254 254 254 254 254 255 255 255 255 255 255 256 256 256 256 256 255 256 256 256 256 256 256 256 256 256 256 257 256 256 256 255 255 255 256 256 256 256 256 257 257 256 256 256 256 256 257 256 256 257 257 257 257 257 257 258 258 258 258 258 258 258 258 258 258 258 258 258 258 258 259 259 259 259 259 258 258 259 259 259 259 260 261 261 261 262 261 261 261 261 262 263 262 262 262 262 262 261 260 261 262 262 262 261 261 261 260 260 260 260 261 262 262 263 263 262 263 264 263 264 264 264 265 265 265 265 266 266 266 267 267 266 266 266 267 267 267 267 267 268 268 268 268 268 267 267 266 266 266 267 267 267 267 249 249 248 249 248 248 247 248 248 248 248 248 248 247 247 248 247 247 247 247 247 247 247 247 247 247 248 248 248 248 248 249 249 249 249 249 249 249 249 250 250 249 250 249 249 250 250 250 250 250 250 250 250 250 251 251 251 251 251 251 251 251 251 251 251 251 251 251 251 251 251 251 251 251 251 251 251 251 251 251 251 251 252 252 252 252 252 252 252 252 252 253 253 253 253 253 253 253 253 253 253 253 253 254 253 253 254 254 254 254 255 254 254 254 254 255 255 255 255 255 256 256 256 256 255 255 256 256 256 256 256 256 256 256 256 256 256 257 256 256 255 255 256 256 256 257 256 256 257 256 256 256 256 257 256 257 257 257 256 256 256 256 257 257 257 257 258 258 259 259 259 259 258 258 258 259 259 258 258 258 259 259 259 259 259 259 258 259 260 260 260 261 261 261 261 262 262 261 261 262 262 262 263 262 262 262 262 261 261 260 261 262 262 261 261 261 261 261 260 260 262 263 263 262 262 262 263 263 264 264 264 264 265 265 265 265 266 266 266 267 267 267 266 267 268 267 267 267 268 268 268 268 267 267 267 267 267 266 267 267 267 267 268 249 250 249 249 250 250 251 250 251 249 249 248 247 247 247 247 247 247 247 247 248 247 247 247 247 247 247 247 247 248 248 248 248 248 248 248 249 249 249 249 249 249 249 249 249 249 250 250 250 250 249 249 249 250 250 250 250 250 251 251 250 251 250 251 251 251 251 251 251 251 251 251 251 251 251 251 251 251 251 251 251 251 251 251 252 252 251 251 251 251 251 252 252 252 252 252 252 252 252 252 253 253 253 253 253 253 253 253 253 254 254 253 254 253 253 254 254 254 255 255 255 255 255 255 255 255 255 256 255 255 256 256 256 256 256 256 255 256 256 256 256 256 257 256 256 256 256 256 256 256 256 256 256 256 257 256 256 256 256 256 256 256 257 257 257 257 256 257 257 256 256 257 257 257 258 258 258 258 259 259 259 258 258 258 259 259 259 258 258 259 259 260 259 259 258 259 259 260 260 261 261 261 261 261 262 262 262 262 261 262 262 263 263 262 261 261 262 261 261 260 261 262 261 261 261 262 261 260 261 261 262 262 262 263 263 263 263 264 264 265 264 264 265 265 265 266 266 266 267 267 267 266 267 267 267 267 268 267 267 267 267 267 267 267 267 267 266 267 267 267 267 268 268 250 250 249 249 250 249 249 250 250 251 252 252 250 250 253 252 250 249 248 248 247 247 247 247 248 248 248 248 248 248 248 248 248 248 248 248 248 248 248 249 249 249 249 249 249 249 249 249 249 249 249 250 250 250 250 250 250 250 250 250 250 250 250 250 251 250 251 251 251 251 251 251 251 251 251 251 251 251 251 251 251 251 251 251 252 252 252 252 252 252 251 251 252 252 252 252 251 251 252 252 252 252 252 252 252 252 253 253 253 253 253 253 253 253 253 253 253 253 253 254 254 254 254 254 254 254 255 255 255 255 255 255 255 255 255 256 256 256 256 256 256 256 256 256 256 256 256 256 256 257 257 257 257 256 256 256 256 256 256 256 256 256 256 256 256 256 257 256 257 257 257 257 257 257 257 257 257 257 256 257 258 257 258 258 259 259 259 259 258 259 259 259 259 259 258 259 259 260 259 259 259 259 259 260 260 260 260 261 261 261 261 261 262 262 263 262 262 263 263 263 262 262 261 261 262 262 261 260 261 261 261 261 261 261 261 261 261 261 262 262 263 263 263 264 264 264 264 264 265 265 265 266 266 266 266 267 267 267 267 267 267 267 267 267 267 267 268 268 267 267 266 267 267 267 267 267 267 267 267 268 268 249 250 250 249 250 250 249 250 250 250 250 250 251 252 252 251 251 251 252 253 253 253 252 251 250 248 248 247 247 247 248 248 248 248 248 248 248 248 248 249 249 248 249 249 249 249 249 249 249 249 249 249 249 249 249 249 250 250 250 250 250 250 250 250 250 250 250 250 250 250 251 251 251 251 251 251 251 251 251 251 251 251 251 251 251 251 251 251 251 251 251 252 252 252 252 252 252 252 252 252 252 252 252 252 252 252 252 252 252 252 252 252 253 253 253 253 253 253 253 253 253 253 253 253 253 253 254 254 254 254 254 254 255 255 255 255 255 255 255 255 255 256 256 256 256 256 256 256 256 256 256 256 256 256 257 257 257 257 257 257 257 256 256 256 257 256 256 257 256 256 256 256 256 256 256 256 257 257 257 257 258 257 257 257 257 257 257 257 257 258 258 259 258 259 259 259 260 259 259 259 259 259 260 260 260 260 259 259 259 259 259 260 260 260 260 261 260 261 261 261 261 262 263 263 262 262 262 262 262 262 261 261 261 261 261 261 261 261 261 261 261 261 262 262 263 263 263 263 263 263 263 263 263 264 264 265 265 265 265 266 266 267 267 267 267 267 267 267 267 267 267 267 267 268 268 267 267 267 267 267 267 267 267 267 267 267 267 268 268 250 249 249 249 249 249 250 249 250 250 249 250 250 250 251 251 250 250 251 251 252 252 251 251 251 252 253 253 253 252 251 250 249 248 247 247 247 248 248 248 249 249 249 249 249 249 249 249 249 249 249 249 249 249 249 249 249 249 249 249 249 250 250 250 250 250 250 250 250 250 250 250 250 250 250 251 251 251 251 251 251 251 251 251 251 251 252 251 251 251 251 251 251 251 251 251 252 252 252 252 252 252 252 252 252 252 252 252 253 253 252 252 252 252 252 252 252 252 253 253 253 253 253 253 253 253 253 253 253 253 253 254 254 254 254 254 254 254 254 254 255 255 255 255 256 256 255 255 256 256 256 256 256 256 256 256 256 256 256 256 256 256 257 257 257 258 257 257 257 257 257 257 257 257 257 257 257 257 257 256 256 257 257 257 257 258 258 257 257 257 257 257 257 258 257 257 257 258 258 258 259 259 260 260 260 259 259 259 260 260 260 260 259 259 259 259 259 260 260 260 261 260 261 260 261 261 261 262 263 262 262 262 262 262 263 262 262 262 262 262 261 261 261 261 261 261 262 261 262 262 263 263 263 263 263 264 264 264 264 264 264 264 264 265 265 265 265 266 266 267 267 267 267 267 267 267 267 267 267 267 268 268 268 267 267 267 267 267 268 268 267 267 267 267 268 268 268 269 250 249 249 250 249 250 250 250 250 250 249 250 250 251 250 250 249 249 250 250 251 252 252 251 252 252 253 253 252 252 251 250 249 248 247 247 247 248 248 249 249 249 249 249 249 249 249 249 249 249 249 249 249 249 249 249 249 249 249 250 250 250 250 250 250 250 250 250 250 250 250 250 250 250 251 250 251 251 251 251 251 251 251 251 251 251 252 252 251 251 251 251 251 251 251 252 252 252 252 252 252 252 252 252 252 252 252 252 253 253 253 252 252 252 252 252 252 253 253 253 253 253 253 253 253 253 253 253 253 254 254 254 254 254 254 254 254 254 254 255 255 255 255 255 255 255 255 256 256 256 257 257 257 256 256 256 256 256 256 256 256 256 257 257 257 257 257 257 257 256 256 257 257 257 257 257 258 257 257 257 257 257 257 257 258 258 258 258 258 257 257 258 258 258 258 258 258 257 258 258 259 259 259 259 259 259 259 260 260 260 260 260 260 260 260 260 260 260 260 260 260 260 261 261 261 261 262 262 262 262 262 262 262 262 263 262 262 262 262 262 262 262 261 261 261 261 262 262 262 262 262 262 263 263 263 263 263 263 264 264 265 265 264 264 264 265 265 265 266 266 267 268 268 267 267 267 267 267 267 267 268 268 268 268 267 267 267 267 268 268 268 267 267 268 268 268 268 269 250 250 249 250 250 250 250 250 250 250 249 250 250 250 250 250 249 249 250 251 251 252 252 251 252 252 252 252 252 251 250 249 249 248 247 247 248 248 248 249 249 249 249 249 249 249 249 249 249 249 249 249 249 249 249 249 249 250 250 250 250 250 250 250 250 250 250 250 250 250 250 250 251 251 251 251 251 251 251 251 251 251 251 251 251 251 252 252 252 252 251 251 252 251 252 252 252 252 252 252 252 252 252 252 253 253 252 252 253 253 253 253 252 252 252 252 252 252 253 253 253 253 253 253 253 253 254 254 254 254 254 254 254 254 254 254 254 255 255 255 255 255 255 255 255 256 256 256 256 256 257 257 256 256 256 256 256 257 257 256 256 256 256 256 257 257 257 257 257 257 257 257 257 257 257 257 257 257 258 258 257 257 258 258 258 258 259 259 258 258 258 258 258 258 258 258 258 258 258 259 259 260 259 259 259 260 260 260 260 260 260 260 260 260 260 260 260 260 260 260 261 261 261 261 261 261 261 262 262 262 262 262 262 262 262 262 262 262 262 262 262 262 262 261 261 261 262 262 262 262 262 262 262 262 263 263 263 263 264 264 264 265 265 265 265 265 265 265 266 266 267 268 268 268 268 268 267 267 267 267 268 268 268 268 268 268 267 267 268 268 268 267 267 267 268 268 268 269 250 250 250 250 251 250 250 250 250 250 250 250 250 250 249 249 249 250 251 251 252 251 250 251 251 251 252 252 251 250 250 250 249 248 248 248 248 249 249 249 249 249 249 249 249 249 249 249 249 249 249 249 249 250 250 250 250 250 250 250 250 250 250 250 250 250 250 250 250 251 251 251 251 251 251 251 251 251 251 251 251 251 251 252 252 252 252 252 251 251 252 252 252 252 252 252 252 252 252 252 253 253 252 253 253 252 252 252 252 253 253 253 253 252 252 252 253 253 253 253 253 253 254 254 254 254 254 254 254 254 254 254 254 254 254 254 255 255 255 255 255 255 255 255 256 256 256 256 256 256 257 257 256 256 256 257 257 257 256 257 257 257 257 257 257 257 257 257 257 257 257 257 257 257 257 257 258 258 258 258 258 259 259 259 259 259 259 259 259 259 258 259 258 258 258 258 258 258 259 259 259 259 259 260 259 260 260 260 260 260 260 260 260 260 260 260 260 260 260 260 261 261 261 261 261 261 262 262 262 262 262 262 262 262 262 262 262 262 262 262 262 262 262 261 261 262 262 262 262 262 262 263 263 263 263 263 263 263 264 264 264 265 265 265 265 266 266 266 266 267 268 267 268 268 268 267 267 267 267 268 268 268 268 268 268 267 267 267 268 268 268 267 268 268 268 250 249 249 250 249 250 251 250 250 250 250 250 249 250 250 249 249 250 250 250 251 251 251 251 250 250 250 252 251 250 250 249 249 248 248 248 248 249 249 249 249 249 249 249 249 249 250 250 249 249 250 250 250 250 250 250 250 250 250 250 250 250 250 250 250 250 250 250 251 251 251 251 251 251 251 251 251 251 251 251 251 251 251 251 252 252 252 252 252 251 252 252 252 252 252 252 252 252 252 252 253 253 253 253 253 253 253 253 252 253 253 253 253 253 253 252 252 253 253 253 253 253 253 254 254 254 254 254 254 254 254 254 254 254 254 254 254 254 254 255 255 255 255 255 255 255 256 256 256 256 256 256 256 256 256 256 256 257 257 257 257 257 257 257 257 257 258 257 257 257 258 257 257 257 258 258 257 257 257 258 258 258 258 259 259 259 259 258 259 259 259 258 258 259 258 258 258 258 258 259 259 260 259 260 260 259 260 260 261 261 260 260 260 260 261 261 260 260 260 260 260 261 261 261 261 261 261 262 262 262 262 261 261 262 261 262 262 262 262 262 262 262 262 262 262 262 262 262 262 262 262 263 263 263 263 263 263 263 263 264 264 264 264 265 265 265 266 266 266 266 267 267 267 267 267 267 267 267 267 268 268 268 268 268 268 268 268 268 268 268 268 268 268 268 269 250 250 250 249 249 250 251 251 250 249 249 249 249 249 250 249 249 250 251 251 252 251 250 250 249 251 251 250 249 249 248 248 248 248 249 249 249 249 249 250 250 250 250 250 250 250 250 250 250 250 250 250 250 250 250 250 250 250 250 250 250 250 250 250 250 251 251 251 251 251 251 251 251 251 251 251 251 251 251 251 252 252 252 252 252 252 252 252 252 252 252 252 252 252 252 252 252 252 253 253 253 253 253 253 253 253 253 253 253 253 253 254 253 253 253 253 253 253 253 253 253 254 254 254 254 254 254 254 254 254 254 254 254 254 254 255 255 255 255 255 255 255 255 255 255 256 256 256 256 256 256 257 256 257 257 257 257 257 257 257 257 257 257 257 258 257 257 257 257 257 257 257 257 257 258 258 258 257 258 258 258 259 259 258 259 259 259 259 259 259 258 258 259 259 259 258 259 259 259 260 259 260 260 260 260 260 261 261 261 261 261 261 261 261 260 260 260 260 261 261 261 261 261 261 261 262 262 262 262 262 262 261 262 261 262 262 262 262 262 262 262 262 262 262 262 262 262 262 262 263 263 263 263 263 263 263 263 264 264 264 264 264 264 265 265 265 265 266 267 266 266 267 267 267 267 267 268 268 268 268 268 268 268 268 268 268 268 269 269 269 269 269 269 251 251 251 249 249 250 249 249 249 249 249 249 249 248 248 248 249 250 250 251 251 251 252 251 249 249 249 248 248 248 249 248 249 249 249 250 250 250 250 250 250 250 250 250 250 250 250 250 250 250 250 250 250 250 250 250 250 250 250 250 250 251 251 250 251 251 251 251 251 251 251 251 251 251 251 251 251 252 252 252 252 252 252 252 252 252 252 252 252 252 252 252 252 252 252 253 253 253 253 253 253 253 253 253 253 253 253 253 253 253 253 253 253 253 253 253 253 253 253 253 254 254 254 254 254 254 254 254 254 254 254 255 255 255 255 255 255 255 255 255 256 255 255 255 255 256 256 256 256 256 256 256 257 257 257 257 257 257 257 256 257 256 257 257 257 257 257 257 257 257 257 257 257 257 258 258 258 258 258 258 258 259 259 259 258 259 259 259 259 259 259 259 259 258 259 259 259 260 260 260 260 260 261 260 260 261 260 261 261 261 261 261 261 260 260 261 261 261 261 261 261 261 261 262 262 262 262 262 262 262 261 262 262 262 262 262 262 262 262 262 262 262 262 262 263 263 263 263 263 263 263 263 263 263 263 263 263 264 264 264 263 264 264 264 264 265 266 266 267 266 266 267 268 268 268 268 268 268 268 268 268 269 269 269 269 269 269 269 269 270 270 269 250 250 249 249 249 249 249 250 250 250 250 251 250 249 249 248 249 250 250 251 252 252 251 250 250 250 249 249 249 249 249 249 249 249 250 250 250 250 250 250 250 250 250 250 250 250 250 250 250 250 250 250 250 250 250 250 250 250 250 251 251 251 251 251 251 251 251 251 251 251 251 251 251 251 252 252 252 252 252 252 252 252 252 252 252 252 252 253 252 252 252 252 252 253 253 253 253 253 253 253 253 253 253 253 253 253 253 253 253 253 253 253 253 253 253 253 254 254 253 254 254 254 254 254 254 254 254 254 254 255 255 255 255 255 255 255 255 255 255 255 256 256 256 256 256 256 256 256 256 256 256 257 257 257 258 258 257 257 256 257 257 256 257 257 257 257 257 257 257 257 257 257 257 257 258 258 258 258 258 258 259 259 259 259 258 258 259 259 259 259 259 259 259 259 260 260 260 260 260 261 261 261 261 260 260 260 260 260 260 260 260 260 260 261 261 261 261 261 261 261 261 261 262 262 262 262 262 262 262 262 262 262 262 262 262 262 262 262 262 262 262 262 262 263 263 263 263 263 263 263 263 263 263 263 263 263 263 263 264 264 264 265 265 264 265 265 266 266 266 267 267 268 268 268 268 268 268 268 269 269 269 269 270 269 269 269 269 269 270 250 250 250 251 252 252 252 252 250 250 250 249 248 250 250 250 251 251 251 250 250 249 249 249 249 249 249 249 249 250 250 250 250 250 250 250 250 250 250 250 250 250 250 250 250 250 250 250 250 250 250 250 250 251 251 251 251 251 251 251 251 251 251 251 251 251 251 251 251 251 252 252 252 252 252 252 252 252 252 252 252 252 253 253 253 252 252 253 253 253 253 253 253 253 253 253 253 253 253 253 253 253 253 253 254 253 253 254 254 253 253 254 254 254 254 254 254 254 254 254 254 254 254 254 255 255 255 255 255 255 255 255 255 255 255 255 255 256 256 256 257 256 256 256 256 256 256 256 257 257 257 257 257 257 256 256 256 256 256 256 257 258 258 258 257 257 257 258 258 257 258 258 258 258 258 258 258 258 259 259 259 259 258 259 259 259 259 259 259 259 260 260 260 260 260 260 260 260 261 261 260 261 260 261 261 261 261 261 261 261 261 260 261 261 261 261 261 261 261 262 262 262 262 262 262 262 262 262 262 262 262 262 262 262 262 262 262 262 262 263 263 263 263 263 263 263 263 263 263 263 263 263 263 264 264 264 264 265 265 266 265 265 265 266 266 267 267 268 268 268 268 268 268 268 269 269 269 269 270 269 269 270 270 270 270 270 270 252 252 252 252 253 253 254 253 252 252 252 253 248 248 249 249 250 249 250 249 249 249 249 249 249 249 249 249 250 250 250 250 250 250 250 250 250 250 250 250 250 250 250 250 250 250 250 250 250 250 251 251 251 251 251 251 251 251 251 251 251 251 251 251 251 252 251 251 252 252 252 252 252 252 252 252 252 252 252 252 253 253 253 253 253 253 253 253 253 253 253 253 253 253 253 253 253 253 253 253 253 253 253 253 253 253 253 253 253 254 254 254 254 254 254 254 254 254 254 254 254 254 254 255 255 255 255 255 255 255 255 255 255 255 255 255 255 256 256 256 256 256 256 256 256 256 256 256 257 257 258 257 257 257 257 257 257 257 257 257 257 257 257 257 257 257 257 257 258 257 258 258 258 258 258 258 258 259 259 259 259 259 259 259 259 259 259 259 260 260 261 261 260 260 260 260 260 260 260 261 260 260 260 261 261 261 261 261 261 260 261 261 261 261 261 261 261 262 261 262 262 262 262 262 262 262 262 262 262 262 262 262 262 262 262 262 262 263 263 263 263 263 263 263 263 263 263 263 263 263 263 264 264 264 264 265 265 266 266 267 267 266 266 266 266 267 267 268 268 268 268 268 268 269 269 269 269 270 269 269 269 270 270 270 270 270 270 253 254 255 255 255 254 253 253 254 253 252 251 249 248 249 248 248 248 248 248 248 249 249 249 250 250 250 250 250 250 250 250 250 250 251 251 251 251 250 250 250 250 251 251 251 251 251 251 251 251 251 251 251 251 251 251 251 251 251 251 251 252 252 252 252 251 252 252 252 252 252 252 252 252 252 252 252 253 253 253 253 253 253 253 253 253 253 253 253 253 253 253 253 253 254 253 253 253 253 253 253 253 253 254 254 253 253 253 254 254 254 254 254 254 254 254 254 254 254 255 255 255 255 255 255 255 255 255 255 255 255 255 255 256 256 256 257 256 256 256 256 256 256 256 256 257 257 257 258 257 257 258 258 258 258 257 257 258 257 258 258 257 257 257 257 257 257 257 258 259 258 258 258 258 258 258 259 259 259 260 259 259 259 259 259 259 260 260 260 260 260 260 260 260 260 260 260 260 261 261 261 261 261 261 261 261 261 261 262 261 261 261 261 261 262 262 262 262 262 262 262 261 261 262 262 262 262 262 262 262 262 262 262 262 263 263 263 263 263 263 263 263 263 263 263 263 263 263 263 264 265 265 265 265 265 266 266 267 267 266 267 267 267 266 267 267 268 268 268 268 268 269 269 269 269 269 269 269 270 270 270 270 270 270 255 254 254 254 254 254 254 253 253 252 251 251 250 249 249 250 249 248 249 249 249 249 249 250 250 250 250 250 250 250 251 251 251 251 251 251 251 251 251 251 251 251 251 251 251 251 251 251 251 251 251 251 251 251 251 251 251 252 251 252 252 252 252 252 252 252 252 252 252 252 252 252 252 252 252 252 252 253 253 253 253 253 253 253 253 253 253 253 253 253 253 253 253 253 253 253 253 254 253 253 253 254 254 254 254 253 253 254 254 254 254 254 254 254 254 254 255 255 255 255 255 255 255 255 255 255 255 255 255 255 255 255 256 256 256 256 257 257 256 256 256 256 256 257 257 257 257 257 257 257 257 258 258 258 258 258 258 257 257 257 257 257 257 257 257 257 257 258 259 258 258 258 258 258 259 259 259 259 259 259 260 259 259 259 259 259 260 260 260 260 260 260 260 260 260 260 261 261 261 261 261 262 262 262 262 261 261 262 262 262 262 262 261 262 262 262 262 262 262 261 261 262 261 261 262 262 262 262 263 263 262 262 262 263 263 263 263 263 263 263 263 263 263 264 264 264 264 264 264 265 265 266 266 266 266 266 267 267 267 268 267 267 266 267 268 268 268 268 269 269 269 269 269 269 269 269 269 270 270 269 270 270 254 254 253 253 253 253 254 254 253 252 251 251 251 251 252 253 252 250 249 250 250 250 249 250 250 250 250 250 251 251 251 251 251 251 251 251 251 251 251 251 251 251 251 251 251 251 251 251 251 251 251 251 251 251 251 251 251 252 252 252 252 252 252 252 252 252 252 252 252 252 252 252 252 252 252 253 252 253 253 253 253 253 253 253 253 253 253 253 253 253 253 253 254 253 253 254 254 254 254 254 254 254 254 254 254 254 254 253 253 253 254 254 254 254 254 254 255 255 255 255 255 255 255 255 255 255 255 255 255 255 255 255 256 256 256 256 256 256 256 256 256 256 257 257 257 257 257 257 257 257 257 257 257 257 257 258 258 258 257 257 257 257 257 258 258 257 257 257 258 258 258 258 258 258 258 259 259 259 259 259 259 260 260 259 259 259 259 260 260 260 260 260 260 260 260 260 260 261 261 261 261 262 262 262 262 262 262 262 262 261 261 261 261 262 262 262 262 263 263 262 262 262 262 262 262 262 262 262 262 263 263 262 262 262 263 263 263 263 263 263 263 264 264 264 264 265 264 265 265 264 264 265 266 266 267 267 267 267 267 268 268 268 267 266 267 268 268 269 269 269 269 269 268 269 269 269 269 269 270 269 269 270 271 254 253 252 252 253 253 253 253 253 253 253 253 253 253 254 254 253 252 251 250 250 250 249 249 250 250 250 250 251 251 251 251 251 251 251 251 251 251 251 251 251 251 251 251 251 251 251 251 251 251 251 251 251 251 251 251 251 252 252 252 252 252 252 252 252 252 252 252 252 252 252 252 252 252 252 252 252 252 253 253 253 253 253 253 253 253 254 253 253 253 253 253 253 254 254 254 254 254 254 254 254 254 254 254 254 254 254 254 254 254 254 254 254 254 255 255 255 255 255 255 255 255 255 255 255 255 255 255 255 256 256 256 256 256 256 256 256 256 256 256 256 256 257 257 257 257 257 257 257 257 258 258 257 257 257 257 257 257 257 257 257 257 257 257 258 258 258 257 257 258 258 258 258 258 258 258 258 258 259 259 259 259 259 259 259 259 258 259 260 260 260 260 260 260 260 260 260 261 261 261 261 262 262 262 262 262 263 263 263 262 262 262 262 262 261 262 262 262 263 263 262 262 262 262 262 262 262 262 262 262 262 262 262 262 262 263 263 263 263 263 263 263 263 263 264 265 265 266 266 266 265 264 265 266 266 267 268 268 267 268 268 268 268 267 267 267 267 268 269 269 269 269 269 268 268 269 269 269 269 269 269 270 270 270 270 254 253 253 253 253 252 252 254 254 254 255 255 255 254 255 254 253 252 251 250 250 249 249 250 250 250 250 251 251 251 251 251 251 251 251 251 251 251 251 251 251 251 251 251 251 251 251 251 251 251 251 251 252 251 251 251 251 251 252 252 252 252 252 252 252 252 252 252 252 252 252 252 252 252 252 252 252 253 253 253 253 253 253 253 253 253 253 253 253 253 253 253 254 254 254 254 254 254 254 254 254 254 254 254 254 254 255 255 254 254 254 254 254 255 255 255 255 255 255 255 255 255 255 255 255 255 256 256 256 256 256 256 256 256 256 256 256 256 256 256 256 256 256 257 257 257 257 257 257 257 258 258 258 257 257 257 258 257 257 257 257 257 258 258 259 258 258 258 258 258 259 258 259 258 257 258 258 258 258 259 259 259 259 259 259 259 259 259 259 260 260 260 260 260 261 261 261 261 261 261 261 262 262 262 262 262 263 262 263 263 262 262 261 261 261 262 262 263 263 263 263 263 263 263 263 263 262 262 262 263 262 262 262 262 262 263 263 263 263 263 263 264 263 263 263 264 265 265 266 266 266 265 265 266 267 267 267 267 268 268 269 269 268 268 267 267 268 269 269 269 269 269 269 269 269 269 269 269 270 269 269 270 270 270 254 254 254 255 255 254 253 253 252 253 254 254 254 254 254 255 255 254 253 252 253 252 251 250 249 250 250 250 251 251 251 251 251 251 251 251 251 251 251 251 251 251 251 251 251 251 251 251 251 251 251 251 251 252 252 252 252 251 251 252 252 252 252 252 252 252 252 252 252 252 252 252 252 252 252 252 252 253 253 252 253 253 253 253 253 253 253 253 253 254 253 253 253 253 254 254 254 254 254 254 254 254 254 254 254 254 255 255 255 255 254 254 254 254 254 255 255 255 255 255 255 255 255 255 255 255 256 256 256 256 256 256 256 256 256 256 256 256 256 256 256 257 256 257 257 257 257 258 257 257 257 257 258 258 257 257 257 258 258 258 258 258 258 258 259 259 258 258 258 258 258 258 259 259 258 258 257 258 259 258 258 258 259 259 259 259 259 259 259 259 259 260 260 260 260 260 261 261 261 261 261 262 262 262 262 262 262 262 262 262 262 263 262 262 262 261 262 262 262 263 263 262 262 262 262 262 262 263 263 262 262 262 262 262 262 262 262 263 263 263 263 263 263 264 264 265 265 264 264 265 265 266 266 266 265 265 266 267 267 267 267 268 268 269 269 268 267 268 268 269 269 269 269 269 269 269 269 269 269 269 269 269 269 270 270 271 254 254 255 255 254 254 254 253 252 252 253 254 253 253 253 254 255 254 254 254 254 253 251 250 249 250 250 250 251 251 251 251 251 251 251 251 251 251 251 251 251 251 251 251 251 251 251 251 251 251 251 251 252 252 252 252 252 252 252 252 252 252 252 252 252 252 252 253 252 252 252 252 253 252 252 252 252 253 253 253 253 253 253 253 253 253 253 254 254 254 254 254 253 253 254 254 254 254 254 254 254 254 254 254 255 255 255 255 255 255 254 254 254 255 255 255 255 255 255 255 255 255 255 255 256 256 256 256 256 256 256 256 256 256 256 256 256 256 256 256 257 257 257 257 257 257 257 257 257 257 257 257 258 258 258 258 257 258 258 259 258 259 258 259 258 258 258 258 258 258 258 258 259 259 259 259 258 258 258 258 258 258 258 259 259 259 259 259 259 259 259 260 260 260 261 261 261 261 261 261 262 262 262 262 262 262 262 262 262 262 263 263 263 263 262 262 262 263 263 263 262 262 262 261 262 262 262 262 263 263 262 262 262 262 262 262 263 263 263 263 263 263 264 264 264 265 266 265 264 265 266 266 267 267 267 266 267 266 266 267 267 267 268 268 269 268 268 269 269 269 269 269 269 269 269 270 269 269 269 269 270 270 270 270 270 255 255 255 254 253 253 254 254 253 252 253 253 253 253 252 254 255 255 255 255 254 253 252 250 250 250 250 251 251 251 251 251 251 251 251 251 251 251 251 252 252 251 251 251 251 251 251 251 251 251 251 251 252 252 252 252 252 252 252 252 252 252 252 252 252 252 253 253 253 253 253 253 253 253 253 252 253 253 253 253 253 253 253 253 253 254 253 254 254 254 254 254 253 253 254 254 254 254 254 254 254 254 254 254 254 255 255 255 255 255 255 254 254 255 255 255 255 255 255 255 255 255 256 256 256 256 256 256 256 256 256 256 256 256 256 256 256 256 256 256 257 258 257 257 257 258 257 258 257 257 257 257 258 258 258 258 257 258 258 258 258 258 258 258 258 258 258 258 258 258 259 259 259 258 258 258 258 258 258 258 258 258 258 259 259 259 259 259 259 259 259 259 260 260 261 261 261 261 262 262 262 262 261 262 261 261 261 262 262 262 262 263 263 263 263 262 262 263 263 263 262 262 262 261 261 262 261 262 263 262 262 262 262 262 262 262 263 263 263 263 263 264 264 265 264 265 266 266 265 265 265 266 266 267 267 267 268 267 267 267 267 267 268 269 269 269 269 270 270 269 269 270 269 269 269 270 270 270 269 269 270 270 270 270 270 255 254 253 254 254 253 252 252 253 253 252 252 252 253 253 254 255 256 255 253 252 252 251 251 250 250 251 251 251 251 251 252 252 252 252 252 252 252 252 252 251 251 251 251 252 252 252 252 252 252 252 252 252 252 252 252 252 252 252 252 252 252 252 252 253 253 253 253 253 253 253 253 253 253 253 253 253 253 253 253 254 254 254 253 254 254 254 254 254 254 254 254 253 254 254 254 254 255 255 255 255 255 255 255 255 255 255 255 255 255 254 255 255 255 255 255 255 255 256 256 256 256 256 256 256 256 256 256 256 256 256 256 256 256 256 256 256 256 256 257 257 257 257 257 257 258 258 258 257 257 257 258 258 258 258 258 258 258 258 259 258 258 258 258 258 258 258 258 258 259 259 259 258 258 258 258 258 258 258 258 259 259 259 259 259 259 259 259 259 259 259 260 260 261 261 261 261 261 262 261 261 261 261 261 262 262 262 263 263 263 263 263 263 263 262 262 263 263 263 263 262 262 261 262 261 261 262 262 262 262 262 262 262 263 263 263 263 263 263 264 264 264 264 265 266 266 266 266 266 265 266 266 267 267 267 268 268 267 267 267 268 268 269 269 269 269 269 269 269 269 269 269 269 269 269 269 270 269 269 269 269 270 270 270 256 255 255 255 255 254 254 254 254 253 252 252 252 252 253 252 254 254 254 253 252 251 251 251 250 250 251 251 251 252 252 252 252 252 252 252 252 252 252 252 252 252 252 252 252 252 252 252 252 252 252 252 252 252 252 252 252 252 252 252 252 252 252 252 253 253 253 253 253 253 253 253 254 254 253 254 254 254 254 254 254 254 254 254 254 254 254 254 254 254 254 254 254 254 254 254 254 255 255 255 255 255 255 255 255 255 255 255 255 254 254 254 255 255 255 255 255 256 256 256 256 256 256 256 256 256 256 256 256 256 256 256 256 256 256 256 256 257 257 257 258 258 258 258 258 258 258 258 258 258 257 258 258 258 258 258 258 258 258 259 259 258 259 259 259 259 258 258 259 259 259 259 259 258 258 258 258 258 258 258 259 259 259 259 259 259 259 259 259 259 260 260 260 261 260 261 261 261 261 261 261 261 261 262 262 262 263 263 263 263 263 263 263 262 263 262 262 263 263 263 262 262 261 261 262 261 262 262 262 262 262 262 262 262 262 263 263 263 264 264 264 264 265 265 266 266 266 266 266 266 266 266 267 267 267 267 267 268 268 268 269 269 269 269 268 269 268 268 268 268 268 268 269 269 270 270 269 270 270 269 269 270 270 256 256 256 255 254 253 252 253 253 253 253 252 251 252 252 252 254 254 253 251 251 251 251 251 251 251 251 252 252 252 252 252 252 252 252 252 252 252 252 252 252 252 252 252 252 252 252 252 252 252 252 252 252 252 252 252 252 252 252 252 252 253 253 253 253 253 253 253 253 253 254 254 254 254 254 254 254 254 254 254 254 254 254 254 254 254 254 254 254 254 254 254 254 254 254 254 255 255 255 255 255 255 255 255 255 255 255 255 255 254 254 255 255 255 255 256 256 256 256 256 256 256 256 256 256 256 256 256 256 256 256 256 257 257 256 257 257 257 257 257 258 258 258 258 258 258 258 258 258 258 258 258 258 258 258 258 258 258 259 259 258 258 258 259 259 259 259 259 259 259 259 259 259 258 258 259 259 259 258 259 259 259 259 260 259 259 259 259 259 260 260 260 260 260 260 260 260 261 261 261 261 261 262 262 263 263 263 263 263 262 263 262 262 262 262 261 262 262 262 262 262 262 261 262 262 262 262 262 262 262 262 262 263 263 263 263 263 263 263 264 264 264 265 266 266 266 267 267 267 266 266 266 267 267 267 268 268 268 269 269 269 269 268 269 269 268 268 268 268 268 268 268 269 269 270 269 269 269 269 269 270 270 256 255 256 256 255 253 254 254 255 255 254 253 253 252 251 252 253 254 255 253 252 252 251 251 251 251 251 252 252 252 252 252 252 252 252 252 252 252 252 252 252 252 252 252 252 252 252 252 252 252 252 253 253 253 252 252 252 252 252 252 252 253 253 253 253 253 253 253 253 253 253 253 254 254 254 254 254 254 254 254 254 254 254 254 254 254 254 254 254 254 254 254 254 254 254 254 254 255 255 255 255 255 255 255 255 255 256 256 256 255 254 254 255 255 256 256 256 256 256 256 256 256 256 256 256 256 256 256 256 256 256 256 257 257 257 257 257 257 257 257 257 258 258 258 258 258 258 258 258 258 258 258 258 258 258 258 258 258 258 259 259 259 258 258 259 259 259 259 259 259 259 259 259 259 258 258 259 259 259 259 259 259 259 259 260 260 259 259 259 260 260 260 260 260 260 260 260 260 260 261 261 261 261 262 262 263 263 263 262 262 262 262 262 262 261 262 261 261 262 261 261 261 262 262 262 262 262 262 262 262 262 263 262 263 263 263 264 264 264 263 263 263 264 265 265 265 266 266 267 267 267 267 267 267 267 268 268 268 268 269 269 269 269 268 268 268 269 269 269 269 268 268 268 268 269 269 268 268 268 269 269 270 271 256 255 255 254 254 255 256 256 256 256 255 254 253 252 252 251 251 252 252 252 252 252 251 251 251 251 252 252 252 252 252 252 252 252 252 252 252 252 252 252 252 252 252 252 252 252 252 252 252 252 252 252 253 253 253 253 252 252 252 252 253 253 253 253 253 253 253 253 253 253 253 254 254 254 254 254 254 254 254 254 254 254 254 254 254 254 254 254 254 254 254 254 254 254 254 254 254 255 255 255 255 255 255 255 255 255 255 255 256 255 255 255 255 255 256 256 256 256 256 256 256 256 256 256 256 256 256 256 256 256 257 257 257 257 257 257 257 257 257 257 258 258 258 258 258 257 258 258 258 258 258 258 258 258 258 259 259 259 258 259 259 259 259 259 259 259 259 259 259 259 259 260 260 259 259 259 259 259 259 259 259 259 259 259 260 260 259 259 260 260 260 260 260 260 260 260 260 261 261 261 261 261 261 262 262 262 263 262 262 262 261 261 261 262 262 261 261 261 261 261 262 262 262 262 262 262 262 262 262 262 263 263 263 263 263 263 264 264 264 264 264 263 264 264 264 265 265 266 266 267 267 267 267 267 267 267 268 268 269 269 269 269 269 269 269 269 269 270 269 269 269 268 268 268 269 269 268 269 269 270 270 270 271 271 270 270 257 256 255 255 254 256 256 255 255 255 255 254 254 253 253 253 252 252 251 251 251 252 251 251 251 252 252 252 252 252 252 252 252 252 252 252 252 252 252 253 252 252 252 252 252 252 252 252 252 252 252 252 253 253 253 253 253 252 252 253 253 253 253 253 253 253 253 253 253 253 254 254 254 254 254 254 254 254 254 254 254 254 254 254 254 254 254 254 254 254 254 255 255 255 254 254 254 254 255 255 255 255 255 255 255 255 255 255 256 255 255 255 255 255 256 256 256 256 256 256 256 256 256 256 256 256 256 257 257 257 257 257 257 257 257 257 257 257 257 257 258 258 257 258 258 258 258 258 259 258 258 258 258 258 258 258 259 259 259 259 259 259 259 259 259 259 259 259 259 259 259 259 260 260 259 259 259 259 259 259 259 259 259 259 260 260 260 260 260 260 260 260 260 260 261 260 260 261 261 261 261 261 262 261 262 262 262 262 262 261 261 261 261 261 261 261 261 262 262 262 262 262 262 262 262 262 262 262 262 262 262 263 263 264 264 264 264 264 264 265 264 264 264 265 265 265 266 266 267 267 267 268 268 267 268 267 267 268 269 268 269 269 269 269 269 269 269 270 270 269 268 268 268 268 268 268 268 268 269 270 270 270 270 270 270 270 269 257 256 255 256 256 256 256 255 255 254 254 253 253 253 253 252 252 252 252 251 251 251 252 252 252 252 252 252 252 252 253 253 253 253 253 253 253 253 253 252 252 252 252 252 252 252 252 252 252 252 252 253 253 253 253 253 252 253 253 253 253 253 253 253 253 253 253 253 254 254 254 254 254 254 254 254 254 254 254 254 254 254 254 254 254 254 254 254 254 255 255 255 255 255 254 254 254 255 255 255 255 255 255 255 255 256 255 255 255 255 255 255 256 256 256 256 256 256 256 256 256 256 256 256 257 257 257 257 257 257 257 257 257 257 257 257 257 257 257 258 258 258 258 258 258 258 258 258 258 258 258 259 258 258 259 259 259 259 259 259 259 259 259 259 259 259 259 259 259 259 259 259 260 259 259 259 259 259 259 259 259 259 259 260 260 260 260 260 260 260 260 260 260 260 261 261 261 261 261 261 261 261 262 261 262 262 261 261 261 261 261 261 262 262 262 262 262 262 262 262 262 262 262 262 262 263 263 263 262 262 263 263 263 263 264 264 264 265 265 265 264 265 265 266 266 265 266 266 267 267 267 268 268 267 268 268 269 269 268 268 268 269 269 269 270 270 270 270 270 269 268 268 268 269 269 268 268 268 268 269 269 270 269 270 270 269 269 269 257 256 257 257 258 257 256 255 254 254 254 254 254 254 254 253 252 252 252 251 252 252 252 252 252 253 253 253 253 253 253 253 253 253 253 253 253 253 253 253 253 253 253 253 253 252 253 253 253 253 253 253 253 253 253 253 253 253 253 253 253 253 253 253 253 253 253 254 254 254 254 254 254 254 254 254 254 254 254 254 254 254 254 254 255 255 254 254 255 255 255 255 255 255 255 254 254 255 255 255 255 255 256 256 256 256 255 255 255 255 255 256 256 256 256 256 256 256 256 256 256 257 257 257 257 257 257 257 257 257 257 257 257 257 257 257 257 257 258 258 258 258 258 258 258 258 258 258 258 259 258 258 258 259 259 259 260 259 259 259 259 259 259 259 259 260 260 260 259 259 260 260 260 259 259 259 259 259 259 259 259 259 259 260 260 260 260 260 260 260 260 260 261 261 261 261 261 262 262 262 261 261 261 262 262 261 261 261 261 261 262 262 262 262 262 262 262 262 262 262 262 262 262 263 263 263 263 263 263 263 263 263 263 264 264 264 265 265 265 265 265 266 267 266 266 266 266 266 267 267 267 268 268 268 268 269 269 269 269 268 268 268 269 269 270 270 269 269 269 269 269 269 270 269 269 268 268 268 268 268 269 269 269 269 269 269 269 270 258 258 258 258 257 257 256 255 255 255 254 255 255 254 253 253 252 252 251 252 252 252 252 253 253 253 253 253 253 253 253 253 253 253 253 253 253 253 253 253 253 253 253 253 253 253 253 253 253 253 253 253 253 253 253 253 253 253 253 253 253 253 253 253 253 254 254 254 254 254 254 254 254 254 254 254 254 254 254 254 255 255 255 255 255 254 254 255 255 256 255 255 255 255 255 254 255 255 255 255 256 256 256 256 256 256 255 255 255 256 256 256 256 256 256 256 256 256 256 257 257 257 257 257 257 257 257 257 257 257 257 257 257 257 257 257 258 258 258 258 258 258 258 258 258 258 259 259 259 258 258 258 259 259 259 259 259 259 259 259 259 259 259 260 260 260 260 259 259 260 260 260 259 259 259 259 259 259 259 260 259 259 260 260 260 260 260 260 260 260 261 261 261 261 261 261 261 262 262 262 261 261 262 261 261 261 261 261 262 262 262 262 262 262 262 262 262 262 262 262 262 262 262 263 263 263 263 264 264 264 264 263 263 264 264 264 265 265 265 265 266 267 267 267 267 267 267 267 267 268 268 268 269 269 270 269 269 269 269 268 268 269 270 269 268 268 269 269 269 268 269 270 270 270 270 269 269 268 268 268 268 269 269 269 269 269 270 272 258 257 256 256 255 255 255 255 254 254 253 253 254 253 252 252 252 252 252 252 253 253 253 253 253 253 253 253 253 253 253 253 253 253 253 253 253 253 253 253 253 253 253 253 253 253 253 253 253 253 253 253 253 253 253 253 253 253 253 253 254 254 254 254 254 254 254 254 254 254 254 254 254 254 254 254 254 255 255 255 255 255 255 254 254 255 255 256 255 255 256 255 255 255 255 255 255 255 255 256 256 256 256 256 255 255 256 256 256 256 256 256 256 257 257 257 257 257 257 257 257 257 257 257 257 257 257 257 257 257 257 257 257 257 257 258 258 258 258 258 258 258 258 258 259 259 259 259 258 258 258 259 259 259 259 259 259 259 259 259 259 259 259 259 259 259 259 259 260 260 259 259 259 259 259 259 260 260 260 260 260 260 260 260 260 260 261 261 261 261 261 261 261 261 262 262 262 262 262 261 261 261 261 261 261 262 262 262 262 262 262 262 262 262 263 263 263 263 263 263 263 263 263 263 263 263 264 264 264 264 263 263 264 264 265 264 265 265 266 266 266 266 267 267 267 267 268 268 268 269 269 269 269 269 268 268 269 269 268 269 269 269 269 268 268 269 269 269 269 270 270 270 270 270 270 269 269 269 268 269 269 269 269 270 270 271 271 272 257 256 256 256 256 255 254 253 253 253 253 253 252 252 252 252 253 253 253 253 253 253 253 253 253 253 253 253 253 253 253 253 253 253 253 253 253 253 253 253 253 253 253 253 253 253 253 253 253 253 253 253 253 253 253 253 253 254 254 254 254 254 254 254 254 254 254 254 254 254 254 254 254 254 255 255 255 255 255 255 255 255 255 255 256 256 256 255 256 255 255 255 255 255 255 256 256 256 256 256 256 256 256 256 256 256 256 256 256 256 257 257 257 257 257 257 257 257 257 257 257 257 257 257 257 257 257 258 258 258 258 258 258 258 258 258 258 259 258 258 258 258 259 259 259 259 259 258 259 259 259 259 259 260 260 259 259 259 259 259 259 259 259 259 259 260 260 260 259 259 259 259 259 260 259 259 259 260 260 260 260 261 261 261 261 261 261 261 261 261 261 262 262 261 261 261 261 261 261 261 262 262 262 262 262 262 262 262 262 262 263 263 263 263 263 263 263 263 263 263 263 263 263 264 264 264 264 264 264 263 264 264 265 265 266 266 265 266 266 266 267 267 268 267 267 267 268 269 269 269 269 268 268 268 268 268 269 269 269 268 269 268 269 269 268 269 270 270 269 269 269 269 269 269 269 269 269 269 269 269 269 269 271 271 271 272 272 257 258 257 255 255 254 253 253 252 253 252 252 252 252 253 253 253 253 253 253 253 253 253 253 253 253 253 253 253 253 253 253 253 253 253 253 253 253 253 253 253 253 253 253 253 253 253 253 253 253 253 254 253 253 253 253 254 254 254 254 254 254 254 254 254 254 254 254 254 255 255 255 255 255 255 255 255 255 255 255 255 255 256 256 256 256 256 256 255 255 255 255 255 255 256 256 256 256 256 256 256 256 256 256 256 256 256 256 257 257 257 257 257 257 257 257 257 257 257 257 257 257 257 258 258 258 258 258 258 258 258 258 258 259 259 259 259 259 259 259 259 259 259 259 259 259 259 259 259 259 259 259 260 259 259 259 259 259 260 259 259 259 259 260 260 260 260 259 259 259 259 259 259 259 259 260 260 260 260 260 261 261 261 261 261 261 261 261 261 261 261 261 261 261 261 261 261 262 262 262 262 262 262 262 262 262 262 262 263 263 263 263 263 263 263 263 263 264 264 264 264 264 264 264 265 264 264 264 264 264 264 264 265 265 265 266 265 266 267 267 267 267 267 267 268 269 269 270 270 269 269 269 269 269 268 268 268 268 268 268 268 268 269 270 270 270 269 268 269 269 269 269 268 269 269 269 269 269 269 269 271 271 271 272 272 272 258 257 257 256 255 254 253 253 252 252 252 252 252 252 253 253 253 253 253 253 253 253 253 253 253 253 253 253 253 253 253 254 254 254 254 254 254 253 253 253 253 253 253 253 253 254 254 254 254 254 254 254 254 254 254 254 254 254 254 255 254 254 255 255 255 255 255 255 255 255 255 255 255 255 256 256 256 255 255 255 255 256 256 256 256 256 256 256 256 256 255 255 255 256 256 256 256 256 257 257 257 256 257 257 257 257 257 257 257 257 257 257 257 257 257 258 258 258 258 258 258 258 258 258 258 258 258 258 258 258 258 258 259 259 259 259 259 260 259 260 260 259 259 259 259 259 259 259 259 260 260 260 260 260 260 259 259 259 260 260 260 260 260 260 260 260 260 260 259 259 260 260 260 260 260 260 260 260 260 260 260 260 261 261 261 261 261 261 261 261 260 261 261 261 261 261 261 262 262 262 262 262 262 262 262 262 262 262 262 262 263 263 263 263 263 263 263 263 263 264 264 264 264 264 264 265 264 265 265 265 265 265 265 265 265 265 265 266 267 266 266 267 267 267 267 268 269 269 268 268 268 268 268 268 268 269 269 269 269 269 268 268 268 269 270 270 269 268 268 268 268 268 268 269 269 269 268 268 269 269 269 269 269 269 270 270 256 256 256 255 254 254 253 253 253 252 252 252 253 253 253 253 253 253 253 253 253 253 253 253 253 253 254 254 253 254 254 254 254 254 254 254 253 253 253 253 253 253 253 253 254 254 254 254 254 254 255 254 254 254 254 254 254 254 255 255 254 255 255 255 255 255 255 255 255 255 255 255 256 256 256 256 256 255 255 255 256 256 256 256 256 256 256 256 256 256 255 255 255 256 256 257 257 257 257 257 257 257 257 257 257 257 257 257 257 257 257 257 258 258 258 258 258 258 258 258 258 258 258 258 258 258 258 258 258 258 258 258 259 259 259 259 259 259 259 260 259 259 259 259 259 259 259 260 260 260 260 259 260 260 259 260 260 260 260 260 260 260 260 260 260 260 260 260 259 259 260 260 260 260 261 261 261 261 260 260 260 260 261 261 261 261 261 261 261 261 261 261 261 261 262 262 262 262 262 262 262 262 262 262 262 262 262 262 262 262 263 263 263 263 263 263 263 263 263 264 264 264 265 265 265 265 265 265 266 265 265 266 265 266 266 265 266 266 266 267 267 267 267 268 269 268 268 268 268 268 269 269 269 269 269 269 270 270 269 269 269 269 269 269 269 269 268 269 269 269 269 269 269 269 269 268 268 269 269 269 269 269 269 270 270 270 256 256 256 255 254 254 253 253 253 252 252 253 253 253 253 253 253 253 253 254 254 253 254 254 254 254 254 254 254 254 254 254 254 254 254 253 253 253 253 253 253 253 254 254 254 254 254 254 254 255 255 255 255 255 254 254 255 255 255 254 254 255 255 255 255 255 255 255 255 255 255 256 256 256 256 256 256 256 255 256 256 256 256 256 256 256 256 256 256 256 256 255 256 256 256 257 257 257 257 257 257 257 257 257 257 257 257 257 257 258 258 258 258 258 258 258 258 258 258 258 258 258 258 258 258 258 258 258 258 258 258 258 259 259 259 259 259 259 260 259 259 259 259 259 259 259 260 260 260 260 260 260 260 260 260 260 260 260 260 260 260 260 260 260 260 260 260 260 260 260 260 261 261 261 261 261 260 260 260 260 260 261 261 261 261 261 261 261 261 261 261 262 262 262 262 262 262 262 262 262 262 262 262 262 262 262 263 263 263 263 263 263 263 263 263 263 264 264 264 264 264 265 265 266 266 266 266 266 266 266 266 266 267 266 266 266 266 266 266 267 267 267 268 269 269 269 269 269 268 269 270 269 269 269 270 270 270 269 269 269 269 269 269 269 269 269 270 270 269 269 269 269 269 269 268 268 269 270 269 269 269 270 270 270 270 256 256 255 255 254 253 253 253 253 252 252 253 253 253 253 253 253 253 254 254 254 254 254 254 254 254 254 254 254 254 253 254 254 254 254 254 253 253 253 253 253 253 254 254 254 254 254 254 254 254 254 255 255 255 255 255 255 255 255 255 255 255 255 255 255 255 255 256 255 255 255 256 256 256 256 256 256 256 255 256 256 256 256 256 256 256 256 256 256 256 256 256 256 256 257 257 257 257 257 257 257 257 257 257 257 257 257 258 258 258 258 258 258 258 258 258 258 258 258 258 258 258 258 258 258 258 258 258 258 259 259 259 259 259 259 259 260 259 260 260 259 259 259 259 260 260 260 260 260 260 260 260 260 260 260 260 260 260 260 261 261 261 260 260 260 260 260 260 260 260 260 261 261 261 261 261 261 260 260 261 260 260 261 261 261 261 261 261 261 262 262 262 262 262 262 262 262 262 262 262 262 262 262 262 262 262 263 263 263 263 263 263 263 263 263 263 263 264 264 264 265 265 266 266 266 266 266 266 267 267 266 267 266 267 267 266 266 267 267 267 267 268 268 269 269 269 269 269 269 270 269 269 269 269 270 270 269 269 269 269 269 269 269 269 269 270 271 271 270 270 269 269 269 269 269 268 269 269 269 269 269 270 270 270 255 254 254 253 253 252 252 252 253 253 253 253 253 253 253 254 254 254 254 254 254 254 254 254 254 254 254 253 254 254 254 254 254 254 254 253 253 253 254 254 254 254 254 254 254 254 254 254 254 255 255 255 255 255 255 256 256 256 255 255 255 255 256 256 256 256 256 255 255 255 256 256 256 256 256 256 256 256 256 256 256 256 257 257 257 257 257 257 257 257 257 256 257 257 257 257 257 257 257 257 257 257 257 257 258 258 258 258 258 258 258 258 258 258 258 258 258 258 258 258 258 258 259 259 259 259 259 259 259 259 259 259 259 259 260 260 260 260 260 259 259 259 260 260 260 260 260 260 260 260 260 260 260 260 260 260 260 260 260 261 261 261 261 260 260 260 260 260 260 261 261 261 261 261 261 261 261 261 261 260 261 261 261 261 261 261 262 262 262 262 262 262 262 262 262 262 262 262 262 262 262 262 263 263 263 263 263 263 263 263 263 264 263 264 264 264 264 264 265 266 266 266 266 266 266 266 267 267 268 267 267 267 267 266 267 267 267 268 268 268 269 269 269 269 270 270 270 270 269 270 269 270 270 270 270 269 269 269 270 270 269 269 270 270 270 271 271 270 270 269 269 269 269 269 269 269 269 269 270 270 270 254 254 253 253 253 253 252 252 252 253 253 253 253 254 254 254 254 254 254 254 254 254 254 254 254 254 254 254 254 254 254 254 254 254 254 254 254 254 254 254 254 254 254 254 254 254 254 254 254 254 255 255 255 255 255 255 255 255 255 255 255 255 255 255 256 256 256 256 256 256 256 256 256 256 256 256 256 256 256 256 256 256 256 257 257 257 257 257 257 257 257 257 256 256 257 257 257 257 257 257 257 257 257 257 258 258 258 258 258 258 258 258 258 258 258 258 258 258 258 258 258 258 258 258 259 259 259 259 259 260 260 260 259 259 259 260 260 260 260 260 260 260 260 260 260 260 260 260 260 260 260 260 260 260 260 260 260 260 260 260 261 261 261 261 261 260 260 260 260 261 261 261 261 261 261 261 261 261 261 261 261 261 261 261 261 261 262 262 262 262 262 262 262 262 262 262 262 262 262 262 262 262 263 263 263 263 263 263 263 263 263 263 264 264 263 264 264 264 265 265 266 266 265 266 267 267 267 267 267 268 268 268 268 267 267 268 268 268 269 269 269 270 269 268 269 269 269 270 270 270 270 270 270 270 270 270 269 269 270 270 270 269 269 270 270 271 270 270 270 269 269 269 269 269 269 269 269 269 269 270 270 270 254 253 253 253 254 253 253 253 253 253 254 254 254 254 254 254 254 254 254 254 254 254 254 254 254 254 254 254 254 254 254 254 254 254 254 254 254 254 254 254 254 254 254 254 254 254 254 254 254 255 255 255 255 255 255 256 255 255 255 255 255 255 255 255 256 256 256 256 256 256 256 256 256 256 256 256 256 256 256 256 256 257 257 257 257 257 257 256 256 256 256 256 257 257 257 257 257 257 257 257 257 257 258 258 258 258 258 258 258 258 258 258 258 258 258 258 258 258 258 259 258 258 259 259 259 259 259 259 260 260 260 260 260 260 260 260 260 260 260 260 260 260 260 260 260 260 260 260 260 260 260 261 261 261 261 261 260 261 261 261 261 261 261 260 260 260 260 261 261 261 261 261 261 261 261 261 261 261 261 261 261 261 261 262 262 262 262 262 262 262 262 262 262 262 262 262 262 262 262 263 263 263 263 263 263 263 263 263 263 263 264 264 264 264 264 265 265 266 266 266 265 266 266 266 267 267 268 268 268 268 268 268 268 268 269 269 269 269 269 269 269 269 269 269 269 269 269 269 270 270 270 270 270 269 269 270 270 271 270 270 270 270 271 270 270 269 269 269 269 269 269 269 270 270 270 269 269 270 270 270 254 254 253 253 253 253 253 253 253 254 254 254 254 254 254 254 254 254 254 254 254 254 254 254 254 254 254 254 254 254 254 254 254 254 254 254 254 254 254 254 254 254 254 254 254 254 254 254 254 255 255 255 254 254 255 255 256 256 256 256 255 255 255 255 255 256 256 256 256 256 256 256 256 256 256 256 256 256 256 256 257 257 257 257 257 257 257 257 257 258 257 257 257 258 257 257 257 257 257 257 257 258 258 258 258 258 258 258 258 258 258 258 258 258 259 259 259 259 259 259 259 259 259 259 259 259 259 259 259 260 260 260 260 260 260 260 260 260 260 260 260 260 260 260 260 260 260 260 260 260 260 261 261 261 261 261 260 261 261 261 261 261 260 260 260 260 261 261 261 261 261 262 261 261 261 261 261 261 261 261 261 261 262 262 262 262 262 262 262 262 262 262 262 262 262 262 262 262 262 263 263 263 263 263 263 263 264 264 264 264 264 264 264 265 265 265 265 266 266 266 265 265 265 266 266 267 267 268 268 268 268 268 268 269 269 269 269 269 268 269 269 268 269 269 269 269 269 270 270 270 270 270 270 270 269 270 270 270 271 270 270 271 271 270 270 270 269 269 269 269 269 269 270 270 270 269 269 270 270 270 253 253 253 253 253 253 254 254 254 254 254 254 254 254 254 254 254 254 254 254 254 254 254 254 254 254 254 254 254 254 254 254 254 254 254 254 254 254 254 254 254 255 255 255 255 254 254 254 255 254 254 254 255 256 256 256 256 256 255 255 255 255 255 255 256 256 256 256 256 256 256 256 256 256 256 256 256 256 257 257 257 257 257 257 257 257 258 258 257 257 257 257 257 257 257 257 257 257 258 258 258 258 258 258 258 258 258 258 258 259 259 258 259 259 259 259 259 259 259 259 259 259 259 259 259 259 260 260 260 260 260 260 260 260 260 260 260 260 260 260 260 260 260 260 260 260 260 260 260 261 261 261 261 260 260 260 260 260 260 260 260 260 260 261 261 261 261 261 261 262 262 261 261 261 261 261 261 261 261 262 262 262 262 262 262 262 262 262 262 262 262 262 262 263 263 263 262 263 263 263 263 263 263 263 263 264 264 264 264 264 265 265 264 265 265 265 266 266 265 266 266 266 266 266 267 268 268 268 268 268 268 269 269 268 269 269 269 268 269 269 269 269 269 269 269 269 270 270 271 270 270 270 270 270 271 271 271 271 271 272 271 271 270 270 269 269 269 269 270 270 270 270 270 270 270 269 270 253 253 253 253 253 254 254 254 254 254 254 254 254 254 254 254 254 254 254 254 254 254 254 254 254 254 254 254 254 254 254 254 254 254 254 254 254 254 255 254 255 255 255 255 255 255 255 255 255 255 254 255 255 256 256 256 256 256 255 255 255 255 255 255 255 256 256 255 256 256 256 257 256 256 256 256 256 256 256 257 257 257 257 257 257 257 257 258 258 257 257 257 257 257 257 257 257 257 258 258 258 258 258 258 258 258 258 258 259 259 259 259 259 259 259 259 259 259 259 259 259 259 259 259 259 259 260 259 260 260 260 260 260 260 260 260 260 260 260 260 261 260 260 260 260 260 260 260 261 261 261 261 261 261 261 261 261 261 261 261 261 261 261 261 261 261 261 261 261 262 262 262 262 262 261 261 261 261 262 262 262 262 262 262 262 262 262 262 262 262 262 262 262 263 263 263 263 262 263 263 263 263 264 263 264 264 264 264 264 264 264 264 265 265 265 265 265 265 265 266 267 267 267 267 268 268 268 268 268 268 268 268 269 268 269 269 269 268 269 269 269 268 269 269 269 269 269 270 270 270 271 270 271 271 271 271 271 271 272 272 272 271 270 270 270 270 270 269 270 270 270 270 270 270 269 269 269 253 253 253 253 253 254 254 254 254 254 254 254 254 254 254 254 254 254 254 254 254 254 254 255 255 255 255 255 255 255 255 255 255 255 254 254 255 255 255 255 255 255 255 255 255 255 255 255 255 255 255 255 255 255 256 256 256 256 256 256 256 256 255 256 255 255 255 255 255 256 256 257 257 256 256 256 257 257 256 257 257 257 257 257 257 257 258 258 258 258 258 258 257 257 257 257 257 257 258 258 258 258 258 258 258 258 258 258 259 259 259 259 259 259 259 259 259 259 259 259 259 259 259 259 259 260 260 259 259 260 260 260 260 260 260 260 260 260 260 260 260 260 260 260 260 260 260 261 261 261 261 261 261 261 261 261 261 261 262 261 261 261 261 261 261 261 261 261 261 262 262 262 262 262 261 261 261 261 262 262 262 262 262 262 262 262 262 262 262 263 262 262 262 263 263 263 263 263 263 263 263 264 264 264 264 264 264 265 265 264 265 265 265 265 265 265 265 265 266 266 266 266 266 267 268 268 267 268 268 268 268 268 268 268 269 269 269 269 269 269 269 269 269 270 270 269 269 270 270 270 271 271 271 271 271 271 271 271 271 271 271 271 271 271 270 270 270 270 270 270 269 269 270 269 270 269 254 253 253 253 253 253 253 253 254 254 254 254 254 254 254 254 254 254 254 254 254 254 254 254 254 255 255 255 255 255 255 255 255 255 255 255 255 255 255 255 255 255 255 255 255 255 255 255 255 255 255 255 255 255 255 255 255 255 256 256 256 256 256 256 256 256 256 256 256 255 255 256 256 257 257 256 256 257 257 257 257 256 257 257 256 257 257 257 258 258 258 258 257 257 257 257 257 257 257 257 258 258 258 258 258 258 258 258 258 258 259 259 259 259 259 259 259 259 259 259 259 259 259 259 259 259 260 260 260 260 260 260 260 260 260 260 260 260 260 260 260 260 261 260 260 260 260 261 261 261 261 261 261 261 261 261 261 261 261 262 262 262 261 261 261 261 261 261 261 262 262 262 262 262 262 262 262 261 262 262 262 262 262 262 262 262 263 263 263 262 263 263 262 263 263 263 263 263 263 263 263 263 263 264 264 264 264 264 264 265 265 265 265 265 265 265 265 265 265 265 265 265 266 265 266 267 267 267 267 267 267 268 268 268 268 268 268 268 268 269 269 269 269 269 269 269 270 270 270 270 270 271 271 271 271 271 270 271 270 271 271 271 271 271 271 271 271 270 269 269 269 269 270 270 270 270 270 270 254 254 253 254 254 253 253 253 254 254 254 254 254 254 254 254 254 254 254 254 254 255 255 255 255 255 255 255 255 255 255 255 255 255 255 255 255 255 255 255 255 255 255 255 255 255 255 255 255 255 255 255 255 255 255 255 255 256 256 256 256 256 256 256 256 256 256 256 256 255 256 256 256 256 256 256 257 257 257 257 256 257 256 256 256 257 257 258 258 258 257 258 258 258 258 258 258 258 258 258 258 258 258 258 258 258 258 259 259 259 259 259 259 259 259 259 259 259 259 259 260 260 259 260 259 260 260 260 260 260 260 260 260 260 260 260 260 260 260 260 260 260 260 261 260 260 261 261 261 261 261 261 261 261 261 261 261 261 261 262 262 261 261 261 261 261 261 261 262 262 262 262 262 262 262 262 262 262 262 262 262 262 262 262 263 263 263 263 263 263 263 263 263 263 263 263 263 263 263 263 263 263 264 264 264 264 264 264 265 264 265 264 265 265 265 265 265 265 265 266 265 265 266 266 267 267 267 267 266 267 267 267 267 268 268 269 269 269 269 269 269 270 270 269 269 270 270 271 270 270 271 271 271 271 270 271 270 270 270 270 270 270 270 271 271 271 270 270 269 269 270 271 271 271 255 255 254 254 253 254 254 253 254 254 254 254 254 254 254 255 255 255 255 254 254 255 255 255 255 255 255 255 255 255 255 255 255 255 255 255 255 255 255 255 255 255 255 255 255 255 255 255 255 255 255 255 255 255 255 255 256 256 256 256 256 256 256 256 256 256 256 256 256 256 256 256 256 256 256 256 257 257 257 257 257 257 257 257 257 257 258 258 258 258 258 258 259 258 258 258 258 258 258 258 258 258 258 258 258 259 259 259 259 259 259 259 259 259 259 260 260 260 260 260 260 260 260 260 260 260 260 260 260 260 260 260 260 260 260 260 260 260 260 260 260 261 261 261 261 261 261 261 261 261 261 261 261 261 261 261 261 261 262 262 261 262 261 261 261 261 262 262 262 262 262 262 262 262 262 262 262 262 262 262 262 262 263 263 263 263 263 263 263 263 263 263 263 263 263 263 263 263 263 263 264 264 264 264 264 264 264 265 264 264 264 264 264 264 265 265 265 265 265 265 265 265 266 267 266 266 266 266 267 267 268 268 268 268 269 269 269 269 269 269 270 270 270 269 269 270 271 270 270 271 271 271 271 271 271 271 271 271 271 271 271 270 270 270 271 270 269 270 270 270 271 255 254 254 254 253 254 254 254 254 254 254 254 254 255 255 255 255 255 255 255 255 255 255 255 255 255 255 255 255 255 255 255 255 255 255 255 255 255 255 255 255 255 255 255 255 255 255 255 256 256 256 256 256 256 256 255 256 256 256 256 256 256 256 256 256 256 256 256 256 256 256 256 256 256 257 257 257 257 257 257 257 257 257 257 257 258 258 258 259 259 259 259 259 259 258 259 259 258 258 258 258 258 259 259 259 259 259 259 259 259 259 259 260 260 260 260 260 260 260 260 260 260 260 260 260 260 260 260 260 260 260 260 260 260 260 260 261 261 261 261 261 261 261 261 261 261 261 261 261 261 261 261 261 261 261 261 262 262 262 262 262 261 261 261 262 262 262 262 262 262 262 262 262 262 262 262 262 262 263 263 263 263 263 263 263 263 263 264 264 264 264 263 263 263 263 263 263 263 264 264 264 264 264 265 265 265 264 264 264 264 264 265 265 265 265 265 265 265 265 265 266 267 266 266 266 267 267 268 269 269 269 268 269 270 270 269 270 269 269 270 270 270 269 269 270 271 271 271 272 271 271 272 272 271 271 271 271 271 271 271 271 270 270 270 270 271 271 271 255 255 255 254 254 254 254 254 254 254 254 254 255 255 255 255 255 255 255 255 255 255 255 255 255 255 255 255 255 255 255 255 255 255 255 255 255 255 255 255 255 255 255 255 255 255 255 256 256 256 256 256 256 256 256 256 256 256 256 256 256 256 256 256 256 256 256 256 256 256 257 256 256 257 257 257 256 257 257 257 257 257 257 258 258 258 258 258 259 259 259 259 259 258 258 259 259 259 258 258 258 258 258 259 259 259 259 259 259 259 260 260 260 260 260 260 260 260 260 260 260 260 260 260 260 260 260 260 260 260 260 260 260 261 261 261 261 261 261 261 261 261 261 261 261 261 261 261 261 261 262 262 262 262 262 262 262 263 262 262 262 262 262 262 262 263 262 262 262 262 262 262 262 262 262 262 262 263 263 263 263 263 263 263 263 264 264 264 264 264 263 263 263 263 263 263 263 264 264 264 264 264 265 265 265 264 264 264 264 265 265 265 265 265 265 266 266 266 266 265 265 266 266 266 268 268 267 268 268 269 269 269 269 270 270 270 270 270 270 270 271 270 270 270 270 271 272 272 271 271 271 271 271 271 270 270 270 271 271 270 270 270 270 271 272 256 255 255 255 255 255 254 254 254 254 254 254 254 255 255 255 255 255 255 255 255 255 255 255 255 255 255 255 255 255 255 255 255 255 255 255 255 255 255 255 255 255 255 255 255 255 256 256 256 256 256 256 256 256 256 256 256 256 256 256 256 256 256 256 256 256 256 256 257 257 257 257 257 257 257 257 257 257 257 257 257 257 258 258 258 259 259 259 259 259 258 258 258 258 259 259 259 258 259 259 259 258 258 258 259 259 259 259 259 259 259 260 260 260 260 260 260 260 260 260 260 260 260 260 260 260 260 260 260 260 261 261 261 261 261 261 261 261 261 261 261 261 261 261 261 261 261 261 261 261 261 261 262 262 262 262 263 263 263 263 262 262 262 262 263 262 262 262 263 263 263 262 262 262 262 262 262 263 263 263 263 263 263 263 263 264 264 264 264 264 264 263 263 263 263 264 264 264 264 264 265 265 265 265 265 264 264 265 265 265 266 265 265 266 265 266 266 266 266 266 265 266 266 267 268 268 268 268 268 268 269 270 270 270 270 270 270 270 270 270 271 271 270 271 271 271 271 271 270 271 271 270 270 270 270 270 270 270 270 270 271 271 255 255 254 254 254 255 254 254 255 254 254 254 255 255 255 255 255 255 255 255 255 255 255 255 255 255 255 255 255 255 255 255 255 255 256 256 256 255 255 255 256 256 256 256 256 256 256 256 256 256 256 256 256 256 256 256 256 257 256 256 256 256 256 256 256 257 257 257 257 257 257 257 257 257 257 257 257 257 257 257 257 258 258 258 258 258 259 259 259 259 258 258 258 258 259 260 259 258 259 259 259 259 258 259 259 259 259 259 259 259 259 260 260 260 260 260 260 260 260 260 260 260 260 260 260 260 260 261 261 261 261 261 261 261 261 261 261 261 261 261 261 261 261 261 261 261 262 261 261 261 261 262 262 262 262 263 263 263 262 263 262 262 262 262 262 262 262 262 263 263 263 262 262 262 262 262 263 263 263 263 263 263 263 263 263 264 264 264 264 264 263 264 264 263 264 264 264 264 265 265 265 265 264 264 265 265 265 265 266 265 266 266 266 266 266 266 266 266 266 266 266 266 266 267 267 267 267 268 268 268 269 269 270 270 270 270 270 270 270 271 271 271 270 270 271 271 271 271 270 271 271 270 270 270 270 270 270 270 271 271 271 255 255 254 254 254 255 255 255 254 254 254 255 254 255 255 255 255 255 255 255 255 255 256 256 255 255 255 255 255 256 256 256 256 256 256 256 256 256 256 256 256 256 256 256 256 256 256 256 256 256 256 256 256 256 257 256 257 257 256 256 256 256 256 257 257 257 257 257 257 257 257 257 257 257 257 257 257 257 257 257 257 258 257 257 257 258 258 259 259 259 259 259 259 259 259 260 259 259 259 259 259 258 258 258 259 259 259 259 259 259 259 260 260 260 260 260 260 260 260 260 260 260 260 260 260 260 261 261 261 261 261 261 261 261 261 261 261 261 261 261 261 261 261 261 261 262 262 262 261 261 261 261 262 262 262 263 263 263 263 262 262 262 263 262 262 262 262 262 263 263 263 262 262 262 262 263 263 263 263 263 263 263 263 263 263 264 264 264 264 263 263 264 264 264 264 264 264 265 264 264 264 264 264 264 264 265 265 266 266 266 266 267 266 266 267 266 267 267 266 266 267 267 266 267 268 268 267 268 268 269 269 270 270 270 270 270 270 270 270 271 270 270 270 270 271 270 270 270 271 271 271 270 270 271 271 271 271 271 271 255 255 255 255 255 255 255 254 254 255 255 255 255 254 255 255 255 255 255 255 255 256 256 256 256 255 255 255 255 256 256 256 256 256 256 256 256 256 256 256 256 256 256 256 256 256 256 256 256 256 256 256 256 257 257 256 257 257 256 256 257 257 257 257 257 257 257 257 257 257 257 257 257 257 257 257 257 257 257 257 257 257 258 258 258 259 259 259 260 259 259 258 258 259 260 259 259 259 259 259 259 259 259 258 259 259 259 259 259 259 259 260 260 260 260 260 260 260 260 260 260 260 260 260 260 261 261 261 261 261 261 261 261 261 261 261 261 261 261 261 261 261 262 262 262 262 262 262 262 262 261 261 261 262 262 262 263 263 262 262 263 263 263 263 263 262 262 262 263 263 263 262 262 262 263 263 263 263 263 263 263 263 263 263 264 264 264 264 264 263 263 264 264 264 264 265 265 264 264 264 264 264 264 265 266 266 266 267 267 267 267 267 267 267 267 267 267 267 267 267 267 267 268 267 268 268 268 269 269 270 270 269 270 271 271 271 270 271 270 270 270 270 270 271 271 271 271 271 271 271 272 256 256 255 255 255 255 255 255 255 256 256 256 255 255 255 255 255 255 255 256 256 256 256 256 256 255 255 255 256 256 256 256 256 256 256 256 256 256 256 256 256 256 256 256 256 256 256 256 256 256 256 256 256 257 257 256 257 257 257 257 257 257 257 257 257 257 257 257 257 257 257 257 257 257 257 258 258 258 257 257 257 257 258 258 258 259 260 260 260 260 259 259 259 259 259 259 259 259 260 260 260 259 259 259 259 259 259 259 259 259 259 260 260 260 260 260 260 260 260 260 260 260 260 260 260 261 261 261 261 261 261 261 261 261 261 261 261 261 261 261 261 261 262 262 262 262 262 262 262 262 262 262 261 261 262 262 263 263 263 263 263 263 263 263 263 263 262 262 262 262 262 262 262 263 263 263 263 263 263 263 263 263 263 264 264 264 264 264 264 264 263 264 264 264 264 265 264 264 264 264 264 265 265 265 266 266 267 267 267 268 268 267 267 267 267 267 267 267 267 267 268 268 268 268 268 268 269 270 271 271 271 271 271 271 271 271 271 271 271 256 256 256 256 256 256 255 255 255 255 255 256 256 256 256 256 256 256 255 255 256 256 256 256 256 256 256 256 256 256 256 256 256 256 256 256 256 256 256 256 256 256 256 256 256 257 257 257 257 257 257 257 257 257 257 257 257 257 257 257 257 257 258 257 257 258 258 258 258 258 258 257 257 257 258 258 258 259 259 260 261 260 259 260 260 260 260 259 259 260 260 261 260 259 259 259 259 259 259 259 259 259 259 260 260 260 260 260 260 260 260 260 260 260 260 260 261 261 261 261 261 261 261 261 261 261 261 261 261 261 261 261 261 261 261 261 262 262 262 262 263 262 262 262 262 261 262 262 263 263 263 263 263 263 263 263 263 263 262 263 263 262 262 263 263 263 263 263 263 263 263 263 263 263 263 264 264 264 264 264 264 264 264 264 264 264 264 264 264 264 265 266 266 267 267 268 268 268 267 267 268 267 267 267 267 267 267 268 268 268 268 269 271 271 271 271 256 255 256 255 255 256 256 256 256 256 256 256 256 255 255 255 256 256 256 256 256 256 256 256 256 256 256 256 256 256 256 256 256 256 256 256 256 256 256 257 257 257 257 257 257 257 257 257 257 257 257 257 257 258 257 258 258 257 257 258 258 258 258 258 257 257 257 258 258 259 259 259 260 260 261 261 261 261 261 261 261 260 260 261 261 261 261 260 260 260 260 259 259 259 259 259 259 260 260 260 260 260 260 260 261 260 260 260 261 260 260 261 261 261 261 261 261 261 261 261 261 261 261 261 261 261 261 262 262 262 262 262 262 262 262 263 263 262 262 261 261 262 263 263 263 263 263 263 263 263 264 263 262 262 262 262 263 263 263 263 263 263 263 263 263 263 263 263 264 264 264 264 264 264 264 264 264 264 263 264 264 264 265 266 267 266 267 268 268 267 268 268 267 267 267 267 267 267 268 268 256 256 256 256 256 256 256 256 257 256 256 256 255 255 255 256 256 256 256 256 256 256 256 256 256 256 256 256 256 256 256 256 256 256 256 256 257 257 257 257 257 257 257 257 257 257 257 257 257 257 257 257 258 258 258 257 257 257 257 257 257 257 258 258 258 258 258 258 259 260 260 260 261 261 261 260 261 261 261 261 261 261 261 260 261 260 260 260 260 260 259 259 259 259 260 260 260 260 260 260 260 260 260 260 261 261 261 261 260 261 261 261 261 261 261 261 261 261 261 261 261 261 261 262 261 262 262 262 262 262 262 262 262 262 263 263 262 262 261 262 262 263 263 263 263 263 263 263 263 263 263 263 262 262 263 263 263 263 263 264 264 264 263 263 264 263 264 264 264 264 264 264 264 264 265 265 266 267 267 268 268 268 268 256 256 256 256 256 256 256 257 256 255 255 255 255 256 256 256 256 256 256 256 256 256 256 256 256 256 256 256 256 256 256 256 257 257 257 257 257 257 257 257 257 257 257 257 257 257 257 257 257 257 257 257 257 257 257 257 257 257 257 257 258 258 258 259 259 258 259 259 260 261 260 260 259 260 260 261 262 262 261 260 259 260 260 260 260 259 259 259 259 259 260 260 260 260 260 260 260 260 260 260 260 261 261 261 261 261 261 261 261 261 261 261 261 261 261 261 261 261 262 262 262 262 262 262 262 262 262 262 262 262 262 263 263 263 262 262 262 262 262 263 263 263 263 263 263 263 263 263 263 262 263 263 263 263 263 264 264 264 264 264 264 264 264 264 264 264 264 264 264 257 257 256 256 256 256 256 257 256 256 256 255 255 255 255 256 256 256 256 256 256 256 256 256 256 256 256 256 256 256 256 256 257 257 257 257 257 257 257 257 257 257 257 257 257 257 257 257 257 257 257 257 257 257 257 257 257 257 257 258 258 258 258 259 260 260 259 259 260 261 261 260 260 259 260 260 261 261 261 260 259 260 260 260 260 260 260 260 260 260 260 260 260 260 260 260 260 260 261 260 260 260 261 261 261 261 261 261 261 261 261 261 261 261 261 261 262 262 261 262 262 262 262 262 262 261 261 262 262 262 262 263 263 263 262 262 262 262 263 263 263 264 263 263 263 263 263 263 263 263 263 263 263 263 263 264 264 264 264 264 264 264 264 264 264 264 264 256 257 257 257 257 257 257 256 256 256 256 256 256 256 256 256 256 256 256 256 256 257 257 257 257 257 257 256 256 257 257 257 257 257 257 257 257 257 257 258 258 258 258 258 257 257 257 257 257 257 258 258 257 258 258 259 259 258 259 258 259 260 261 260 260 261 262 262 261 261 260 259 260 260 261 261 261 260 260 260 260 260 260 260 260 260 260 260 260 260 260 260 260 260 261 261 261 261 260 261 261 261 261 261 261 261 261 261 261 262 261 261 261 262 262 262 262 262 262 262 262 262 262 262 263 263 263 263 263 263 262 262 262 262 263 263 264 264 263 263 263 263 263 263 263 263 263 263 263 264 264 264 264 264 264 264 264 264 264 264 264 258 258 257 257 257 256 256 256 255 255 256 256 256 256 256 256 257 257 257 257 257 257 257 256 256 257 257 257 257 257 257 257 257 257 258 258 258 258 258 258 257 257 258 258 258 258 258 259 259 259 260 260 259 259 260 259 259 260 261 261 261 261 261 261 260 261 261 260 260 260 261 261 261 260 260 260 260 260 260 260 259 260 260 260 260 260 260 260 260 260 260 261 261 261 260 261 261 261 261 261 261 261 261 262 262 262 261 261 262 262 262 262 262 262 263 263 263 263 264 264 263 263 262 262 263 263 263 263 264 263 263 263 263 263 263 263 263 263 263 263 264 264 264 264 264 264 264 264 264 264 265 258 258 258 257 257 257 256 255 255 256 257 256 255 256 256 257 257 257 257 256 256 256 256 257 257 257 257 257 257 258 258 258 258 258 258 258 258 258 257 257 257 258 259 259 259 260 260 260 260 261 260 259 260 260 261 261 261 261 261 261 261 262 261 260 260 260 260 260 260 260 260 260 260 260 260 260 259 260 259 260 260 260 260 260 260 260 260 260 260 260 260 260 261 261 260 261 261 261 262 262 262 262 262 262 261 261 262 262 262 262 262 263 262 262 263 263 263 264 263 262 262 263 263 264 264 264 263 263 263 263 264 264 264 263 263 263 263 264 264 264 264 264 264 265 265 265 259 259 258 258 257 257 256 255 256 257 256 255 256 257 257 257 257 256 256 257 257 257 257 257 257 258 258 258 258 258 258 258 258 258 258 258 257 257 257 257 258 259 259 260 260 261 261 262 262 261 260 261 262 261 261 260 260 260 260 261 261 261 261 261 260 260 260 260 260 260 260 260 260 260 260 260 260 260 260 260 261 260 260 260 260 260 260 260 260 260 260 261 261 260 261 261 261 261 262 262 262 262 262 261 262 262 262 262 262 262 262 263 263 263 263 264 263 263 263 263 263 264 263 263 264 263 263 263 263 264 264 264 264 264 259 258 258 258 258 257 257 258 257 256 257 258 258 257 257 257 257 257 257 257 257 257 258 258 258 258 258 258 258 258 258 258 258 258 257 258 258 258 258 258 259 259 259 260 260 261 262 262 262 262 262 262 261 261 260 260 260 261 261 261 261 261 261 260 260 260 260 260 260 260 260 261 260 260 260 261 261 261 261 261 261 260 260 260 260 260 260 260 260 260 260 260 261 261 261 261 262 262 262 262 262 261 262 262 262 262 262 263 264 263 264 264 263 263 263 264 264 264 264 258 258 259 259 258 257 257 257 258 258 257 257 257 257 257 257 257 257 257 257 258 258 258 258 258 258 258 258 258 258 258 258 257 257 258 258 259 259 259 260 259 259 260 261 262 263 263 263 263 263 262 262 262 261 260 260 260 260 261 261 261 260 260 261 261 261 261 261 261 261 262 261 261 261 262 262 262 262 261 260 260 260 260 260 260 260 260 260 260 260 260 261 261 261 261 262 262 262 262 262 261 262 262 262 262 262 264 265 264 264 259 260 260 260 259 258 258 258 257 257 257 257 257 257 257 257 257 257 257 257 258 258 258 258 258 258 258 258 258 258 258 258 258 258 258 258 258 259 260 260 260 260 260 261 262 262 262 262 262 262 262 261 261 261 262 262 261 261 261 261 261 261 261 261 261 261 261 262 262 262 262 262 262 262 263 263 262 262 262 261 261 261 261 261 261 260 261 261 260 260 260 260 261 261 262 262 262 262 262 262 262 262 262 263 263 261 261 260 260 259 258 257 257 257 257 257 257 257 257 257 258 258 258 258 258 258 258 258 258 258 258 258 258 258 258 258 259 259 259 259 259 259 260 261 261 261 262 263 263 262 261 261 261 261 261 261 261 261 261 261 261 261 261 261 261 261 261 261 261 261 261 261 262 263 264 263 263 264 264 263 263 263 262 262 261 261 261 261 261 261 261 261 260 260 261 261 261 262 262 262 262 262 262 262 262 263 261 260 259 259 258 257 257 257 257 257 257 257 257 257 258 258 258 258 258 258 258 258 258 258 258 258 258 258 258 258 259 259 260 260 260 260 261 261 262 262 263 263 262 262 261 261 260 260 260 260 260 261 261 261 261 261 261 261 261 261 261 261 262 262 263 262 262 263 264 265 264 265 265 263 262 262 262 262 261 261 262 262 261 261 261 261 260 260 261 261 261 262 261 262 262 262 263 262 263 260 259 259 258 257 257 257 257 257 257 257 257 257 257 258 258 258 258 258 258 258 258 258 258 258 258 258 257 258 259 259 259 259 260 260 261 261 261 261 261 262 263 263 263 262 262 262 261 261 261 261 261 261 261 261 261 261 261 261 262 262 262 262 263 264 263 263 264 265 264 263 262 261 261 261 261 262 262 262 262 261 261 260 260 261 262 261 261 262 262 262 263 263 259 258 258 257 257 257 257 257 257 257 257 257 258 258 257 257 258 258 258 258 258 258 258 258 258 258 258 258 258 258 258 258 260 261 261 261 261 260 260 261 262 263 263 264 264 264 263 263 263 263 262 262 262 262 261 261 261 262 261 262 263 263 263 263 265 265 265 265 261 261 261 261 262 262 262 262 261 261 260 260 261 261 262 262 262 262 262 263 257 257 257 257 257 257 257 257 257 258 258 258 258 257 257 257 258 258 258 258 258 258 258 258 259 258 258 259 259 259 258 259 259 260 260 260 260 260 260 260 261 261 262 262 262 262 262 263 263 263 264 264 263 262 262 262 262 263 263 263 264 264 265 266 261 261 261 261 262 262 262 262 261 261 261 260 260 261 261 262 262 262 262 262 257 257 257 257 257 257 257 257 258 258 258 257 257 257 257 257 257 257 257 258 258 258 258 259 259 259 259 259 259 259 259 259 258 259 259 260 259 259 260 260 260 260 260 260 260 260 261 261 261 262 262 263 262 262 263 263 263 263 264 263 264 265 266 261 261 261 261 261 261 262 262 261 260 260 260 260 261 261 261 262 261 261 257 256 256 256 257 257 257 257 257 257 258 258 258 257 257 258 258 257 257 258 258 258 259 260 261 260 259 259 260 260 260 259 259 259 259 259 259 259 260 260 260 260 260 260 261 261 261 261 262 262 263 262 263 263 263 264 263 264 264 265 266 261 261 261 262 262 261 261 261 260 260 260 260 260 260 261 261 261 256 256 257 257 257 257 257 257 257 257 257 258 258 258 258 258 258 258 258 257 258 258 258 259 259 260 260 261 260 260 260 260 259 259 260 260 260 260 260 260 261 261 260 261 262 262 262 262 263 263 264 263 264 264 264 265 265 266 266 261 262 262 262 262 261 262 261 262 261 261 260 260 260 261 261 257 257 257 258 258 258 258 258 258 258 259 259 259 259 259 259 259 258 258 259 259 258 258 259 260 261 261 261 261 260 260 260 260 260 260 261 261 261 261 261 261 261 261 262 263 263 263 264 264 264 264 265 266 265 266 267 266 261 262 262 262 262 262 262 262 262 262 261 261 260 261 261 258 259 258 259 259 259 259 259 259 259 260 260 260 260 260 261 261 260 260 260 260 260 260 260 261 262 262 261 260 260 261 261 260 260 260 260 261 261 262 262 263 262 263 264 265 265 266 266 266 266 266 267 267 261 261 261 261 261 262 262 261 261 261 260 260 261 259 259 259 260 260 260 260 260 260 260 261 261 261 261 261 261 261 261 262 262 261 261 261 261 261 262 262 262 261 260 261 262 261 261 261 260 260 261 262 263 264 264 265 266 265 266 267 261 261 261 262 262 262 262 261 261 261 261 260 260 260 260 261 261 261 260 260 260 261 261 261 262 261 262 262 262 262 262 261 261 261 261 262 262 263 262 261 261 262 263 262 261 260 260 261 262 262 263 264 265 267 266 261 262 262 262 262 262 262 262 261 261 261 261 261 262 262 262 262 261 260 260 261 261 261 262 262 261 261 261 261 261 261 261 262 262 262 262 262 263 262 262 261 262 263 263 261 261 262 262 262 263 263 263 265 261 262 262 262 262 262 262 262 261 262 261 260 262 263 263 262 262 262 261 261 261 261 261 262 261 261 262 262 262 262 261 262 262 262 262 262 262 263 263 263 262 262 262 263 263 263 263 263 263 263 264 264 265 262 262 261 261 262 262 262 262 262 262 262 261 264 264 262 262 261 261 261 261 261 261 261 261 262 261 261 261 262 261 262 262 262 262 262 263 263 264 264 264 263 263 262 263 265 265 265 266 265 265 265 265 261 261 261 261 262 262 262 263 264 263 262 261 260 260 261 261 261 261 261 261 262 262 262 262 262 262 262 262 262 263 263 264 264 265 265 265 264 264 263 264 266 261 262 262 262 265 264 264 263 262 261 260 261 261 262 261 261 261 262 262 262 262 262 262 263 263 263 263 263 264 265 266 266 266 265 264 265 265 265 265 264 262 262 261 261 260 261 261 261 261 261 261 262 262 262 262 262 263 263 264 264 264 264 265 266 264 263 262 261 261 261 261 261 261 261 262 262 262 262 262 262 262 263 263 263 264 265 265 265 265 265 266 262 261 261 260 260 261 262 262 262 262 262 262 262 262 263 263 263 263 263 264 265 266 266 265 266 261 260 261 261 261 262 262 262 262 262 262 262 262 262 263 263 264 265 265 266 267 260 261 262 262 261 261 262 262 262 262 262 262 263 263 263 264 264 265 265 266 261 261 262 262 262 261 261 262 262 262 263 263 263 264 264 264 265 265 266 267 262 262 262 262 261 261 262 262 263 263 264 264 264 265 265 266 267 267 267 263 263 263 262 262 262 261 262 263 263 264 265 265 266 266 266 266 267 266 263 263 263 263 263 263 262 262 262 262 263 264 265 266 266 265 266 267 263 263 263 263 264 263 263 263 263 263 264 265 265 265 264 266 267 263 263 263 264 264 264 264 264 264 264 263 264 264 264 265 266 267 264 263 263 264 264 264 264 265 265 265 265 264 264 265 265 266 267 264 264 263 264 264 264 265 265 266 265 264 264 266 266 266 267 267 264 264 263 264 264 264 265 266 266 265 265 265 265 265 266 267 265 264 263 264 265 265 265 267 266 266 265 266 266 266 266 267 268 265 264 264 264 265 265 266 266 266 266 265 265 267 267 268 267 268 265 265 264 264 264 264 265 265 266 266 266 266 266 267 267 268 266 265 265 264 264 264 265 265 265 265 266 267 267 266 267 268 268 266 266 266 265 265 265 265 266 267 267 266 266 267 268 267 267 268 268 268 266 266 266 267 267 266 266 266 266 266 266 267 267 266 267 268 268 267 268 268 268 269 266 266 266 266 267 267 267 267 267 267 267 267 267 267 267 267 267 268 268 268 267 268 269 266 266 266 267 266 266 266 266 267 267 267 268 268 268 267 267 267 268 268 268 267 266 266 266 266 266 266 267 267 267 267 267 267 267 268 268 268 267 267 268 268 267 266 266 267 267 267 267 266 266 266 266 266 267 267 267 267 268 268 267 267 267 267 267 267 266 266 266 266 266 267 267 267 268 268 268 267 266 267 267 266 267 267 267 267 267 268 268 266 266 266 267 267 267 268 