276 276 276 276 277 277 277 277 275 275 275 275 275 275 276 276 276 276 276 276 277 277 277 277 277 281 281 281 281 281 281 281 282 282 282 282 282 283 274 274 275 275 275 275 275 275 276 276 276 276 276 276 276 276 277 277 277 277 277 277 277 280 281 281 281 281 281 281 281 281 282 282 282 282 282 283 283 283 274 274 274 275 275 275 275 275 275 275 276 276 276 276 276 276 276 277 277 277 277 277 277 277 278 280 280 280 280 280 281 281 281 281 281 281 281 281 282 282 282 282 283 283 283 283 283 283 284 284 274 274 274 274 274 274 274 275 275 275 275 275 275 275 276 276 276 276 276 276 276 277 277 277 277 277 277 277 278 278 278 279 279 280 280 280 280 280 280 280 281 281 281 281 281 281 281 281 282 281 282 282 282 282 282 282 283 283 283 283 283 283 283 283 284 284 284 284 284 284 273 274 274 274 274 274 274 275 275 275 275 275 275 275 275 276 276 276 276 276 276 276 277 277 277 277 277 277 277 278 278 278 278 278 278 279 279 279 279 280 280 280 280 280 280 280 280 281 281 281 281 281 281 281 281 281 282 282 282 282 282 282 282 282 282 283 283 283 283 283 283 283 283 283 283 284 284 284 284 284 274 274 274 274 274 274 274 275 275 275 275 275 275 275 276 276 276 276 276 276 276 277 277 277 277 277 277 277 278 278 278 278 278 278 278 278 279 279 279 279 279 279 279 280 280 280 280 280 280 280 281 281 281 281 281 281 281 281 281 281 282 282 282 282 282 282 282 282 283 283 283 283 283 283 283 283 283 283 283 284 284 284 284 284 284 284 274 274 274 274 274 274 275 275 275 275 275 275 275 276 276 276 276 276 276 276 276 277 277 277 277 277 277 277 278 278 278 278 278 278 278 279 279 279 279 279 279 279 280 280 280 280 280 280 280 280 281 281 281 281 281 281 281 281 281 281 282 282 282 282 282 282 282 282 283 283 283 283 283 283 283 283 283 283 283 284 284 284 284 284 284 284 284 273 273 274 274 274 274 274 274 274 275 275 275 275 275 275 275 276 276 276 276 276 276 276 277 277 277 277 277 277 277 278 278 278 278 278 278 278 279 279 279 279 279 279 279 279 280 280 280 280 280 280 280 281 281 281 281 281 281 281 281 281 281 282 282 282 282 282 282 282 282 282 283 283 283 283 283 283 283 283 283 283 284 284 284 284 284 284 284 284 284 284 284 273 273 273 273 274 274 274 274 274 274 274 275 275 275 275 275 275 275 276 276 276 276 276 276 276 277 277 277 277 277 277 277 278 278 278 278 278 278 278 278 279 279 279 279 279 279 279 280 280 280 280 280 280 280 280 281 281 281 281 281 281 281 281 281 282 282 282 282 282 282 282 282 282 282 283 283 283 283 283 283 283 283 283 283 284 284 284 284 284 284 284 284 284 272 273 273 273 273 273 273 273 274 274 274 274 274 274 275 275 275 275 275 275 275 276 276 276 276 276 276 276 276 277 277 277 277 277 277 277 278 278 278 278 278 278 278 279 279 279 279 279 279 279 279 280 280 280 280 280 280 280 280 281 281 281 281 281 281 281 281 281 282 282 282 282 282 282 282 282 282 283 283 283 283 283 283 283 283 283 283 283 284 284 284 284 284 284 284 284 284 284 272 273 273 273 273 273 273 273 274 274 274 274 274 274 274 275 275 275 275 275 275 275 276 276 276 276 276 276 276 277 277 277 277 277 277 277 278 278 278 278 278 278 278 278 279 279 279 279 279 279 279 280 280 280 280 280 280 280 280 281 281 281 281 281 281 281 281 281 282 282 282 282 282 282 282 282 282 282 283 283 283 283 283 283 283 283 283 283 283 284 284 284 284 284 284 284 284 284 284 284 272 272 272 273 273 273 273 273 273 273 274 274 274 274 274 274 275 275 275 275 275 275 275 276 276 276 276 276 276 276 276 277 277 277 277 277 277 278 278 278 278 278 278 278 278 279 279 279 279 279 279 279 279 280 280 280 280 280 280 280 281 281 281 281 281 281 281 281 281 281 282 282 282 282 282 282 282 282 282 283 283 283 283 283 283 283 283 283 283 283 283 284 284 284 284 284 284 284 284 284 284 284 272 272 272 272 272 273 273 273 273 273 273 274 274 274 274 274 274 274 275 275 275 275 275 275 275 276 276 276 276 276 276 276 277 277 277 277 277 277 277 278 278 278 278 278 278 278 279 279 279 279 279 279 279 279 280 280 280 280 280 280 280 280 281 281 281 281 281 281 281 281 281 281 282 282 282 282 282 282 282 282 282 282 283 283 283 283 283 283 283 283 283 283 284 284 284 284 284 284 284 284 284 284 284 272 272 272 272 272 272 272 273 273 273 273 273 273 273 274 274 274 274 274 274 275 275 275 275 275 275 275 276 276 276 276 276 276 276 277 277 277 277 277 277 277 278 278 278 278 278 278 278 278 279 279 279 279 279 279 279 279 280 280 280 280 280 280 280 280 281 281 281 281 281 281 281 281 281 281 282 282 282 282 282 282 282 282 282 283 283 283 283 283 283 283 283 283 283 283 284 284 284 284 284 284 284 284 284 284 284 284 271 271 272 272 272 272 272 272 273 273 273 273 273 273 273 274 274 274 274 274 274 274 275 275 275 275 275 275 276 276 276 276 276 276 276 276 277 277 277 277 277 277 277 278 278 278 278 278 278 278 279 279 279 279 279 279 279 279 280 280 280 280 280 280 280 280 281 281 281 281 281 281 281 281 281 281 281 282 282 282 282 282 282 282 282 282 283 283 283 283 283 283 283 283 283 283 283 284 284 284 284 284 284 284 284 284 284 284 284 270 270 270 271 271 271 272 272 272 272 272 272 272 273 273 273 273 273 273 274 274 274 274 274 274 274 275 275 275 275 275 275 275 276 276 276 276 276 276 276 277 277 277 277 277 277 277 278 278 278 278 278 278 278 278 279 279 279 279 279 279 279 279 280 280 280 280 280 280 280 280 281 281 281 281 281 281 281 281 281 281 282 282 282 282 282 282 282 282 282 282 283 283 283 283 283 283 283 283 283 283 283 284 284 284 284 284 284 284 284 284 284 284 284 265 265 265 269 270 270 270 270 270 271 271 271 271 271 271 271 272 272 272 272 272 272 273 273 273 273 273 273 273 274 274 274 274 274 274 274 275 275 275 275 275 275 275 276 276 276 276 276 276 276 277 277 277 277 277 277 277 278 278 278 278 278 278 278 279 279 279 279 279 279 279 279 279 280 280 280 280 280 280 280 280 281 281 281 281 281 281 281 281 281 281 282 282 282 282 282 282 282 282 282 283 283 283 283 283 283 283 283 283 283 283 283 284 284 284 284 284 284 284 284 284 284 284 265 265 265 265 265 265 269 269 269 270 270 270 270 270 270 270 271 271 271 271 271 271 272 272 272 272 272 272 272 273 273 273 273 273 273 273 274 274 274 274 274 274 275 275 275 275 275 275 275 276 276 276 276 276 276 276 277 277 277 277 277 277 277 278 278 278 278 278 278 278 278 279 279 279 279 279 279 279 279 279 280 280 280 280 280 280 280 280 280 281 281 281 281 281 281 281 281 282 282 282 282 282 282 282 282 282 282 283 283 283 283 283 283 283 283 283 283 283 284 284 284 284 284 284 284 284 284 284 284 264 265 265 265 265 265 265 268 269 269 269 269 269 269 270 270 270 270 270 270 271 271 271 271 271 271 271 272 272 272 272 272 272 273 273 273 273 273 273 273 274 274 274 274 274 274 274 275 275 275 275 275 275 275 276 276 276 276 276 276 276 277 277 277 277 277 277 277 278 278 278 278 278 278 278 278 279 279 279 279 279 279 279 279 279 280 280 280 280 280 280 280 280 280 281 281 281 281 281 281 281 281 282 282 282 282 282 282 282 282 282 282 283 283 283 283 283 283 283 283 283 283 283 284 284 284 284 284 284 284 284 284 284 284 264 264 264 265 265 265 265 265 268 268 269 269 269 269 269 269 270 270 270 270 270 270 270 271 271 271 271 271 271 272 272 272 272 272 272 272 273 273 273 273 273 273 273 274 274 274 274 274 274 275 275 275 275 275 275 275 276 276 276 276 276 276 276 277 277 277 277 277 277 277 278 278 278 278 278 278 278 278 279 279 279 279 279 279 279 279 279 280 280 280 280 280 280 280 280 280 281 281 281 281 281 281 281 281 281 282 282 282 282 282 282 282 282 282 283 283 283 283 283 283 283 283 283 283 283 283 284 284 284 284 284 284 284 284 284 284 284 264 264 264 264 264 265 265 265 265 265 268 269 269 269 269 269 269 269 270 270 270 270 270 270 271 271 271 271 271 271 271 272 272 272 272 272 272 273 273 273 273 273 273 273 274 274 274 274 274 274 274 275 275 275 275 275 275 275 276 276 276 276 276 276 276 277 277 277 277 277 277 277 278 278 278 278 278 278 278 278 279 279 279 279 279 279 279 279 279 280 280 280 280 280 280 280 280 280 281 281 281 281 281 281 281 281 282 282 282 282 282 282 282 282 282 282 283 283 283 283 283 283 283 283 283 283 283 284 284 284 284 284 284 284 284 284 284 264 264 264 264 264 265 265 265 265 265 265 265 267 267 267 267 268 268 268 268 268 269 269 269 269 269 269 270 270 270 270 270 270 270 271 271 271 271 271 271 272 272 272 272 272 272 272 273 273 273 273 273 273 273 274 274 274 274 274 274 275 275 275 275 275 275 275 276 276 276 276 276 276 276 277 277 277 277 277 277 277 278 278 278 278 278 278 278 278 278 279 279 279 279 279 279 279 279 280 280 280 280 280 280 280 280 280 281 281 281 281 281 281 281 281 281 282 282 282 282 282 282 282 282 282 282 283 283 283 283 283 283 283 283 283 283 283 284 284 284 284 284 284 284 284 284 284 264 264 264 264 264 265 265 265 265 265 265 266 266 266 266 266 267 267 267 267 267 267 268 268 268 268 268 268 269 269 269 269 269 269 270 270 270 270 270 270 270 271 271 271 271 271 271 271 272 272 272 272 272 272 273 273 273 273 273 273 273 274 274 274 274 274 274 274 275 275 275 275 275 275 275 276 276 276 276 276 276 276 277 277 277 277 277 277 277 278 278 278 278 278 278 278 278 279 279 279 279 279 279 279 279 280 280 280 280 280 280 280 280 280 280 281 281 281 281 281 281 281 281 281 282 282 282 282 282 282 282 282 282 283 283 283 283 283 283 283 283 283 283 283 283 284 284 284 284 284 284 284 284 284 284 264 264 264 264 264 265 265 265 265 265 265 266 266 266 266 266 267 267 267 267 267 267 267 268 268 268 268 268 269 269 269 269 269 269 269 270 270 270 270 270 270 270 271 271 271 271 271 271 271 272 272 272 272 272 272 273 273 273 273 273 273 273 274 274 274 274 274 274 275 275 275 275 275 275 275 276 276 276 276 276 276 276 277 277 277 277 277 277 277 277 278 278 278 278 278 278 278 279 279 279 279 279 279 279 279 279 280 280 280 280 280 280 280 280 280 280 281 281 281 281 281 281 281 281 282 282 282 282 282 282 282 282 282 282 283 283 283 283 283 283 283 283 283 283 283 283 284 284 284 284 284 284 284 284 284 284 284 264 264 264 264 264 264 265 265 265 265 265 266 266 266 266 266 266 267 267 267 267 267 267 268 268 268 268 268 268 269 269 269 269 269 269 269 270 270 270 270 270 270 271 271 271 271 271 271 271 272 272 272 272 272 272 273 273 273 273 273 273 273 274 274 274 274 274 274 274 275 275 275 275 275 275 275 276 276 276 276 276 276 276 277 277 277 277 277 277 277 278 278 278 278 278 278 278 278 279 279 279 279 279 279 279 279 280 280 280 280 280 280 280 280 280 280 280 281 281 281 281 281 281 281 281 282 282 282 282 282 282 282 282 282 282 283 283 283 283 283 283 283 283 283 283 283 283 284 284 284 284 284 284 284 284 284 284 284 284 262 263 263 263 263 263 263 264 264 264 264 264 264 265 265 265 265 265 266 266 266 266 266 266 267 267 267 267 267 267 267 268 268 268 268 268 268 269 269 269 269 269 269 270 270 270 270 270 270 270 271 271 271 271 271 271 272 272 272 272 272 272 272 273 273 273 273 273 273 273 274 274 274 274 274 274 275 275 275 275 275 275 275 276 276 276 276 276 276 276 277 277 277 277 277 277 277 277 278 278 278 278 278 278 278 278 279 279 279 279 279 279 279 279 280 280 280 280 280 280 280 280 280 280 281 281 281 281 281 281 281 281 281 282 282 282 282 282 282 282 282 282 282 283 283 283 283 283 283 283 283 283 283 283 284 284 284 284 284 284 284 284 284 284 284 284 284 285 285 285 285 285 285 285 262 262 262 263 263 263 263 263 263 264 264 264 264 264 264 264 265 265 265 265 265 266 266 266 266 266 266 267 267 267 267 267 267 268 268 268 268 268 268 269 269 269 269 269 269 270 270 270 270 270 270 270 271 271 271 271 271 271 271 272 272 272 272 272 272 273 273 273 273 273 273 273 274 274 274 274 274 274 274 275 275 275 275 275 275 275 276 276 276 276 276 276 276 277 277 277 277 277 277 277 278 278 278 278 278 278 278 278 279 279 279 279 279 279 279 279 279 280 280 280 280 280 280 280 280 280 280 281 281 281 281 281 281 281 281 281 282 282 282 282 282 282 282 282 282 282 283 283 283 283 283 283 283 283 283 283 283 284 284 284 284 284 284 284 284 284 284 284 284 284 285 285 285 285 285 285 285 285 262 262 262 262 263 263 263 263 263 263 264 264 264 264 264 264 265 265 265 265 265 266 266 266 266 266 266 266 267 267 267 267 267 268 268 268 268 268 268 269 269 269 269 269 269 269 270 270 270 270 270 270 270 271 271 271 271 271 271 272 272 272 272 272 272 272 273 273 273 273 273 273 273 274 274 274 274 274 274 275 275 275 275 275 275 275 276 276 276 276 276 276 276 276 277 277 277 277 277 277 277 278 278 278 278 278 278 278 278 279 279 279 279 279 279 279 279 280 280 280 280 280 280 280 280 280 280 281 281 281 281 281 281 281 281 281 282 282 282 282 282 282 282 282 282 282 283 283 283 283 283 283 283 283 283 283 283 283 284 284 284 284 284 284 284 284 284 284 284 284 285 285 285 285 285 285 285 285 262 262 262 262 263 263 263 263 263 263 263 264 264 264 264 264 264 265 265 265 265 265 266 266 266 266 266 266 267 267 267 267 267 267 268 268 268 268 268 268 269 269 269 269 269 269 269 270 270 270 270 270 270 271 271 271 271 271 271 271 272 272 272 272 272 272 272 273 273 273 273 273 273 274 274 274 274 274 274 274 275 275 275 275 275 275 275 276 276 276 276 276 276 276 277 277 277 277 277 277 277 277 278 278 278 278 278 278 278 278 279 279 279 279 279 279 279 279 280 280 280 280 280 280 280 280 280 280 281 281 281 281 281 281 281 281 281 281 282 282 282 282 282 282 282 282 282 283 283 283 283 283 283 283 283 283 283 283 283 284 284 284 284 284 284 284 284 284 284 284 284 285 285 285 285 285 285 285 285 260 260 260 260 260 261 261 262 262 262 262 263 263 263 263 263 263 264 264 264 264 264 264 265 265 265 265 265 266 266 266 266 266 266 267 267 267 267 267 267 268 268 268 268 268 268 268 269 269 269 269 269 269 270 270 270 270 270 270 270 271 271 271 271 271 271 272 272 272 272 272 272 272 273 273 273 273 273 273 273 274 274 274 274 274 274 275 275 275 275 275 275 275 275 276 276 276 276 276 276 276 277 277 277 277 277 277 277 278 278 278 278 278 278 278 278 279 279 279 279 279 279 279 279 279 280 280 280 280 280 280 280 280 280 281 281 281 281 281 281 281 281 281 281 282 282 282 282 282 282 282 282 282 282 282 283 283 283 283 283 283 283 283 283 283 283 284 284 284 284 284 284 284 284 284 284 284 285 285 285 285 285 285 285 285 259 260 260 260 260 260 260 261 261 261 261 261 261 262 262 262 262 262 262 263 263 263 263 263 263 263 264 264 264 264 264 264 265 265 265 265 265 266 266 266 266 266 266 267 267 267 267 267 267 268 268 268 268 268 268 269 269 269 269 269 269 269 270 270 270 270 270 270 271 271 271 271 271 271 271 272 272 272 272 272 272 272 273 273 273 273 273 273 274 274 274 274 274 274 274 275 275 275 275 275 275 275 276 276 276 276 276 276 276 277 277 277 277 277 277 277 277 278 278 278 278 278 278 278 278 279 279 279 279 279 279 279 279 279 279 280 280 280 280 280 280 280 280 281 281 281 281 281 281 281 281 281 281 282 282 282 282 282 282 282 282 282 282 283 283 283 283 283 283 283 283 283 283 283 283 284 284 284 284 284 284 284 284 284 284 284 285 285 285 285 285 285 285 285 258 259 259 259 259 260 260 260 260 260 260 261 261 261 261 261 261 262 262 262 262 262 262 263 263 263 263 263 263 264 264 264 264 264 264 264 265 265 265 265 266 266 266 266 266 266 267 267 267 267 267 267 268 268 268 268 268 268 268 269 269 269 269 269 269 269 270 270 270 270 270 270 271 271 271 271 271 271 272 272 272 272 272 272 272 272 273 273 273 273 273 273 274 274 274 274 274 274 274 275 275 275 275 275 275 275 276 276 276 276 276 276 276 277 277 277 277 277 277 277 277 278 278 278 278 278 278 278 278 279 279 279 279 279 279 279 279 279 280 280 280 280 280 280 280 280 281 281 281 281 281 281 281 281 281 281 281 282 282 282 282 282 282 282 282 282 282 283 283 283 283 283 283 283 283 283 283 283 284 284 284 284 284 284 284 284 284 284 284 284 285 285 285 285 285 285 285 258 258 258 258 259 259 259 259 259 259 260 260 260 260 260 260 261 261 261 261 261 262 262 262 262 262 262 263 263 263 263 263 263 263 264 264 264 264 264 264 265 265 265 265 265 266 266 266 266 266 266 267 267 267 267 267 267 268 268 268 268 268 268 269 269 269 269 269 269 269 270 270 270 270 270 270 271 271 271 271 271 271 271 272 272 272 272 272 272 272 273 273 273 273 273 273 274 274 274 274 274 274 274 275 275 275 275 275 275 275 276 276 276 276 276 276 276 276 277 277 277 277 277 277 277 278 278 278 278 278 278 278 278 279 279 279 279 279 279 279 279 279 279 280 280 280 280 280 280 280 280 280 281 281 281 281 281 281 281 281 281 281 282 282 282 282 282 282 282 282 282 282 283 283 283 283 283 283 283 283 283 283 283 284 284 284 284 284 284 284 284 284 284 284 284 285 285 285 285 285 285 285 285 285 285 258 258 258 258 259 259 259 259 259 259 260 260 260 260 260 260 261 261 261 261 261 261 262 262 262 262 262 262 263 263 263 263 263 263 264 264 264 264 264 264 264 265 265 265 265 266 266 266 266 266 266 267 267 267 267 267 267 268 268 268 268 268 268 268 269 269 269 269 269 269 270 270 270 270 270 270 270 271 271 271 271 271 271 271 272 272 272 272 272 272 272 273 273 273 273 273 273 274 274 274 274 274 274 274 275 275 275 275 275 275 275 276 276 276 276 276 276 276 277 277 277 277 277 277 277 277 278 278 278 278 278 278 278 278 279 279 279 279 279 279 279 279 279 279 280 280 280 280 280 280 280 280 281 281 281 281 281 281 281 281 281 281 281 282 282 282 282 282 282 282 282 282 283 283 283 283 283 283 283 283 283 283 283 283 284 284 284 284 284 284 284 284 284 284 284 284 285 285 285 285 285 285 285 285 285 285 285 285 258 258 258 258 258 259 259 259 259 259 259 260 260 260 260 260 260 261 261 261 261 261 262 262 262 262 262 262 262 263 263 263 263 263 263 264 264 264 264 264 264 265 265 265 265 265 266 266 266 266 266 266 267 267 267 267 267 267 268 268 268 268 268 268 268 269 269 269 269 269 269 270 270 270 270 270 270 270 271 271 271 271 271 271 272 272 272 272 272 272 272 273 273 273 273 273 273 273 274 274 274 274 274 274 275 275 275 275 275 275 275 276 276 276 276 276 276 276 276 277 277 277 277 277 277 277 277 278 278 278 278 278 278 278 278 279 279 279 279 279 279 279 279 279 279 280 280 280 280 280 280 280 280 281 281 281 281 281 281 281 281 281 281 282 282 282 282 282 282 282 282 282 282 283 283 283 283 283 283 283 283 283 283 283 283 284 284 284 284 284 284 284 284 284 284 284 284 285 285 285 285 285 285 285 285 285 285 285 285 285 258 258 258 258 259 259 259 259 259 259 260 260 260 260 260 260 261 261 261 261 261 261 262 262 262 262 262 262 263 263 263 263 263 263 264 264 264 264 264 264 265 265 265 265 265 266 266 266 266 266 266 267 267 267 267 267 267 267 268 268 268 268 268 268 269 269 269 269 269 269 269 270 270 270 270 270 270 270 271 271 271 271 271 271 272 272 272 272 272 272 273 273 273 273 273 273 273 274 274 274 274 274 274 274 275 275 275 275 275 275 275 276 276 276 276 276 276 276 276 277 277 277 277 277 277 277 278 278 278 278 278 278 278 278 279 279 279 279 279 279 279 279 279 279 280 280 280 280 280 280 280 280 280 281 281 281 281 281 281 281 281 281 281 282 282 282 282 282 282 282 282 282 282 283 283 283 283 283 283 283 283 283 283 283 283 284 284 284 284 284 284 284 284 284 284 284 284 285 285 285 285 285 285 285 285 285 285 285 285 258 258 258 258 258 259 259 259 259 259 259 260 260 260 260 260 260 261 261 261 261 261 261 262 262 262 262 262 262 263 263 263 263 263 263 264 264 264 264 264 265 265 265 265 265 265 266 266 266 266 266 266 267 267 267 267 267 267 268 268 268 268 268 268 268 269 269 269 269 269 269 270 270 270 270 270 270 270 271 271 271 271 271 271 272 272 272 272 272 272 272 273 273 273 273 273 273 273 274 274 274 274 274 274 274 275 275 275 275 275 275 275 276 276 276 276 276 276 276 277 277 277 277 277 277 277 277 278 278 278 278 278 278 278 278 279 279 279 279 279 279 279 279 279 279 280 280 280 280 280 280 280 280 280 281 281 281 281 281 281 281 281 281 282 282 282 282 282 282 282 282 282 282 282 283 283 283 283 283 283 283 283 283 283 283 283 284 284 284 284 284 284 284 284 284 284 284 284 285 285 285 285 285 285 285 285 285 285 285 285 258 258 258 258 259 259 259 259 259 260 260 260 260 260 260 261 261 261 261 261 261 261 262 262 262 262 262 263 263 263 263 263 263 263 264 264 264 264 265 265 265 265 265 265 265 266 266 266 266 266 266 267 267 267 267 267 267 268 268 268 268 268 268 269 269 269 269 269 269 269 270 270 270 270 270 270 270 271 271 271 271 271 271 272 272 272 272 272 272 272 273 273 273 273 273 273 274 274 274 274 274 274 274 275 275 275 275 275 275 275 276 276 276 276 276 276 276 276 277 277 277 277 277 277 277 277 278 278 278 278 278 278 278 278 279 279 279 279 279 279 279 279 279 280 280 280 280 280 280 280 280 280 281 281 281 281 281 281 281 281 281 281 282 282 282 282 282 282 282 282 282 282 282 283 283 283 283 283 283 283 283 283 283 283 283 284 284 284 284 284 284 284 284 284 284 284 284 285 285 285 285 285 285 285 285 285 285 285 285 285 285 285 258 258 258 259 259 259 259 259 259 260 260 260 260 260 260 261 261 261 261 261 261 262 262 262 262 262 262 263 263 263 263 263 263 264 264 264 264 264 265 265 265 265 265 265 266 266 266 266 266 266 267 267 267 267 267 267 267 268 268 268 268 268 268 269 269 269 269 269 269 270 270 270 270 270 270 270 271 271 271 271 271 271 271 272 272 272 272 272 272 273 273 273 273 273 273 273 274 274 274 274 274 274 274 275 275 275 275 275 275 275 276 276 276 276 276 276 276 276 277 277 277 277 277 277 277 278 278 278 278 278 278 278 278 278 279 279 279 279 279 279 279 279 279 280 280 280 280 280 280 280 280 280 281 281 281 281 281 281 281 281 281 281 282 282 282 282 282 282 282 282 282 282 282 283 283 283 283 283 283 283 283 283 283 283 284 284 284 284 284 284 284 284 284 284 284 284 284 285 285 285 285 285 285 285 285 285 285 285 285 285 285 285 258 258 258 258 259 259 259 259 259 259 260 260 260 260 260 260 261 261 261 261 261 261 262 262 262 262 262 262 263 263 263 263 263 263 264 264 264 264 265 265 265 265 265 265 265 266 266 266 266 266 266 267 267 267 267 267 267 268 268 268 268 268 268 269 269 269 269 269 269 269 270 270 270 270 270 270 270 271 271 271 271 271 271 272 272 272 272 272 272 272 273 273 273 273 273 273 274 274 274 274 274 274 274 275 275 275 275 275 275 275 275 276 276 276 276 276 276 276 277 277 277 277 277 277 277 277 278 278 278 278 278 278 278 278 278 279 279 279 279 279 279 279 279 280 280 280 280 280 280 280 280 280 280 281 281 281 281 281 281 281 281 281 281 282 282 282 282 282 282 282 282 282 282 283 283 283 283 283 283 283 283 283 283 283 283 284 284 284 284 284 284 284 284 284 284 284 284 284 285 285 285 285 285 285 285 285 285 285 285 285 285 285 285 258 258 258 258 259 259 259 259 259 259 260 260 260 260 260 260 261 261 261 261 261 261 262 262 262 262 262 262 263 263 263 263 263 263 263 264 264 264 264 265 265 265 265 265 265 265 266 266 266 266 266 266 267 267 267 267 267 267 268 268 268 268 268 268 269 269 269 269 269 269 269 270 270 270 270 270 270 270 271 271 271 271 271 271 272 272 272 272 272 272 272 273 273 273 273 273 273 274 274 274 274 274 274 274 275 275 275 275 275 275 275 276 276 276 276 276 276 276 276 277 277 277 277 277 277 277 277 278 278 278 278 278 278 278 278 279 279 279 279 279 279 279 279 279 280 280 280 280 280 280 280 280 280 280 281 281 281 281 281 281 281 281 281 281 282 282 282 282 282 282 282 282 282 282 282 283 283 283 283 283 283 283 283 283 283 283 284 284 284 284 284 284 284 284 284 284 284 284 284 285 285 285 285 285 285 285 285 285 285 285 285 285 285 285 286 258 258 258 258 258 259 259 259 259 259 260 260 260 260 260 260 261 261 261 261 261 261 262 262 262 262 262 262 263 263 263 263 263 263 264 264 264 264 264 264 264 265 265 265 265 265 265 266 266 266 266 266 266 267 267 267 267 267 267 268 268 268 268 268 268 268 269 269 269 269 269 269 270 270 270 270 270 270 270 271 271 271 271 271 271 272 272 272 272 272 272 272 273 273 273 273 273 273 274 274 274 274 274 274 274 275 275 275 275 275 275 275 275 276 276 276 276 276 276 276 277 277 277 277 277 277 277 277 278 278 278 278 278 278 278 278 279 279 279 279 279 279 279 279 280 280 280 280 280 280 280 280 280 280 281 281 281 281 281 281 281 281 281 281 282 282 282 282 282 282 282 282 282 282 282 283 283 283 283 283 283 283 283 283 283 283 283 284 284 284 284 284 284 284 284 284 284 284 284 285 285 285 285 285 285 285 285 285 285 285 285 285 285 285 285 286 257 258 258 258 258 258 259 259 259 259 259 259 260 260 260 260 260 260 261 261 261 261 261 261 262 262 262 262 262 262 263 263 263 263 263 263 264 264 264 264 264 264 265 265 265 265 265 265 265 266 266 266 266 266 266 267 267 267 267 267 267 268 268 268 268 268 268 269 269 269 269 269 269 269 270 270 270 270 270 270 270 271 271 271 271 271 271 272 272 272 272 272 272 272 273 273 273 273 273 273 274 274 274 274 274 274 274 275 275 275 275 275 275 275 276 276 276 276 276 276 276 276 277 277 277 277 277 277 277 278 278 278 278 278 278 278 278 278 279 279 279 279 279 279 279 279 280 280 280 280 280 280 280 280 280 280 281 281 281 281 281 281 281 281 281 282 282 282 282 282 282 282 282 282 282 282 282 283 283 283 283 283 283 283 283 283 283 283 284 284 284 284 284 284 284 284 284 284 284 284 284 285 285 285 285 285 285 285 285 285 285 285 285 285 285 285 285 257 258 258 258 258 258 258 259 259 259 259 259 260 260 260 260 260 260 260 261 261 261 261 261 262 262 262 262 262 262 263 263 263 263 263 263 263 264 264 264 264 264 264 265 265 265 265 265 265 265 266 266 266 266 266 266 267 267 267 267 267 268 268 268 268 268 268 268 269 269 269 269 269 269 270 270 270 270 270 270 270 271 271 271 271 271 271 272 272 272 272 272 272 272 273 273 273 273 273 273 274 274 274 274 274 274 274 275 275 275 275 275 275 275 275 276 276 276 276 276 276 276 277 277 277 277 277 277 277 277 278 278 278 278 278 278 278 278 279 279 279 279 279 279 279 279 279 280 280 280 280 280 280 280 280 280 280 281 281 281 281 281 281 281 281 281 282 282 282 282 282 282 282 282 282 282 282 282 283 283 283 283 283 283 283 283 283 283 283 284 284 284 284 284 284 284 284 284 284 284 284 284 285 285 285 285 285 285 285 285 285 285 285 285 285 285 257 258 258 258 258 258 258 259 259 259 259 259 259 260 260 260 260 260 260 261 261 261 261 261 261 262 262 262 262 262 262 263 263 263 263 263 263 264 264 264 264 264 264 265 265 265 265 265 265 265 266 266 266 266 266 266 267 267 267 267 267 267 268 268 268 268 268 268 269 269 269 269 269 269 269 270 270 270 270 270 270 270 271 271 271 271 271 271 272 272 272 272 272 272 273 273 273 273 273 273 273 274 274 274 274 274 274 274 275 275 275 275 275 275 275 275 276 276 276 276 276 276 276 277 277 277 277 277 277 277 277 278 278 278 278 278 278 278 278 279 279 279 279 279 279 279 279 280 280 280 280 280 280 280 280 280 280 280 281 281 281 281 281 281 281 281 281 282 282 282 282 282 282 282 282 282 282 282 283 283 283 283 283 283 283 283 283 283 283 284 284 284 284 284 284 284 284 284 284 284 284 284 284 285 285 285 285 285 285 285 285 285 285 285 285 285 285 257 257 258 258 258 258 258 258 259 259 259 259 259 259 260 260 260 260 260 260 261 261 261 261 261 261 262 262 262 262 262 262 263 263 263 263 263 263 264 264 264 264 264 264 265 265 265 265 265 265 265 266 266 266 266 266 267 267 267 267 267 267 267 268 268 268 268 268 268 269 269 269 269 269 269 270 270 270 270 270 270 270 271 271 271 271 271 271 271 272 272 272 272 272 272 273 273 273 273 273 273 274 274 274 274 274 274 274 274 275 275 275 275 275 275 275 276 276 276 276 276 276 276 276 277 277 277 277 277 277 277 277 278 278 278 278 278 278 278 279 279 279 279 279 279 279 279 279 280 280 280 280 280 280 280 280 280 280 281 281 281 281 281 281 281 281 281 281 282 282 282 282 282 282 282 282 282 282 282 283 283 283 283 283 283 283 283 283 283 283 284 284 284 284 284 284 284 284 284 284 284 284 284 284 285 285 285 285 285 285 285 285 285 285 285 285 285 285 257 257 258 258 258 258 258 258 259 259 259 259 259 259 260 260 260 260 260 260 261 261 261 261 261 262 262 262 262 262 262 262 263 263 263 263 263 263 264 264 264 264 264 264 265 265 265 265 265 265 266 266 266 266 266 266 267 267 267 267 267 267 268 268 268 268 268 268 268 269 269 269 269 269 269 270 270 270 270 270 270 270 271 271 271 271 271 271 272 272 272 272 272 272 273 273 273 273 273 273 273 274 274 274 274 274 274 274 274 275 275 275 275 275 275 275 276 276 276 276 276 276 276 277 277 277 277 277 277 277 277 278 278 278 278 278 278 278 278 278 279 279 279 279 279 279 279 279 280 280 280 280 280 280 280 280 280 280 281 281 281 281 281 281 281 281 281 281 282 282 282 282 282 282 282 282 282 282 282 283 283 283 283 283 283 283 283 283 283 283 284 284 284 284 284 284 284 284 284 284 284 284 284 284 284 285 285 285 285 285 285 285 285 285 285 285 285 285 285 258 258 258 258 258 259 259 259 259 259 259 260 260 260 260 260 260 261 261 261 261 261 261 262 262 262 262 262 262 263 263 263 263 263 263 264 264 264 264 264 264 264 265 265 265 265 265 265 266 266 266 266 266 266 267 267 267 267 267 267 268 268 268 268 268 268 269 269 269 269 269 269 269 270 270 270 270 270 270 270 271 271 271 271 271 271 272 272 272 272 272 272 273 273 273 273 273 273 273 274 274 274 274 274 274 274 275 275 275 275 275 275 275 275 276 276 276 276 276 276 276 277 277 277 277 277 277 277 277 278 278 278 278 278 278 278 278 279 279 279 279 279 279 279 279 279 280 280 280 280 280 280 280 280 280 280 281 281 281 281 281 281 281 281 281 281 282 282 282 282 282 282 282 282 282 282 282 283 283 283 283 283 283 283 283 283 283 283 284 284 284 284 284 284 284 284 284 284 284 284 284 284 284 285 285 285 285 285 285 285 285 285 285 285 285 285 285 286 286 286 258 258 258 258 258 259 259 259 259 259 259 260 260 260 260 260 260 261 261 261 261 261 261 262 262 262 262 262 262 263 263 263 263 263 263 264 264 264 264 264 264 265 265 265 265 265 265 265 266 266 266 266 266 266 267 267 267 267 267 267 268 268 268 268 268 268 269 269 269 269 269 269 270 270 270 270 270 270 270 271 271 271 271 271 271 272 272 272 272 272 272 273 273 273 273 273 273 273 274 274 274 274 274 274 274 274 275 275 275 275 275 275 275 276 276 276 276 276 276 276 276 277 277 277 277 277 277 277 277 278 278 278 278 278 278 278 278 279 279 279 279 279 279 279 279 280 280 280 280 280 280 280 280 280 280 281 281 281 281 281 281 281 281 281 281 281 282 282 282 282 282 282 282 282 282 282 282 283 283 283 283 283 283 283 283 283 283 283 284 284 284 284 284 284 284 284 284 284 284 284 284 284 284 285 285 285 285 285 285 285 285 285 285 285 285 285 286 286 286 286 286 286 258 258 258 258 258 259 259 259 259 259 259 259 260 260 260 260 260 260 261 261 261 261 261 262 262 262 262 262 262 262 263 263 263 263 263 264 264 264 264 264 264 264 265 265 265 265 265 265 265 266 266 266 266 266 267 267 267 267 267 267 268 268 268 268 268 268 269 269 269 269 269 269 269 270 270 270 270 270 270 270 271 271 271 271 271 271 272 272 272 272 272 272 273 273 273 273 273 273 273 274 274 274 274 274 274 274 274 275 275 275 275 275 275 275 276 276 276 276 276 276 276 277 277 277 277 277 277 277 277 278 278 278 278 278 278 278 278 278 279 279 279 279 279 279 279 279 280 280 280 280 280 280 280 280 280 280 281 281 281 281 281 281 281 281 281 281 282 282 282 282 282 282 282 282 282 282 282 282 283 283 283 283 283 283 283 283 283 283 283 284 284 284 284 284 284 284 284 284 284 284 284 284 284 284 285 285 285 285 285 285 285 285 285 285 285 285 286 286 286 286 286 258 258 258 258 258 258 259 259 259 259 259 259 260 260 260 260 260 260 261 261 261 261 261 261 262 262 262 262 262 262 263 263 263 263 263 263 264 264 264 264 264 264 265 265 265 265 265 265 265 266 266 266 266 266 266 267 267 267 267 267 267 268 268 268 268 268 268 269 269 269 269 269 269 270 270 270 270 270 270 270 271 271 271 271 271 271 272 272 272 272 272 272 273 273 273 273 273 273 273 273 274 274 274 274 274 274 274 275 275 275 275 275 275 275 276 276 276 276 276 276 276 276 277 277 277 277 277 277 277 277 278 278 278 278 278 278 278 278 279 279 279 279 279 279 279 279 279 280 280 280 280 280 280 280 280 280 280 281 281 281 281 281 281 281 281 281 281 282 282 282 282 282 282 282 282 282 282 282 282 283 283 283 283 283 283 283 283 283 283 283 284 284 284 284 284 284 284 284 284 284 284 284 284 284 284 285 285 285 285 285 285 285 285 285 285 285 285 285 286 286 286 286 286 286 286 286 286 286 258 258 258 258 258 258 259 259 259 259 259 259 260 260 260 260 260 260 261 261 261 261 261 261 262 262 262 262 262 262 263 263 263 263 263 263 264 264 264 264 264 264 265 265 265 265 265 265 266 266 266 266 266 266 266 267 267 267 267 267 268 268 268 268 268 268 269 269 269 269 269 269 269 270 270 270 270 270 270 270 271 271 271 271 271 271 272 272 272 272 272 272 273 273 273 273 273 273 273 274 274 274 274 274 274 274 274 275 275 275 275 275 275 275 276 276 276 276 276 276 276 276 277 277 277 277 277 277 277 277 278 278 278 278 278 278 278 278 279 279 279 279 279 279 279 279 279 280 280 280 280 280 280 280 280 280 280 281 281 281 281 281 281 281 281 281 281 282 282 282 282 282 282 282 282 282 282 282 282 283 283 283 283 283 283 283 283 283 283 283 284 284 284 284 284 284 284 284 284 284 284 284 284 284 284 285 285 285 285 285 285 285 285 285 285 285 285 285 285 285 285 286 286 286 286 286 286 286 286 257 258 258 258 258 258 258 259 259 259 259 259 259 260 260 260 260 260 261 261 261 261 261 261 262 262 262 262 262 262 263 263 263 263 263 263 264 264 264 264 264 264 264 265 265 265 265 265 265 266 266 266 266 266 266 266 267 267 267 267 267 268 268 268 268 268 268 269 269 269 269 269 269 269 270 270 270 270 270 270 270 271 271 271 271 271 271 272 272 272 272 272 272 273 273 273 273 273 273 273 274 274 274 274 274 274 274 274 275 275 275 275 275 275 275 276 276 276 276 276 276 276 277 277 277 277 277 277 277 277 277 278 278 278 278 278 278 278 278 279 279 279 279 279 279 279 279 279 280 280 280 280 280 280 280 280 280 280 281 281 281 281 281 281 281 281 281 281 282 282 282 282 282 282 282 282 282 282 282 282 283 283 283 283 283 283 283 283 283 283 283 284 284 284 284 284 284 284 284 284 284 284 284 284 284 284 285 285 285 285 285 285 285 285 285 285 285 285 285 285 285 285 286 286 286 286 286 286 257 257 258 258 258 258 258 259 259 259 259 259 259 260 260 260 260 260 260 261 261 261 261 261 261 262 262 262 262 262 262 263 263 263 263 263 263 264 264 264 264 264 264 265 265 265 265 265 265 266 266 266 266 266 266 266 266 267 267 267 267 267 268 268 268 268 268 268 269 269 269 269 269 269 270 270 270 270 270 270 270 271 271 271 271 271 271 271 272 272 272 272 272 272 273 273 273 273 273 273 274 274 274 274 274 274 274 274 275 275 275 275 275 275 275 276 276 276 276 276 276 276 276 277 277 277 277 277 277 277 277 277 278 278 278 278 278 278 278 278 279 279 279 279 279 279 279 279 279 280 280 280 280 280 280 280 280 280 281 281 281 281 281 281 281 281 281 281 281 282 282 282 282 282 282 282 282 282 282 282 282 283 283 283 283 283 283 283 283 283 283 283 284 284 284 284 284 284 284 284 284 284 284 284 284 284 284 285 285 285 285 285 285 285 285 285 285 285 285 285 285 285 285 286 286 286 286 286 257 257 258 258 258 258 258 258 259 259 259 259 259 259 260 260 260 260 260 260 261 261 261 261 261 261 262 262 262 262 262 262 263 263 263 263 263 263 264 264 264 264 264 264 265 265 265 265 265 265 266 266 266 266 266 266 266 267 267 267 267 267 268 268 268 268 268 268 269 269 269 269 269 269 269 270 270 270 270 270 270 271 271 271 271 271 271 271 271 272 272 272 272 272 273 273 273 273 273 273 273 274 274 274 274 274 274 274 275 275 275 275 275 275 275 275 276 276 276 276 276 276 276 276 277 277 277 277 277 277 277 277 278 278 278 278 278 278 278 278 279 279 279 279 279 279 279 279 279 279 280 280 280 280 280 280 280 280 280 281 281 281 281 281 281 281 281 281 281 281 282 282 282 282 282 282 282 282 282 282 282 282 283 283 283 283 283 283 283 283 283 283 283 283 284 284 284 284 284 284 284 284 284 284 284 284 284 284 285 285 285 285 285 285 285 285 285 285 285 285 285 285 285 285 285 286 286 286 257 257 258 258 258 258 258 258 259 259 259 259 259 259 260 260 260 260 260 260 261 261 261 261 261 261 262 262 262 262 262 263 263 263 263 263 263 263 264 264 264 264 264 264 265 265 265 265 265 265 266 266 266 266 266 266 266 267 267 267 267 267 268 268 268 268 268 268 269 269 269 269 269 269 269 270 270 270 270 270 270 271 271 271 271 271 271 271 272 272 272 272 272 272 273 273 273 273 273 273 273 274 274 274 274 274 274 274 275 275 275 275 275 275 275 275 276 276 276 276 276 276 276 276 277 277 277 277 277 277 277 278 278 278 278 278 278 278 278 278 279 279 279 279 279 279 279 279 279 279 280 280 280 280 280 280 280 280 280 281 281 281 281 281 281 281 281 281 281 281 282 282 282 282 282 282 282 282 282 282 282 283 283 283 283 283 283 283 283 283 283 283 283 284 284 284 284 284 284 284 284 284 284 284 284 284 284 284 285 285 285 285 285 285 285 285 285 285 285 285 285 285 285 285 285 286 286 257 257 257 258 258 258 258 258 258 259 259 259 259 259 260 260 260 260 260 260 261 261 261 261 261 261 262 262 262 262 262 262 263 263 263 263 263 263 264 264 264 264 264 264 265 265 265 265 265 265 265 266 266 266 266 266 266 267 267 267 267 267 267 268 268 268 268 268 268 269 269 269 269 269 269 270 270 270 270 270 270 271 271 271 271 271 271 271 272 272 272 272 272 272 272 273 273 273 273 273 273 273 274 274 274 274 274 274 274 275 275 275 275 275 275 275 276 276 276 276 276 276 276 276 276 277 277 277 277 277 277 277 278 278 278 278 278 278 278 278 278 279 279 279 279 279 279 279 279 279 280 280 280 280 280 280 280 280 280 280 281 281 281 281 281 281 281 281 281 281 281 282 282 282 282 282 282 282 282 282 282 283 283 283 283 283 283 283 283 283 283 283 283 283 283 284 284 284 284 284 284 284 284 284 284 284 284 284 284 284 285 285 285 285 285 285 285 285 285 285 285 285 285 285 285 285 286 257 257 258 258 258 258 258 258 259 259 259 259 259 259 260 260 260 260 260 260 261 261 261 261 261 261 262 262 262 262 262 262 263 263 263 263 263 263 264 264 264 264 264 264 265 265 265 265 265 265 266 266 266 266 266 266 266 267 267 267 267 267 268 268 268 268 268 268 268 269 269 269 269 269 269 270 270 270 270 270 271 271 271 271 271 271 271 272 272 272 272 272 272 272 273 273 273 273 273 273 273 274 274 274 274 274 274 274 275 275 275 275 275 275 275 275 276 276 276 276 276 276 276 276 277 277 277 277 277 277 277 277 278 278 278 278 278 278 278 278 278 279 279 279 279 279 279 279 279 279 280 280 280 280 280 280 280 280 280 280 281 281 281 281 281 281 281 281 281 281 282 282 282 282 282 282 282 282 282 282 282 283 283 283 283 283 283 283 283 283 283 283 283 283 283 284 284 284 284 284 284 284 284 284 284 284 284 284 284 284 285 285 285 285 285 285 285 285 285 285 285 285 285 285 285 285 257 258 258 258 258 258 258 259 259 259 259 259 259 260 260 260 260 260 260 261 261 261 261 261 261 262 262 262 262 262 263 263 263 263 263 263 263 264 264 264 264 264 264 265 265 265 265 265 265 266 266 266 266 266 266 266 267 267 267 267 267 268 268 268 268 268 268 269 269 269 269 269 269 269 270 270 270 270 270 271 271 271 271 271 271 271 272 272 272 272 272 272 272 273 273 273 273 273 273 273 274 274 274 274 274 274 274 275 275 275 275 275 275 275 275 276 276 276 276 276 276 276 276 277 277 277 277 277 277 277 277 278 278 278 278 278 278 278 278 279 279 279 279 279 279 279 279 279 279 280 280 280 280 280 280 280 280 280 280 281 281 281 281 281 281 281 281 281 281 282 282 282 282 282 282 282 282 282 282 282 283 283 283 283 283 283 283 283 283 283 283 283 283 283 284 284 284 284 284 284 284 284 284 284 284 284 284 284 284 285 285 285 285 285 285 285 285 285 285 285 285 285 285 285 258 258 258 258 258 259 259 259 259 259 259 260 260 260 260 260 260 261 261 261 261 261 261 262 262 262 262 262 263 263 263 263 263 263 264 264 264 264 264 264 265 265 265 265 265 265 265 266 266 266 266 266 266 266 267 267 267 267 267 268 268 268 268 268 268 269 269 269 269 269 269 270 270 270 270 270 270 271 271 271 271 271 271 271 272 272 272 272 272 272 272 273 273 273 273 273 273 274 274 274 274 274 274 274 275 275 275 275 275 275 275 275 275 276 276 276 276 276 276 276 277 277 277 277 277 277 277 277 278 278 278 278 278 278 278 278 278 279 279 279 279 279 279 279 279 279 280 280 280 280 280 280 280 280 280 280 281 281 281 281 281 281 281 281 281 281 281 282 282 282 282 282 282 282 282 282 282 282 283 283 283 283 283 283 283 283 283 283 283 283 283 283 284 284 284 284 284 284 284 284 284 284 284 284 284 284 284 285 285 285 285 285 285 285 285 285 285 285 285 285 285 258 258 258 258 258 259 259 259 259 259 259 260 260 260 260 260 261 261 261 261 261 261 262 262 262 262 262 262 263 263 263 263 263 263 264 264 264 264 264 264 265 265 265 265 265 265 266 266 266 266 266 266 266 267 267 267 267 267 267 268 268 268 268 268 268 269 269 269 269 269 269 270 270 270 270 270 270 271 271 271 271 271 271 272 272 272 272 272 272 272 273 273 273 273 273 273 273 274 274 274 274 274 274 274 275 275 275 275 275 275 275 275 276 276 276 276 276 276 276 276 277 277 277 277 277 277 277 277 278 278 278 278 278 278 278 278 278 279 279 279 279 279 279 279 279 279 280 280 280 280 280 280 280 280 280 280 281 281 281 281 281 281 281 281 281 281 281 282 282 282 282 282 282 282 282 282 282 282 283 283 283 283 283 283 283 283 283 283 283 283 283 283 284 284 284 284 284 284 284 284 284 284 284 284 284 284 284 285 285 285 285 285 285 285 285 285 285 285 285 285 258 258 258 258 258 259 259 259 259 259 259 260 260 260 260 260 260 261 261 261 261 261 261 262 262 262 262 262 262 263 263 263 263 263 263 264 264 264 264 264 264 265 265 265 265 265 265 266 266 266 266 266 266 267 267 267 267 267 267 267 268 268 268 268 268 269 269 269 269 269 269 269 270 270 270 270 270 271 271 271 271 271 271 271 272 272 272 272 272 272 272 273 273 273 273 273 273 273 274 274 274 274 274 274 274 275 275 275 275 275 275 275 275 276 276 276 276 276 276 276 276 277 277 277 277 277 277 277 277 278 278 278 278 278 278 278 278 278 279 279 279 279 279 279 279 279 279 280 280 280 280 280 280 280 280 280 280 281 281 281 281 281 281 281 281 281 281 281 282 282 282 282 282 282 282 282 282 282 282 282 283 283 283 283 283 283 283 283 283 283 283 283 283 284 284 284 284 284 284 284 284 284 284 284 284 284 284 284 284 285 285 285 285 285 285 285 285 285 285 285 257 258 258 258 258 258 258 259 259 259 259 259 259 260 260 260 260 260 260 261 261 261 261 261 261 262 262 262 262 262 263 263 263 263 263 263 264 264 264 264 264 264 264 265 265 265 265 265 265 266 266 266 266 266 266 267 267 267 267 267 267 268 268 268 268 268 268 269 269 269 269 269 269 270 270 270 270 270 270 271 271 271 271 271 271 271 272 272 272 272 272 272 273 273 273 273 273 273 273 273 274 274 274 274 274 274 274 275 275 275 275 275 275 275 276 276 276 276 276 276 276 276 277 277 277 277 277 277 277 277 277 278 278 278 278 278 278 278 278 278 279 279 279 279 279 279 279 279 279 280 280 280 280 280 280 280 280 280 280 281 281 281 281 281 281 281 281 281 281 281 282 282 282 282 282 282 282 282 282 282 282 282 283 283 283 283 283 283 283 283 283 283 283 283 283 284 284 284 284 284 284 284 284 284 284 284 284 284 284 284 284 285 285 285 285 285 285 285 285 285 285 257 257 257 257 258 258 258 258 258 258 259 259 259 259 259 259 260 260 260 260 260 260 261 261 261 261 261 262 262 262 262 262 262 263 263 263 263 263 263 264 264 264 264 264 264 265 265 265 265 265 265 266 266 266 266 266 266 267 267 267 267 267 267 267 268 268 268 268 268 268 269 269 269 269 269 269 270 270 270 270 270 270 271 271 271 271 271 271 271 272 272 272 272 272 272 273 273 273 273 273 273 273 274 274 274 274 274 274 274 274 275 275 275 275 275 275 275 276 276 276 276 276 276 276 276 277 277 277 277 277 277 277 277 278 278 278 278 278 278 278 278 278 279 279 279 279 279 279 279 279 279 280 280 280 280 280 280 280 280 280 280 280 281 281 281 281 281 281 281 281 281 281 281 282 282 282 282 282 282 282 282 282 282 282 282 283 283 283 283 283 283 283 283 283 283 283 283 283 284 284 284 284 284 284 284 284 284 284 284 284 284 284 284 284 285 285 285 285 285 285 285 285 257 257 257 257 257 257 258 258 258 258 258 258 259 259 259 259 259 259 260 260 260 260 260 260 261 261 261 261 261 262 262 262 262 262 262 263 263 263 263 263 263 264 264 264 264 264 264 265 265 265 265 265 265 266 266 266 266 266 266 267 267 267 267 267 267 267 268 268 268 268 268 268 269 269 269 269 269 270 270 270 270 270 270 271 271 271 271 271 271 271 272 272 272 272 272 272 272 273 273 273 273 273 273 273 274 274 274 274 274 274 274 275 275 275 275 275 275 275 275 276 276 276 276 276 276 276 277 277 277 277 277 277 277 277 277 278 278 278 278 278 278 278 278 278 279 279 279 279 279 279 279 279 279 280 280 280 280 280 280 280 280 280 280 280 281 281 281 281 281 281 281 281 281 281 281 282 282 282 282 282 282 282 282 282 282 282 282 283 283 283 283 283 283 283 283 283 283 283 283 283 284 284 284 284 284 284 284 284 284 284 284 284 284 284 284 284 285 285 285 285 285 285 257 257 257 257 257 257 257 258 258 258 258 258 258 259 259 259 259 259 259 260 260 260 260 260 261 261 261 261 261 261 262 262 262 262 262 262 263 263 263 263 263 263 264 264 264 264 264 264 265 265 265 265 265 265 266 266 266 266 266 266 267 267 267 267 267 267 268 268 268 268 268 268 269 269 269 269 269 269 270 270 270 270 270 270 271 271 271 271 271 271 271 272 272 272 272 272 272 273 273 273 273 273 273 273 273 274 274 274 274 274 274 274 275 275 275 275 275 275 275 276 276 276 276 276 276 276 276 276 277 277 277 277 277 277 277 277 278 278 278 278 278 278 278 278 278 279 279 279 279 279 279 279 279 279 279 280 280 280 280 280 280 280 280 280 280 281 281 281 281 281 281 281 281 281 281 281 282 282 282 282 282 282 282 282 282 282 282 282 283 283 283 283 283 283 283 283 283 283 283 283 283 283 284 284 284 284 284 284 284 284 284 284 284 284 284 284 284 285 285 285 285 285 256 256 256 256 257 257 257 257 257 257 257 258 258 258 258 258 258 259 259 259 259 259 259 260 260 260 260 260 261 261 261 261 261 262 262 262 262 262 262 263 263 263 263 263 263 264 264 264 264 264 264 265 265 265 265 265 265 266 266 266 266 266 266 266 267 267 267 267 267 267 268 268 268 268 268 268 269 269 269 269 269 270 270 270 270 270 270 270 271 271 271 271 271 271 272 272 272 272 272 272 272 273 273 273 273 273 273 273 274 274 274 274 274 274 274 275 275 275 275 275 275 275 275 276 276 276 276 276 276 276 276 277 277 277 277 277 277 277 277 277 278 278 278 278 278 278 278 278 278 279 279 279 279 279 279 279 279 279 280 280 280 280 280 280 280 280 280 280 280 281 281 281 281 281 281 281 281 281 281 281 282 282 282 282 282 282 282 282 282 282 282 282 283 283 283 283 283 283 283 283 283 283 283 283 283 283 284 284 284 284 284 284 284 284 284 284 284 284 284 284 284 285 285 285 256 256 256 256 256 257 257 257 257 257 257 258 258 258 258 258 258 259 259 259 259 259 259 260 260 260 260 260 260 261 261 261 261 261 262 262 262 262 262 262 263 263 263 263 263 263 264 264 264 264 264 264 265 265 265 265 265 265 266 266 266 266 266 266 267 267 267 267 267 267 268 268 268 268 268 268 268 269 269 269 269 269 270 270 270 270 270 270 270 271 271 271 271 271 271 272 272 272 272 272 272 272 273 273 273 273 273 273 273 274 274 274 274 274 274 274 275 275 275 275 275 275 275 275 276 276 276 276 276 276 276 276 277 277 277 277 277 277 277 277 278 278 278 278 278 278 278 278 278 278 279 279 279 279 279 279 279 279 279 280 280 280 280 280 280 280 280 280 280 280 281 281 281 281 281 281 281 281 281 281 281 282 282 282 282 282 282 282 282 282 282 282 282 283 283 283 283 283 283 283 283 283 283 283 283 283 283 284 284 284 284 284 284 284 284 284 284 284 284 284 284 284 284 256 256 256 256 256 256 257 257 257 257 257 257 258 258 258 258 258 258 259 259 259 259 259 259 260 260 260 260 260 260 261 261 261 261 261 262 262 262 262 262 262 263 263 263 263 263 263 264 264 264 264 264 264 265 265 265 265 265 265 266 266 266 266 266 266 267 267 267 267 267 267 268 268 268 268 268 268 268 269 269 269 269 269 270 270 270 270 270 270 271 271 271 271 271 271 271 272 272 272 272 272 272 272 273 273 273 273 273 273 274 274 274 274 274 274 274 274 275 275 275 275 275 275 275 276 276 276 276 276 276 276 276 277 277 277 277 277 277 277 277 277 278 278 278 278 278 278 278 278 278 279 279 279 279 279 279 279 279 279 279 280 280 280 280 280 280 280 280 280 280 280 281 281 281 281 281 281 281 281 281 281 282 282 282 282 282 282 282 282 282 282 282 282 282 283 283 283 283 283 283 283 283 283 283 283 283 283 283 284 284 284 284 284 284 284 284 284 284 284 284 284 284 284 256 256 256 256 256 256 257 257 257 257 257 257 258 258 258 258 258 258 259 259 259 259 259 259 260 260 260 260 260 260 261 261 261 261 261 262 262 262 262 262 262 263 263 263 263 263 263 264 264 264 264 264 264 265 265 265 265 265 265 266 266 266 266 266 266 267 267 267 267 267 267 268 268 268 268 268 268 269 269 269 269 269 269 270 270 270 270 270 270 271 271 271 271 271 271 272 272 272 272 272 272 272 273 273 273 273 273 273 273 274 274 274 274 274 274 274 274 275 275 275 275 275 275 275 276 276 276 276 276 276 276 276 277 277 277 277 277 277 277 277 277 278 278 278 278 278 278 278 278 278 279 279 279 279 279 279 279 279 279 279 280 280 280 280 280 280 280 280 280 280 280 281 281 281 281 281 281 281 281 281 281 282 282 282 282 282 282 282 282 282 282 282 282 282 283 283 283 283 283 283 283 283 283 283 283 283 283 283 283 284 284 284 284 284 284 284 284 284 284 284 284 284 255 255 255 256 256 256 256 256 256 257 257 257 257 257 257 258 258 258 258 258 258 259 259 259 259 259 259 260 260 260 260 260 261 261 261 261 261 262 262 262 262 262 262 263 263 263 263 263 263 264 264 264 264 264 264 265 265 265 265 265 265 266 266 266 266 266 266 267 267 267 267 267 267 268 268 268 268 268 268 268 269 269 269 269 269 270 270 270 270 270 270 270 271 271 271 271 271 271 272 272 272 272 272 272 272 273 273 273 273 273 273 273 274 274 274 274 274 274 274 275 275 275 275 275 275 275 275 276 276 276 276 276 276 276 276 277 277 277 277 277 277 277 277 277 278 278 278 278 278 278 278 278 278 279 279 279 279 279 279 279 279 279 279 280 280 280 280 280 280 280 280 280 280 280 281 281 281 281 281 281 281 281 281 281 282 282 282 282 282 282 282 282 282 282 282 282 282 283 283 283 283 283 283 283 283 283 283 283 283 283 283 283 284 284 284 284 284 284 284 284 284 284 284 284 284 255 255 255 255 255 256 256 256 256 256 256 257 257 257 257 257 257 258 258 258 258 258 258 259 259 259 259 259 259 260 260 260 260 260 261 261 261 261 261 262 262 262 262 262 262 263 263 263 263 263 263 264 264 264 264 264 264 265 265 265 265 265 265 266 266 266 266 266 266 267 267 267 267 267 267 268 268 268 268 268 268 269 269 269 269 269 269 270 270 270 270 270 270 271 271 271 271 271 271 271 272 272 272 272 272 272 273 273 273 273 273 273 273 274 274 274 274 274 274 274 274 275 275 275 275 275 275 275 275 276 276 276 276 276 276 276 276 277 277 277 277 277 277 277 277 277 278 278 278 278 278 278 278 278 278 279 279 279 279 279 279 279 279 279 279 280 280 280 280 280 280 280 280 280 280 280 281 281 281 281 281 281 281 281 281 281 282 282 282 282 282 282 282 282 282 282 282 282 282 282 283 283 283 283 283 283 283 283 283 283 283 283 283 283 284 284 284 284 284 284 284 284 284 284 284 284 284 284 284 255 255 255 255 255 255 256 256 256 256 256 256 257 257 257 257 257 257 258 258 258 258 258 258 259 259 259 259 259 259 260 260 260 260 260 261 261 261 261 261 262 262 262 262 262 262 263 263 263 263 263 263 264 264 264 264 264 264 265 265 265 265 265 265 266 266 266 266 266 266 267 267 267 267 267 267 268 268 268 268 268 268 269 269 269 269 269 270 270 270 270 270 270 270 271 271 271 271 271 271 271 272 272 272 272 272 272 273 273 273 273 273 273 273 274 274 274 274 274 274 274 274 275 275 275 275 275 275 275 276 276 276 276 276 276 276 276 276 277 277 277 277 277 277 277 277 278 278 278 278 278 278 278 278 278 279 279 279 279 279 279 279 279 279 279 279 280 280 280 280 280 280 280 280 280 280 281 281 281 281 281 281 281 281 281 281 281 282 282 282 282 282 282 282 282 282 282 282 282 282 282 283 283 283 283 283 283 283 283 283 283 283 283 283 283 283 284 284 284 284 284 284 284 284 284 284 284 284 284 284 254 255 255 255 255 255 255 256 256 256 256 256 256 257 257 257 257 257 257 258 258 258 258 258 258 259 259 259 259 259 259 260 260 260 260 261 261 261 261 261 261 262 262 262 262 262 262 263 263 263 263 263 263 264 264 264 264 264 264 265 265 265 265 265 265 266 266 266 266 266 266 267 267 267 267 267 267 268 268 268 268 268 268 269 269 269 269 269 270 270 270 270 270 270 270 271 271 271 271 271 271 272 272 272 272 272 272 272 273 273 273 273 273 273 273 274 274 274 274 274 274 274 275 275 275 275 275 275 275 275 276 276 276 276 276 276 276 276 277 277 277 277 277 277 277 277 277 278 278 278 278 278 278 278 278 278 279 279 279 279 279 279 279 279 279 279 280 280 280 280 280 280 280 280 280 280 280 281 281 281 281 281 281 281 281 281 281 281 281 282 282 282 282 282 282 282 282 282 282 282 282 282 283 283 283 283 283 283 283 283 283 283 283 283 283 283 283 284 284 284 284 284 284 284 284 284 284 284 284 284 284 255 255 255 255 255 256 256 256 256 256 256 257 257 257 257 258 258 258 258 258 258 259 259 259 259 259 259 260 260 260 260 261 261 261 261 261 261 262 262 262 262 262 262 263 263 263 263 263 263 264 264 264 264 264 264 265 265 265 265 265 266 266 266 266 266 266 267 267 267 267 267 267 268 268 268 268 268 268 269 269 269 269 269 269 270 270 270 270 270 270 271 271 271 271 271 271 271 272 272 272 272 272 272 273 273 273 273 273 273 273 274 274 274 274 274 274 274 274 275 275 275 275 275 275 275 275 276 276 276 276 276 276 276 276 277 277 277 277 277 277 277 277 277 278 278 278 278 278 278 278 278 278 279 279 279 279 279 279 279 279 279 279 280 280 280 280 280 280 280 280 280 280 280 281 281 281 281 281 281 281 281 281 281 281 282 282 282 282 282 282 282 282 282 282 282 282 282 282 283 283 283 283 283 283 283 283 283 283 283 283 283 283 283 284 284 284 284 284 284 284 284 284 284 284 284 284 284 255 255 255 255 255 255 256 256 256 257 257 257 257 258 258 258 258 258 258 259 259 259 259 259 260 260 260 260 260 261 261 261 261 261 261 262 262 262 262 262 263 263 263 263 263 263 264 264 264 264 264 264 265 265 265 265 265 265 266 266 266 266 266 266 267 267 267 267 267 267 268 268 268 268 268 269 269 269 269 269 269 270 270 270 270 270 270 270 271 271 271 271 271 271 271 272 272 272 272 272 272 273 273 273 273 273 273 273 274 274 274 274 274 274 274 274 275 275 275 275 275 275 275 275 276 276 276 276 276 276 276 276 277 277 277 277 277 277 277 277 277 278 278 278 278 278 278 278 278 278 278 279 279 279 279 279 279 279 279 279 280 280 280 280 280 280 280 280 280 280 280 280 281 281 281 281 281 281 281 281 281 281 282 282 282 282 282 282 282 282 282 282 282 282 282 282 283 283 283 283 283 283 283 283 283 283 283 283 283 283 283 283 284 284 284 284 284 284 284 284 284 284 284 284 255 255 255 255 255 256 257 257 257 257 258 258 258 258 258 258 259 259 259 259 259 260 260 260 260 260 261 261 261 261 261 262 262 262 262 262 262 263 263 263 263 263 263 264 264 264 264 264 264 265 265 265 265 265 265 266 266 266 266 266 266 267 267 267 267 267 267 268 268 268 268 268 269 269 269 269 269 269 270 270 270 270 270 270 271 271 271 271 271 271 271 272 272 272 272 272 272 272 273 273 273 273 273 273 273 274 274 274 274 274 274 274 275 275 275 275 275 275 275 275 276 276 276 276 276 276 276 276 276 277 277 277 277 277 277 277 277 277 278 278 278 278 278 278 278 278 278 279 279 279 279 279 279 279 279 279 279 280 280 280 280 280 280 280 280 280 280 280 280 281 281 281 281 281 281 281 281 281 281 281 282 282 282 282 282 282 282 282 282 282 282 282 282 282 283 283 283 283 283 283 283 283 283 283 283 283 283 283 283 284 284 284 284 284 284 284 284 284 284 284 284 257 258 258 258 258 258 259 259 259 259 259 260 260 260 260 260 260 261 261 261 261 261 262 262 262 262 262 262 263 263 263 263 263 263 264 264 264 264 264 264 265 265 265 265 265 265 266 266 266 266 266 266 267 267 267 267 267 268 268 268 268 268 268 269 269 269 269 269 269 270 270 270 270 270 270 271 271 271 271 271 271 271 272 272 272 272 272 272 273 273 273 273 273 273 273 274 274 274 274 274 274 274 274 275 275 275 275 275 275 275 275 276 276 276 276 276 276 276 276 276 277 277 277 277 277 277 277 277 277 278 278 278 278 278 278 278 278 278 279 279 279 279 279 279 279 279 279 279 280 280 280 280 280 280 280 280 280 280 280 280 281 281 281 281 281 281 281 281 281 281 281 282 282 282 282 282 282 282 282 282 282 282 282 282 282 283 283 283 283 283 283 283 283 283 283 283 283 283 283 283 283 284 284 284 284 284 284 284 284 284 258 258 258 258 258 259 259 259 259 260 260 260 260 260 260 261 261 261 261 261 261 262 262 262 262 262 262 263 263 263 263 263 263 264 264 264 264 264 264 265 265 265 265 265 266 266 266 266 266 266 267 267 267 267 267 267 268 268 268 268 268 269 269 269 269 269 269 270 270 270 270 270 270 270 271 271 271 271 271 271 272 272 272 272 272 272 272 273 273 273 273 273 273 273 274 274 274 274 274 274 274 274 275 275 275 275 275 275 275 275 276 276 276 276 276 276 276 276 277 277 277 277 277 277 277 277 277 277 278 278 278 278 278 278 278 278 278 279 279 279 279 279 279 279 279 279 279 280 280 280 280 280 280 280 280 280 280 280 280 281 281 281 281 281 281 281 281 281 281 281 282 282 282 282 282 282 282 282 282 282 282 282 282 282 283 283 283 283 283 283 283 283 283 283 283 283 283 283 283 284 284 284 284 284 284 284 284 258 258 258 258 258 259 259 259 259 260 260 260 260 260 260 261 261 261 261 261 261 262 262 262 262 262 262 263 263 263 263 263 263 264 264 264 264 264 265 265 265 265 265 265 266 266 266 266 266 266 267 267 267 267 267 267 268 268 268 268 268 269 269 269 269 269 269 270 270 270 270 270 270 271 271 271 271 271 271 271 272 272 272 272 272 272 272 273 273 273 273 273 273 273 274 274 274 274 274 274 274 275 275 275 275 275 275 275 275 276 276 276 276 276 276 276 276 276 277 277 277 277 277 277 277 277 277 278 278 278 278 278 278 278 278 278 278 279 279 279 279 279 279 279 279 279 279 280 280 280 280 280 280 280 280 280 280 280 281 281 281 281 281 281 281 281 281 281 281 281 282 282 282 282 282 282 282 282 282 282 282 282 282 282 283 283 283 283 283 283 283 283 283 283 283 283 283 283 283 283 283 284 284 284 257 258 258 258 258 258 259 259 259 259 260 260 260 260 260 260 261 261 261 261 261 261 262 262 262 262 262 262 263 263 263 263 263 264 264 264 264 264 264 265 265 265 265 265 265 266 266 266 266 266 266 267 267 267 267 267 267 268 268 268 268 268 269 269 269 269 269 269 270 270 270 270 270 270 271 271 271 271 271 271 271 272 272 272 272 272 272 273 273 273 273 273 273 273 274 274 274 274 274 274 274 274 275 275 275 275 275 275 275 275 276 276 276 276 276 276 276 276 276 277 277 277 277 277 277 277 277 277 278 278 278 278 278 278 278 278 278 278 279 279 279 279 279 279 279 279 279 279 280 280 280 280 280 280 280 280 280 280 280 281 281 281 281 281 281 281 281 281 281 281 281 282 282 282 282 282 282 282 282 282 282 282 282 282 282 282 283 283 283 283 283 283 283 283 283 283 283 283 283 283 283 283 257 257 258 258 258 258 258 259 259 259 259 260 260 260 260 260 260 261 261 261 261 261 261 262 262 262 262 262 263 263 263 263 263 263 264 264 264 264 264 264 265 265 265 265 265 265 266 266 266 266 266 267 267 267 267 267 267 268 268 268 268 268 269 269 269 269 269 269 269 270 270 270 270 270 270 271 271 271 271 271 271 272 272 272 272 272 272 272 273 273 273 273 273 273 273 274 274 274 274 274 274 274 274 275 275 275 275 275 275 275 275 276 276 276 276 276 276 276 276 276 277 277 277 277 277 277 277 277 277 278 278 278 278 278 278 278 278 278 278 279 279 279 279 279 279 279 279 279 279 280 280 280 280 280 280 280 280 280 280 280 281 281 281 281 281 281 281 281 281 281 281 281 281 282 282 282 282 282 282 282 282 282 282 282 282 282 282 283 283 283 283 283 283 283 283 283 283 283 283 283 283 255 255 255 255 256 257 257 257 257 257 257 258 258 258 258 258 259 259 259 259 260 260 260 260 260 260 261 261 261 261 261 262 262 262 262 262 262 263 263 263 263 263 263 264 264 264 264 264 264 265 265 265 265 265 266 266 266 266 266 266 267 267 267 267 267 267 268 268 268 268 268 269 269 269 269 269 269 270 270 270 270 270 270 271 271 271 271 271 271 271 272 272 272 272 272 272 272 273 273 273 273 273 273 274 274 274 274 274 274 274 274 275 275 275 275 275 275 275 275 275 276 276 276 276 276 276 276 276 276 277 277 277 277 277 277 277 277 277 278 278 278 278 278 278 278 278 278 278 279 279 279 279 279 279 279 279 279 279 280 280 280 280 280 280 280 280 280 280 280 281 281 281 281 281 281 281 281 281 281 281 281 281 282 282 282 282 282 282 282 282 282 282 282 282 282 282 283 283 283 283 283 283 283 283 283 283 283 283 283 255 255 255 255 255 256 256 256 256 256 256 257 257 257 257 257 258 258 258 258 258 259 259 259 259 259 260 260 260 260 260 260 261 261 261 261 261 262 262 262 262 262 262 263 263 263 263 263 263 264 264 264 264 264 264 265 265 265 265 265 266 266 266 266 266 266 267 267 267 267 267 268 268 268 268 268 268 269 269 269 269 269 269 270 270 270 270 270 270 271 271 271 271 271 271 272 272 272 272 272 272 272 273 273 273 273 273 273 273 274 274 274 274 274 274 274 274 275 275 275 275 275 275 275 275 276 276 276 276 276 276 276 276 276 276 277 277 277 277 277 277 277 277 277 278 278 278 278 278 278 278 278 278 278 279 279 279 279 279 279 279 279 279 279 280 280 280 280 280 280 280 280 280 280 280 281 281 281 281 281 281 281 281 281 281 281 281 281 282 282 282 282 282 282 282 282 282 282 282 282 282 282 282 283 283 283 283 283 283 283 283 283 283 283 283 283 283 283 283 283 284 255 255 255 255 255 255 256 256 256 256 256 256 257 257 257 257 257 257 258 258 258 259 259 259 259 259 259 260 260 260 260 260 260 261 261 261 261 261 262 262 262 262 262 262 263 263 263 263 263 263 264 264 264 264 264 265 265 265 265 265 265 266 266 266 266 266 266 267 267 267 267 267 268 268 268 268 268 268 269 269 269 269 269 269 270 270 270 270 270 270 271 271 271 271 271 271 272 272 272 272 272 272 272 273 273 273 273 273 273 273 274 274 274 274 274 274 274 274 275 275 275 275 275 275 275 275 276 276 276 276 276 276 276 276 276 277 277 277 277 277 277 277 277 277 278 278 278 278 278 278 278 278 278 278 278 279 279 279 279 279 279 279 279 279 279 280 280 280 280 280 280 280 280 280 280 280 281 281 281 281 281 281 281 281 281 281 281 281 281 282 282 282 282 282 282 282 282 282 282 282 282 282 282 282 283 283 283 283 283 283 283 283 283 283 283 283 283 283 283 283 283 285 285 254 255 255 255 255 255 255 256 256 256 256 256 256 257 257 257 257 257 258 258 258 258 259 259 259 259 259 259 260 260 260 260 260 261 261 261 261 261 261 262 262 262 262 262 262 263 263 263 263 263 264 264 264 264 264 264 265 265 265 265 265 265 266 266 266 266 266 267 267 267 267 267 268 268 268 268 268 268 269 269 269 269 269 269 270 270 270 270 270 270 271 271 271 271 271 271 271 272 272 272 272 272 272 272 273 273 273 273 273 273 273 274 274 274 274 274 274 274 274 275 275 275 275 275 275 275 275 276 276 276 276 276 276 276 276 276 277 277 277 277 277 277 277 277 277 277 278 278 278 278 278 278 278 278 278 278 279 279 279 279 279 279 279 279 279 279 280 280 280 280 280 280 280 280 280 280 280 281 281 281 281 281 281 281 281 281 281 281 281 281 281 282 282 282 282 282 282 282 282 282 282 282 282 282 282 282 283 283 283 283 283 283 283 283 283 283 283 283 283 283 283 285 285 285 285 254 254 254 255 255 255 255 255 255 256 256 256 256 256 256 257 257 257 257 257 258 258 258 258 259 259 259 259 259 259 260 260 260 260 260 261 261 261 261 261 261 262 262 262 262 262 262 263 263 263 263 263 264 264 264 264 264 264 265 265 265 265 265 265 266 266 266 266 266 267 267 267 267 267 268 268 268 268 268 268 269 269 269 269 269 269 270 270 270 270 270 270 271 271 271 271 271 271 272 272 272 272 272 272 272 273 273 273 273 273 273 273 273 274 274 274 274 274 274 274 274 275 275 275 275 275 275 275 275 276 276 276 276 276 276 276 276 276 277 277 277 277 277 277 277 277 277 277 278 278 278 278 278 278 278 278 278 278 279 279 279 279 279 279 279 279 279 279 279 280 280 280 280 280 280 280 280 280 280 281 281 281 281 281 281 281 281 281 281 281 281 281 281 282 282 282 282 282 282 282 282 282 282 282 282 282 282 282 283 283 283 283 283 283 283 283 283 283 283 283 283 283 285 285 285 285 285 254 254 254 255 255 255 255 255 255 256 256 256 256 256 257 257 257 257 257 257 258 258 258 258 259 259 259 259 259 260 260 260 260 260 260 261 261 261 261 261 261 262 262 262 262 262 263 263 263 263 263 263 264 264 264 264 264 264 265 265 265 265 265 266 266 266 266 266 266 267 267 267 267 267 268 268 268 268 268 268 269 269 269 269 269 269 270 270 270 270 270 270 271 271 271 271 271 271 272 272 272 272 272 272 272 273 273 273 273 273 273 273 274 274 274 274 274 274 274 274 275 275 275 275 275 275 275 275 275 276 276 276 276 276 276 276 276 276 277 277 277 277 277 277 277 277 277 277 278 278 278 278 278 278 278 278 278 278 279 279 279 279 279 279 279 279 279 279 279 280 280 280 280 280 280 280 280 280 280 280 281 281 281 281 281 281 281 281 281 281 281 281 281 282 282 282 282 282 282 282 282 282 282 282 282 282 282 282 282 283 283 283 283 283 283 283 283 283 283 283 283 284 285 285 285 285 285 254 254 254 255 255 255 255 255 255 256 256 256 256 256 256 257 257 257 257 257 258 258 258 258 259 259 259 259 259 259 260 260 260 260 260 261 261 261 261 261 261 262 262 262 262 262 263 263 263 263 263 263 264 264 264 264 264 265 265 265 265 265 265 266 266 266 266 266 266 267 267 267 267 267 268 268 268 268 268 269 269 269 269 269 269 270 270 270 270 270 270 271 271 271 271 271 271 271 272 272 272 272 272 272 272 273 273 273 273 273 273 273 274 274 274 274 274 274 274 274 275 275 275 275 275 275 275 275 275 276 276 276 276 276 276 276 276 276 277 277 277 277 277 277 277 277 277 277 278 278 278 278 278 278 278 278 278 278 279 279 279 279 279 279 279 279 279 279 279 280 280 280 280 280 280 280 280 280 280 280 281 281 281 281 281 281 281 281 281 281 281 281 281 282 282 282 282 282 282 282 282 282 282 282 282 282 282 282 282 283 283 283 283 283 283 283 283 283 283 283 284 284 284 285 285 254 254 255 255 255 255 255 255 256 256 256 256 256 256 257 257 257 257 258 258 258 258 258 259 259 259 259 259 260 260 260 260 260 260 261 261 261 261 261 261 262 262 262 262 262 263 263 263 263 263 263 264 264 264 264 264 265 265 265 265 265 265 266 266 266 266 266 266 267 267 267 267 268 268 268 268 268 268 269 269 269 269 269 269 270 270 270 270 270 270 271 271 271 271 271 271 272 272 272 272 272 272 272 273 273 273 273 273 273 273 273 274 274 274 274 274 274 274 274 275 275 275 275 275 275 275 275 275 276 276 276 276 276 276 276 276 276 277 277 277 277 277 277 277 277 277 277 278 278 278 278 278 278 278 278 278 278 279 279 279 279 279 279 279 279 279 279 279 280 280 280 280 280 280 280 280 280 280 280 281 281 281 281 281 281 281 281 281 281 281 281 281 281 282 282 282 282 282 282 282 282 282 282 282 282 282 282 282 282 283 283 283 283 283 283 283 283 283 284 284 284 284 254 254 254 255 255 255 255 255 256 256 256 256 256 256 257 257 257 258 258 258 258 258 258 259 259 259 259 259 259 260 260 260 260 260 261 261 261 261 261 262 262 262 262 262 262 263 263 263 263 263 263 264 264 264 264 264 265 265 265 265 265 265 266 266 266 266 266 267 267 267 267 267 268 268 268 268 268 268 269 269 269 269 269 269 270 270 270 270 270 270 271 271 271 271 271 271 272 272 272 272 272 272 272 273 273 273 273 273 273 273 273 274 274 274 274 274 274 274 274 275 275 275 275 275 275 275 275 275 276 276 276 276 276 276 276 276 276 277 277 277 277 277 277 277 277 277 277 278 278 278 278 278 278 278 278 278 278 279 279 279 279 279 279 279 279 279 279 280 280 280 280 280 280 280 280 280 280 280 280 281 281 281 281 281 281 281 281 281 281 281 281 281 281 282 282 282 282 282 282 282 282 282 282 282 282 282 282 282 282 283 283 283 283 283 283 283 283 284 284 284 284 284 284 284 254 255 255 255 255 255 255 256 256 256 256 256 256 257 257 257 257 257 258 258 258 258 258 258 259 259 259 259 259 260 260 260 260 260 261 261 261 261 261 261 262 262 262 262 262 262 263 263 263 263 263 264 264 264 264 264 264 265 265 265 265 265 266 266 266 266 267 267 267 267 267 267 268 268 268 268 268 268 269 269 269 269 269 269 270 270 270 270 270 270 271 271 271 271 271 271 272 272 272 272 272 272 272 273 273 273 273 273 273 273 273 274 274 274 274 274 274 274 274 275 275 275 275 275 275 275 275 275 275 276 276 276 276 276 276 276 276 277 277 277 277 277 277 277 277 277 277 277 278 278 278 278 278 278 278 278 278 279 279 279 279 279 279 279 279 279 279 279 280 280 280 280 280 280 280 280 280 280 280 280 280 281 281 281 281 281 281 281 281 281 281 281 281 281 281 281 282 282 282 282 282 282 282 282 282 282 282 282 282 282 282 282 282 283 283 283 284 284 284 284 284 284 284 284 284 284 284 254 254 254 255 255 255 255 255 255 256 256 256 256 256 257 257 257 257 257 257 258 258 258 258 258 258 259 259 259 259 259 260 260 260 260 260 261 261 261 261 261 261 262 262 262 262 262 263 263 263 263 263 263 264 264 264 264 264 264 265 265 265 265 265 266 266 266 266 267 267 267 267 267 267 268 268 268 268 268 269 269 269 269 269 269 270 270 270 270 270 270 271 271 271 271 271 271 271 272 272 272 272 272 272 272 273 273 273 273 273 273 273 273 274 274 274 274 274 274 274 274 275 275 275 275 275 275 275 275 275 276 276 276 276 276 276 276 276 276 277 277 277 277 277 277 277 277 277 277 277 278 278 278 278 278 278 278 278 278 278 279 279 279 279 279 279 279 279 279 279 279 280 280 280 280 280 280 280 280 280 280 280 280 280 281 281 281 281 281 281 281 281 281 281 281 281 281 281 282 282 282 282 282 282 282 282 282 282 282 282 282 282 282 282 282 283 283 284 284 284 284 284 284 284 284 284 284 284 253 253 253 253 253 254 254 254 254 254 255 255 255 255 255 255 256 256 256 256 256 256 257 257 257 257 257 258 258 258 258 258 259 259 259 259 259 259 260 260 260 260 260 261 261 261 261 261 261 262 262 262 262 262 263 263 263 263 263 263 264 264 264 264 264 265 265 265 265 265 265 266 266 266 266 267 267 267 267 267 268 268 268 268 268 268 269 269 269 269 269 269 270 270 270 270 270 270 271 271 271 271 271 271 272 272 272 272 272 272 272 273 273 273 273 273 273 273 273 274 274 274 274 274 274 274 274 274 275 275 275 275 275 275 275 275 275 276 276 276 276 276 276 276 276 276 276 277 277 277 277 277 277 277 277 277 277 278 278 278 278 278 278 278 278 278 278 279 279 279 279 279 279 279 279 279 279 279 280 280 280 280 280 280 280 280 280 280 280 280 280 281 281 281 281 281 281 281 281 281 281 281 281 281 281 281 282 282 282 282 282 282 282 282 282 282 282 282 282 282 282 282 282 284 284 284 284 284 284 284 284 284 284 284 284 252 253 253 253 253 253 253 254 254 254 254 254 255 255 255 255 255 255 256 256 256 256 256 257 257 257 257 257 257 258 258 258 258 258 259 259 259 259 259 259 260 260 260 260 260 261 261 261 261 261 261 262 262 262 262 262 263 263 263 263 263 263 264 264 264 264 264 265 265 265 265 265 265 266 266 266 266 267 267 267 267 267 268 268 268 268 268 268 269 269 269 269 269 269 270 270 270 270 270 270 271 271 271 271 271 271 272 272 272 272 272 272 272 273 273 273 273 273 273 273 273 274 274 274 274 274 274 274 274 274 275 275 275 275 275 275 275 275 275 276 276 276 276 276 276 276 276 276 276 277 277 277 277 277 277 277 277 277 277 278 278 278 278 278 278 278 278 278 279 279 279 279 279 279 279 279 279 279 279 279 280 280 280 280 280 280 280 280 280 280 280 280 280 281 281 281 281 281 281 281 281 281 281 281 281 281 281 281 282 282 282 282 282 282 282 282 282 282 282 282 282 282 282 282 284 284 284 284 284 284 284 284 284 284 284 284 252 252 252 253 253 253 253 253 254 254 254 254 254 255 255 255 255 255 255 256 256 256 256 256 257 257 257 257 257 257 258 258 258 258 258 259 259 259 259 259 259 260 260 260 260 260 261 261 261 261 261 261 262 262 262 262 262 263 263 263 263 263 263 264 264 264 264 264 265 265 265 265 265 266 266 266 266 267 267 267 267 267 267 268 268 268 268 268 268 269 269 269 269 269 270 270 270 270 270 270 271 271 271 271 271 271 271 272 272 272 272 272 272 272 273 273 273 273 273 273 273 273 274 274 274 274 274 274 274 274 274 275 275 275 275 275 275 275 275 275 276 276 276 276 276 276 276 276 276 276 277 277 277 277 277 277 277 277 277 277 278 278 278 278 278 278 278 278 278 278 279 279 279 279 279 279 279 279 279 279 279 280 280 280 280 280 280 280 280 280 280 280 280 280 280 281 281 281 281 281 281 281 281 281 281 281 281 281 281 281 282 282 282 282 282 282 282 282 282 282 282 282 282 282 283 284 284 284 284 284 284 284 284 284 284 284 284 284 252 252 252 253 253 253 253 253 254 254 254 254 254 254 255 255 255 255 255 256 256 256 256 256 257 257 257 257 257 257 258 258 258 258 258 259 259 259 259 259 259 260 260 260 260 260 261 261 261 261 261 262 262 262 262 262 262 263 263 263 263 263 264 264 264 264 264 264 265 265 265 265 265 266 266 266 266 267 267 267 267 267 267 268 268 268 268 268 269 269 269 269 269 269 270 270 270 270 270 270 271 271 271 271 271 271 272 272 272 272 272 272 272 272 273 273 273 273 273 273 273 273 274 274 274 274 274 274 274 274 274 275 275 275 275 275 275 275 275 275 276 276 276 276 276 276 276 276 276 276 277 277 277 277 277 277 277 277 277 277 278 278 278 278 278 278 278 278 278 278 279 279 279 279 279 279 279 279 279 279 279 280 280 280 280 280 280 280 280 280 280 280 280 280 280 281 281 281 281 281 281 281 281 281 281 281 281 281 281 281 281 282 282 282 282 282 282 282 282 282 282 282 282 283 283 284 284 284 284 284 284 284 284 284 284 284 284 284 252 252 253 253 253 253 253 254 254 254 254 254 254 255 255 255 255 255 256 256 256 256 256 257 257 257 257 257 257 258 258 258 258 258 259 259 259 259 259 260 260 260 260 260 260 261 261 261 261 261 262 262 262 262 262 262 263 263 263 263 263 264 264 264 264 264 264 265 265 265 265 266 266 266 266 266 267 267 267 267 267 268 268 268 268 268 268 269 269 269 269 269 269 270 270 270 270 270 271 271 271 271 271 271 271 272 272 272 272 272 272 272 272 273 273 273 273 273 273 273 273 274 274 274 274 274 274 274 274 274 275 275 275 275 275 275 275 275 275 276 276 276 276 276 276 276 276 276 276 277 277 277 277 277 277 277 277 277 278 278 278 278 278 278 278 278 278 278 278 278 279 279 279 279 279 279 279 279 279 279 279 280 280 280 280 280 280 280 280 280 280 280 280 280 281 281 281 281 281 281 281 281 281 281 281 281 281 281 281 281 282 282 282 282 282 282 282 282 282 282 282 283 283 283 283 284 284 284 284 284 284 284 284 284 284 284 284 284 252 252 253 253 253 253 253 254 254 254 254 254 255 255 255 255 255 256 256 256 256 256 257 257 257 257 257 257 258 258 258 258 258 259 259 259 259 259 260 260 260 260 260 260 261 261 261 261 261 262 262 262 262 262 262 263 263 263 263 263 264 264 264 264 264 265 265 265 265 266 266 266 266 266 266 267 267 267 267 267 268 268 268 268 268 268 269 269 269 269 269 270 270 270 270 270 270 271 271 271 271 271 271 271 272 272 272 272 272 272 272 272 273 273 273 273 273 273 273 273 274 274 274 274 274 274 274 274 274 275 275 275 275 275 275 275 275 275 276 276 276 276 276 276 276 276 276 276 277 277 277 277 277 277 277 277 277 277 278 278 278 278 278 278 278 278 278 278 278 279 279 279 279 279 279 279 279 279 279 279 280 280 280 280 280 280 280 280 280 280 280 280 280 280 281 281 281 281 281 281 281 281 281 281 281 281 281 281 281 281 282 282 282 282 282 282 282 282 282 283 283 283 283 283 283 284 284 284 284 284 284 284 284 284 284 284 284 252 252 253 253 253 253 253 254 254 254 254 254 255 255 255 255 255 256 256 256 256 256 257 257 257 257 257 257 258 258 258 258 258 259 259 259 259 259 260 260 260 260 260 260 261 261 261 261 261 262 262 262 262 262 262 263 263 263 263 263 264 264 264 264 264 265 265 265 265 266 266 266 266 266 266 267 267 267 267 267 268 268 268 268 268 268 269 269 269 269 269 270 270 270 270 270 270 271 271 271 271 271 271 272 272 272 272 272 272 272 272 272 273 273 273 273 273 273 273 273 274 274 274 274 274 274 274 274 274 275 275 275 275 275 275 275 275 275 276 276 276 276 276 276 276 276 276 276 277 277 277 277 277 277 277 277 277 277 278 278 278 278 278 278 278 278 278 278 278 279 279 279 279 279 279 279 279 279 279 279 280 280 280 280 280 280 280 280 280 280 280 280 280 280 281 281 281 281 281 281 281 281 281 281 281 281 281 281 281 281 281 282 282 282 282 282 282 282 283 283 283 283 283 283 283 283 284 284 284 284 284 284 284 284 284 284 284 254 254 254 254 255 255 255 255 255 256 256 256 256 256 257 257 257 257 257 257 258 258 258 258 258 259 259 259 259 259 260 260 260 260 260 260 261 261 261 261 261 262 262 262 262 262 263 263 263 263 263 263 264 264 264 264 264 265 265 265 265 266 266 266 266 266 267 267 267 267 267 267 268 268 268 268 268 269 269 269 269 269 269 270 270 270 270 270 271 271 271 271 271 271 271 272 272 272 272 272 272 272 272 272 273 273 273 273 273 273 273 273 274 274 274 274 274 274 274 274 274 275 275 275 275 275 275 275 275 275 276 276 276 276 276 276 276 276 276 276 277 277 277 277 277 277 277 277 277 277 278 278 278 278 278 278 278 278 278 278 278 279 279 279 279 279 279 279 279 279 279 279 280 280 280 280 280 280 280 280 280 280 280 280 280 280 280 280 281 281 281 281 281 281 281 281 281 281 281 281 281 281 281 282 282 282 282 282 282 283 283 283 283 283 283 283 283 283 283 283 284 284 284 284 284 284 284 284 284 284 254 254 254 254 255 255 255 255 255 256 256 256 256 256 257 257 257 257 257 258 258 258 258 258 258 259 259 259 259 259 260 260 260 260 260 260 261 261 261 261 261 262 262 262 262 262 263 263 263 263 263 263 264 264 264 264 264 265 265 265 265 266 266 266 266 266 267 267 267 267 267 267 268 268 268 268 268 269 269 269 269 269 269 270 270 270 270 270 271 271 271 271 271 271 271 272 272 272 272 272 272 272 272 272 273 273 273 273 273 273 273 273 274 274 274 274 274 274 274 274 274 275 275 275 275 275 275 275 275 275 276 276 276 276 276 276 276 276 276 276 277 277 277 277 277 277 277 277 277 277 278 278 278 278 278 278 278 278 278 278 278 279 279 279 279 279 279 279 279 279 279 279 279 280 280 280 280 280 280 280 280 280 280 280 280 280 280 280 281 281 281 281 281 281 281 281 281 281 281 281 281 281 281 281 282 282 282 282 283 283 283 283 283 283 283 283 283 283 283 283 283 284 284 284 284 284 284 284 284 284 284 284 254 254 254 254 254 255 255 255 255 255 256 256 256 256 256 257 257 257 257 257 258 258 258 258 258 258 259 259 259 259 259 260 260 260 260 260 261 261 261 261 261 261 262 262 262 262 262 263 263 263 263 263 264 264 264 264 264 264 265 265 265 265 266 266 266 266 266 267 267 267 267 267 268 268 268 268 268 268 269 269 269 269 269 270 270 270 270 270 270 270 271 271 271 271 271 271 271 272 272 272 272 272 272 272 272 273 273 273 273 273 273 273 273 274 274 274 274 274 274 274 274 274 275 275 275 275 275 275 275 275 275 275 276 276 276 276 276 276 276 276 276 277 277 277 277 277 277 277 277 277 277 278 278 278 278 278 278 278 278 278 278 278 279 279 279 279 279 279 279 279 279 279 279 279 280 280 280 280 280 280 280 280 280 280 280 280 280 280 280 281 281 281 281 281 281 281 281 281 281 281 281 281 281 281 281 281 282 282 283 283 283 283 283 283 283 283 283 283 283 283 283 283 283 284 284 284 284 284 284 284 284 284 284 284 284 284 284 284 253 254 254 254 254 254 255 255 255 255 255 256 256 256 256 256 257 257 257 257 257 258 258 258 258 258 258 259 259 259 259 259 260 260 260 260 260 261 261 261 261 261 261 262 262 262 262 262 263 263 263 263 263 264 264 264 264 264 265 265 265 265 266 266 266 266 266 266 267 267 267 267 267 268 268 268 268 268 268 269 269 269 269 269 270 270 270 270 270 270 270 271 271 271 271 271 271 271 272 272 272 272 272 272 272 272 273 273 273 273 273 273 273 273 274 274 274 274 274 274 274 274 274 275 275 275 275 275 275 275 275 275 275 276 276 276 276 276 276 276 276 276 277 277 277 277 277 277 277 277 277 277 278 278 278 278 278 278 278 278 278 278 278 279 279 279 279 279 279 279 279 279 279 279 279 280 280 280 280 280 280 280 280 280 280 280 280 280 280 280 281 281 281 281 281 281 281 281 281 281 281 281 281 281 281 281 281 281 283 283 283 283 283 283 283 283 283 283 283 283 283 283 283 283 283 284 284 284 284 284 284 284 284 284 284 284 284 284 284 284 284 284 253 253 254 254 254 254 254 255 255 255 255 255 256 256 256 256 256 257 257 257 257 257 258 258 258 258 258 258 259 259 259 259 259 260 260 260 260 260 261 261 261 261 261 261 262 262 262 262 262 263 263 263 263 263 264 264 264 264 265 265 265 265 265 266 266 266 266 266 266 267 267 267 267 267 268 268 268 268 268 268 269 269 269 269 269 270 270 270 270 270 270 270 271 271 271 271 271 271 271 272 272 272 272 272 272 272 272 273 273 273 273 273 273 273 273 273 274 274 274 274 274 274 274 274 274 274 275 275 275 275 275 275 275 275 275 276 276 276 276 276 276 276 276 277 277 277 277 277 277 277 277 277 277 277 278 278 278 278 278 278 278 278 278 278 279 279 279 279 279 279 279 279 279 279 279 279 280 280 280 280 280 280 280 280 280 280 280 280 280 280 280 280 281 281 281 281 281 281 281 281 281 281 281 281 281 281 281 281 283 283 283 283 283 283 283 283 283 283 283 283 283 283 283 283 283 283 283 283 284 284 284 284 284 284 284 284 284 284 284 284 284 284 284 284 284 284 253 253 253 254 254 254 254 255 255 255 255 255 256 256 256 256 256 257 257 257 257 257 258 258 258 258 258 258 259 259 259 259 259 260 260 260 260 260 261 261 261 261 261 261 262 262 262 262 262 263 263 263 263 263 264 264 264 264 265 265 265 265 265 266 266 266 266 266 266 267 267 267 267 267 268 268 268 268 268 268 269 269 269 269 269 269 270 270 270 270 270 270 271 271 271 271 271 271 271 271 272 272 272 272 272 272 272 273 273 273 273 273 273 273 273 273 274 274 274 274 274 274 274 274 274 274 275 275 275 275 275 275 275 275 275 275 276 276 276 276 276 276 276 277 277 277 277 277 277 277 277 277 277 277 278 278 278 278 278 278 278 278 278 278 279 279 279 279 279 279 279 279 279 279 279 279 279 280 280 280 280 280 280 280 280 280 280 280 280 280 280 280 281 281 281 281 281 281 281 281 281 281 281 281 281 281 281 283 283 283 283 283 283 283 283 283 283 283 283 283 283 283 283 283 283 283 283 283 283 283 284 284 284 284 284 284 284 284 284 284 284 284 284 284 284 284 284 284 284 284 253 253 254 254 254 254 255 255 255 255 255 256 256 256 256 256 257 257 257 257 257 257 258 258 258 258 258 259 259 259 259 259 260 260 260 260 260 261 261 261 261 261 262 262 262 262 262 262 263 263 263 263 263 264 264 264 264 265 265 265 265 265 266 266 266 266 266 267 267 267 267 267 267 268 268 268 268 268 269 269 269 269 269 269 269 270 270 270 270 270 270 271 271 271 271 271 271 271 271 272 272 272 272 272 272 272 273 273 273 273 273 273 273 273 273 274 274 274 274 274 274 274 274 274 274 275 275 275 275 275 275 275 275 275 275 275 276 276 276 276 276 276 277 277 277 277 277 277 277 277 277 277 277 278 278 278 278 278 278 278 278 278 278 278 279 279 279 279 279 279 279 279 279 279 279 279 279 280 280 280 280 280 280 280 280 280 280 280 280 280 280 280 281 281 281 281 281 281 281 281 281 281 281 281 281 282 283 283 283 283 283 283 283 283 283 283 283 283 283 283 283 283 283 283 283 283 283 283 283 283 283 284 284 284 284 284 284 284 284 284 284 284 284 284 284 284 284 284 254 254 254 254 255 255 255 255 255 256 256 256 256 256 257 257 257 257 257 257 258 258 258 258 258 259 259 259 259 259 260 260 260 260 260 261 261 261 261 261 262 262 262 262 262 262 263 263 263 263 263 264 264 264 264 265 265 265 265 265 266 266 266 266 266 267 267 267 267 267 267 268 268 268 268 268 269 269 269 269 269 269 269 270 270 270 270 270 270 271 271 271 271 271 271 271 271 272 272 272 272 272 272 272 272 273 273 273 273 273 273 273 273 274 274 274 274 274 274 274 274 274 275 275 275 275 275 275 275 275 275 275 275 275 276 276 276 276 276 276 277 277 277 277 277 277 277 277 277 277 277 278 278 278 278 278 278 278 278 278 278 278 279 279 279 279 279 279 279 279 279 279 279 279 279 279 280 280 280 280 280 280 280 280 280 280 280 280 280 280 281 281 281 281 281 281 281 281 281 281 281 281 282 282 282 283 283 283 283 283 283 283 283 283 283 283 283 283 283 283 283 283 283 283 283 283 283 283 283 283 283 284 284 284 284 284 284 284 284 284 284 284 284 284 284 284 254 254 255 255 255 255 255 256 256 256 256 256 257 257 257 257 257 258 258 258 258 258 258 259 259 259 259 259 260 260 260 260 260 261 261 261 261 261 262 262 262 262 262 262 263 263 263 263 263 264 264 264 264 265 265 265 265 265 266 266 266 266 266 267 267 267 267 267 267 268 268 268 268 268 269 269 269 269 269 269 269 270 270 270 270 270 270 271 271 271 271 271 271 271 271 272 272 272 272 272 272 272 272 273 273 273 273 273 273 273 273 273 274 274 274 274 274 274 274 274 275 275 275 275 275 275 275 275 275 276 275 275 276 276 276 276 276 276 277 277 277 277 277 277 277 277 277 277 277 277 278 278 278 278 278 278 278 278 278 278 279 279 279 279 279 279 279 279 279 279 279 279 279 279 280 280 280 280 280 280 280 280 280 280 280 280 280 280 280 281 281 281 281 281 281 281 281 281 281 282 282 282 282 282 283 283 283 283 283 283 283 283 283 283 283 283 283 283 283 283 283 283 283 283 283 283 283 283 283 283 283 283 284 284 284 284 284 284 284 284 284 284 284 284 254 255 255 255 255 256 256 256 256 256 257 257 257 257 257 257 258 258 258 258 258 259 259 259 259 259 260 260 260 260 260 261 261 261 261 261 261 262 262 262 262 262 263 263 263 263 264 264 264 264 265 265 265 265 265 265 266 266 266 266 266 267 267 267 267 267 267 268 268 268 268 268 268 269 269 269 269 269 269 270 270 270 270 270 270 270 271 271 271 271 271 271 271 271 272 272 272 272 272 272 272 273 273 273 273 273 273 273 273 273 274 274 274 274 274 274 274 274 275 275 275 275 275 275 275 275 275 275 276 275 276 276 276 276 276 276 276 277 277 277 277 277 277 277 277 277 277 278 278 278 278 278 278 278 278 278 278 278 279 279 279 279 279 279 279 279 279 279 279 279 279 279 280 280 280 280 280 280 280 280 280 280 280 280 280 280 280 280 281 281 281 281 281 281 281 281 282 282 282 282 282 282 282 283 283 283 283 283 283 283 283 283 283 283 283 283 283 283 283 283 283 283 283 283 283 283 283 283 283 283 283 283 284 284 284 284 284 284 284 284 284 255 255 255 255 256 256 256 256 256 257 257 257 257 257 258 258 258 258 258 259 259 259 259 259 260 260 260 260 260 261 261 261 261 261 261 262 262 262 262 262 263 263 263 264 264 264 264 264 265 265 265 265 265 265 266 266 266 266 266 267 267 267 267 267 267 268 268 268 268 268 268 269 269 269 269 269 269 269 270 270 270 270 270 270 271 271 271 271 271 271 271 271 272 272 272 272 272 272 272 273 273 273 273 273 273 273 273 273 274 274 274 274 274 274 274 274 275 275 275 275 275 275 275 275 275 276 276 275 276 276 276 276 276 276 276 277 277 277 277 277 277 277 277 277 277 278 278 278 278 278 278 278 278 278 278 278 278 279 279 279 279 279 279 279 279 279 279 279 279 279 280 280 280 280 280 280 280 280 280 280 280 280 280 280 280 280 280 281 281 281 281 281 281 282 282 282 282 282 282 282 282 282 283 283 283 283 283 283 283 283 283 283 283 283 283 283 283 283 283 283 283 283 283 283 283 283 283 283 283 283 283 283 283 284 284 283 284 284 284 255 255 256 256 256 256 256 256 257 257 257 257 258 258 258 258 258 259 259 259 259 259 260 260 260 260 260 260 261 261 261 261 261 262 262 262 262 262 263 263 263 264 264 264 264 264 265 265 265 265 265 265 266 266 266 266 266 267 267 267 267 267 267 268 268 268 268 268 268 269 269 269 269 269 269 269 269 270 270 270 270 270 271 271 271 271 271 271 271 271 272 272 272 272 272 272 272 273 273 273 273 273 273 273 273 273 274 274 274 274 274 274 274 274 275 275 275 275 275 275 275 275 275 276 276 275 276 276 276 276 276 276 276 277 277 277 277 277 277 277 277 277 277 278 278 278 278 278 278 278 278 278 278 278 278 279 279 279 279 279 279 279 279 279 279 279 279 279 279 280 280 280 280 280 280 280 280 280 280 280 280 280 280 280 280 281 281 281 281 281 282 282 282 282 282 282 282 282 282 282 282 283 283 283 283 283 283 283 283 283 283 283 283 283 283 283 283 283 283 283 283 283 283 283 283 283 283 283 283 283 283 283 283 283 283 283 284 283 283 256 256 256 256 256 257 257 257 257 257 258 258 258 258 258 259 259 259 259 259 260 260 260 260 260 260 261 261 261 261 262 262 262 262 262 263 263 263 264 264 264 264 264 264 265 265 265 265 265 266 266 266 266 266 267 267 267 267 267 267 268 268 268 268 268 268 268 269 269 269 269 269 269 269 270 270 270 270 270 270 271 271 271 271 271 271 271 272 272 272 272 272 272 272 273 273 273 273 273 273 273 273 273 274 274 274 274 274 274 274 274 274 275 275 275 275 275 275 275 275 275 276 275 276 276 276 276 276 276 276 277 277 277 277 277 277 277 277 277 277 277 278 278 278 278 278 278 278 278 278 278 278 278 279 279 279 279 279 279 279 279 279 279 279 279 279 280 280 280 280 280 280 280 280 280 280 280 280 280 280 280 280 280 281 281 281 282 282 282 282 282 282 282 282 282 282 282 282 282 283 283 283 283 283 283 283 283 283 283 283 283 283 283 283 283 283 283 283 283 283 283 283 283 283 283 283 283 283 283 283 283 283 283 283 283 283 283 283 283 283 283 283 259 259 259 259 260 260 260 260 260 261 261 261 261 261 262 262 262 262 262 263 263 263 263 264 264 264 264 264 264 265 265 265 265 266 266 266 266 266 266 267 267 267 267 267 267 268 268 268 268 268 268 268 269 269 269 269 269 269 269 270 270 270 270 270 271 271 271 271 271 271 271 272 272 272 272 272 272 272 273 273 273 273 273 273 273 273 273 274 274 274 274 274 274 274 274 274 275 275 275 275 275 275 275 275 275 275 275 276 276 276 276 276 276 276 277 277 277 277 277 277 277 277 277 277 277 278 278 278 278 278 278 278 278 278 278 278 278 279 279 279 279 279 279 279 279 279 279 279 279 279 279 279 280 280 280 280 280 280 280 280 280 280 280 280 280 280 280 280 281 282 282 282 282 282 282 282 282 282 282 282 282 282 282 282 282 283 283 283 283 283 283 283 283 283 283 283 283 283 283 283 283 283 283 283 283 283 283 283 283 283 283 283 283 283 283 283 283 283 283 283 283 283 283 283 283 283 283 283 283 283 283 259 259 259 259 259 260 260 260 260 260 261 261 261 261 261 261 262 262 262 263 263 263 263 263 263 264 264 264 264 264 264 265 265 265 265 266 266 266 266 266 266 267 267 267 267 267 267 267 268 268 268 268 268 269 269 269 269 269 269 269 270 270 270 270 270 271 271 271 271 271 271 271 272 272 272 272 272 272 272 273 273 273 273 273 273 273 273 273 274 274 274 274 274 274 274 274 274 274 275 275 275 275 275 275 275 275 275 275 276 276 276 276 276 276 276 276 277 277 277 277 277 277 277 277 277 277 278 278 278 278 278 278 278 278 278 278 278 278 278 279 279 279 279 279 279 279 279 279 279 279 279 279 279 279 280 280 280 280 280 280 280 280 280 280 280 280 280 280 280 282 282 282 282 282 282 282 282 282 282 282 282 282 282 282 282 282 282 282 283 283 283 283 283 283 283 283 283 283 283 283 283 283 283 283 283 283 283 283 283 283 283 283 283 283 283 283 283 283 283 283 283 283 283 283 283 283 283 283 283 283 283 283 283 283 283 283 259 259 259 259 260 260 260 260 260 260 261 261 261 261 261 261 261 262 262 262 263 263 263 263 263 264 264 264 264 264 264 264 265 265 265 265 266 266 266 266 266 266 266 267 267 267 267 267 268 268 268 268 268 269 269 269 269 269 269 269 270 270 270 270 270 271 271 271 271 271 271 271 272 272 272 272 272 272 272 272 273 273 273 273 273 273 273 273 274 274 274 274 274 274 274 274 274 274 274 275 275 275 275 275 275 275 275 276 276 276 276 276 276 276 276 277 277 277 277 277 277 277 277 277 277 277 277 278 278 278 278 278 278 278 278 278 278 278 279 279 279 279 279 279 279 279 279 279 279 279 279 279 279 279 280 280 280 280 280 280 280 280 280 280 280 280 280 280 282 282 282 282 282 282 282 282 282 282 282 282 282 282 282 282 282 282 282 282 282 282 283 283 283 283 283 283 283 283 283 283 283 283 283 283 283 283 283 283 283 283 283 283 283 283 283 283 283 283 283 283 283 283 283 283 283 283 283 283 283 283 283 283 283 283 283 283 283 283 283 283 255 255 255 256 259 259 259 259 259 260 260 260 260 260 261 261 261 261 261 261 262 262 262 262 263 263 263 263 263 264 264 264 264 264 264 264 265 265 265 265 265 266 266 266 266 266 266 267 267 267 267 267 268 268 268 268 268 268 269 269 269 269 269 269 269 270 270 270 270 271 271 271 271 271 271 271 272 272 272 272 272 272 272 272 273 273 273 273 273 273 273 273 274 274 274 274 274 274 274 274 274 274 275 275 275 275 275 275 275 275 275 276 276 276 276 276 276 276 276 277 277 277 277 277 277 277 277 277 277 277 277 278 278 278 278 278 278 278 278 278 278 278 278 279 279 279 279 279 279 279 279 279 279 279 279 279 279 279 280 280 280 280 280 280 280 280 280 280 280 280 280 281 282 282 282 282 282 282 282 282 282 282 282 282 282 282 282 282 282 282 282 282 282 282 282 283 283 283 283 283 283 283 283 283 283 283 283 283 283 283 283 283 283 283 283 283 283 283 283 283 283 283 283 283 283 283 283 283 283 283 283 283 283 283 283 283 283 283 283 283 283 283 283 252 253 253 253 255 255 256 256 259 259 259 259 259 260 260 260 260 260 261 261 261 261 261 261 262 262 262 262 263 263 263 263 263 264 264 264 264 264 264 265 265 265 265 265 266 266 266 266 266 266 267 267 267 267 267 267 268 268 268 268 268 268 269 269 269 269 269 269 269 270 270 270 270 270 271 271 271 271 271 271 272 272 272 272 272 272 272 272 273 273 273 273 273 273 273 273 273 274 274 274 274 274 274 274 274 274 275 275 275 275 275 275 275 275 276 276 276 276 276 276 276 276 276 277 277 277 277 277 277 277 277 277 277 277 277 278 278 278 278 278 278 278 278 278 278 278 278 279 279 279 279 279 279 279 279 279 279 279 279 279 279 279 280 280 280 280 280 280 280 280 280 280 280 280 281 281 281 281 282 282 282 282 282 282 282 282 282 282 282 282 282 282 282 282 282 282 282 282 282 282 282 283 283 283 283 283 283 283 283 283 283 283 283 283 283 283 283 283 283 283 283 283 283 283 283 283 283 283 283 283 283 283 283 283 283 283 283 283 283 283 283 283 283 283 283 283 283 283 283 283 252 252 253 253 253 255 255 255 255 256 256 258 258 258 258 259 259 259 259 259 260 260 260 260 260 261 261 261 261 261 262 262 262 262 263 263 263 263 264 264 264 264 264 264 264 265 264 265 265 265 265 266 266 266 266 266 266 267 267 267 267 267 268 268 268 268 268 268 268 269 269 269 269 269 269 269 269 270 270 270 270 271 271 271 271 271 271 271 272 272 272 272 272 272 272 272 272 273 273 273 273 273 273 273 273 274 274 274 274 274 274 274 275 275 275 275 275 275 275 275 275 276 276 276 276 276 276 276 276 276 276 277 277 277 277 277 277 277 277 277 277 277 277 278 278 278 278 278 278 278 278 278 278 278 278 279 279 279 279 279 279 279 279 279 279 279 279 279 279 280 280 280 280 280 280 280 280 280 280 280 281 281 281 281 281 281 282 282 282 282 282 282 282 282 282 282 282 282 282 282 282 282 282 282 282 282 282 282 282 282 283 283 283 283 283 283 283 283 283 283 283 283 283 283 283 283 283 283 283 283 283 283 283 283 282 283 283 283 283 283 283 283 283 283 283 283 283 283 283 283 283 283 283 283 283 283 283 283 252 253 253 253 253 253 255 255 255 255 256 256 258 258 258 259 259 259 259 259 259 260 260 260 260 260 261 261 261 261 262 262 262 262 262 263 263 263 263 264 264 264 264 264 264 264 264 265 265 265 265 266 265 266 266 266 266 267 267 267 267 267 267 268 268 267 268 268 268 269 269 269 269 269 269 269 269 269 269 270 270 270 270 271 271 271 271 271 271 271 272 272 272 272 272 272 272 272 272 272 272 273 273 273 273 273 273 274 274 274 274 274 274 275 275 275 275 275 275 275 275 275 276 276 276 276 276 276 276 276 276 276 277 277 277 277 277 277 277 277 277 277 277 278 278 278 278 278 278 278 278 278 278 278 278 278 278 278 279 279 279 279 279 279 279 279 279 279 279 279 279 280 280 280 280 280 280 280 280 280 281 281 281 281 281 281 281 282 282 282 282 282 282 282 282 282 282 282 282 282 282 282 282 282 282 282 282 282 282 282 282 282 282 282 283 283 283 283 283 283 283 283 283 283 283 283 283 283 283 283 283 283 282 282 282 282 282 282 283 283 283 282 282 283 282 282 282 282 282 282 282 282 282 282 282 283 283 283 283 252 252 253 253 253 253 253 253 254 254 254 254 255 255 255 255 255 256 256 256 256 257 257 258 258 258 258 259 259 259 259 259 259 260 260 260 260 261 261 261 261 261 262 262 262 262 262 263 263 263 263 264 264 264 264 264 264 264 264 265 265 265 266 266 266 266 266 266 266 267 267 267 267 267 267 268 268 268 268 268 268 268 268 269 269 269 269 269 269 269 269 270 270 270 270 270 270 271 271 271 271 271 271 271 272 272 272 272 272 272 272 273 273 273 273 273 273 273 273 274 274 274 274 274 274 275 275 275 275 275 275 275 275 275 276 276 276 276 276 276 276 276 276 276 277 277 277 277 277 277 277 277 277 277 277 278 278 278 278 278 278 278 278 278 278 278 278 278 278 278 279 279 279 279 279 279 279 279 279 279 279 279 279 280 280 280 280 280 280 280 280 281 281 281 281 281 281 281 281 281 282 282 282 282 282 282 282 282 282 282 282 282 282 282 282 282 282 282 282 282 282 282 282 282 282 282 282 282 282 282 283 283 283 283 283 283 283 283 283 283 283 282 282 282 282 282 282 282 282 282 282 282 282 282 282 282 282 282 282 282 282 282 282 282 282 282 282 282 282 283 282 282 283 251 252 252 252 252 253 253 253 253 253 254 254 254 254 254 255 255 255 255 255 256 256 256 256 256 257 257 257 257 257 257 258 258 258 258 258 259 259 259 259 259 260 260 260 261 261 261 261 261 261 262 262 262 262 262 263 263 263 263 263 264 264 264 264 264 265 265 265 265 266 266 266 266 266 266 266 267 267 267 267 267 268 268 268 268 268 268 268 268 268 269 269 269 269 269 270 270 270 270 270 270 270 270 271 271 271 271 271 271 271 271 272 272 272 272 272 272 273 273 273 273 273 273 273 273 273 273 273 274 274 274 274 274 275 275 275 275 275 275 275 275 275 276 276 276 276 276 276 276 276 276 276 277 277 277 277 277 277 277 277 277 277 277 278 278 278 278 278 278 278 278 278 278 278 278 278 278 279 279 279 279 279 279 279 279 279 279 279 279 279 279 280 280 280 280 280 280 280 281 281 281 281 281 281 281 281 281 281 281 281 281 282 282 282 282 282 282 282 282 282 282 282 282 282 282 282 282 282 282 282 282 282 282 282 282 282 282 282 282 282 282 283 283 283 283 283 283 283 282 282 282 282 282 282 282 282 282 282 282 282 282 282 282 282 282 282 282 282 282 282 282 282 282 282 282 282 282 282 282 282 282 251 251 251 252 252 252 252 253 253 253 253 253 253 254 254 254 254 254 255 255 255 255 256 256 256 256 256 256 257 257 257 257 257 258 258 258 258 259 259 259 259 259 259 260 260 260 261 261 261 261 261 261 262 262 262 262 262 263 263 263 263 264 264 264 265 265 265 265 265 265 265 265 266 266 266 266 267 267 267 267 267 267 268 268 268 268 268 268 268 268 268 269 269 269 269 269 269 269 270 270 270 270 270 270 271 271 271 271 271 271 271 272 272 272 272 272 272 272 272 272 272 273 273 273 273 273 273 273 273 273 274 274 274 274 274 275 275 275 275 275 275 275 275 275 276 276 276 276 276 276 276 276 276 276 277 277 277 277 277 277 277 277 277 277 277 277 278 278 278 278 278 278 278 278 278 278 278 278 278 279 279 279 279 279 279 279 279 279 279 279 279 279 279 279 280 280 280 280 280 281 281 281 281 281 281 281 281 281 281 281 281 281 281 282 282 282 282 282 282 282 282 282 282 282 282 282 282 282 282 282 282 282 282 282 282 282 282 282 282 282 282 282 282 282 282 282 282 283 282 282 282 282 282 282 282 282 282 282 282 282 282 282 281 281 281 282 282 282 282 282 282 282 282 282 282 282 282 282 282 282 282 282 250 251 251 251 251 252 252 252 252 252 253 253 253 253 253 254 254 254 254 254 255 255 255 255 255 256 256 256 256 256 256 257 257 257 257 257 258 258 258 258 258 259 259 259 259 260 260 260 260 261 261 261 261 261 262 262 262 262 263 263 263 263 263 263 264 264 264 264 264 265 265 265 265 265 265 265 265 266 266 266 267 267 267 267 267 267 267 268 268 268 268 268 268 268 269 269 269 269 269 269 270 270 270 270 270 270 270 270 270 271 271 271 271 271 271 272 272 272 272 272 272 272 272 272 273 273 273 273 273 273 273 273 273 274 274 274 274 274 275 275 275 275 275 275 275 275 275 276 276 276 276 276 276 276 276 276 276 276 277 277 277 277 277 277 277 277 277 277 277 278 278 278 278 278 278 278 278 278 278 278 278 278 279 279 279 279 279 279 279 279 279 279 279 279 279 279 279 279 280 280 280 281 281 281 281 281 281 281 281 281 281 281 281 281 281 281 282 282 282 282 282 282 282 282 282 282 282 282 282 282 282 282 282 282 282 282 282 282 282 282 282 282 282 282 282 282 282 282 282 282 282 282 282 282 282 282 282 282 282 282 282 281 281 281 282 282 282 282 282 282 282 282 282 282 282 282 282 282 282 282 282 282 282 282 249 249 249 249 250 250 251 251 251 251 251 252 252 252 252 252 252 253 253 253 253 254 254 254 254 254 255 255 255 255 255 255 256 256 256 256 256 257 257 257 257 257 258 258 258 258 259 259 259 259 259 260 260 260 260 260 261 261 261 262 262 262 262 263 263 263 263 263 263 264 264 264 264 264 264 264 265 265 265 265 265 265 265 266 266 266 266 266 266 267 267 267 267 267 267 268 268 268 268 269 269 269 269 269 269 269 270 270 270 270 270 270 270 270 271 271 271 271 271 271 272 272 272 272 272 272 272 272 272 273 273 273 273 273 273 273 273 273 273 274 274 274 274 274 275 275 275 275 275 275 275 275 275 276 276 276 276 276 276 276 276 276 276 276 277 277 277 277 277 277 277 277 277 277 277 278 278 278 278 278 278 278 278 278 278 278 278 278 278 279 279 279 279 279 279 279 279 279 279 279 279 279 279 279 279 280 281 281 281 281 281 281 281 281 281 281 281 281 281 281 281 281 281 282 282 282 282 282 282 282 282 282 282 282 282 282 282 282 282 282 282 282 282 282 282 282 282 282 282 282 282 282 282 282 282 282 282 282 282 282 282 282 282 282 282 281 281 281 282 283 283 282 282 282 282 283 283 282 282 281 282 282 282 282 282 282 282 282 282 248 248 249 249 249 249 249 250 250 250 250 251 251 251 251 251 252 252 252 252 252 252 253 253 253 253 254 254 254 254 254 254 255 255 255 255 255 255 256 256 256 256 257 257 257 257 257 257 258 258 258 258 259 259 259 259 259 260 260 260 261 261 261 261 261 261 262 262 262 262 262 263 263 263 263 263 264 264 264 264 264 265 265 265 265 265 265 266 266 266 266 266 266 266 266 267 267 267 267 267 268 268 268 268 268 269 269 269 269 269 269 269 270 270 270 270 270 270 270 271 271 271 271 271 271 272 272 272 272 272 272 272 272 273 273 273 273 273 273 273 273 273 273 273 274 274 274 274 274 275 275 275 275 275 275 275 275 275 276 276 276 276 276 276 276 276 276 276 276 277 277 277 277 277 277 277 277 277 277 277 278 278 278 278 278 278 278 278 278 278 278 278 278 278 279 279 279 279 279 279 279 279 279 279 279 279 279 279 279 279 281 281 281 281 281 281 281 281 281 281 281 281 281 281 281 281 281 281 281 281 282 282 282 282 282 282 282 282 282 282 282 282 282 282 282 282 282 282 282 282 282 282 282 282 282 282 282 282 282 282 282 282 282 282 282 282 282 281 281 282 282 282 282 282 282 282 282 282 282 283 282 282 282 282 282 282 282 282 282 282 248 248 248 248 249 249 249 249 249 250 250 250 250 251 251 251 251 251 252 252 252 252 252 252 253 253 253 253 253 254 254 254 254 254 255 255 255 255 255 256 256 256 256 256 257 257 257 257 257 257 258 258 258 258 258 259 259 259 259 259 260 260 260 260 261 261 261 261 261 262 262 262 262 262 263 263 263 263 264 264 264 264 264 264 264 265 265 265 265 265 266 266 266 266 266 267 267 267 267 267 267 268 268 268 268 268 268 269 269 269 269 269 269 270 270 270 270 270 270 270 271 271 271 271 271 271 271 272 272 272 272 272 272 272 272 273 273 273 273 273 273 273 273 273 273 273 274 274 274 274 274 275 275 275 275 275 275 275 275 275 276 276 276 276 276 276 276 276 276 276 276 277 277 277 277 277 277 277 277 277 277 277 277 278 278 278 278 278 278 278 278 278 278 278 278 278 279 279 279 279 279 279 279 279 279 279 279 279 279 279 279 281 281 281 281 281 281 281 281 281 281 281 281 281 281 281 281 281 281 281 281 281 281 281 282 282 282 282 282 282 282 282 282 282 282 282 282 282 282 282 282 282 282 282 282 282 282 282 282 282 282 282 282 282 282 282 282 282 281 282 282 282 282 282 281 281 282 282 282 282 282 282 282 282 282 282 282 282 248 248 248 248 249 249 249 249 249 250 250 250 250 251 251 251 251 251 251 252 252 252 252 252 253 253 253 253 253 253 254 254 254 254 255 255 255 255 255 256 256 256 256 256 257 257 257 257 257 257 258 258 258 258 259 259 259 259 259 259 260 260 260 261 261 261 261 261 261 262 262 262 262 262 263 263 263 263 264 264 264 264 264 265 265 265 265 265 265 266 266 266 266 266 266 267 267 267 267 267 267 268 268 268 268 268 268 269 269 269 269 269 269 270 270 270 270 270 270 270 271 271 271 271 271 271 271 272 272 272 272 272 272 272 273 273 273 273 273 273 273 273 273 274 273 273 274 274 274 274 274 275 275 275 275 275 275 275 275 275 275 276 276 276 276 276 276 276 276 276 276 277 277 277 277 277 277 277 277 277 277 277 277 277 278 278 278 278 278 278 278 278 278 278 278 278 278 278 279 279 279 279 279 279 279 279 279 279 279 279 281 281 281 281 281 281 281 281 281 281 281 281 281 281 281 281 281 281 281 281 281 281 281 281 281 281 282 282 282 282 282 282 282 282 282 282 282 282 282 282 282 282 282 282 282 282 282 282 282 282 282 282 282 282 282 282 282 281 282 281 282 281 281 281 281 282 282 282 282 282 282 282 282 282 282 282 282 248 248 248 248 249 249 249 249 249 250 250 250 250 251 251 251 251 251 251 252 252 252 252 252 253 253 253 253 253 254 254 254 254 254 255 255 255 255 255 256 256 256 256 256 257 257 257 257 257 258 258 258 258 258 259 259 259 259 259 260 260 260 260 261 261 261 261 261 261 262 262 262 262 262 263 263 263 263 263 264 264 264 264 265 265 265 265 265 265 265 266 266 266 266 266 267 267 267 267 267 267 268 268 268 268 268 268 269 269 269 269 269 269 270 270 270 270 270 270 270 271 271 271 271 271 271 271 272 272 272 272 272 272 272 272 273 273 273 273 273 273 273 273 273 273 274 274 274 274 274 274 275 275 275 275 275 275 275 275 275 275 276 276 276 276 276 276 276 276 276 276 277 277 277 277 277 277 277 277 277 277 277 277 277 278 278 278 278 278 278 278 278 278 278 278 278 278 278 278 279 279 279 279 279 279 279 279 279 279 280 281 281 281 281 281 281 281 281 281 281 281 281 281 281 281 281 281 281 281 281 281 281 281 281 281 281 281 281 282 282 282 282 282 282 282 282 282 282 282 282 282 282 282 282 282 282 282 282 282 282 282 282 282 282 282 282 282 281 281 281 281 281 282 282 281 282 282 282 282 282 282 282 282 281 282 282 248 248 248 248 248 249 249 249 249 250 250 250 250 250 251 251 251 251 251 251 252 252 252 252 252 253 253 253 253 253 254 254 254 254 254 255 255 255 255 255 256 256 256 256 257 257 257 257 257 257 258 258 258 258 258 259 259 259 259 260 260 260 260 260 261 261 261 261 261 262 262 262 262 262 262 263 263 263 263 263 264 264 264 264 264 265 265 265 265 265 266 266 266 266 266 267 267 267 267 267 267 267 268 268 268 268 268 268 269 269 269 269 269 269 270 270 270 270 270 270 270 271 271 271 271 271 271 271 271 272 272 272 272 272 272 272 273 273 273 273 273 273 273 273 273 273 274 274 274 274 274 274 275 275 275 275 275 275 275 275 275 275 276 276 276 276 276 276 276 276 276 276 277 277 277 277 277 277 277 277 277 277 277 277 277 277 278 278 278 278 278 278 278 278 278 278 278 278 278 278 279 279 279 279 279 279 279 279 279 280 280 281 281 281 281 281 281 281 281 281 281 280 281 281 281 281 281 281 281 281 281 281 281 281 281 281 281 281 281 281 281 281 282 282 282 282 282 282 282 282 282 282 282 282 282 282 282 282 282 282 282 282 282 282 282 282 282 281 281 281 281 281 281 281 282 282 282 282 282 281 282 282 281 281 281 281 281 248 248 248 248 248 249 249 249 249 250 250 250 250 250 251 251 251 251 251 252 252 252 252 252 252 253 253 253 253 253 254 254 254 254 254 255 255 255 255 256 256 256 256 256 256 257 257 257 257 257 258 258 258 258 259 259 259 259 260 260 260 260 260 261 261 261 261 261 261 262 262 262 262 262 263 263 263 263 263 263 264 264 264 264 264 265 265 265 265 265 266 266 266 266 266 266 267 267 267 267 267 267 268 268 268 268 268 268 269 269 269 269 269 269 270 270 270 270 270 270 270 271 271 271 271 271 271 271 272 272 272 272 272 272 272 272 273 273 273 273 273 273 273 273 273 273 274 274 274 274 274 274 275 275 275 275 275 275 275 275 275 275 276 276 276 276 276 276 276 276 276 276 277 277 277 277 277 277 277 277 277 277 277 277 277 278 278 278 278 278 278 278 278 278 278 278 278 278 278 278 279 279 279 279 279 279 279 279 280 280 280 280 280 281 281 281 281 281 281 281 281 280 280 281 281 281 281 281 281 281 281 281 281 281 281 281 281 281 281 281 281 281 281 281 281 281 282 282 282 282 282 282 282 282 282 282 282 282 281 281 281 282 282 282 282 282 281 281 281 281 281 282 282 282 282 282 281 281 282 282 282 281 281 281 281 248 248 248 248 248 249 249 249 249 250 250 250 250 250 251 251 251 251 251 252 252 252 252 252 252 253 253 253 253 254 254 254 254 254 255 255 255 255 255 256 256 256 256 256 256 257 257 257 257 257 258 258 258 258 258 259 259 259 260 260 260 260 260 260 261 261 261 261 261 262 262 262 262 262 263 263 263 263 263 264 264 264 264 264 265 265 265 265 265 265 266 266 266 266 266 266 267 267 267 267 267 267 268 268 268 268 268 268 269 269 269 269 269 269 270 270 270 270 270 270 270 271 271 271 271 271 271 271 272 272 272 272 272 272 272 272 273 273 273 273 273 273 273 273 274 274 274 274 274 274 274 274 275 275 275 275 275 275 275 275 275 275 276 276 276 276 276 276 276 276 276 276 277 277 277 277 277 277 277 277 277 277 277 277 277 277 277 278 278 278 278 278 278 278 278 278 278 278 278 278 279 279 279 279 279 279 279 280 280 280 280 280 280 280 280 280 280 281 281 281 281 280 280 280 281 281 281 281 281 281 281 281 281 281 281 281 281 281 281 281 281 281 281 281 281 281 281 281 281 282 282 282 282 282 282 282 282 281 281 281 281 281 281 281 281 281 281 281 281 281 281 282 282 281 281 281 281 281 281 281 281 281 281 247 247 248 248 248 248 248 249 249 249 249 249 250 250 250 250 250 251 251 251 251 252 252 252 252 252 252 253 253 253 253 253 254 254 254 254 255 255 255 255 255 256 256 256 256 256 256 257 257 257 257 257 258 258 258 258 258 259 259 259 260 260 260 260 260 261 261 261 261 261 261 262 262 262 262 262 263 263 263 263 263 264 264 264 264 264 265 265 265 265 265 265 266 266 266 266 266 266 267 267 267 267 267 267 268 268 268 268 268 268 269 269 269 269 269 269 269 270 270 270 270 270 270 271 271 271 271 271 271 271 272 272 272 272 272 272 272 272 273 273 273 273 273 273 273 273 274 274 274 274 274 274 274 274 275 275 275 275 275 275 275 275 275 275 276 276 276 276 276 276 276 276 276 276 276 277 277 277 277 277 277 277 277 277 277 277 277 277 278 278 278 278 278 278 278 278 278 278 278 278 278 278 278 279 279 279 279 279 280 280 280 280 280 280 280 280 280 280 280 281 281 280 280 280 280 280 280 281 281 281 281 281 281 281 281 281 281 281 281 281 281 281 281 281 281 281 281 281 281 281 281 281 281 281 281 281 281 282 281 281 281 281 281 281 281 281 281 281 281 281 281 281 281 281 281 281 281 281 281 281 281 281 281 247 247 247 247 248 248 248 248 249 249 249 249 249 250 250 250 250 250 251 251 251 251 252 252 252 252 252 252 253 253 253 253 254 254 254 254 254 255 255 255 255 255 256 256 256 256 256 256 257 257 257 257 257 258 258 258 258 258 259 259 259 260 260 260 260 260 261 261 261 261 261 261 262 262 262 262 262 263 263 263 263 263 264 264 264 264 264 264 265 265 265 265 265 266 266 266 266 266 266 267 267 267 267 267 267 268 268 268 268 268 268 269 269 269 269 269 269 270 270 270 270 270 270 270 271 271 271 271 271 271 271 272 272 272 272 272 272 272 272 273 273 273 273 273 273 273 273 274 274 274 274 274 274 274 274 275 275 275 275 275 275 275 275 275 275 276 276 276 276 276 276 276 276 276 276 276 277 277 277 277 277 277 277 277 277 277 277 277 277 277 277 278 278 278 278 278 278 278 278 278 278 278 278 278 278 279 279 279 280 280 280 280 280 280 280 280 280 280 280 280 280 280 280 280 280 280 280 280 280 280 281 281 281 281 281 281 281 281 281 281 281 281 281 281 281 281 281 281 281 281 281 281 281 281 281 281 281 281 281 281 281 281 281 281 281 281 281 281 281 281 281 281 281 281 281 281 281 281 281 281 281 281 281 247 247 247 247 247 248 248 248 248 249 249 249 249 249 250 250 250 250 250 251 251 251 251 252 252 252 252 252 252 253 253 253 253 254 254 254 254 254 255 255 255 255 255 256 256 256 256 256 256 257 257 257 257 257 258 258 258 258 259 259 259 259 260 260 260 260 260 261 261 261 261 261 261 262 262 262 262 262 263 263 263 263 263 264 264 264 264 264 265 265 265 265 265 265 266 266 266 266 266 266 267 267 267 267 267 267 268 268 268 268 268 268 269 269 269 269 269 269 269 270 270 270 270 270 270 271 271 271 271 271 271 271 272 272 272 272 272 272 272 272 273 273 273 273 273 273 273 273 274 274 274 274 274 274 274 274 275 275 275 275 275 275 275 275 275 275 276 276 276 276 276 276 276 276 276 276 276 277 277 277 277 277 277 277 277 277 277 277 277 277 277 277 277 278 278 278 278 278 278 278 278 278 278 278 278 278 278 279 280 280 280 280 280 280 280 280 280 280 280 280 280 280 280 280 280 280 280 280 280 280 280 281 281 281 281 281 281 281 281 281 281 281 281 281 281 281 281 281 281 281 281 281 281 281 281 281 281 281 281 281 281 281 281 281 281 281 281 281 281 281 281 281 281 281 281 281 281 281 281 281 281 281 246 247 247 247 247 247 248 248 248 248 249 249 249 249 249 250 250 250 250 250 251 251 251 251 251 252 252 252 252 252 253 253 253 253 253 254 254 254 254 255 255 255 255 255 256 256 256 256 256 256 257 257 257 257 257 258 258 258 259 259 259 259 259 260 260 260 260 260 261 261 261 261 261 262 262 262 262 262 262 263 263 263 263 263 264 264 264 264 264 265 265 265 265 265 265 266 266 266 266 266 266 267 267 267 267 267 267 268 268 268 268 268 268 269 269 269 269 269 269 269 270 270 270 270 270 270 270 271 271 271 271 271 271 272 272 272 272 272 272 272 273 273 273 273 273 273 273 273 273 274 274 274 274 274 274 274 274 275 275 275 275 275 275 275 275 275 275 276 276 276 276 276 276 276 276 276 276 276 277 277 277 277 277 277 277 277 277 277 277 277 277 277 277 277 277 278 278 278 278 278 278 278 278 278 278 278 278 278 280 280 280 280 280 280 280 280 280 280 280 280 280 280 280 280 280 280 280 280 280 280 280 280 280 280 281 281 281 281 281 281 281 281 281 281 281 281 281 281 281 281 281 281 281 281 281 281 281 281 281 281 281 281 281 281 281 281 281 281 281 281 281 281 281 281 281 281 281 281 281 281 281 281 246 246 246 247 247 247 247 247 248 248 248 248 249 249 249 249 249 250 250 250 250 250 251 251 251 251 251 252 252 252 252 252 253 253 253 253 253 254 254 254 254 254 255 255 255 255 256 256 256 256 256 256 257 257 257 257 257 258 258 258 259 259 259 259 259 260 260 260 260 260 261 261 261 261 261 262 262 262 262 262 262 263 263 263 263 263 264 264 264 264 264 265 265 265 265 265 265 266 266 266 266 266 266 267 267 267 267 267 267 268 268 268 268 268 268 269 269 269 269 269 269 269 270 270 270 270 270 270 271 271 271 271 271 271 271 272 272 272 272 272 272 272 273 273 273 273 273 273 273 273 273 273 273 274 274 274 274 274 274 274 275 275 275 275 275 275 275 275 275 276 276 276 276 276 276 276 276 276 276 276 276 277 277 277 277 277 277 277 277 277 277 277 277 277 277 277 277 277 278 278 278 278 278 278 278 278 278 278 278 280 280 280 280 280 280 280 280 280 280 280 280 280 280 280 280 280 280 280 280 280 280 280 280 280 280 280 280 280 281 281 281 281 281 281 281 281 281 281 281 281 281 281 281 281 281 281 281 281 281 281 281 281 281 281 281 281 281 281 281 281 281 281 281 281 281 281 281 281 281 281 281 281 246 246 246 247 247 247 247 247 248 248 248 248 249 249 249 249 249 250 250 250 250 250 251 251 251 251 251 252 252 252 252 252 253 253 253 253 254 254 254 254 254 254 255 255 255 255 255 256 256 256 256 256 257 257 257 257 257 258 258 258 259 259 259 259 259 260 260 260 260 260 261 261 261 261 261 262 262 262 262 262 262 263 263 263 263 263 264 264 264 264 264 264 265 265 265 265 265 266 266 266 266 266 266 267 267 267 267 267 267 268 268 268 268 268 268 269 269 269 269 269 269 269 270 270 270 270 270 270 271 271 271 271 271 271 271 272 272 272 272 272 272 272 273 273 273 273 273 273 273 273 273 273 274 274 274 274 274 274 274 274 275 275 275 275 275 275 275 275 275 276 276 276 276 276 276 276 276 276 276 276 276 277 277 277 277 277 277 277 277 277 277 277 277 277 277 277 277 278 278 278 278 278 278 278 278 278 278 278 280 280 280 280 280 280 280 280 280 280 280 280 280 280 280 280 280 280 280 280 280 280 280 280 280 280 280 280 280 280 280 281 281 281 281 281 281 281 281 281 281 281 281 281 281 281 281 281 281 281 281 281 281 281 281 281 281 281 281 281 281 281 281 281 281 281 281 281 246 246 246 246 247 247 247 247 247 248 248 248 248 249 249 249 249 249 250 250 250 250 250 251 251 251 251 251 252 252 252 252 252 253 253 253 253 254 254 254 254 254 254 255 255 255 255 255 256 256 256 256 256 257 257 257 257 258 258 258 258 259 259 259 259 259 260 260 260 260 260 261 261 261 261 261 262 262 262 262 262 262 263 263 263 263 263 264 264 264 264 264 265 265 265 265 265 265 266 266 266 266 266 266 267 267 267 267 267 267 268 268 268 268 268 268 268 269 269 269 269 269 269 270 270 270 270 270 270 271 271 271 271 271 271 271 272 272 272 272 272 272 272 273 273 273 273 273 273 273 273 273 274 274 274 274 274 274 274 274 274 275 275 275 275 275 275 275 275 275 276 276 276 276 276 276 276 276 276 276 276 276 277 277 277 277 277 277 277 277 277 277 277 277 277 277 277 277 277 278 278 278 278 278 278 278 278 278 279 280 280 280 280 280 280 280 280 280 280 280 280 280 280 280 280 280 280 280 280 280 280 280 280 280 280 280 280 280 280 280 280 281 281 281 281 281 281 281 281 281 281 281 281 281 281 281 281 281 281 281 281 281 281 281 281 281 281 281 281 281 281 245 246 246 246 246 247 247 247 247 247 248 248 248 248 249 249 249 249 249 250 250 250 250 250 251 251 251 251 251 252 252 252 252 252 253 253 253 253 253 254 254 254 254 255 255 255 255 255 256 256 256 256 256 256 257 257 257 257 258 258 258 258 259 259 259 259 259 260 260 260 260 260 261 261 261 261 261 261 262 262 262 262 262 263 263 263 263 263 264 264 264 264 264 264 265 265 265 265 265 266 266 266 266 266 266 267 267 267 267 267 267 268 268 268 268 268 268 269 269 269 269 269 269 269 270 270 270 270 270 270 271 271 271 271 271 271 271 272 272 272 272 272 272 272 272 273 273 273 273 273 273 273 274 274 274 274 274 274 274 274 274 274 275 275 275 275 275 275 275 275 275 276 276 276 276 276 276 276 276 276 276 276 276 276 277 277 277 277 277 277 277 277 277 277 277 277 277 277 277 277 277 277 278 278 278 278 278 278 279 279 279 280 280 280 280 280 280 280 280 280 280 280 280 280 280 280 280 280 280 280 280 280 280 280 280 280 280 280 280 280 280 280 280 280 280 281 281 281 281 281 281 281 281 281 281 281 281 281 281 281 281 281 281 281 281 281 281 281 281 281 280 280 245 245 246 246 246 246 246 247 247 247 247 248 248 248 248 248 249 249 249 249 250 250 250 250 250 251 251 251 251 251 252 252 252 252 252 253 253 253 253 253 254 254 254 254 254 255 255 255 255 255 256 256 256 256 257 257 257 257 258 258 258 258 258 259 259 259 259 259 260 260 260 260 260 261 261 261 261 261 262 262 262 262 262 262 263 263 263 263 263 264 264 264 264 264 264 265 265 265 265 265 266 266 266 266 266 266 267 267 267 267 267 267 268 268 268 268 268 268 269 269 269 269 269 269 269 270 270 270 270 270 270 271 271 271 271 271 271 271 272 272 272 272 272 272 272 272 273 273 273 273 273 273 273 274 274 274 274 274 274 274 274 274 274 275 275 275 275 275 275 275 275 275 276 276 276 276 276 276 276 276 276 276 276 276 276 277 277 277 277 277 277 277 277 277 277 277 277 277 277 277 277 277 277 278 278 278 278 278 279 279 279 279 279 280 280 280 280 280 280 280 280 280 280 280 280 280 280 280 280 280 280 280 280 280 280 280 280 280 280 280 280 280 280 280 280 280 280 281 281 281 281 281 281 281 281 281 281 281 280 280 281 281 281 281 281 281 281 281 280 280 280 280 281 281 245 245 245 245 246 246 246 246 247 247 247 247 247 247 248 248 248 248 249 249 249 249 249 250 250 250 250 250 251 251 251 251 252 252 252 252 252 253 253 253 253 253 254 254 254 254 254 255 255 255 255 256 256 256 256 256 257 257 257 257 258 258 258 258 258 259 259 259 259 259 260 260 260 260 260 260 261 261 261 261 261 262 262 262 262 262 263 263 263 263 263 263 264 264 264 264 264 265 265 265 265 265 265 266 266 266 266 266 267 267 267 267 267 267 268 268 268 268 268 268 269 269 269 269 269 269 269 270 270 270 270 270 270 271 271 271 271 271 271 271 272 272 272 272 272 272 272 272 273 273 273 273 273 273 273 274 274 274 274 274 274 274 274 274 274 275 275 275 275 275 275 275 275 275 276 276 276 276 276 276 276 276 276 276 276 276 276 277 277 277 277 277 277 277 277 277 277 277 277 277 277 277 277 277 277 278 278 278 278 280 280 280 280 280 280 280 280 280 280 280 280 280 280 280 280 280 280 280 280 280 280 281 281 281 281 281 281 281 281 281 281 281 281 281 281 281 281 281 281 281 281 281 281 281 281 281 281 281 281 281 281 281 281 281 281 281 281 281 281 281 281 281 281 281 281 281 281 281 244 244 245 245 245 245 245 246 246 246 246 246 247 247 247 247 247 248 248 248 248 249 249 249 249 249 250 250 250 250 250 251 251 251 251 252 252 252 252 252 253 253 253 253 253 254 254 254 254 254 255 255 255 255 256 256 256 256 256 257 257 257 257 258 258 258 258 258 259 259 259 259 259 259 260 260 260 260 260 261 261 261 261 261 262 262 262 262 262 263 263 263 263 263 263 264 264 264 264 264 264 265 265 265 265 265 266 266 266 266 266 267 267 267 267 267 267 268 268 268 268 268 268 268 269 269 269 269 269 269 270 270 270 270 270 270 271 271 271 271 271 271 271 272 272 272 272 272 272 272 272 273 273 273 273 273 273 273 274 274 274 274 274 274 274 274 274 275 275 275 275 275 275 275 275 275 275 276 276 276 276 276 276 276 276 276 276 276 276 276 277 277 277 277 277 277 277 277 277 277 277 277 277 277 277 277 277 277 277 278 278 279 279 280 280 280 280 280 280 280 280 280 280 280 280 280 280 280 280 280 280 280 280 280 280 280 281 281 281 281 281 281 281 281 281 280 281 281 281 281 281 281 281 281 281 281 281 281 281 281 281 281 281 281 281 281 281 281 281 281 281 281 281 281 281 281 281 281 281 281 243 244 244 244 244 244 245 245 245 245 246 246 246 246 246 247 247 247 247 247 248 248 248 248 249 249 249 249 249 250 250 250 250 250 251 251 251 251 252 252 252 252 252 253 253 253 253 253 254 254 254 254 254 255 255 255 255 256 256 256 256 256 257 257 257 257 258 258 258 258 258 258 259 259 259 259 260 260 260 260 260 261 261 261 261 261 261 262 262 262 262 262 263 263 263 263 263 263 264 264 264 264 264 264 265 265 265 265 265 266 266 266 266 266 267 267 267 267 267 267 268 268 268 268 268 268 268 269 269 269 269 269 269 270 270 270 270 270 270 271 271 271 271 271 271 271 272 272 272 272 272 272 272 272 273 273 273 273 273 273 273 274 274 274 274 274 274 274 274 274 275 275 275 275 275 275 275 275 275 275 276 276 276 276 276 276 276 276 276 276 276 276 276 276 277 277 277 277 277 277 277 277 277 277 277 277 277 277 277 277 277 277 277 279 279 279 279 280 280 280 280 280 280 280 280 280 280 280 280 280 280 280 280 280 280 280 280 280 280 280 280 281 281 281 281 281 280 280 280 280 280 281 281 281 281 281 281 281 281 281 281 281 281 280 280 280 280 281 281 281 281 280 280 281 281 281 281 281 281 281 281 281 244 245 246 246 246 246 246 247 247 247 247 248 248 248 248 248 249 249 249 249 249 250 250 250 250 250 251 251 251 251 252 252 252 252 252 253 253 253 253 253 254 254 254 254 254 255 255 255 255 256 256 256 256 256 257 257 257 257 257 258 258 258 258 258 259 259 259 259 260 260 260 260 260 261 261 261 261 261 261 262 262 262 262 262 263 263 263 263 263 263 264 264 264 264 264 264 265 265 265 265 265 266 266 266 266 266 267 267 267 267 267 267 268 268 268 268 268 268 268 269 269 269 269 269 269 270 270 270 270 270 270 271 271 271 271 271 271 271 271 272 272 272 272 272 272 273 273 273 273 273 273 273 273 274 274 274 274 274 274 274 274 274 275 275 275 275 275 275 275 275 275 275 275 276 276 276 276 276 276 276 276 276 276 276 276 276 276 277 277 277 277 277 277 277 277 277 277 277 277 277 277 277 277 277 279 279 279 279 279 279 280 280 280 280 280 280 280 280 280 280 280 280 280 280 280 280 280 280 280 280 280 280 280 280 280 280 280 281 280 280 280 280 280 280 280 281 281 281 281 281 281 281 281 281 280 280 280 280 280 280 280 280 280 280 281 281 280 280 281 281 281 281 281 245 246 246 246 246 246 247 247 247 247 247 248 248 248 248 249 249 249 249 249 250 250 250 250 250 251 251 251 251 252 252 252 252 252 253 253 253 253 253 254 254 254 254 254 255 255 255 255 256 256 256 256 256 257 257 257 257 257 258 258 258 258 258 259 259 259 259 260 260 260 260 260 261 261 261 261 261 261 262 262 262 262 262 263 263 263 263 263 264 264 264 264 264 264 265 265 265 265 265 266 266 266 266 266 266 267 267 267 267 267 267 268 268 268 268 268 268 269 269 269 269 269 269 269 270 270 270 270 270 270 271 271 271 271 271 271 271 271 272 272 272 272 272 272 273 273 273 273 273 273 273 273 274 274 274 274 274 274 274 274 274 275 275 275 275 275 275 275 275 275 275 275 276 276 276 276 276 276 276 276 276 276 276 276 276 276 277 277 277 277 277 277 277 277 277 277 277 277 277 277 277 277 279 279 279 279 279 279 279 280 280 280 280 280 280 280 280 280 280 280 280 280 280 280 280 280 280 280 280 280 280 280 280 280 280 280 280 280 280 280 280 280 280 280 280 280 280 280 280 281 281 281 280 280 280 280 280 280 280 280 280 280 280 280 280 280 280 280 280 280 281 281 281 281 281 281 245 246 246 246 246 246 247 247 247 247 247 248 248 248 248 249 249 249 249 249 250 250 250 250 250 251 251 251 251 252 252 252 252 252 253 253 253 253 253 254 254 254 254 254 255 255 255 255 256 256 256 256 256 257 257 257 257 257 258 258 258 258 258 259 259 259 259 260 260 260 260 260 260 261 261 261 261 261 262 262 262 262 262 263 263 263 263 263 263 264 264 264 264 264 265 265 265 265 265 266 266 266 266 266 266 267 267 267 267 267 267 268 268 268 268 268 268 269 269 269 269 269 269 269 270 270 270 270 270 270 271 271 271 271 271 271 271 271 272 272 272 272 272 272 273 273 273 273 273 273 273 273 274 274 274 274 274 274 274 274 274 275 275 275 275 275 275 275 275 275 275 275 276 276 276 276 276 276 276 276 276 276 276 276 276 276 276 276 277 277 277 277 277 277 277 277 277 277 277 277 277 279 279 279 279 279 279 279 279 279 280 280 280 280 280 280 280 280 280 280 280 280 280 280 280 280 280 280 280 280 280 280 280 280 280 280 280 280 280 280 280 280 280 280 280 280 280 280 280 280 280 280 280 280 280 280 280 280 280 280 280 280 280 280 280 280 280 280 280 280 280 280 281 281 281 281 281 281 281 281 245 245 245 245 245 246 246 246 246 247 247 247 247 247 248 248 248 248 248 249 249 249 249 250 250 250 250 250 251 251 251 251 252 252 252 252 252 253 253 253 253 253 254 254 254 254 254 255 255 255 255 256 256 256 256 256 257 257 257 257 257 258 258 258 258 258 259 259 259 259 259 260 260 260 260 260 261 261 261 261 261 262 262 262 262 262 263 263 263 263 263 264 264 264 264 264 264 265 265 265 265 265 266 266 266 266 266 266 267 267 267 267 267 267 268 268 268 268 268 268 269 269 269 269 269 269 269 270 270 270 270 270 270 271 271 271 271 271 271 271 271 272 272 272 272 272 272 273 273 273 273 273 273 273 273 274 274 274 274 274 274 274 274 274 275 275 275 275 275 275 275 275 275 275 275 276 276 276 276 276 276 276 276 276 276 276 276 276 276 276 276 276 277 277 277 277 277 277 277 277 277 277 277 279 279 279 279 279 279 279 279 279 279 279 280 280 280 280 280 280 280 280 280 280 280 280 280 280 280 280 280 280 280 280 280 280 280 280 280 280 280 280 280 280 280 280 280 280 280 280 280 280 280 280 280 280 280 280 280 280 280 280 280 280 280 280 280 280 280 280 280 280 280 280 280 280 280 280 280 280 280 280 280 280 280 244 244 245 245 245 245 245 245 246 246 246 246 247 247 247 247 247 248 248 248 248 248 249 249 249 249 250 250 250 250 250 251 251 251 251 252 252 252 252 252 253 253 253 253 253 254 254 254 254 254 255 255 255 255 256 256 256 256 256 257 257 257 257 257 258 258 258 258 258 259 259 259 259 259 260 260 260 260 260 261 261 261 261 261 262 262 262 262 262 263 263 263 263 263 264 264 264 264 264 264 265 265 265 265 265 265 266 266 266 266 266 267 267 267 267 267 267 268 268 268 268 268 268 269 269 269 269 269 269 269 270 270 270 270 270 270 271 271 271 271 271 271 271 271 272 272 272 272 272 272 273 273 273 273 273 273 273 273 274 274 274 274 274 274 274 274 274 275 275 275 275 275 275 275 275 275 275 275 275 276 276 276 276 276 276 276 276 276 276 276 276 276 276 276 276 276 277 277 277 277 277 277 277 277 277 279 279 279 279 279 279 279 279 279 279 279 279 279 279 280 280 280 280 280 280 280 280 280 280 280 280 280 280 280 280 280 280 280 280 280 280 280 280 280 280 280 280 280 280 280 280 280 280 280 280 280 280 280 280 280 280 280 280 280 280 280 280 280 280 280 280 280 280 280 280 280 280 280 280 280 280 280 280 280 280 280 280 280 280 280 243 243 244 244 244 244 245 245 245 245 245 245 246 246 246 246 247 247 247 247 247 248 248 248 248 248 249 249 249 249 250 250 250 250 250 251 251 251 251 252 252 252 252 252 253 253 253 253 253 254 254 254 254 254 255 255 255 255 256 256 256 256 256 257 257 257 257 257 258 258 258 258 258 259 259 259 259 259 260 260 260 260 260 261 261 261 261 261 262 262 262 262 262 263 263 263 263 263 264 264 264 264 264 264 265 265 265 265 265 265 266 266 266 266 266 267 267 267 267 267 267 268 268 268 268 268 268 269 269 269 269 269 269 269 270 270 270 270 270 270 271 271 271 271 271 271 271 271 272 272 272 272 272 272 273 273 273 273 273 273 273 273 274 274 274 274 274 274 274 274 274 275 275 275 275 275 275 275 275 275 275 275 275 276 276 276 276 276 276 276 276 276 276 276 276 276 276 276 276 276 276 277 277 277 277 277 277 277 279 279 279 279 279 279 279 279 279 279 279 279 279 279 279 279 279 280 280 280 280 280 280 280 280 280 280 280 280 280 280 280 280 280 280 280 280 280 280 280 280 280 280 280 280 280 280 280 280 280 279 280 280 280 280 280 280 280 280 280 280 280 280 280 280 280 280 280 280 280 280 280 280 280 280 280 280 280 280 280 280 280 280 280 280 280 241 241 242 243 243 243 243 244 244 244 244 244 245 245 245 246 246 246 246 247 247 247 247 247 248 248 248 248 248 249 249 249 249 250 250 250 250 250 251 251 251 251 252 252 252 252 252 253 253 253 253 253 254 254 254 254 254 255 255 255 255 256 256 256 256 256 257 257 257 257 257 258 258 258 258 258 259 259 259 259 259 260 260 260 260 261 261 261 261 261 261 262 262 262 262 262 263 263 263 263 263 264 264 264 264 264 264 265 265 265 265 265 265 266 266 266 266 266 267 267 267 267 267 267 268 268 268 268 268 268 269 269 269 269 269 269 270 270 270 270 270 270 270 271 271 271 271 271 271 271 271 272 272 272 272 272 272 273 273 273 273 273 273 273 274 274 274 274 274 274 274 274 274 274 275 275 275 275 275 275 275 275 275 275 275 275 275 276 276 276 276 276 276 276 276 276 276 276 276 276 276 276 276 276 277 277 277 277 277 277 279 279 279 279 279 279 279 279 279 279 279 279 279 279 279 279 279 279 279 279 280 280 280 280 280 280 280 280 280 280 280 280 280 280 280 280 280 280 280 280 280 280 280 280 280 280 280 280 280 280 279 280 280 280 280 280 280 280 280 280 280 280 280 280 280 280 280 280 280 280 280 280 280 280 280 280 280 280 280 280 280 280 280 280 280 280 280 240 240 241 241 241 242 243 243 243 243 243 244 244 244 245 245 246 246 246 246 247 247 247 247 248 248 248 248 249 249 249 249 249 250 250 250 250 250 251 251 251 251 252 252 252 252 252 253 253 253 253 253 254 254 254 254 254 255 255 255 255 256 256 256 256 256 257 257 257 257 257 258 258 258 258 259 259 259 259 259 259 260 260 260 260 260 261 261 261 261 261 262 262 262 262 262 263 263 263 263 263 264 264 264 264 264 264 265 265 265 265 265 266 266 266 266 266 266 267 267 267 267 267 267 268 268 268 268 268 268 269 269 269 269 269 269 270 270 270 270 270 270 270 271 271 271 271 271 271 271 272 272 272 272 272 272 273 273 273 273 273 273 273 273 274 274 274 274 274 274 274 274 274 274 275 275 275 275 275 275 275 275 275 275 275 275 275 276 276 276 276 276 276 276 276 276 276 276 276 276 276 276 276 276 276 277 277 277 277 278 279 279 279 279 279 279 279 279 279 279 279 279 279 279 279 279 279 279 279 279 279 280 280 280 280 280 280 280 280 280 280 280 280 280 280 280 280 280 280 280 280 280 280 280 280 280 280 279 280 279 280 280 280 280 280 280 280 280 280 280 280 280 280 280 280 280 280 280 280 280 280 280 280 280 280 280 280 280 280 280 280 280 280 280 280 280 240 240 240 240 241 241 241 241 242 242 242 242 243 243 243 243 243 245 245 246 248 248 249 249 249 249 249 250 250 250 250 250 251 251 251 251 252 252 252 252 252 253 253 253 253 253 254 254 254 254 254 255 255 255 255 256 256 256 256 256 257 257 257 257 257 258 258 258 258 259 259 259 259 259 259 260 260 260 260 260 261 261 261 261 261 262 262 262 262 262 263 263 263 263 263 264 264 264 264 264 264 265 265 265 265 265 266 266 266 266 266 266 267 267 267 267 267 267 268 268 268 268 268 268 269 269 269 269 269 269 270 270 270 270 270 270 270 271 271 271 271 271 271 271 272 272 272 272 272 272 273 273 273 273 273 273 273 273 274 274 274 274 274 274 274 274 274 274 275 275 275 275 275 275 275 275 275 275 275 275 275 275 276 276 276 276 276 276 276 276 276 276 276 276 276 276 276 276 276 276 277 277 278 278 278 278 279 279 279 279 279 279 279 279 279 279 279 279 279 279 279 279 279 279 279 279 280 280 280 280 280 280 280 280 280 280 280 280 280 280 280 280 280 280 280 280 280 280 279 279 279 280 279 279 280 280 280 280 280 280 280 280 280 280 280 280 280 280 280 280 280 280 280 280 280 280 280 280 280 280 280 280 280 280 280 280 280 280 280 239 240 240 240 240 241 241 241 241 241 242 242 242 242 242 243 248 249 249 249 249 249 250 250 250 250 250 251 251 251 251 252 252 252 252 252 253 253 253 253 253 254 254 254 254 255 255 255 255 255 256 256 256 256 256 257 257 257 257 258 258 258 258 258 259 259 259 259 259 259 260 260 260 260 260 261 261 261 261 261 262 262 262 262 262 263 263 263 263 263 264 264 264 264 264 264 265 265 265 265 265 266 266 266 266 266 266 267 267 267 267 267 267 268 268 268 268 268 268 269 269 269 269 269 269 270 270 270 270 270 270 270 271 271 271 271 271 271 271 272 272 272 272 272 272 273 273 273 273 273 273 273 274 274 274 274 274 274 274 274 274 274 274 275 275 275 275 275 275 275 275 275 275 275 275 275 275 276 276 276 276 276 276 276 276 276 276 276 276 276 276 276 276 276 276 276 278 278 278 278 278 278 279 279 279 279 279 279 279 279 279 279 279 279 279 279 279 279 279 279 279 279 279 279 280 280 280 280 280 280 280 280 280 280 280 280 280 280 280 280 280 280 279 279 279 280 279 279 279 279 279 280 280 280 280 279 279 279 279 279 280 280 280 280 280 280 280 280 280 280 280 280 280 280 280 280 280 280 280 280 280 280 280 239 240 240 240 240 240 241 241 241 241 242 242 242 242 248 249 249 249 249 250 250 250 250 250 251 251 251 251 252 252 252 252 252 253 253 253 253 253 254 254 254 254 255 255 255 255 255 256 256 256 256 256 257 257 257 257 258 258 258 258 258 258 259 259 259 259 259 260 260 260 260 260 261 261 261 261 261 262 262 262 262 262 263 263 263 263 263 264 264 264 264 264 264 265 265 265 265 265 266 266 266 266 266 266 267 267 267 267 267 267 268 268 268 268 268 268 269 269 269 269 269 269 270 270 270 270 270 270 271 271 271 271 271 271 271 272 272 272 272 272 272 273 273 273 273 273 273 273 273 274 274 274 274 274 274 274 274 274 274 274 274 275 275 275 275 275 275 275 275 275 275 275 275 275 275 276 276 276 276 276 276 276 276 276 276 276 276 276 276 276 276 276 278 278 278 278 278 278 278 278 278 279 279 279 279 279 279 279 279 279 279 279 279 279 279 279 279 279 279 279 279 279 279 280 280 280 280 280 280 280 280 280 280 280 280 280 280 280 279 279 279 279 279 279 279 279 279 279 279 279 279 279 279 279 279 280 280 280 280 280 280 280 280 280 280 280 280 280 280 279 279 279 279 279 280 280 239 240 240 240 240 240 241 241 241 241 249 249 249 249 250 250 250 250 250 251 251 251 251 252 252 252 252 252 253 253 253 253 253 254 254 254 254 255 255 255 255 255 256 256 256 256 256 257 257 257 257 257 258 258 258 258 258 259 259 259 259 259 260 260 260 260 260 261 261 261 261 261 262 262 262 262 262 263 263 263 263 263 264 264 264 264 264 264 265 265 265 265 265 266 266 266 266 266 266 267 267 267 267 267 267 268 268 268 268 268 268 269 269 269 269 269 269 270 270 270 270 270 270 271 271 271 271 271 271 271 272 272 272 272 272 272 273 273 273 273 273 273 273 273 273 274 274 274 274 274 274 274 274 274 274 274 275 275 275 275 275 275 275 275 275 275 275 275 275 275 275 276 276 276 276 276 276 276 276 276 276 276 276 276 276 276 278 278 278 278 278 278 278 278 278 278 278 278 278 278 278 279 279 279 279 279 279 279 279 279 279 279 279 279 279 279 279 279 279 279 279 279 279 279 279 279 280 280 279 279 279 279 279 279 279 279 279 279 279 279 279 279 279 279 279 279 279 279 279 279 280 280 279 280 279 279 280 279 280 279 279 279 279 279 279 279 280 239 240 240 240 240 240 241 241 248 249 249 249 249 250 250 250 250 250 251 251 251 251 252 252 252 252 252 253 253 253 253 253 254 254 254 254 255 255 255 255 255 256 256 256 256 256 257 257 257 257 257 258 258 258 258 258 259 259 259 259 259 260 260 260 260 261 261 261 261 261 261 262 262 262 262 262 263 263 263 263 263 264 264 264 264 264 264 265 265 265 265 265 266 266 266 266 266 266 267 267 267 267 267 267 268 268 268 268 268 268 269 269 269 269 269 269 270 270 270 270 270 270 271 271 271 271 271 271 271 272 272 272 272 272 272 273 273 273 273 273 273 273 273 273 274 274 274 274 274 274 274 274 274 274 274 275 275 275 275 275 275 275 275 275 275 275 275 275 275 275 275 276 276 276 276 276 276 276 276 276 276 276 276 276 278 278 278 278 278 278 278 278 278 278 278 278 278 278 278 279 279 279 279 279 279 279 279 279 279 279 279 279 279 279 279 279 279 279 279 279 279 279 279 279 279 279 279 279 279 279 279 279 279 279 279 279 279 279 279 279 279 279 279 279 279 279 279 279 279 279 279 279 279 279 279 279 279 279 239 239 240 240 240 240 248 248 248 249 249 249 249 250 250 250 250 250 251 251 251 251 252 252 252 252 252 253 253 253 253 253 254 254 254 254 255 255 255 255 255 256 256 256 256 256 257 257 257 257 257 258 258 258 258 258 259 259 259 259 260 260 260 260 260 261 261 261 261 261 261 262 262 262 262 262 263 263 263 263 263 264 264 264 264 264 264 265 265 265 265 265 266 266 266 266 266 266 267 267 267 267 267 267 268 268 268 268 268 268 269 269 269 269 269 269 270 270 270 270 270 270 271 271 271 271 271 271 271 272 272 272 272 272 272 273 273 273 273 273 273 273 273 273 274 274 274 274 274 274 274 274 274 274 274 274 274 275 275 275 275 275 275 275 275 275 275 275 275 275 275 275 275 276 276 276 276 276 276 276 276 276 276 278 278 278 278 278 278 278 278 278 278 278 278 278 278 278 278 278 278 278 279 279 279 279 279 279 279 279 279 279 279 279 279 279 279 279 279 279 279 279 279 279 279 279 279 279 279 279 279 279 279 279 279 279 279 279 279 279 279 279 279 279 279 279 279 248 248 248 248 248 249 249 249 249 250 250 250 250 250 251 251 251 251 252 252 252 252 252 253 253 253 253 253 254 254 254 254 255 255 255 255 255 256 256 256 256 256 257 257 257 257 257 258 258 258 258 259 259 259 259 259 260 260 260 260 260 261 261 261 261 261 261 262 262 262 262 262 263 263 263 263 263 264 264 264 264 264 264 265 265 265 265 265 266 266 266 266 266 266 267 267 267 267 267 267 268 268 268 268 268 268 269 269 269 269 269 269 270 270 270 270 270 270 271 271 271 271 271 271 272 272 272 272 272 272 273 273 273 273 273 273 273 273 273 273 274 274 274 274 274 274 274 274 274 274 274 274 274 275 275 275 275 275 275 275 275 275 275 275 275 275 275 275 275 276 276 276 276 276 276 276 276 276 278 278 278 278 278 278 278 278 278 278 278 278 278 278 278 278 278 278 278 278 278 278 279 279 279 279 279 279 279 279 279 279 279 279 279 279 279 279 279 279 279 279 279 279 279 279 279 279 279 279 279 279 279 279 279 279 279 279 279 279 279 279 279 247 248 248 248 248 248 249 249 249 249 250 250 250 250 250 251 251 251 251 252 252 252 252 252 253 253 253 253 254 254 254 254 254 255 255 255 255 255 256 256 256 256 256 257 257 257 257 257 258 258 258 258 259 259 259 259 259 260 260 260 260 260 261 261 261 261 261 261 262 262 262 262 262 263 263 263 263 263 264 264 264 264 264 264 265 265 265 265 265 266 266 266 266 266 266 267 267 267 267 267 267 268 268 268 268 268 268 269 269 269 269 269 269 270 270 270 270 270 270 271 271 271 271 271 271 272 272 272 272 272 272 273 273 273 273 273 273 273 273 273 273 274 274 274 274 273 273 274 274 274 274 274 274 274 274 275 275 275 275 275 275 275 275 275 275 275 275 275 275 275 275 275 276 276 276 276 276 276 278 278 278 278 278 278 278 278 278 278 278 278 278 278 278 278 278 278 278 278 278 278 278 278 278 279 279 279 279 279 279 279 279 279 279 279 279 279 279 279 279 279 279 279 279 279 279 279 279 279 279 279 279 279 279 279 279 279 279 279 279 279 279 247 247 248 248 248 248 248 249 249 249 249 250 250 250 250 250 251 251 251 251 252 252 252 252 252 253 253 253 253 254 254 254 254 254 255 255 255 255 255 256 256 256 256 256 257 257 257 257 257 258 258 258 258 259 259 259 259 259 260 260 260 260 260 260 261 261 261 261 261 262 262 262 262 262 263 263 263 263 263 264 264 264 264 264 264 265 265 265 265 265 266 266 266 266 266 266 267 267 267 267 267 267 268 268 268 268 268 268 269 269 269 269 269 269 270 270 270 270 270 270 271 271 271 271 271 271 272 272 272 272 272 272 273 273 273 273 273 273 273 273 273 273 273 273 273 273 274 273 273 274 274 274 274 274 274 274 274 275 275 275 275 275 275 275 275 275 275 275 275 275 275 275 275 275 275 276 276 276 277 277 278 278 278 278 278 278 278 278 278 278 278 278 278 278 278 278 278 278 278 278 278 278 278 278 278 278 278 278 279 279 279 279 279 279 279 279 279 279 279 279 279 279 279 279 279 279 279 279 279 279 279 279 279 279 279 279 279 279 279 279 279 247 247 247 248 248 248 248 248 249 249 249 249 250 250 250 250 250 251 251 251 251 252 252 252 252 252 253 253 253 253 254 254 254 254 254 255 255 255 255 255 256 256 256 256 256 257 257 257 257 257 258 258 258 258 259 259 259 259 259 260 260 260 260 260 260 261 261 261 261 261 262 262 262 262 262 263 263 263 263 263 264 264 264 264 264 264 265 265 265 265 265 266 266 266 266 266 266 267 267 267 267 267 267 268 268 268 268 268 268 269 269 269 269 269 269 270 270 270 270 270 271 271 271 271 271 271 271 272 272 272 272 272 272 272 273 273 273 273 273 273 273 273 273 273 273 273 274 274 273 273 274 274 274 274 274 274 274 274 274 274 275 275 275 275 275 275 275 275 275 275 275 275 275 275 275 275 275 275 277 277 277 277 277 278 278 278 278 278 278 278 278 278 278 278 278 278 278 278 278 278 278 278 278 278 278 278 278 278 278 278 278 278 278 279 279 279 279 279 279 279 279 279 279 279 279 279 279 279 279 279 279 279 279 279 279 279 279 279 279 279 279 246 246 246 247 247 247 247 247 248 248 248 248 248 249 249 249 249 250 250 250 250 250 251 251 251 251 252 252 252 252 252 253 253 253 253 254 254 254 254 254 255 255 255 255 255 256 256 256 256 256 257 257 257 257 258 258 258 258 258 259 259 259 259 259 259 260 260 260 260 260 261 261 261 261 261 262 262 262 262 262 263 263 263 263 263 264 264 264 264 264 264 265 265 265 265 265 266 266 266 266 266 266 267 267 267 267 267 267 268 268 268 268 268 269 269 269 269 269 269 270 270 270 270 270 270 271 271 271 271 271 271 272 272 272 272 272 272 272 272 272 272 273 273 273 273 273 273 273 273 273 274 273 273 273 273 274 274 274 274 274 274 274 274 274 274 275 275 275 275 275 275 275 275 275 275 275 275 275 275 275 275 275 277 277 277 277 277 277 277 277 278 278 278 278 278 278 278 278 278 278 278 278 278 278 278 278 278 278 278 278 278 278 278 278 278 278 278 278 278 279 279 279 279 279 279 279 279 279 279 279 279 279 279 279 279 279 279 279 279 279 279 279 278 278 278 278 246 246 246 247 247 247 247 247 248 248 248 248 249 249 249 249 249 250 250 250 250 250 251 251 251 251 252 252 252 252 252 253 253 253 253 254 254 254 254 254 255 255 255 255 255 256 256 256 256 257 257 257 257 257 258 258 258 258 258 259 259 259 259 259 259 260 260 260 260 260 261 261 261 261 261 262 262 262 262 262 263 263 263 263 263 264 264 264 264 264 264 265 265 265 265 265 266 266 266 266 266 266 267 267 267 267 267 267 268 268 268 268 268 269 269 269 269 269 269 270 270 270 270 270 270 271 271 271 271 271 271 272 272 272 272 272 272 272 272 272 273 273 273 272 273 273 273 273 273 273 273 273 273 273 273 274 274 274 274 274 274 274 274 274 274 274 275 275 275 275 275 275 275 275 275 275 275 275 275 275 275 277 277 277 277 277 277 277 277 277 277 277 278 278 278 278 278 278 278 278 278 278 278 278 278 278 278 278 278 278 278 278 278 278 278 278 278 278 278 279 279 279 279 279 279 279 279 279 279 279 279 278 278 278 279 279 279 279 279 279 278 279 279 279 278 278 278 245 245 246 246 246 246 247 247 247 247 247 248 248 248 248 249 249 249 249 249 250 250 250 250 250 251 251 251 251 252 252 252 252 253 253 253 253 253 254 254 254 254 254 255 255 255 255 255 256 256 256 256 256 257 257 257 257 258 258 258 258 258 259 259 259 259 259 259 260 260 260 260 260 261 261 261 261 262 262 262 262 262 263 263 263 263 263 263 264 264 264 264 264 264 265 265 265 265 265 266 266 266 266 266 266 267 267 267 267 267 267 268 268 268 268 268 269 269 269 269 269 269 269 270 270 270 270 270 270 271 271 271 271 271 272 272 272 272 272 272 272 272 272 273 273 272 272 273 273 273 273 273 273 273 273 273 273 273 274 274 274 274 274 274 274 274 274 274 274 274 274 275 275 275 275 275 275 275 275 275 275 275 275 277 277 277 277 277 277 277 277 277 277 277 277 278 278 278 278 278 278 278 278 278 278 278 278 278 278 278 278 278 278 278 278 278 278 278 278 278 278 278 278 278 278 278 279 279 279 279 279 279 279 278 278 278 278 278 279 279 279 278 278 278 278 278 279 279 278 245 245 246 246 246 246 247 247 247 247 247 248 248 248 248 249 249 249 249 249 250 250 250 250 250 251 251 251 251 252 252 252 252 253 253 253 253 253 254 254 254 254 254 255 255 255 255 255 256 256 256 256 256 257 257 257 257 258 258 258 258 258 259 259 259 259 259 259 260 260 260 260 260 261 261 261 261 262 262 262 262 262 262 263 263 263 263 263 264 264 264 264 264 264 265 265 265 265 265 266 266 266 266 266 266 267 267 267 267 267 267 268 268 268 268 268 268 269 269 269 269 269 269 270 270 270 270 270 271 271 271 271 271 271 271 272 272 272 272 272 272 272 272 273 273 272 273 273 273 273 273 273 273 273 273 273 273 273 274 274 274 274 274 274 274 274 274 274 274 274 274 274 275 275 275 275 275 275 275 275 275 275 277 277 277 277 277 277 277 277 277 277 277 277 277 277 278 278 278 278 278 278 278 278 278 278 278 278 278 278 278 278 278 278 278 278 278 278 278 278 278 278 278 278 278 278 278 279 279 279 279 279 278 278 278 278 278 278 278 278 278 278 278 278 278 278 278 278 278 245 245 245 245 245 246 246 246 246 247 247 247 247 247 248 248 248 248 249 249 249 249 249 250 250 250 250 250 251 251 251 251 252 252 252 252 253 253 253 253 253 254 254 254 254 254 255 255 255 255 255 256 256 256 256 256 257 257 257 257 258 258 258 258 258 259 259 259 259 259 260 260 260 260 260 261 261 261 261 261 262 262 262 262 262 262 263 263 263 263 263 264 264 264 264 264 264 265 265 265 265 265 266 266 266 266 266 266 267 267 267 267 267 267 268 268 268 268 268 268 269 269 269 269 269 269 270 270 270 270 270 271 271 271 271 271 271 272 272 272 272 272 272 272 272 272 273 272 273 273 273 273 273 273 273 273 273 273 273 273 273 274 274 274 274 274 274 274 274 274 274 274 274 274 274 274 275 275 275 275 275 275 275 275 277 277 277 277 277 277 277 277 277 277 277 277 277 277 277 277 278 278 278 278 278 278 278 278 278 278 278 278 278 278 278 278 278 278 278 278 278 278 278 278 278 278 278 278 278 278 278 279 279 279 278 278 278 278 278 278 278 278 278 278 278 278 278 278 278 278 278 245 245 245 246 246 246 246 247 247 247 247 247 248 248 248 248 249 249 249 249 249 250 250 250 250 250 251 251 251 251 252 252 252 252 253 253 253 253 253 254 254 254 254 254 255 255 255 255 255 256 256 256 256 256 257 257 257 257 258 258 258 258 258 259 259 259 259 259 260 260 260 260 260 260 261 261 261 261 262 262 262 262 262 262 263 263 263 263 263 264 264 264 264 264 264 265 265 265 265 265 266 266 266 266 266 266 267 267 267 267 267 267 268 268 268 268 268 268 269 269 269 269 269 270 270 270 270 270 270 270 270 271 271 271 271 271 272 272 272 272 272 272 272 272 273 273 273 273 273 273 273 273 273 273 272 273 273 273 273 274 274 274 274 274 274 274 274 274 274 274 274 274 274 274 274 275 275 275 275 275 275 277 277 277 277 277 277 277 277 277 277 277 277 277 277 277 277 277 277 277 277 278 278 278 278 278 278 278 278 278 278 278 278 278 278 278 278 278 278 278 278 278 278 278 278 278 278 278 278 279 279 278 278 278 278 278 278 278 278 278 278 278 278 278 278 278 278 278 278 244 244 244 245 245 245 245 246 246 246 246 247 247 247 247 247 248 248 248 248 249 249 249 249 249 250 250 250 250 251 251 251 251 251 252 252 252 252 253 253 253 253 253 254 254 254 254 254 255 255 255 255 255 256 256 256 256 256 257 257 257 257 257 258 258 258 258 259 259 259 259 259 260 260 260 260 260 261 261 261 261 261 261 262 262 262 262 262 263 263 263 263 263 264 264 264 264 264 264 265 265 265 265 265 266 266 266 266 266 266 267 267 267 267 267 267 268 268 268 268 268 269 269 269 269 269 269 270 270 270 270 270 270 270 271 271 271 271 271 271 272 272 272 272 272 272 272 272 272 272 272 273 273 273 273 273 273 273 272 273 273 273 273 273 274 274 274 274 274 274 274 274 274 274 274 274 274 274 274 274 275 275 275 275 276 276 277 277 277 277 277 277 277 277 277 277 277 277 277 277 277 277 277 277 277 277 277 277 277 278 278 278 278 278 278 278 278 278 278 278 278 278 278 278 278 278 278 278 278 278 278 278 278 278 278 278 278 278 278 278 278 278 278 278 278 278 278 278 278 278 278 278 278 278 278 278 278 278 278 278 278 278 278 278 278 278 278 278 278 278 244 245 245 245 245 246 246 246 246 247 247 247 247 247 248 248 248 248 249 249 249 249 249 250 250 250 250 251 251 251 251 251 252 252 252 252 253 253 253 253 253 254 254 254 254 254 255 255 255 255 255 256 256 256 256 257 257 257 257 257 257 258 258 258 258 259 259 259 259 259 260 260 260 260 260 261 261 261 261 261 262 262 262 262 262 262 263 263 263 263 263 264 264 264 264 264 264 265 265 265 265 265 266 266 266 266 266 266 267 267 267 267 267 267 268 268 268 268 268 269 269 269 269 269 269 270 270 270 270 270 270 270 271 271 271 271 271 271 271 271 271 272 272 272 272 272 272 272 272 272 272 272 272 272 272 272 273 273 273 273 273 273 273 273 274 274 274 274 274 274 274 274 274 274 274 274 274 274 274 274 275 276 276 276 277 277 277 277 277 277 277 277 277 277 277 277 277 277 277 277 277 277 277 277 277 277 278 278 278 278 278 278 278 278 278 278 278 278 278 278 278 278 278 278 278 278 278 278 278 278 278 278 278 278 278 278 278 278 278 278 278 278 278 278 278 278 278 277 277 278 278 278 278 278 278 278 278 278 278 278 278 278 278 278 278 278 278 278 278 278 244 244 244 245 245 245 245 246 246 246 246 247 247 247 247 247 248 248 248 248 249 249 249 249 249 250 250 250 250 251 251 251 251 251 252 252 252 252 252 253 253 253 253 254 254 254 254 254 255 255 255 255 255 256 256 256 256 256 257 257 257 257 258 258 258 258 258 259 259 259 259 259 260 260 260 260 260 261 261 261 261 261 261 262 262 262 262 262 263 263 263 263 263 264 264 264 264 264 264 265 265 265 265 265 266 266 266 266 266 266 267 267 267 267 267 267 268 268 268 268 268 269 269 269 269 269 269 269 269 269 269 270 270 270 271 270 271 271 271 271 271 271 271 272 272 272 272 272 272 272 272 272 272 272 272 272 272 272 272 273 273 273 273 273 273 273 273 274 274 274 274 274 274 274 274 274 274 274 274 274 274 274 276 276 276 276 276 276 276 276 277 277 277 277 277 277 277 277 277 277 277 277 277 277 277 277 277 277 277 277 278 278 278 278 278 278 278 278 278 278 278 278 278 278 278 278 278 278 278 278 278 278 278 278 278 278 278 278 278 278 278 278 278 278 278 278 278 278 277 277 277 278 278 278 278 278 278 278 278 278 278 278 278 278 278 278 278 278 278 278 278 278 278 244 244 245 245 245 245 245 246 246 246 246 247 247 247 247 247 248 248 248 248 249 249 249 249 249 250 250 250 250 251 251 251 251 251 252 252 252 252 252 253 253 253 253 254 254 254 254 254 255 255 255 255 255 256 256 256 256 256 257 257 257 257 258 258 258 258 258 259 259 259 259 259 260 260 260 260 260 261 261 261 261 261 261 262 262 262 262 262 263 263 263 263 263 264 264 264 264 264 264 265 265 265 265 265 266 266 266 266 266 266 267 267 267 267 267 267 268 268 268 268 268 268 269 269 269 269 269 269 269 269 270 270 270 270 270 271 271 271 271 271 271 271 272 272 272 271 272 272 272 272 272 272 272 272 272 272 272 272 272 272 272 273 273 273 273 273 273 273 273 274 274 274 274 274 274 274 274 274 274 274 274 276 276 276 276 276 276 276 276 276 276 277 277 277 277 277 277 277 277 277 277 277 277 277 277 277 277 277 277 277 277 278 278 278 278 278 278 278 278 278 278 278 278 278 278 278 278 278 278 278 278 278 278 278 278 278 278 278 278 278 278 278 278 278 278 278 277 277 277 277 278 278 278 278 278 278 278 278 278 278 278 278 278 278 278 278 278 278 278 278 278 278 278 243 244 244 244 244 245 245 245 245 245 246 246 246 246 247 247 247 247 247 248 248 248 248 249 249 249 249 249 250 250 250 250 251 251 251 251 252 252 252 252 252 252 253 253 253 253 253 254 254 254 254 255 255 255 255 255 256 256 256 256 256 257 257 257 257 258 258 258 258 258 259 259 259 259 259 260 260 260 260 260 261 261 261 261 261 261 262 262 262 262 262 263 263 263 263 263 263 264 264 264 264 264 265 265 265 265 265 265 266 266 266 266 266 267 267 267 267 267 267 268 268 268 268 268 268 268 269 269 269 269 269 269 270 270 270 270 270 270 271 271 271 271 271 271 271 271 271 271 271 271 272 272 271 272 272 272 272 272 272 272 272 272 272 272 273 273 273 273 273 273 273 273 273 274 274 274 274 274 274 274 274 274 274 276 276 276 276 276 276 276 276 276 276 276 276 277 277 277 277 277 277 277 277 277 277 277 277 277 277 277 277 277 277 277 277 277 277 278 278 278 278 278 278 278 278 278 278 278 278 278 278 278 278 278 278 278 278 278 278 278 278 278 278 278 278 278 278 277 277 277 277 277 277 278 278 278 278 278 277 277 277 277 277 277 278 278 278 278 278 278 278 278 278 278 278 278 243 243 243 244 244 244 244 245 245 245 245 245 246 246 246 246 247 247 247 247 247 248 248 248 248 249 249 249 249 249 250 250 250 250 251 251 251 251 251 252 252 252 252 252 253 253 253 253 254 254 254 254 254 255 255 255 255 255 256 256 256 256 256 257 257 257 257 258 258 258 258 258 259 259 259 259 259 260 260 260 260 260 261 261 261 261 261 261 262 262 262 262 262 263 263 263 263 263 263 264 264 264 264 264 265 265 265 265 265 265 266 266 266 266 266 267 267 267 267 267 267 267 268 268 268 268 268 268 268 269 269 269 269 270 270 270 270 270 270 270 270 271 271 271 271 271 271 271 271 271 271 271 271 271 271 272 272 272 272 272 272 272 272 272 272 272 272 273 273 273 273 273 273 273 273 273 274 274 274 274 274 274 274 274 276 276 276 276 276 276 276 276 276 276 276 276 276 276 277 277 277 277 277 277 277 277 277 277 277 277 277 277 277 277 277 277 277 277 277 277 278 278 278 278 277 278 278 278 278 278 278 278 278 278 277 277 278 278 278 278 278 278 278 278 278 278 278 278 278 277 277 277 277 277 277 277 277 277 277 277 277 277 277 277 277 277 278 278 278 278 278 278 278 278 278 278 278 243 243 244 244 244 244 245 245 245 245 245 246 246 246 246 247 247 247 247 247 248 248 248 248 249 249 249 249 249 250 250 250 250 251 251 251 251 251 252 252 252 252 252 253 253 253 253 254 254 254 254 254 255 255 255 255 255 256 256 256 256 256 257 257 257 257 258 258 258 258 258 259 259 259 259 259 260 260 260 260 260 261 261 261 261 261 261 262 262 262 262 262 263 263 263 263 263 263 264 264 264 264 264 265 265 265 265 265 265 266 266 266 266 266 267 267 267 267 267 267 267 267 268 268 268 268 268 268 269 269 269 269 270 270 269 270 270 270 270 270 270 270 270 271 270 270 271 271 271 271 271 271 271 272 271 272 272 272 272 272 272 272 272 272 272 272 273 273 273 273 273 273 273 273 273 273 273 274 274 274 274 274 276 276 276 276 276 276 276 276 276 276 276 276 276 276 276 276 276 277 277 277 277 277 277 277 277 277 277 277 277 277 277 277 277 277 277 277 277 277 277 277 277 277 278 277 277 277 278 278 278 278 277 277 277 278 278 278 278 277 277 278 278 277 277 277 277 277 277 277 277 277 277 277 277 277 277 277 277 277 278 277 277 277 277 277 278 278 278 278 278 278 278 278 278 242 243 243 243 243 244 244 244 244 245 245 245 245 245 246 246 246 246 247 247 247 247 247 248 248 248 248 249 249 249 249 249 250 250 250 250 251 251 251 251 251 252 252 252 252 253 253 253 253 253 254 254 254 254 254 255 255 255 255 255 256 256 256 256 256 257 257 257 257 258 258 258 258 258 259 259 259 259 259 260 260 260 260 260 261 261 261 261 261 261 262 262 262 262 262 263 263 263 263 263 263 264 264 264 264 264 265 265 265 265 265 265 266 266 266 266 266 267 267 267 267 267 267 267 267 268 268 268 268 268 268 269 269 269 269 269 269 269 269 270 270 270 270 270 270 270 270 270 270 271 271 271 271 271 271 271 271 272 272 272 272 272 272 272 272 272 272 272 272 273 273 273 273 273 273 273 273 273 273 273 273 274 274 274 275 276 276 276 276 276 276 276 276 276 276 276 276 276 276 276 276 276 277 277 277 277 277 277 277 277 277 277 277 277 277 277 277 277 277 277 277 277 277 277 277 277 277 277 277 277 277 277 277 277 277 277 277 277 277 277 277 277 277 278 278 277 277 277 277 277 277 277 277 277 277 277 277 277 277 277 278 278 278 277 277 277 277 277 278 278 278 278 278 278 278 278 278 278 274 274 274 274 242 243 243 243 243 244 244 244 244 245 245 245 245 245 246 246 246 246 247 247 247 247 247 248 248 248 248 249 249 249 249 249 250 250 250 250 251 251 251 251 251 252 252 252 252 253 253 253 253 253 254 254 254 254 254 255 255 255 255 255 255 256 256 256 256 256 257 257 257 257 258 258 258 258 259 259 259 259 259 260 260 260 260 260 261 261 261 261 261 261 262 262 262 262 262 263 263 263 263 263 263 264 264 264 264 264 265 265 265 265 265 265 266 266 266 266 266 266 267 267 267 267 267 267 267 268 268 268 268 268 268 269 269 269 269 269 269 269 269 270 270 270 270 270 270 270 270 270 270 271 271 271 271 271 271 271 272 272 272 272 272 272 272 272 272 272 272 272 272 273 273 273 273 273 273 273 273 273 273 273 273 273 273 275 275 275 276 276 276 276 276 276 276 276 276 276 276 276 276 276 276 276 276 276 277 277 277 277 277 277 277 277 277 277 277 277 277 277 277 277 277 277 277 277 277 277 277 277 277 277 277 277 277 277 277 277 277 277 277 277 277 277 277 278 278 277 277 277 277 277 277 277 277 277 277 277 277 277 278 278 278 277 277 277 277 277 277 277 277 277 277 277 277 277 277 277 277 274 274 274 274 275 274 274 273 242 242 243 243 243 243 243 244 244 244 244 245 245 245 245 245 246 246 246 246 247 247 247 247 247 248 248 248 248 248 249 249 249 249 250 250 250 250 250 251 251 251 251 252 252 252 252 252 253 253 253 253 254 254 254 254 254 254 255 255 255 255 255 256 256 256 256 256 257 257 257 257 257 258 258 258 259 259 259 259 259 260 260 260 260 260 260 261 261 261 261 261 262 262 262 262 262 263 263 263 263 263 263 264 264 264 264 264 265 265 265 265 265 265 266 266 266 266 266 266 266 266 267 267 267 267 267 268 268 268 268 268 268 269 269 269 269 269 269 269 269 270 270 270 270 270 270 270 270 270 270 270 270 270 271 271 271 271 271 271 272 272 272 272 272 272 272 272 272 272 272 272 273 273 273 273 273 273 273 273 273 273 273 273 275 275 275 275 275 276 276 276 276 276 276 276 276 276 276 276 276 276 276 276 276 276 276 276 277 277 277 277 277 277 277 277 277 277 277 277 277 277 277 277 277 277 277 277 277 277 277 277 277 277 277 277 277 277 277 277 277 277 277 277 278 278 277 277 277 277 278 277 277 277 277 277 277 277 278 278 278 278 277 277 277 277 277 277 277 277 277 277 277 277 277 277 277 274 274 275 275 275 275 275 275 274 273 241 242 242 242 242 243 243 243 243 243 244 244 244 244 245 245 245 245 245 246 246 246 246 246 247 247 247 247 248 248 248 248 248 249 249 249 249 250 250 250 250 250 251 251 251 251 252 252 252 252 253 253 253 253 253 254 254 254 254 254 254 255 255 255 255 256 256 256 256 256 257 257 257 257 257 257 258 258 258 259 259 259 259 259 260 260 260 260 260 260 261 261 261 261 261 262 262 262 262 262 263 263 263 263 263 263 264 264 264 264 264 264 265 265 265 265 265 266 266 266 266 266 266 266 266 267 267 267 267 267 268 268 268 268 268 268 269 269 269 269 269 269 269 269 269 269 270 270 270 270 270 270 270 270 270 270 271 271 271 271 271 272 271 271 271 272 272 272 272 272 272 272 272 272 272 273 273 273 273 273 273 273 273 273 273 273 275 275 275 275 275 275 275 275 276 276 276 276 276 276 276 276 276 276 276 276 276 276 276 276 276 276 277 277 277 277 277 277 277 277 277 277 277 277 277 277 277 277 277 277 277 277 277 277 277 277 277 277 277 277 277 277 277 277 277 277 277 277 277 277 277 277 277 277 277 277 277 277 277 277 277 277 277 277 277 277 277 277 277 277 277 277 277 277 277 277 277 277 277 274 274 274 274 275 275 275 275 275 274 274 273 273 241 241 242 242 242 242 242 243 243 243 243 243 244 244 244 244 245 245 245 245 245 246 246 246 246 247 247 247 247 247 248 248 248 248 249 249 249 249 250 250 250 250 251 251 251 251 251 252 252 252 252 253 253 253 253 253 253 254 254 254 254 254 255 255 255 256 256 256 256 256 256 257 257 257 257 257 257 258 258 258 259 259 259 259 259 260 260 260 260 260 260 261 261 261 261 261 262 262 262 262 262 263 263 263 263 263 263 264 264 264 264 264 265 265 265 265 265 265 266 266 266 266 266 266 266 266 267 267 267 267 267 268 268 268 268 268 269 269 269 269 269 269 269 269 269 269 269 269 270 270 270 270 270 270 270 270 270 271 271 271 271 271 271 271 271 271 271 271 272 272 272 272 272 272 272 272 272 272 273 273 273 273 273 273 273 273 275 275 275 275 275 275 275 275 275 275 275 275 276 276 276 276 276 276 276 276 276 276 276 276 276 276 276 276 277 277 277 277 277 277 277 277 277 277 277 277 277 277 277 277 277 277 277 277 277 277 277 277 277 277 277 277 277 277 277 277 277 277 277 277 277 277 277 277 277 277 277 277 277 277 277 277 277 277 277 277 277 277 277 277 277 277 277 277 277 277 277 277 277 277 274 274 275 275 275 275 275 275 275 274 274 275 274 273 273 241 241 241 241 242 242 242 242 242 242 243 243 243 243 244 244 244 244 244 244 245 245 245 246 246 246 246 247 247 247 247 248 248 248 248 249 249 249 249 250 250 250 250 250 251 251 251 251 251 252 252 252 252 253 253 253 253 253 253 254 254 254 254 255 255 255 255 255 256 256 256 256 256 257 257 257 257 257 258 258 258 258 259 259 259 259 259 260 260 260 260 260 260 261 261 261 261 261 262 262 262 262 262 263 263 263 263 263 263 264 264 264 264 264 265 265 265 265 265 265 265 265 265 266 266 266 266 266 267 267 267 267 268 268 268 268 268 268 269 269 268 269 269 269 269 269 269 269 269 269 269 270 270 270 270 270 270 270 270 270 271 271 271 271 271 271 271 271 271 271 271 271 271 271 272 272 272 272 272 272 272 272 273 273 273 273 273 275 275 275 275 275 275 275 275 275 275 275 275 275 275 276 276 276 276 276 276 276 276 276 276 276 276 276 276 276 276 277 277 277 277 277 277 277 277 277 277 277 277 277 277 277 277 277 277 277 277 277 277 277 277 277 277 277 277 277 277 277 277 277 277 277 277 277 277 277 277 277 277 277 277 277 277 277 277 277 277 277 277 277 277 277 277 277 277 277 277 277 277 277 277 277 275 275 275 275 275 274 274 275 274 274 275 275 275 275 275 275 275 275 275 274 273 273 273 241 241 241 241 241 242 242 242 242 242 243 243 243 243 244 244 244 244 244 245 245 245 245 246 246 246 246 247 247 247 247 248 248 248 248 249 249 249 249 249 250 250 250 250 251 251 251 251 252 252 252 252 252 253 253 253 253 253 254 254 254 254 254 255 255 255 255 256 256 256 256 256 256 257 257 257 257 257 258 258 258 258 259 259 259 259 259 259 260 260 260 260 260 261 261 261 261 261 262 262 262 262 262 263 263 263 263 263 263 264 264 264 264 264 264 265 265 265 265 265 265 265 266 266 266 266 266 267 267 267 267 267 267 268 268 268 268 268 269 269 269 269 269 269 269 269 269 269 269 269 270 270 270 270 270 270 270 270 270 270 271 271 271 271 271 271 271 271 271 271 271 271 272 271 271 271 272 272 272 272 272 272 272 272 272 272 274 274 274 274 274 274 275 275 275 275 275 275 275 275 275 275 276 276 276 276 276 276 276 276 276 276 276 276 276 276 276 276 277 277 277 277 277 277 277 277 277 277 277 277 277 277 277 277 277 277 277 277 277 277 277 277 277 277 277 277 277 277 277 277 277 277 277 277 277 277 277 277 277 277 277 277 277 277 277 277 277 277 277 277 277 277 277 277 277 277 277 277 277 277 277 277 277 277 277 276 276 276 276 275 275 275 275 275 275 275 275 275 275 274 275 275 275 275 275 275 275 275 276 275 275 274 274 274 273 273 273 240 240 240 241 241 241 241 241 241 241 242 242 242 242 243 243 243 243 243 244 244 244 244 245 245 245 245 246 246 246 247 247 247 247 248 248 248 248 248 249 249 249 249 249 250 250 250 250 251 251 251 251 251 252 252 252 252 252 253 253 253 253 253 254 254 254 254 255 255 255 255 256 256 256 256 256 256 256 257 257 257 258 258 258 258 258 259 259 259 259 259 260 260 260 260 260 260 261 261 261 261 261 262 262 262 262 262 262 263 263 263 263 263 264 264 264 264 264 264 264 264 265 265 265 265 265 266 266 266 266 266 266 267 267 267 267 267 268 268 268 268 268 268 268 268 268 269 269 269 269 269 269 269 269 269 270 270 270 270 270 270 270 270 270 270 271 271 271 271 271 271 271 271 271 271 272 271 271 271 272 272 272 272 272 272 272 272 272 272 274 274 274 274 274 274 275 275 275 275 275 275 275 275 275 275 275 276 276 276 276 276 276 276 276 276 276 276 276 276 276 276 276 276 277 277 277 277 277 277 277 277 277 277 277 277 277 277 277 277 277 277 277 277 277 277 277 277 277 277 277 277 277 277 277 277 277 277 277 277 277 277 277 277 277 277 277 277 277 277 277 277 277 277 277 277 277 277 277 277 277 277 277 277 277 277 277 277 276 277 276 276 276 276 276 275 275 275 275 276 276 276 276 276 276 275 276 276 276 275 275 276 275 275 276 275 275 276 275 275 275 275 275 275 275 276 276 276 275 275 275 274 274 274 274 273 273 273 240 240 240 240 241 241 241 241 241 242 242 242 242 243 243 243 243 243 243 244 244 244 244 245 245 245 245 246 246 246 247 247 247 247 248 248 248 248 248 249 249 249 249 250 250 250 250 250 251 251 251 251 251 252 252 252 252 253 253 253 253 253 253 254 254 254 254 255 255 255 255 255 256 256 256 256 256 256 257 257 257 258 258 258 258 258 259 259 259 259 259 260 260 260 260 260 260 261 261 261 261 261 262 262 262 262 262 263 263 263 263 263 263 263 263 263 264 264 264 264 264 265 265 265 265 265 265 266 266 266 266 266 267 267 267 267 267 268 268 268 268 268 268 268 268 268 268 269 269 269 269 269 269 269 270 269 269 269 270 270 270 270 270 270 271 271 271 271 271 271 271 271 271 271 271 271 271 271 272 272 272 272 272 272 272 272 272 272 274 274 274 274 274 275 275 275 275 275 275 275 275 275 275 275 275 275 276 276 276 276 276 276 276 276 276 276 276 276 276 276 276 276 276 276 277 277 277 277 277 277 277 277 277 277 277 277 277 277 277 277 277 277 277 277 277 277 277 277 277 277 277 277 277 277 277 277 277 277 277 277 277 277 277 277 277 277 277 277 277 277 277 277 277 277 277 277 277 277 277 277 277 277 277 277 277 277 277 277 276 276 276 276 276 276 276 276 276 276 276 276 276 276 276 276 276 275 275 275 276 276 276 276 276 275 275 275 274 275 276 276 276 276 276 276 276 276 276 276 276 276 276 276 276 276 276 275 275 275 275 275 275 274 274 274 273 273 273 239 240 240 240 240 240 240 241 241 241 241 242 242 242 242 242 243 243 243 243 244 244 244 244 244 245 245 245 245 246 246 246 247 247 247 247 248 248 248 248 249 249 249 249 249 249 250 250 250 250 251 251 251 251 251 252 252 252 252 252 253 253 253 253 253 254 254 254 254 255 255 255 255 256 256 256 256 256 256 256 257 257 257 258 258 258 258 258 259 259 259 259 259 259 260 260 260 260 260 261 261 261 261 261 262 262 262 262 262 262 263 263 263 263 263 263 263 264 264 264 264 264 264 265 265 265 265 265 265 266 266 266 266 266 267 267 267 267 267 268 268 268 268 268 268 268 268 268 268 269 269 269 269 269 269 269 269 269 269 269 270 270 270 270 270 271 271 271 271 271 271 271 271 271 271 271 271 271 272 272 272 272 272 272 272 272 272 272 272 274 274 274 274 275 275 274 275 275 275 275 275 275 275 275 275 275 275 275 275 276 276 276 276 276 276 276 276 276 276 276 276 276 276 276 276 276 276 277 276 276 276 276 276 277 276 276 277 277 277 276 277 277 277 277 277 277 277 277 277 277 277 277 277 277 277 277 277 277 277 277 277 277 277 277 277 277 277 276 277 277 277 277 277 277 277 277 277 277 277 277 277 277 277 277 277 277 277 277 277 276 277 277 277 277 277 276 276 276 275 275 276 276 276 276 276 276 276 276 276 275 276 276 276 276 276 276 276 276 276 276 275 275 275 274 275 276 276 276 276 276 276 276 276 276 276 276 276 276 276 276 276 276 275 275 275 275 275 275 274 274 274 274 274 274 274 273 239 239 239 239 240 240 240 240 240 240 241 241 241 242 242 242 242 242 243 243 243 243 244 244 244 244 244 245 245 245 245 245 245 246 246 247 247 247 247 247 248 248 248 249 249 249 249 249 249 250 250 250 250 251 251 251 251 251 252 252 252 252 252 253 253 253 253 253 254 254 254 254 255 255 255 255 256 256 256 256 256 256 257 257 257 257 258 258 258 258 258 259 259 259 259 259 259 260 260 260 260 260 261 261 261 261 261 262 262 262 262 262 262 263 263 263 263 263 263 264 264 264 264 264 264 264 265 265 265 265 265 266 266 266 266 266 266 267 267 267 267 267 267 267 268 268 268 268 268 268 268 268 268 269 269 269 269 269 269 269 269 269 269 270 270 270 270 270 270 270 270 270 270 270 270 270 271 271 271 271 271 272 272 272 272 272 272 272 272 272 272 274 274 274 274 274 274 275 275 275 275 275 275 275 275 275 275 275 275 275 275 275 275 276 276 276 276 276 276 276 276 276 276 276 276 276 276 276 276 276 276 276 276 276 276 276 276 276 276 277 277 276 276 276 276 277 277 277 277 277 277 277 277 277 277 277 277 277 277 277 277 277 277 277 277 277 277 277 277 276 277 277 277 276 276 277 277 277 277 277 276 276 276 277 277 277 277 277 277 277 277 277 277 277 277 276 276 276 276 276 276 275 276 276 276 276 276 276 276 276 275 276 276 276 276 276 276 276 276 275 276 276 276 275 276 275 275 275 275 275 274 275 275 276 276 276 276 276 276 276 276 276 276 276 276 275 276 276 276 276 276 276 275 275 275 275 275 274 274 274 274 274 274 274 274 274 273 274 238 238 238 239 239 239 239 240 240 240 240 240 240 241 241 241 241 242 242 242 243 243 243 244 244 244 244 244 244 245 245 245 245 245 245 245 246 246 247 247 247 247 248 248 248 248 248 248 249 249 249 249 250 250 250 250 251 251 251 251 251 252 252 252 252 252 253 253 253 253 253 254 254 254 255 255 255 255 255 256 256 256 256 256 256 257 257 257 257 258 258 258 258 258 259 259 259 259 259 259 260 260 260 260 260 260 261 261 261 261 261 262 262 262 262 262 262 262 263 263 263 263 264 264 264 264 264 264 265 265 265 265 265 265 265 265 266 266 266 266 266 267 267 267 267 267 267 267 268 268 268 268 268 268 268 268 268 268 269 269 269 269 269 269 270 270 270 270 270 270 270 270 270 270 270 270 270 270 271 271 271 271 271 271 271 272 272 272 272 272 272 272 272 274 274 274 274 274 274 274 274 275 275 275 275 275 275 275 274 275 275 275 275 275 275 275 275 276 276 276 276 276 276 276 276 276 276 276 276 276 276 276 276 276 276 276 276 276 276 276 276 276 277 276 276 276 276 276 277 277 277 277 277 277 277 277 277 277 277 277 277 277 277 277 276 277 277 276 276 277 277 276 276 276 276 276 276 276 277 277 277 277 276 276 276 276 276 276 276 276 276 277 277 277 277 277 276 276 276 276 277 277 276 276 276 276 276 276 277 276 276 276 275 276 276 276 276 277 276 276 276 275 276 276 276 275 276 276 275 275 276 275 275 275 275 275 275 276 276 275 276 276 276 276 276 276 276 275 275 276 276 275 276 276 275 275 275 275 275 274 274 274 274 274 274 274 274 274 274 274 274 274 274 238 238 238 238 239 239 239 239 240 240 240 240 240 240 241 241 241 241 242 242 242 242 243 243 243 244 244 244 244 245 245 245 245 245 245 245 245 246 246 247 247 247 247 248 248 248 248 249 249 249 249 249 249 250 250 250 250 251 251 251 251 251 252 252 252 252 252 253 253 253 253 254 254 254 254 255 255 255 255 255 256 256 256 256 256 256 257 257 257 257 258 258 258 258 258 258 259 259 259 259 259 259 260 260 260 260 260 261 261 261 261 261 262 262 262 262 262 262 262 263 263 263 263 263 264 264 264 264 264 264 264 264 265 265 265 265 266 266 266 266 266 266 267 267 267 267 267 267 267 268 268 268 268 268 268 268 268 268 268 269 269 269 269 269 270 270 270 270 270 270 270 270 270 270 270 270 270 271 271 271 271 271 271 271 271 271 271 271 272 272 272 272 272 274 274 274 274 274 274 274 274 274 274 274 274 274 274 274 274 275 275 275 275 275 275 275 275 275 275 276 276 276 276 276 276 276 276 276 276 276 276 276 276 276 276 276 276 276 276 276 276 276 276 276 276 276 276 276 276 276 277 276 276 276 276 276 277 277 277 277 277 277 277 276 276 276 276 277 277 277 277 276 276 276 276 276 276 276 277 277 276 276 276 276 276 277 277 277 276 276 276 277 277 277 276 276 276 276 276 276 276 277 277 277 277 277 277 277 277 277 276 276 275 276 276 277 276 276 276 276 275 275 276 276 276 276 276 276 275 275 276 276 275 275 275 275 275 276 276 275 276 276 276 276 276 276 276 276 275 275 275 275 275 275 275 275 275 275 275 274 274 274 274 274 274 274 274 274 274 274 274 274 274 274 274 274 274 274 274 273 273 273 238 238 238 238 239 239 239 239 239 240 240 240 240 240 241 241 241 241 241 242 242 242 242 243 243 243 243 243 243 244 244 245 246 245 245 245 245 246 246 247 247 247 247 248 248 248 248 248 248 249 249 249 249 249 250 250 250 250 250 251 251 251 252 252 252 252 252 252 253 253 253 253 253 254 254 254 254 255 255 255 255 256 256 256 256 256 257 257 257 257 257 257 258 258 258 258 258 259 259 259 259 259 259 260 260 260 260 260 261 261 261 261 261 262 262 262 262 262 262 263 263 263 263 263 263 264 264 264 264 264 264 264 265 265 265 265 266 266 265 266 266 266 266 266 266 267 267 267 267 267 268 268 268 268 268 268 268 268 268 269 269 269 269 269 269 269 269 270 269 269 270 270 270 270 270 270 270 270 271 271 271 271 271 271 271 271 271 271 271 271 271 271 271 273 273 274 274 274 274 274 274 274 274 274 274 274 274 274 274 275 275 275 275 275 275 275 275 275 275 275 275 276 276 276 276 276 276 276 276 276 276 276 276 276 276 276 276 276 276 276 276 276 276 276 276 276 276 276 276 276 276 276 276 276 276 276 277 277 277 277 277 277 277 276 276 277 277 277 277 277 277 276 276 276 276 276 276 276 277 277 276 276 276 277 277 277 277 276 276 276 277 277 277 276 276 276 276 277 277 277 276 276 277 277 277 277 277 277 277 277 276 275 276 276 276 276 276 276 275 276 276 275 275 276 276 276 276 276 275 275 276 276 276 274 274 274 275 276 276 276 276 275 275 276 276 276 276 276 275 276 276 276 275 275 275 275 275 275 275 275 275 274 274 274 274 274 274 274 274 274 274 274 274 274 274 274 274 274 274 274 273 273 273 273 273 273 237 237 238 238 238 238 238 239 239 239 239 239 240 240 240 240 241 241 241 241 241 242 242 242 242 243 243 243 243 243 243 244 244 245 245 246 245 245 245 246 246 246 247 247 247 248 248 248 248 248 248 249 249 249 249 250 250 250 250 250 250 251 251 251 251 252 252 252 252 253 253 253 253 253 254 254 254 254 254 255 255 255 255 256 256 256 256 256 257 257 257 257 257 257 258 258 258 258 258 258 259 259 259 259 260 260 260 260 260 260 261 261 261 261 261 262 262 262 262 262 262 263 263 263 263 263 263 263 264 264 264 264 264 265 265 265 265 265 265 265 265 266 266 266 266 266 267 267 267 267 267 267 268 268 268 268 268 268 268 268 269 269 269 269 269 269 269 269 269 269 269 269 270 270 270 270 270 270 270 270 270 270 270 270 270 271 271 271 271 271 271 271 271 271 273 273 273 273 273 274 274 274 274 274 274 274 274 274 274 274 274 275 275 275 275 275 275 275 275 275 275 275 275 275 276 276 276 276 276 276 276 276 276 276 276 276 276 276 276 276 276 276 276 276 276 276 276 276 276 276 276 276 276 276 276 276 276 276 277 277 277 277 277 277 277 277 277 276 276 277 277 277 276 276 276 276 276 276 276 276 276 276 276 276 276 276 276 276 276 276 276 276 277 277 276 276 276 277 277 277 277 276 276 277 277 276 276 277 277 277 277 276 276 276 277 276 276 276 276 276 276 276 276 275 276 276 276 276 276 276 275 275 276 276 275 274 274 275 276 276 276 276 276 275 275 276 276 276 276 275 275 275 275 275 275 275 275 275 275 275 275 274 275 274 274 274 274 274 274 274 274 274 274 274 274 274 274 273 273 273 273 273 273 273 273 273 273 273 273 273 237 237 237 237 238 238 238 238 238 239 239 239 239 239 239 240 240 240 240 241 241 241 241 241 241 242 242 242 243 243 243 243 244 244 244 245 245 245 245 245 245 246 246 247 247 247 247 247 247 248 248 248 248 249 249 249 249 250 250 250 250 250 251 251 251 251 252 252 252 252 252 253 253 253 253 253 254 254 254 254 254 255 255 255 255 256 256 256 256 256 257 257 257 257 257 257 258 258 258 258 258 259 259 259 259 259 260 260 260 260 260 260 261 261 261 261 261 262 262 262 262 262 262 262 263 263 263 263 264 264 264 264 264 264 264 265 265 265 265 265 265 265 265 266 266 266 266 266 266 267 267 267 267 268 268 268 268 268 268 268 268 268 268 268 268 268 268 269 269 269 269 269 269 270 270 270 269 270 270 270 270 270 270 270 270 270 270 270 270 271 271 271 271 271 271 273 273 273 273 273 273 273 274 274 274 274 274 274 274 274 274 274 274 274 275 275 275 275 275 275 275 275 275 275 275 275 275 276 276 276 276 276 276 276 276 276 276 276 276 276 276 276 276 276 276 276 276 276 276 276 276 276 276 276 276 276 276 276 276 276 276 277 277 277 277 276 276 276 276 277 277 277 276 276 276 276 276 276 276 276 276 276 277 276 276 276 276 276 276 277 276 276 276 276 276 276 276 276 276 276 276 276 276 276 276 276 276 276 276 277 277 277 276 277 277 277 276 276 276 276 276 276 276 276 275 276 276 276 276 276 275 275 276 276 276 276 276 274 274 275 276 276 276 275 275 275 275 276 276 276 276 276 275 275 275 275 275 275 275 275 275 275 275 275 274 274 274 274 274 274 274 274 274 274 274 274 274 274 274 274 274 273 273 273 274 274 274 274 274 273 273 273 273 273 237 237 237 237 238 238 238 238 239 239 239 239 239 239 240 240 240 240 240 241 241 241 241 241 242 242 242 242 243 243 243 243 244 244 244 244 245 245 246 245 245 246 246 246 247 247 247 247 247 247 248 248 248 248 249 249 249 250 250 250 250 250 251 251 251 251 251 252 252 252 252 253 253 253 253 253 254 254 254 254 254 255 255 255 255 256 256 256 256 256 257 257 257 257 257 257 258 258 258 258 258 259 259 259 259 260 260 260 260 260 260 260 261 261 261 261 261 262 262 262 262 262 262 262 263 263 263 263 263 263 264 264 264 264 265 265 265 265 265 265 265 265 265 266 266 266 266 266 266 267 267 267 267 267 268 268 268 268 268 267 268 268 268 268 268 268 268 268 269 269 269 269 269 269 269 269 270 270 270 270 270 270 270 270 270 270 270 270 270 270 270 271 271 271 271 273 273 273 273 273 273 273 273 274 274 274 274 274 274 274 274 274 274 274 275 275 275 275 275 275 275 275 275 275 275 275 275 275 276 276 276 276 276 276 276 276 276 276 276 276 276 276 276 276 276 275 276 276 276 276 276 276 276 276 276 276 276 276 276 276 277 277 277 277 277 277 277 276 276 277 277 277 277 276 276 276 276 276 276 276 276 276 276 276 276 276 276 276 276 277 277 277 276 277 276 276 277 277 277 277 277 277 277 276 277 277 277 277 277 277 277 277 277 277 277 277 277 277 277 277 277 277 276 276 276 276 276 276 277 277 276 276 276 276 276 276 276 274 274 275 275 275 276 276 275 275 275 276 276 276 276 276 276 275 275 275 275 275 275 275 275 275 275 275 275 275 275 274 274 274 274 274 274 274 274 274 274 274 274 274 274 274 274 274 274 274 274 274 274 274 273 273 273 273 273 273 273 235 236 236 236 237 237 237 237 238 238 238 238 238 239 239 239 239 240 240 240 240 240 241 241 241 241 242 242 242 242 242 243 243 243 243 243 244 244 244 244 245 245 245 245 246 246 246 246 246 247 247 247 247 248 248 248 248 249 249 249 249 250 250 250 250 250 251 251 251 251 251 252 252 252 252 253 253 253 253 254 254 254 254 254 254 255 255 255 255 255 256 256 256 256 257 257 257 257 257 258 258 258 258 258 259 259 259 259 259 260 260 260 260 260 260 260 261 261 261 261 262 262 262 262 262 262 262 262 263 263 263 263 263 264 264 264 264 264 264 264 265 265 265 265 265 265 265 265 266 266 266 266 266 267 267 267 267 268 268 267 267 267 267 267 268 268 268 268 268 268 268 268 268 269 269 269 269 269 269 269 269 269 269 269 269 270 270 270 270 270 270 270 270 270 270 271 271 271 273 273 273 273 273 273 273 273 273 273 274 274 274 274 274 274 274 274 274 274 275 275 275 275 275 275 275 275 275 275 275 275 275 275 275 276 276 276 276 276 276 276 276 276 275 276 276 276 276 276 275 275 276 276 276 276 276 276 276 276 276 276 276 276 276 276 276 276 276 277 277 277 277 277 276 277 277 277 276 276 276 276 276 276 276 276 276 276 276 276 276 276 276 277 277 277 277 277 277 276 276 276 276 276 276 277 277 277 276 276 277 277 277 277 277 277 276 277 277 277 277 277 277 277 277 277 277 276 276 276 276 276 277 277 277 276 276 276 276 276 276 275 274 274 275 275 275 275 276 276 275 275 276 276 276 276 276 276 276 275 275 275 275 275 275 275 275 275 275 275 275 275 274 274 274 274 274 274 274 274 274 274 274 274 274 274 274 274 274 274 274 274 274 274 274 273 273 273 273 273 273 273 273 273 235 235 236 236 236 237 237 237 237 238 238 238 238 238 238 239 239 239 240 240 240 240 241 241 241 241 242 242 242 242 243 243 243 243 243 243 244 244 244 244 244 245 245 245 245 246 246 246 246 247 247 247 247 248 248 248 248 248 249 249 249 249 249 250 250 250 251 251 251 251 251 251 252 252 252 252 253 253 253 253 254 254 254 254 254 254 255 255 255 255 255 256 256 256 256 257 257 257 257 257 257 258 258 258 258 259 259 259 259 259 259 260 260 260 260 260 260 261 261 261 261 261 262 262 262 262 262 262 262 263 263 263 263 263 264 264 264 264 264 264 264 265 265 265 265 265 265 265 266 266 266 266 266 266 267 267 267 267 267 267 267 267 267 268 268 268 268 268 268 268 268 268 268 268 268 268 269 269 269 269 269 269 269 269 269 269 270 270 270 270 270 270 270 270 271 271 271 271 273 273 273 273 273 273 273 273 273 273 274 274 274 274 274 274 274 274 274 274 274 275 275 275 275 275 275 275 275 275 275 275 275 275 275 275 275 276 276 276 276 276 276 275 275 276 276 276 276 276 275 275 276 276 276 276 276 276 276 276 276 276 276 276 276 276 276 276 276 276 276 277 277 277 277 277 277 277 276 276 276 276 276 276 276 276 276 276 276 276 276 276 276 276 276 277 276 277 276 276 275 275 275 276 277 277 277 277 277 277 277 277 277 277 276 276 277 277 277 277 277 277 277 277 277 277 277 277 277 277 276 276 277 277 277 277 276 276 276 275 275 275 275 274 274 274 275 275 275 275 276 276 276 276 276 276 276 276 276 276 276 276 275 275 275 275 275 275 274 274 274 275 274 274 274 274 274 274 274 274 274 274 274 274 274 274 274 273 273 273 273 273 273 273 273 273 273 273 273 273 273 273 273 273 273 273 273 235 236 236 236 236 237 237 237 237 237 238 238 238 238 238 239 239 239 239 240 240 240 240 241 241 241 241 242 242 242 242 243 243 243 243 243 244 244 244 244 245 245 245 245 246 246 246 246 246 247 247 247 247 248 248 248 248 248 249 249 249 249 250 250 250 250 250 251 251 251 251 251 252 252 252 253 253 253 253 253 253 254 254 254 254 255 255 255 255 255 256 256 256 256 257 257 257 257 257 257 258 258 258 258 258 259 259 259 259 259 259 260 260 260 260 260 260 261 261 261 261 261 262 262 262 262 262 262 263 263 263 263 263 263 264 264 264 264 264 264 264 265 265 265 265 265 265 265 266 266 266 266 266 266 267 267 267 267 267 267 267 268 268 267 267 268 268 268 268 268 268 268 268 268 269 269 269 269 269 269 269 269 269 269 269 270 270 270 270 270 270 270 270 271 271 271 271 273 273 273 273 273 273 273 273 273 273 273 274 274 274 274 274 274 274 274 274 274 274 275 275 275 275 275 275 275 275 275 275 275 275 275 275 275 275 275 276 276 276 275 275 275 276 276 276 276 276 275 275 275 276 276 276 276 276 276 276 276 276 276 276 276 276 276 276 276 276 276 276 276 277 277 277 277 277 277 276 276 276 276 276 276 276 276 276 276 276 276 276 276 276 276 276 276 276 276 276 275 275 276 276 277 277 277 277 277 277 277 277 276 276 276 276 277 277 277 277 276 277 277 277 277 277 277 277 277 277 277 276 276 276 277 277 277 276 276 275 275 275 275 275 274 274 275 275 275 275 275 276 276 276 276 276 276 276 275 276 276 276 275 275 275 275 275 275 275 275 275 274 274 274 274 274 274 274 274 274 274 274 274 274 273 273 273 273 273 273 273 273 273 273 273 273 273 273 273 273 273 273 273 273 273 273 273 273 235 235 236 236 236 236 236 237 237 237 238 238 238 238 238 238 239 239 239 239 239 240 240 240 241 241 241 241 242 242 242 242 242 243 243 243 243 244 244 244 244 245 245 245 245 246 246 246 246 246 247 247 247 247 248 248 248 248 249 249 249 249 250 250 250 250 250 251 251 251 251 251 251 252 252 252 252 253 253 253 253 253 254 254 254 255 255 255 255 255 255 256 256 256 256 257 257 257 257 257 257 258 258 258 258 258 259 259 259 259 259 259 260 260 260 260 260 260 261 261 261 261 261 262 262 262 262 262 262 263 263 263 263 263 263 263 264 264 264 264 264 264 264 265 265 265 265 265 265 266 266 266 266 266 266 266 267 267 267 267 267 267 267 267 267 267 267 268 268 268 268 268 268 268 269 269 269 268 269 269 269 269 269 269 269 269 270 270 270 270 270 270 270 270 271 271 271 273 273 273 273 273 273 273 273 273 273 273 274 274 274 274 274 274 274 274 274 274 274 274 274 275 275 275 275 275 275 275 275 275 275 275 275 275 275 275 275 275 275 275 275 275 276 276 276 276 276 275 275 275 275 276 276 276 276 276 276 276 276 276 276 276 276 276 276 276 276 276 276 276 276 277 276 277 277 277 276 276 276 276 276 276 276 276 276 276 276 276 276 276 276 276 276 276 276 276 276 275 275 276 276 277 277 277 277 277 276 276 276 276 276 276 276 276 277 277 277 277 276 276 276 277 276 276 277 277 277 277 277 277 277 277 277 277 277 276 275 275 275 275 275 275 274 275 275 275 275 275 276 276 276 276 276 276 276 275 275 275 276 275 275 275 275 275 275 275 275 275 275 274 274 274 274 274 274 274 274 274 274 274 274 274 274 273 273 273 273 273 273 273 273 273 273 273 273 273 273 273 273 234 234 235 235 235 235 236 236 236 236 237 237 237 238 238 238 238 238 238 239 239 239 239 240 240 240 240 241 241 241 241 242 242 242 242 243 243 243 243 243 244 244 244 244 245 245 245 245 245 246 246 246 247 247 247 247 248 248 248 248 248 249 249 249 249 249 250 250 250 250 251 251 251 251 251 252 252 252 252 252 253 253 253 253 254 254 254 254 255 255 255 255 255 255 256 256 256 256 257 257 257 257 257 257 258 258 258 258 258 259 259 259 259 259 259 259 260 260 260 260 260 261 261 261 261 261 262 262 262 262 262 262 262 263 263 263 263 263 263 264 264 264 264 264 264 265 265 265 265 265 265 266 266 266 266 266 266 266 266 267 267 267 267 267 267 267 267 267 267 267 267 268 268 268 268 268 268 268 269 269 269 269 269 269 269 269 269 269 269 270 270 270 270 270 270 270 270 271 271 273 273 273 273 273 273 273 273 273 273 273 273 274 274 274 274 274 274 274 274 274 274 274 274 274 274 275 275 275 275 275 275 275 275 275 275 275 275 275 275 275 275 275 275 275 275 276 276 276 276 275 275 275 275 275 276 276 276 276 276 276 276 276 276 276 276 276 276 276 276 276 276 276 276 276 276 276 277 277 277 277 277 276 276 276 276 276 276 276 276 276 276 276 276 276 276 276 276 276 276 276 276 276 276 276 276 276 276 276 276 276 276 276 276 276 277 276 277 277 277 277 276 276 276 276 276 276 276 277 277 277 277 277 277 277 276 277 277 276 276 276 275 275 275 275 275 274 275 275 275 275 276 275 276 276 276 276 276 276 276 275 275 275 275 275 275 275 275 275 275 275 275 275 275 274 274 274 274 274 274 274 274 274 274 274 274 274 274 273 273 273 273 273 273 273 273 273 273 273 273 273 234 234 234 235 235 235 235 236 236 236 237 237 237 237 238 238 238 238 238 239 239 239 239 239 240 240 240 241 241 241 241 242 242 242 242 242 243 243 243 243 243 244 244 244 244 245 245 245 245 245 246 246 246 247 247 247 247 247 248 248 248 248 249 249 249 249 250 250 250 250 250 251 251 251 251 252 252 252 252 252 253 253 253 253 253 254 254 254 254 254 255 255 255 255 255 256 256 256 256 256 257 257 257 257 257 258 258 258 258 258 258 259 259 259 259 259 260 260 260 260 260 260 261 261 261 261 261 262 262 262 262 262 262 262 263 263 263 263 263 263 263 264 264 264 264 264 264 264 265 265 265 265 265 265 266 266 266 266 266 266 267 267 267 267 267 267 267 267 267 267 267 267 267 268 268 268 268 268 268 268 269 269 269 269 269 269 269 269 269 270 270 270 270 270 270 270 270 270 270 272 272 272 272 273 273 273 273 273 273 273 273 273 273 273 273 273 274 274 274 274 274 274 274 274 274 274 275 275 275 275 275 275 275 275 275 275 275 275 275 275 275 275 275 275 275 275 276 276 276 275 275 275 275 275 275 276 276 276 276 276 276 276 276 276 276 276 276 276 276 276 276 276 276 276 276 276 276 276 276 277 276 276 276 276 276 276 276 276 276 275 275 276 276 275 275 275 276 275 275 275 275 276 276 276 276 276 276 276 276 276 276 276 276 276 276 276 277 277 276 276 277 276 276 276 277 277 276 277 277 277 277 277 277 276 276 276 276 276 276 276 276 276 275 275 276 275 275 274 275 275 275 276 276 276 276 276 276 276 276 276 276 275 275 275 275 275 275 275 275 275 275 275 275 275 275 274 274 274 274 274 274 274 274 274 274 274 274 274 274 273 273 273 273 273 273 273 273 273 232 232 233 233 233 233 233 234 234 234 235 235 235 235 236 236 236 237 237 237 237 238 238 238 238 238 239 239 239 239 240 240 240 240 240 241 241 241 242 242 242 242 243 243 243 243 243 244 244 244 244 245 245 245 245 245 246 246 246 247 247 247 247 247 248 248 248 248 249 249 249 249 249 249 250 250 250 251 251 251 251 251 252 252 252 252 252 253 253 253 253 253 254 254 254 254 254 255 255 255 255 255 256 256 256 256 256 257 257 257 257 257 258 258 258 258 258 258 259 259 259 259 259 259 260 260 260 260 260 261 261 261 261 261 262 262 262 262 262 262 262 263 263 263 263 263 263 263 264 264 264 264 264 264 264 265 265 265 265 266 266 266 266 266 266 266 267 267 267 267 267 267 267 267 267 267 267 267 267 267 268 268 268 268 268 268 268 268 269 269 269 268 269 269 269 269 269 270 270 270 270 270 270 270 270 272 272 272 272 272 273 273 273 273 273 273 273 273 273 273 273 273 273 273 274 274 274 274 274 274 274 274 274 274 275 275 275 275 275 275 275 275 275 275 275 275 275 275 275 275 275 275 275 275 276 275 275 275 275 275 275 275 276 276 276 276 276 276 276 276 276 276 276 276 276 276 276 276 276 276 276 276 276 276 276 276 276 276 276 276 276 276 276 276 276 276 275 275 275 276 276 275 275 275 275 275 275 276 276 276 276 276 276 276 276 277 276 276 276 276 276 277 277 276 276 276 276 276 276 276 277 276 276 277 276 276 277 277 277 276 276 276 276 276 276 276 276 275 275 275 275 275 275 275 274 275 275 275 275 276 276 276 276 276 276 276 276 275 276 275 275 275 275 275 275 275 274 275 275 275 275 274 274 274 274 274 274 274 274 274 274 274 274 274 274 274 273 273 273 273 232 232 232 232 232 233 233 234 234 234 234 235 235 235 235 236 236 236 237 237 237 238 238 238 238 238 238 239 239 239 239 239 240 240 240 240 241 241 241 242 242 242 242 242 243 243 243 243 244 244 244 244 245 245 245 245 245 246 246 246 247 247 247 247 247 248 248 248 248 249 249 249 249 249 250 250 250 250 251 251 251 251 251 251 252 252 252 252 252 253 253 253 253 254 254 254 254 254 255 255 255 255 255 256 256 256 256 256 257 257 257 257 257 258 258 258 258 258 258 259 259 259 259 259 259 260 260 260 260 260 261 261 261 261 261 261 262 262 262 262 262 262 263 263 263 263 263 263 263 263 264 264 264 264 264 264 265 265 265 265 265 266 265 266 266 266 266 266 266 267 266 267 267 267 267 267 267 267 267 267 267 267 267 268 268 268 268 268 268 269 269 269 269 269 269 269 270 270 269 270 270 270 270 270 270 272 272 272 272 272 272 272 273 273 273 273 273 273 273 273 273 273 273 273 274 274 274 274 274 274 274 274 274 274 274 274 275 275 275 275 275 275 275 275 275 275 275 275 275 275 275 275 275 275 275 275 275 275 275 275 275 275 275 275 276 276 276 275 275 275 275 275 275 276 275 276 276 276 276 276 276 276 276 276 276 276 276 277 276 276 276 276 276 276 276 276 276 276 276 276 275 275 275 276 276 276 276 276 276 276 276 276 276 276 276 276 276 276 276 276 276 276 277 276 276 276 276 277 277 277 276 276 276 277 277 277 277 277 277 276 276 276 276 276 275 276 275 276 276 275 275 275 275 275 274 274 275 275 275 275 276 276 276 276 276 276 276 276 276 275 275 275 275 274 274 274 274 274 274 274 275 275 275 274 274 274 274 274 274 274 274 274 274 274 274 274 274 232 232 232 232 232 233 233 233 233 234 234 235 235 235 235 236 236 236 237 237 237 237 238 238 238 238 238 238 239 239 239 239 239 240 240 240 240 241 241 241 241 242 242 242 242 243 243 243 243 243 244 244 245 245 245 245 245 245 246 246 246 247 247 247 247 247 248 248 248 248 248 249 249 249 249 249 250 250 250 250 251 251 251 251 251 252 252 252 252 252 253 253 253 253 254 254 254 254 254 255 255 255 255 256 256 256 256 256 256 257 257 257 257 257 257 258 258 258 258 258 259 259 259 259 259 260 260 260 260 260 260 261 261 261 261 261 261 262 262 262 262 262 262 263 263 263 263 263 263 263 264 264 264 264 264 264 264 265 265 265 265 265 265 265 266 266 266 266 266 266 266 267 267 267 267 267 267 267 267 267 267 267 267 267 267 268 268 268 268 269 269 269 269 269 269 269 269 269 270 270 270 270 270 270 270 272 272 272 272 272 272 272 273 273 273 273 273 273 273 273 273 273 273 273 273 274 273 273 274 274 274 274 274 274 274 274 274 274 275 275 275 275 275 275 275 275 275 275 275 275 275 275 275 275 276 275 275 275 275 275 275 275 275 275 275 275 275 275 275 276 276 276 276 276 275 275 275 275 276 276 276 276 276 276 276 276 276 276 276 276 276 276 277 276 276 276 276 276 276 275 275 275 276 276 276 276 276 275 276 276 276 276 276 276 276 276 276 276 276 276 276 277 276 276 276 276 277 277 277 277 277 277 277 277 277 277 277 277 276 276 276 276 276 276 276 276 276 277 276 275 276 275 274 275 274 275 275 275 275 276 276 276 276 276 276 276 276 276 276 276 275 275 275 274 274 274 275 274 274 274 275 274 274 274 274 274 274 274 274 274 274 274 274 274 274 274 274 231 231 232 232 233 233 233 233 233 233 234 234 235 235 235 235 236 236 236 237 237 237 237 238 238 238 238 238 239 239 239 239 239 239 240 240 240 241 241 241 241 241 242 242 242 242 243 243 243 243 244 244 244 244 245 245 245 245 245 246 246 246 247 247 247 247 247 248 248 248 248 249 249 249 249 249 250 250 250 250 250 251 251 251 251 251 251 252 252 252 252 252 253 253 253 254 254 254 254 254 255 255 255 255 256 256 256 256 256 256 257 257 257 257 257 258 258 258 258 258 258 258 259 259 259 259 260 260 260 260 260 260 260 261 261 261 261 261 262 262 262 262 262 262 262 263 263 263 263 263 263 264 264 264 264 264 264 265 265 265 265 265 265 265 265 265 266 266 266 266 266 266 266 266 266 266 266 266 267 267 267 267 267 267 267 268 267 268 268 268 269 268 269 269 269 269 269 269 269 269 270 270 270 270 270 272 272 272 272 272 272 272 272 273 273 273 273 273 273 273 273 273 273 273 273 273 273 273 273 274 274 274 274 274 274 274 274 274 274 275 275 275 275 275 275 275 275 275 275 275 275 275 275 275 275 275 275 275 275 275 275 275 275 275 275 275 275 275 275 275 276 276 276 276 276 276 276 275 275 275 275 276 276 276 276 276 276 276 276 276 276 276 276 276 276 276 276 276 276 275 275 276 276 276 276 276 275 275 276 276 276 276 276 276 276 276 276 276 276 276 276 276 276 276 276 276 277 276 277 277 277 277 276 277 277 277 277 277 276 276 276 276 276 276 276 276 276 276 276 276 276 275 275 274 275 274 274 274 274 274 275 275 276 276 276 276 276 276 276 276 276 276 276 275 275 275 275 275 275 275 274 274 274 274 274 274 274 274 274 274 274 274 274 274 274 274 274 274 274 274 231 231 232 233 233 234 234 233 233 234 234 234 235 235 235 235 236 236 236 237 237 237 237 237 238 238 238 238 238 239 239 239 239 240 240 240 240 240 241 241 241 241 242 242 242 242 243 243 244 244 244 244 244 244 244 245 245 245 245 246 246 246 246 247 247 247 247 247 248 248 248 248 249 249 249 249 249 250 250 250 250 250 251 251 251 251 251 252 252 252 252 252 253 253 253 254 254 254 254 254 255 255 255 255 255 256 256 256 256 256 257 257 257 257 257 258 258 258 258 258 258 259 259 259 259 259 259 260 260 260 260 260 260 261 261 261 261 261 262 262 262 262 262 262 262 263 263 263 263 263 263 263 264 264 264 264 265 265 265 265 265 265 265 265 265 265 265 266 266 266 266 266 266 266 266 266 266 266 266 267 267 267 267 267 267 267 267 268 268 268 268 268 268 268 269 269 269 269 269 269 269 270 270 270 272 272 272 272 272 272 272 272 272 272 273 273 273 273 273 273 273 273 273 273 273 273 273 273 273 274 274 274 274 274 274 274 274 274 274 274 275 275 275 275 275 275 275 275 275 275 275 275 275 275 275 275 275 275 275 275 275 275 275 275 275 275 275 275 275 275 275 275 276 276 276 276 275 275 275 276 276 276 276 276 276 276 276 276 276 276 276 276 276 276 276 276 276 275 275 275 275 276 276 276 275 275 276 276 276 276 276 276 276 276 276 276 276 276 276 276 276 276 276 276 276 276 276 277 276 277 277 276 276 276 277 277 276 276 276 276 276 276 276 276 276 276 275 276 276 276 276 276 275 275 274 274 274 274 274 274 275 275 275 275 276 276 276 276 276 276 276 276 276 276 276 276 275 275 275 275 275 275 275 275 274 274 274 274 274 274 274 274 274 274 274 274 274 274 274 274 274 231 231 232 232 232 233 234 234 234 234 234 234 234 235 235 235 235 236 236 236 237 237 237 237 237 238 238 238 238 239 239 239 239 239 239 240 240 240 240 241 241 241 241 242 242 242 243 243 243 244 244 244 244 244 244 244 245 245 245 246 246 246 246 246 246 247 247 247 247 247 248 248 248 248 249 249 249 249 250 250 250 250 250 251 251 251 251 252 252 252 252 252 253 253 253 253 254 254 254 254 254 255 255 255 255 255 256 256 256 256 256 257 257 257 257 257 257 257 258 258 258 258 259 259 259 259 259 259 260 260 260 260 260 260 261 261 261 261 261 261 262 262 262 262 262 262 262 263 263 263 263 263 264 264 264 264 264 264 265 265 265 265 265 265 265 266 266 266 266 266 266 266 266 266 266 266 266 266 266 266 267 267 267 267 267 267 268 268 268 268 268 268 268 268 268 269 269 269 269 269 269 269 269 270 272 272 272 272 272 272 272 272 272 272 272 273 273 273 273 273 273 273 273 273 273 273 273 273 273 273 274 274 274 274 274 274 274 274 274 274 274 275 275 275 275 275 275 275 275 274 275 275 275 275 275 275 275 275 275 275 275 275 275 275 275 275 275 275 275 275 276 275 275 276 276 276 276 275 275 275 276 276 276 276 276 276 276 276 276 276 276 276 276 276 276 276 275 275 276 275 276 276 276 275 275 275 276 276 276 276 276 276 276 276 276 276 276 276 276 276 276 276 276 275 276 276 276 276 276 276 276 276 276 277 277 277 277 276 276 276 277 277 276 276 276 276 276 276 276 276 276 275 275 275 275 274 274 274 274 274 274 275 275 275 276 276 276 276 276 276 276 276 276 276 276 276 276 276 276 275 275 275 275 275 275 275 274 274 274 274 274 274 274 274 274 274 274 274 274 274 231 231 231 232 232 233 234 234 234 234 234 234 235 235 235 235 235 236 236 236 236 237 237 238 238 238 238 238 238 239 239 239 239 239 240 240 240 240 240 241 241 242 242 242 242 242 243 243 243 243 244 244 244 244 244 244 245 245 245 246 246 246 246 246 247 247 247 247 247 247 247 248 248 248 248 249 249 249 249 250 250 250 250 250 251 251 252 252 252 252 252 253 253 253 253 253 254 254 254 254 254 255 255 255 255 255 256 256 256 256 256 257 257 257 257 257 257 258 258 258 258 258 259 259 259 259 259 260 260 260 260 260 260 260 261 261 261 261 261 261 261 262 262 262 262 262 263 263 263 263 263 263 263 264 264 264 264 264 264 265 265 265 265 265 265 265 265 265 265 266 266 266 266 266 266 266 266 266 266 267 267 267 267 267 267 267 267 267 268 268 268 268 268 268 268 269 269 269 269 269 269 269 269 272 272 272 272 272 272 272 272 272 272 272 272 272 272 273 273 273 273 273 273 273 273 273 273 273 273 273 274 274 274 274 274 274 274 274 274 274 274 274 275 275 275 275 275 274 274 275 275 275 275 275 275 275 275 275 275 275 275 275 275 275 275 275 275 275 275 276 275 275 275 276 276 276 275 275 275 276 276 276 276 276 276 276 276 276 276 276 276 276 276 276 276 275 275 275 276 276 276 276 276 275 275 276 276 276 276 276 276 276 276 276 276 276 276 276 276 276 276 276 275 276 276 276 276 276 276 276 276 276 276 277 277 277 277 277 277 277 277 277 276 276 276 276 276 275 275 275 275 275 275 275 275 274 274 274 274 274 274 274 274 274 274 274 275 275 275 275 276 276 276 276 276 276 276 276 276 276 276 276 276 276 276 275 275 275 275 275 274 274 274 274 274 274 274 274 231 231 231 231 232 232 233 234 234 234 234 234 235 235 235 235 235 235 236 236 236 237 237 238 238 238 238 238 238 238 239 239 239 239 239 239 240 240 240 240 241 241 241 242 242 242 242 243 243 243 243 244 244 244 244 244 244 245 245 245 246 246 246 246 246 247 247 247 247 247 247 247 248 248 248 248 249 249 249 249 250 250 250 250 251 251 251 252 252 252 252 253 253 253 253 253 254 254 254 254 254 255 255 255 255 255 255 256 256 256 256 256 256 256 257 257 257 258 258 258 258 258 258 258 259 259 259 259 259 260 260 259 260 260 260 261 261 261 261 261 261 261 262 262 262 262 262 262 263 263 263 263 263 264 264 264 264 264 264 264 265 265 265 265 265 265 265 265 265 266 266 266 266 266 266 266 266 266 266 266 267 267 267 267 267 267 267 267 268 268 268 268 268 268 268 269 268 269 269 269 269 269 269 271 272 272 272 272 272 272 272 272 272 272 272 272 272 272 273 273 273 273 273 273 273 273 273 273 273 273 273 274 274 274 274 274 274 274 274 274 274 274 274 274 275 275 275 274 274 274 275 275 275 274 274 274 274 275 275 275 275 275 275 275 275 275 275 275 275 275 276 275 275 275 276 276 275 275 275 275 275 275 276 276 276 276 276 276 276 276 276 276 276 276 276 276 276 276 276 276 276 276 276 275 275 275 275 275 276 276 276 276 275 275 275 276 276 276 276 276 276 276 276 275 276 276 276 276 277 276 276 276 276 277 277 277 277 277 277 277 277 277 277 277 277 276 276 275 275 275 275 275 275 275 274 274 274 274 274 274 274 274 275 274 274 275 274 275 275 275 275 276 276 276 275 276 276 276 276 276 276 276 276 275 275 275 275 275 275 275 275 274 274 274 274 274 274 274 230 231 231 231 231 232 232 233 233 233 234 234 234 235 235 235 235 235 235 236 236 236 237 237 237 238 238 238 238 238 239 239 239 240 239 240 240 240 240 240 241 241 241 241 242 242 242 243 243 243 243 243 244 244 244 244 244 244 245 245 245 246 246 246 246 247 247 247 247 247 247 248 248 248 248 248 249 249 249 249 249 250 250 251 251 251 251 251 252 252 252 252 253 253 253 253 253 254 254 254 254 254 255 255 255 255 255 255 255 256 256 256 256 256 257 257 257 257 258 258 258 258 258 258 258 259 259 259 259 259 259 259 260 260 260 260 260 261 261 261 261 261 262 262 262 262 262 262 262 263 263 263 263 263 263 263 264 264 264 264 264 264 265 265 265 265 265 265 265 265 266 265 265 266 266 266 266 266 266 266 267 267 267 267 267 267 267 267 267 268 268 268 268 268 268 268 268 268 268 269 269 269 269 271 271 271 272 272 272 272 272 272 272 272 272 272 272 272 273 273 273 273 273 273 273 273 273 273 273 273 273 274 274 274 274 274 274 274 274 274 274 274 274 274 274 274 274 274 274 274 275 275 275 275 275 275 275 275 274 274 275 275 275 275 275 275 275 275 275 275 275 275 275 275 276 276 276 275 276 275 275 275 275 276 276 276 276 276 276 276 276 276 276 276 276 276 276 276 276 275 276 275 276 275 275 275 275 275 275 276 275 275 276 275 275 276 276 276 276 276 276 276 276 275 275 275 276 276 277 277 277 276 277 277 277 277 276 276 277 277 277 277 277 277 277 277 276 276 276 275 275 275 275 275 275 275 275 274 274 274 275 275 275 274 274 275 275 275 275 275 276 276 276 275 275 275 276 275 276 276 276 276 276 276 275 275 275 275 275 275 275 274 274 274 274 274 274 274 274 230 231 231 231 231 231 232 232 233 233 233 234 234 234 235 235 236 236 236 236 236 236 237 237 237 238 238 238 238 238 239 239 239 239 239 239 239 240 240 240 240 241 241 241 242 242 242 242 242 243 243 243 243 244 244 244 244 244 244 245 245 245 246 246 246 246 247 247 247 247 248 248 248 248 248 248 249 249 249 249 249 250 250 251 251 251 251 251 252 252 252 252 252 253 253 253 253 253 254 254 254 254 254 254 255 255 255 255 255 255 256 256 256 256 257 257 257 257 257 257 258 258 258 258 258 259 259 259 259 259 259 259 260 260 260 260 260 260 261 261 261 261 261 261 261 262 262 262 262 262 263 263 263 263 263 263 264 264 264 264 264 264 264 265 265 265 265 265 265 265 265 265 265 266 266 266 266 266 266 266 266 267 267 267 267 267 267 267 267 267 267 268 268 268 268 268 268 268 268 268 269 269 269 271 271 271 271 271 271 272 272 272 272 272 272 272 272 272 272 273 273 273 273 273 273 273 273 273 273 273 273 273 274 274 274 274 274 274 274 274 274 274 274 274 274 274 274 274 274 274 274 274 275 275 275 275 275 274 274 274 274 275 275 275 275 275 275 275 275 275 275 275 275 275 275 276 276 276 275 275 275 275 275 276 276 276 276 276 276 276 276 276 276 276 276 276 276 276 276 276 276 275 276 275 275 275 275 275 275 275 275 275 275 276 275 275 276 276 276 276 276 276 276 276 275 275 275 276 276 276 276 277 277 277 277 277 276 276 276 277 277 277 276 277 276 277 276 275 275 275 275 275 275 275 275 275 275 275 274 275 275 275 275 274 274 274 274 275 275 275 276 276 276 275 275 275 275 275 275 275 275 276 276 276 275 275 275 275 275 275 275 274 274 274 274 274 274 274 274 230 231 231 231 231 232 232 232 233 233 234 234 234 234 235 236 235 236 236 236 236 236 237 237 237 237 238 238 238 238 239 239 239 239 239 239 239 240 240 240 240 241 241 241 242 242 242 242 242 243 243 243 243 244 244 244 244 244 245 245 245 245 246 246 246 247 247 247 247 248 248 248 248 248 249 249 249 249 249 250 250 250 250 251 251 251 251 251 252 252 252 252 252 252 253 253 253 253 254 254 254 254 254 254 255 255 255 255 255 256 256 256 256 256 257 257 257 257 257 257 258 258 258 258 258 259 259 259 259 259 259 259 260 260 260 260 260 260 261 260 260 260 261 261 261 262 262 262 262 262 263 263 263 263 263 263 264 264 264 264 264 264 264 264 264 265 265 265 265 265 265 265 265 265 265 266 266 266 266 266 266 267 267 267 267 267 267 267 267 267 268 268 268 268 268 268 268 268 268 269 269 269 271 271 271 271 271 271 272 272 272 272 272 272 272 272 272 272 272 272 272 273 273 273 273 273 273 273 273 273 273 273 274 274 274 274 274 274 274 274 274 274 274 274 274 274 274 274 274 274 274 275 274 274 274 274 274 274 274 274 274 275 275 275 275 275 275 275 275 275 275 275 276 275 276 276 275 275 275 275 275 275 275 275 275 275 275 275 275 276 276 276 276 276 276 276 276 276 276 276 276 276 275 276 275 275 275 276 275 275 275 275 276 276 275 275 276 276 276 276 276 277 276 275 275 275 276 276 276 276 276 277 277 277 276 276 276 277 276 276 276 276 276 276 277 276 276 276 276 275 275 275 275 275 275 275 275 275 275 275 275 274 274 274 275 275 275 275 276 276 276 276 275 275 275 275 275 275 275 275 275 275 275 275 275 275 275 275 275 275 275 274 275 275 274 274 274 274 274 230 231 231 231 231 232 232 232 232 233 233 233 234 235 235 236 236 236 236 236 236 236 237 237 237 237 237 238 238 238 239 238 239 239 239 239 239 240 240 240 241 241 241 241 242 242 242 242 242 243 243 243 243 244 244 244 244 244 244 245 245 245 246 246 246 246 247 247 247 247 248 248 248 248 249 249 249 249 249 250 250 250 250 250 251 251 251 251 251 251 252 252 252 252 252 253 253 253 253 254 254 254 254 254 254 254 255 255 255 255 256 256 256 256 256 256 257 257 257 257 257 258 258 258 258 258 259 259 259 259 259 259 260 260 260 260 260 260 260 260 260 260 261 261 261 262 262 262 262 262 262 262 263 263 263 263 263 263 263 264 264 264 264 264 264 264 264 265 265 265 265 265 265 265 265 266 266 266 266 266 266 266 266 266 267 267 267 267 267 267 267 267 268 268 268 268 268 268 268 268 268 268 270 271 271 271 271 271 271 271 272 272 272 272 272 272 272 272 272 272 272 273 273 273 273 273 273 273 273 273 273 273 273 273 274 274 274 274 274 274 274 274 274 274 274 274 274 274 274 274 274 275 274 274 274 274 274 274 274 274 274 274 274 275 275 275 275 275 275 275 275 275 275 275 275 275 275 275 275 275 275 275 275 275 275 275 275 275 275 276 276 276 276 276 276 276 276 276 276 276 276 276 276 276 276 276 275 276 275 275 275 276 276 276 275 275 276 276 275 275 276 276 276 276 275 275 276 276 276 276 276 276 276 276 276 276 276 277 277 276 276 276 276 276 277 277 276 276 276 275 276 276 275 275 275 275 275 275 275 274 274 275 274 274 275 275 275 275 276 276 276 276 276 275 275 275 275 275 275 275 275 275 275 275 275 275 274 275 274 275 274 275 275 275 274 274 274 274 274 274 230 231 231 231 231 232 232 232 233 233 233 233 233 234 235 235 235 235 236 235 235 236 237 237 237 237 237 237 238 238 238 238 238 239 239 239 239 240 240 240 240 241 241 241 241 242 241 242 242 242 243 243 243 243 244 244 244 244 244 244 244 245 245 246 246 246 247 247 247 247 247 248 248 248 248 248 249 249 249 249 249 250 250 250 250 251 251 251 251 251 251 252 252 252 252 252 253 253 253 253 254 254 254 254 254 254 255 255 255 255 255 256 256 256 256 256 257 257 257 257 257 258 258 258 258 258 258 259 259 259 259 259 259 260 260 260 260 260 260 260 260 260 260 261 261 261 262 262 262 262 262 262 262 263 263 263 263 263 263 263 264 264 264 264 264 264 264 264 265 265 265 265 265 265 265 265 266 266 266 266 266 266 266 266 267 266 267 267 267 267 267 267 267 268 268 268 268 268 268 268 268 268 270 270 271 271 271 271 271 271 271 272 272 272 272 272 272 272 272 272 272 273 273 273 273 273 273 273 273 273 273 273 273 273 273 274 274 274 274 274 274 274 274 274 274 274 274 274 274 274 274 274 274 274 274 274 274 274 274 274 274 274 274 274 274 274 274 275 275 275 275 275 275 275 275 275 275 275 275 275 275 275 275 275 275 275 275 275 276 276 276 276 276 276 276 276 276 276 276 276 276 276 276 276 276 275 275 276 275 275 275 276 276 276 276 275 275 276 276 276 276 276 276 276 275 275 275 275 276 276 276 276 276 276 275 276 276 277 277 276 276 276 276 276 277 277 277 276 276 276 276 276 275 276 275 275 275 275 275 275 275 274 274 274 275 275 275 275 275 276 276 276 275 275 275 275 275 275 275 275 275 275 275 275 275 275 275 274 274 274 275 275 275 275 274 274 274 274 274 274 274 229 230 230 231 231 231 231 232 232 232 233 233 233 233 234 234 235 235 235 235 235 235 236 237 237 237 237 237 237 238 238 238 238 238 238 238 239 239 239 239 240 240 240 241 241 241 241 241 242 242 242 242 243 243 243 243 244 244 244 244 244 244 245 245 245 246 246 246 247 247 247 247 248 248 248 248 248 249 249 249 249 249 249 249 250 250 250 250 251 251 251 251 252 252 252 252 252 253 253 253 253 253 253 253 254 254 254 254 255 255 255 255 255 256 256 256 256 256 256 257 257 257 257 258 258 258 258 258 258 258 259 259 259 259 259 259 260 260 260 260 260 260 260 260 261 261 261 261 261 261 262 262 262 262 262 262 262 263 263 263 263 263 263 264 264 264 264 264 264 265 265 265 265 265 265 265 265 265 266 266 266 266 266 266 266 266 266 267 267 267 267 267 267 267 267 267 268 268 268 268 268 268 268 270 270 270 271 271 271 271 271 271 271 271 271 272 271 272 272 272 272 272 272 272 273 273 272 272 272 272 273 273 273 273 273 273 273 274 274 274 274 274 274 274 274 274 274 274 274 274 274 274 274 274 274 274 274 274 274 274 274 274 274 274 274 274 274 274 274 275 275 275 275 275 275 275 275 275 275 275 275 275 275 275 275 275 275 275 276 276 275 275 276 276 276 276 276 276 276 276 276 276 276 276 276 276 276 275 276 275 275 276 275 276 276 276 275 275 275 276 276 276 276 276 276 275 275 275 275 276 276 276 276 276 275 276 276 276 276 276 276 276 276 276 276 277 277 277 276 276 276 276 276 275 275 275 275 275 275 275 275 274 274 274 275 275 274 275 275 275 276 276 276 276 275 275 275 275 275 275 275 275 275 275 275 275 275 274 274 275 274 275 275 275 274 274 274 274 274 274 274 274 274 229 229 229 229 230 230 230 231 231 231 231 232 232 232 233 233 234 234 235 235 235 235 235 235 236 236 237 237 237 237 237 237 238 238 238 238 239 238 238 239 239 239 239 240 240 240 241 241 241 241 241 241 242 242 242 243 243 243 243 244 244 244 244 245 245 245 246 246 246 246 246 247 247 247 247 248 248 248 248 248 249 249 249 249 249 249 249 250 250 250 250 250 251 251 251 252 252 252 252 252 252 253 253 253 253 253 254 254 254 254 254 255 255 255 255 255 256 256 256 256 256 257 257 257 257 257 258 258 258 258 258 258 259 259 259 259 259 259 259 260 260 260 260 260 260 260 260 260 261 261 261 261 261 262 262 262 262 262 262 262 262 263 263 263 263 263 263 264 264 264 264 264 264 264 265 265 265 265 265 265 265 265 266 266 266 266 266 266 266 267 267 267 267 267 267 267 267 267 267 268 268 268 268 268 268 270 270 270 270 271 271 271 271 271 271 271 271 271 271 271 272 272 272 272 272 273 272 272 272 272 272 272 272 273 273 273 273 273 273 273 273 274 274 274 274 274 274 274 274 274 274 274 274 274 274 274 274 274 274 274 274 274 274 274 274 274 274 274 274 274 274 274 274 275 275 275 275 275 275 275 275 275 275 275 275 275 275 275 275 275 275 275 275 275 275 276 276 276 276 276 276 276 275 275 276 275 275 275 275 275 276 275 275 275 275 275 276 276 276 275 276 275 276 276 276 276 276 276 275 275 275 275 276 276 276 275 275 276 276 276 276 276 276 276 276 276 276 276 276 276 276 276 276 276 276 275 275 275 275 275 275 275 275 275 275 274 274 275 275 275 275 275 276 276 276 276 276 276 275 275 275 275 275 275 275 275 275 275 275 274 274 274 274 274 274 274 274 274 274 274 274 274 274 274 274 228 228 228 229 229 229 229 230 230 230 231 231 231 232 232 232 233 233 234 234 235 235 235 235 235 235 235 236 236 237 237 237 237 237 237 237 237 238 238 238 238 239 239 239 239 240 240 240 241 241 241 241 241 241 241 242 242 242 243 243 243 244 244 244 244 245 245 245 246 246 246 246 246 247 247 247 247 247 247 248 248 248 248 248 249 249 249 249 249 250 250 250 250 250 251 251 251 251 252 252 252 252 252 252 253 253 253 253 253 254 254 254 254 254 255 255 255 255 255 256 256 256 256 257 257 257 257 257 257 257 258 258 258 258 258 259 259 259 259 259 259 259 260 260 260 260 260 260 260 260 260 260 261 261 261 261 262 262 262 262 262 262 262 263 263 263 263 263 263 264 264 264 264 264 264 264 264 265 265 265 265 265 265 265 265 266 266 266 266 266 266 266 266 267 267 267 267 267 267 267 267 267 268 268 268 268 268 270 270 270 270 271 271 271 271 271 271 271 271 271 271 271 271 272 272 272 272 272 272 272 272 272 272 272 272 272 273 273 273 273 273 273 273 273 274 274 274 274 274 274 274 274 274 274 274 274 274 273 274 274 274 274 274 274 274 274 274 274 274 274 274 274 274 274 274 274 274 275 275 275 275 275 275 275 275 275 275 275 275 275 275 275 275 275 275 275 276 276 276 276 276 276 276 276 276 275 276 275 275 276 275 275 275 275 275 275 275 275 275 276 276 276 276 276 275 276 276 276 276 276 275 275 275 275 276 276 275 276 276 276 276 276 276 276 276 276 276 276 276 276 276 276 276 276 276 276 276 276 275 275 275 275 275 275 275 274 274 274 274 275 275 275 275 275 276 276 276 276 276 275 275 275 275 275 275 275 275 275 275 275 275 274 275 275 275 274 274 274 274 274 274 274 274 274 274 274 274 228 228 229 229 229 229 229 230 230 230 231 231 231 232 232 232 233 233 234 234 234 234 234 235 235 235 236 236 236 236 237 237 237 237 237 237 238 238 237 238 238 239 239 239 239 239 240 240 240 241 241 241 241 241 241 242 242 242 243 243 243 243 244 244 244 244 245 245 245 246 246 246 246 247 247 247 247 247 247 248 248 248 248 248 248 249 249 249 249 249 250 250 250 250 250 251 251 251 251 251 252 252 252 252 252 253 253 253 253 253 254 254 254 254 254 254 255 255 255 256 256 256 256 256 257 257 257 257 257 257 257 258 258 258 258 258 258 258 259 259 259 259 259 259 260 260 260 260 260 260 261 261 261 261 261 261 261 262 262 262 262 262 262 262 263 262 263 263 263 263 263 264 264 264 264 264 264 265 265 265 265 265 265 265 265 266 266 266 266 266 266 266 266 266 266 267 267 267 267 267 267 267 267 267 268 268 268 270 270 270 270 270 271 271 271 271 271 271 271 271 271 271 271 272 272 272 272 272 272 272 272 272 272 272 272 272 273 273 273 273 273 273 273 273 273 273 274 274 274 274 274 274 273 274 274 274 274 274 274 274 274 273 274 274 274 274 274 274 274 274 274 274 274 274 274 275 274 274 275 275 275 275 275 275 275 275 275 275 275 275 275 275 275 275 276 276 276 276 276 276 276 276 275 276 276 275 276 275 275 275 275 275 275 275 275 276 275 275 275 275 276 276 276 276 275 276 276 276 276 276 276 276 275 275 275 276 275 276 276 276 276 276 276 276 276 276 276 276 276 276 276 276 276 276 276 276 276 276 275 275 275 275 275 275 275 275 274 274 274 275 275 275 275 275 276 276 275 275 275 275 275 275 275 275 275 275 275 275 275 275 275 275 275 275 275 274 274 274 275 275 274 274 274 274 274 274 274 273 228 228 229 229 229 229 229 230 230 230 231 231 231 232 232 232 233 234 234 234 234 234 234 234 234 235 235 235 236 236 236 237 237 237 237 238 237 237 238 238 238 238 239 239 239 239 239 240 240 240 241 241 241 241 241 241 242 242 242 242 243 243 243 244 244 244 245 245 245 245 246 246 246 246 247 247 247 247 247 248 248 248 248 248 249 249 249 249 249 249 250 250 250 250 251 251 251 251 251 251 252 252 252 252 252 253 253 253 253 253 254 254 254 254 254 254 254 255 255 255 256 256 256 256 256 256 257 257 257 257 257 257 257 258 258 258 258 258 258 259 259 259 259 259 260 260 260 260 260 260 261 261 261 261 261 261 261 261 261 262 262 262 262 262 262 262 262 263 263 263 263 263 264 264 264 264 264 264 265 265 265 265 265 265 265 265 265 266 266 266 266 266 266 266 266 267 267 267 267 267 267 267 267 267 267 267 268 270 270 270 270 270 270 271 271 271 271 271 271 271 271 271 271 271 271 272 272 272 272 272 272 272 272 272 272 272 272 273 273 273 273 273 273 273 273 273 273 274 274 274 274 274 273 273 274 274 274 274 274 273 273 273 274 274 274 274 274 274 274 274 274 274 274 274 274 274 274 274 275 275 275 275 275 275 275 275 275 275 275 275 275 275 275 275 275 275 275 275 276 276 276 275 276 276 275 275 275 275 275 275 275 275 275 275 276 276 276 275 275 275 276 276 276 276 276 276 276 276 276 276 276 276 276 275 275 275 276 276 276 276 276 276 277 276 276 275 276 276 276 276 276 276 276 276 276 276 276 276 276 275 275 275 275 275 275 275 274 274 274 275 275 274 275 275 275 276 276 275 275 275 275 275 275 275 275 275 275 275 274 274 275 274 274 275 274 274 274 275 275 274 274 274 274 274 274 274 274 273 227 227 227 228 229 229 229 230 230 230 230 231 231 231 231 232 232 233 233 234 234 234 234 234 234 234 234 235 235 235 235 236 236 236 236 237 237 237 238 238 238 238 238 239 239 239 239 239 240 240 240 240 241 241 241 241 241 242 242 242 242 243 243 243 243 244 244 244 244 245 245 245 246 246 246 246 247 247 247 247 247 248 248 248 248 249 249 249 249 249 249 250 250 250 250 250 251 251 251 251 252 252 252 252 252 252 253 253 253 253 253 254 254 254 254 254 254 254 255 255 255 255 256 256 256 256 256 256 256 257 257 257 257 257 257 257 258 258 258 258 258 259 259 259 259 260 260 260 260 260 260 260 260 260 261 261 261 261 261 261 262 262 262 262 262 262 263 263 263 263 263 263 263 263 264 264 264 264 264 264 264 264 265 265 265 265 265 265 265 266 266 266 266 266 266 266 266 267 267 267 267 267 267 267 267 267 267 267 270 270 270 270 270 270 270 270 271 271 271 271 271 271 271 271 271 271 272 272 272 272 272 272 272 272 272 272 272 272 273 273 273 273 273 273 273 273 273 273 273 273 274 274 273 273 273 274 274 274 273 274 273 273 274 273 274 274 274 274 274 274 274 274 274 274 274 274 274 274 274 274 275 275 275 275 275 275 275 275 275 275 275 275 275 275 275 275 275 275 275 276 276 276 275 276 276 275 275 275 275 275 275 275 275 275 276 276 276 275 275 275 275 276 276 276 276 276 276 276 276 276 276 276 276 276 276 276 275 275 276 276 276 276 276 276 276 276 276 276 276 276 276 276 275 275 275 276 276 276 276 276 276 275 275 275 275 275 275 275 274 274 274 274 274 275 275 275 276 275 275 275 275 275 275 275 275 275 275 275 275 275 275 275 274 274 274 274 274 275 274 274 274 274 274 274 274 274 274 274 273 227 228 229 229 229 230 230 230 230 231 231 231 232 232 232 232 233 233 234 234 234 234 233 234 234 234 234 235 235 235 235 236 236 236 237 237 238 238 238 238 238 238 239 239 239 239 240 240 240 240 240 241 241 241 241 241 242 242 242 242 242 243 243 243 243 244 244 244 245 245 245 246 246 246 247 247 247 247 247 248 248 248 248 248 249 249 249 249 249 250 250 250 250 250 250 251 251 251 251 251 252 252 252 252 253 253 253 253 253 253 254 254 254 254 254 254 254 255 255 255 255 255 256 256 256 256 256 257 257 257 257 257 257 257 258 258 258 258 258 259 259 259 259 259 260 260 260 260 260 260 260 260 260 261 261 261 261 261 261 262 262 262 262 263 263 263 263 263 263 263 263 263 263 263 264 264 264 264 264 264 264 264 265 265 265 265 265 265 266 266 266 266 266 266 266 266 267 267 267 267 267 267 267 267 267 267 269 269 270 270 270 270 270 270 270 271 271 271 271 271 271 271 271 271 271 271 271 272 272 272 272 272 272 272 272 272 273 273 273 273 273 273 273 273 273 273 273 273 273 273 273 273 273 273 273 274 273 274 273 273 274 274 273 274 274 274 274 274 274 274 274 274 274 274 274 274 274 274 274 274 275 275 275 275 275 275 275 275 275 275 275 275 276 275 275 275 275 275 276 276 276 276 276 275 275 275 275 275 276 275 275 275 276 276 275 275 275 275 275 275 275 276 276 276 276 276 276 275 276 276 276 276 275 276 276 275 276 276 275 276 276 276 276 276 275 276 275 276 276 276 275 275 276 276 276 276 275 275 276 275 275 275 275 275 275 274 274 274 274 275 274 274 275 275 275 275 275 275 275 275 275 275 275 275 275 275 275 275 275 275 275 275 275 275 275 275 274 274 274 274 274 274 274 274 274 274 273 273 227 227 227 228 228 229 229 229 230 230 230 231 231 231 232 232 232 232 233 233 234 234 234 234 233 234 234 235 235 235 235 235 236 236 237 237 237 238 238 238 238 238 238 238 239 239 239 240 240 240 240 240 240 241 241 241 241 241 242 242 242 242 242 243 243 243 244 244 244 244 245 245 245 246 246 246 246 247 247 247 247 247 248 248 248 248 249 249 249 249 249 249 250 250 250 250 250 251 251 251 251 251 252 252 252 252 253 253 253 253 253 253 253 254 254 254 254 254 254 255 255 255 255 255 256 256 256 256 256 256 257 257 257 257 258 258 258 258 258 258 258 258 259 259 259 260 260 260 260 260 260 260 260 260 260 260 261 261 261 261 261 261 262 262 262 262 263 263 263 263 263 263 263 263 263 263 263 264 264 264 264 264 264 265 265 265 265 265 265 265 266 266 266 266 266 266 266 266 266 267 267 267 267 267 267 267 267 269 269 269 270 270 270 270 270 270 270 271 271 271 271 271 271 271 271 271 271 271 271 271 272 272 272 272 272 272 272 272 273 273 273 273 273 273 273 273 273 273 273 273 273 273 273 273 273 273 274 273 273 273 273 274 273 273 274 274 274 274 274 274 274 274 274 274 274 274 274 274 274 274 274 274 274 275 275 275 275 275 275 274 275 275 275 275 276 275 276 275 275 275 275 276 276 276 276 275 275 275 276 276 276 275 275 276 276 275 275 275 275 275 275 275 275 276 276 276 276 276 275 275 275 276 276 276 276 276 275 276 276 276 276 276 276 276 276 276 276 276 275 275 275 275 275 275 275 275 276 275 275 275 276 276 275 275 275 275 275 274 274 274 274 275 275 275 275 275 276 275 275 275 275 275 275 275 275 275 275 275 275 275 275 275 275 275 275 275 275 274 274 274 274 274 274 274 274 274 274 273 273 227 227 227 228 229 229 228 229 229 230 230 231 231 231 231 232 232 232 233 233 234 234 234 233 234 234 235 235 235 235 235 235 236 236 237 237 238 238 238 238 238 238 238 239 239 239 239 239 239 240 240 240 241 241 241 241 241 241 242 242 242 242 243 243 243 244 244 244 244 244 245 245 245 246 246 246 246 246 247 247 247 247 248 248 248 249 249 249 249 249 249 249 250 250 250 250 251 251 251 251 251 251 252 252 252 252 252 253 253 253 253 253 254 254 253 254 254 254 254 255 255 255 255 255 255 256 256 256 256 256 256 257 257 257 257 258 258 258 258 258 259 259 259 259 260 260 260 260 260 260 260 260 260 260 260 260 261 261 261 261 261 261 262 262 262 262 262 262 263 263 263 263 263 263 263 263 263 264 264 264 264 264 265 265 265 265 265 265 265 265 266 266 266 266 266 266 266 266 266 266 266 267 267 267 267 267 269 269 270 270 270 270 270 270 270 270 270 270 270 271 271 271 271 271 271 271 271 271 271 271 272 272 272 272 272 272 272 272 273 273 273 273 273 273 273 273 273 273 273 273 273 273 273 273 273 274 273 273 273 273 273 273 273 273 274 274 274 274 274 274 274 274 274 274 274 274 274 274 274 274 274 274 275 275 275 275 274 274 275 275 275 275 275 275 276 276 275 275 275 275 276 276 276 276 276 276 275 276 276 276 276 276 276 276 275 276 275 276 275 275 275 275 275 275 276 276 275 275 275 276 276 276 276 276 275 276 276 276 276 276 276 276 277 276 276 276 276 275 275 275 275 275 275 275 275 275 275 275 275 275 275 275 275 275 275 275 274 274 274 274 275 275 275 275 275 276 275 275 275 275 275 275 275 275 275 275 275 275 275 275 275 275 275 275 275 274 274 275 275 274 274 274 274 274 274 274 274 273 273 227 228 229 228 228 229 229 230 230 231 231 231 231 232 232 232 233 233 233 234 234 234 234 235 235 235 235 236 236 236 236 236 236 237 237 238 237 237 238 238 238 239 238 239 239 239 239 240 240 240 240 241 241 241 241 241 241 242 242 242 242 243 243 243 243 244 244 244 245 245 245 246 246 246 246 246 246 246 247 247 247 248 248 248 248 248 249 249 249 249 249 250 250 250 250 251 251 251 251 251 251 252 252 252 252 252 253 253 253 253 253 253 253 253 254 254 254 254 255 255 255 255 255 256 256 256 256 256 256 256 257 257 257 257 258 258 258 258 258 259 259 259 259 259 259 260 260 260 260 260 260 260 260 260 260 261 261 261 261 261 261 261 261 262 262 262 262 262 263 263 263 263 263 263 263 264 264 264 264 264 264 264 265 265 265 265 265 265 266 266 266 266 266 266 266 266 266 266 266 267 267 267 267 267 269 269 269 270 270 270 270 270 270 270 270 270 270 270 271 271 271 271 271 271 271 271 271 271 271 271 272 272 272 272 272 272 272 273 273 273 273 273 273 273 273 273 273 273 273 273 273 273 273 273 273 273 273 273 273 273 273 273 273 274 274 274 274 274 274 274 274 274 274 274 274 274 274 274 274 274 275 275 274 274 274 274 275 275 275 275 275 275 276 276 275 275 275 275 276 275 275 275 276 276 276 276 276 276 276 276 276 276 276 276 276 276 275 275 275 276 275 275 276 276 275 275 275 276 276 276 275 275 276 276 276 276 276 276 276 276 277 276 276 276 276 276 275 275 275 275 275 275 275 275 275 275 275 275 275 275 275 275 275 275 274 274 274 274 275 275 275 275 275 275 275 275 275 275 275 275 275 275 275 275 275 275 275 275 275 275 275 275 274 274 274 274 274 274 274 274 274 274 274 274 274 273 273 273 227 228 228 228 228 228 229 229 229 230 231 232 231 231 232 232 232 233 233 234 234 234 234 234 235 235 235 236 236 236 236 236 236 236 237 237 238 238 238 238 238 238 238 239 239 239 239 239 240 240 240 241 241 241 241 241 241 241 242 242 242 242 243 243 243 243 244 244 244 245 245 245 246 246 246 246 246 246 246 247 247 247 248 248 248 248 248 249 249 249 249 250 250 250 250 250 251 251 251 251 251 251 252 252 252 252 252 252 252 253 253 253 253 254 254 254 254 254 255 255 255 255 255 255 256 256 256 256 256 256 256 257 257 257 258 258 258 258 258 258 259 259 259 259 259 259 259 260 260 260 260 260 260 260 260 260 260 261 261 261 261 261 262 261 261 262 262 262 262 263 263 263 263 263 263 263 264 264 264 264 264 264 264 265 265 265 265 265 265 265 265 265 265 266 266 266 266 266 266 267 267 267 267 267 269 269 269 269 270 270 270 270 270 270 270 270 270 270 271 271 271 271 271 271 271 271 271 271 271 271 272 272 272 272 272 272 272 272 273 273 273 273 273 273 273 273 273 273 273 273 273 273 273 273 273 273 273 273 273 273 273 273 273 274 274 274 274 274 274 274 274 274 274 274 274 274 274 274 274 274 274 274 274 274 274 274 274 274 275 275 275 275 275 275 275 275 276 276 276 275 275 275 276 276 276 276 276 276 276 276 276 275 276 276 276 276 276 276 276 276 275 276 276 276 276 276 276 276 276 276 276 275 276 276 276 276 276 276 276 277 277 277 276 277 277 276 275 275 275 275 275 275 275 275 274 275 275 275 275 275 275 274 274 274 274 274 274 274 274 275 275 275 275 275 275 275 275 275 275 275 275 275 275 275 275 275 275 275 275 275 275 274 274 274 275 275 274 275 275 274 274 274 274 274 274 274 273 273 273 227 227 227 228 228 229 229 229 229 230 230 231 231 231 231 231 232 233 233 234 234 234 234 234 234 234 235 235 236 236 237 237 236 236 237 237 237 237 237 237 238 238 238 238 239 239 239 239 240 240 240 241 241 241 241 241 241 241 242 242 242 242 242 243 243 243 244 244 244 245 245 245 245 246 246 246 246 246 246 246 247 247 247 248 248 248 248 249 249 249 249 249 249 250 250 250 250 250 251 251 251 251 251 252 252 252 252 252 252 252 253 253 253 253 254 254 254 254 254 255 255 255 255 255 256 256 256 256 256 256 256 257 257 257 257 257 258 258 258 258 258 258 259 259 259 259 259 260 260 260 260 260 260 260 261 261 261 261 261 261 262 262 262 262 262 262 262 262 262 262 263 263 263 263 264 263 264 264 264 264 264 264 264 264 265 265 265 265 265 265 265 265 265 266 266 266 266 266 266 267 267 267 267 267 269 269 269 269 269 269 270 270 270 270 270 270 270 270 270 271 271 271 271 271 271 271 271 271 271 272 272 272 272 272 272 272 272 272 272 273 273 273 273 273 273 273 273 273 273 273 273 273 273 273 273 273 273 273 273 273 273 273 273 273 274 273 274 274 274 274 274 274 274 274 274 274 274 274 274 274 274 274 274 274 274 274 274 274 275 275 275 276 275 275 275 275 275 275 275 275 275 275 275 276 275 275 276 276 276 276 276 275 276 276 276 276 276 276 276 277 276 276 277 276 276 276 276 276 276 276 276 275 276 276 276 276 276 276 276 276 277 277 277 277 277 276 275 275 275 275 275 275 275 275 274 274 275 275 275 275 275 274 275 274 274 275 275 275 274 275 275 275 275 275 275 275 275 275 275 275 275 275 275 275 275 275 275 275 275 275 275 275 274 275 275 275 275 275 274 274 274 274 274 274 274 274 274 273 273 273 227 228 228 228 229 229 230 230 230 230 231 231 230 230 231 232 232 232 233 232 233 233 234 233 233 234 235 235 236 236 237 237 237 237 237 237 237 237 237 237 238 238 238 239 239 239 239 239 240 240 240 240 241 240 241 241 241 242 242 242 242 242 243 243 243 244 244 244 244 244 245 245 245 246 246 246 246 246 246 246 247 247 247 248 248 248 248 249 249 249 249 249 249 250 250 250 250 250 251 251 251 251 251 252 252 252 252 252 252 252 253 253 253 254 254 254 254 254 254 255 255 255 255 256 256 256 256 256 256 256 256 257 257 257 257 257 258 258 258 258 258 258 259 259 259 259 259 259 259 260 260 260 260 261 261 261 261 261 261 261 261 262 262 262 262 262 262 262 262 262 262 263 263 263 263 263 264 264 264 264 264 264 264 264 265 265 265 265 265 265 265 265 266 266 266 266 266 266 266 266 267 267 267 269 269 269 269 269 269 269 269 269 270 270 270 270 270 271 270 270 271 271 271 271 271 271 271 271 271 271 271 271 271 272 272 272 272 272 272 272 273 273 273 273 273 273 273 273 273 273 273 273 273 273 273 273 273 273 273 273 273 273 273 273 273 274 274 274 274 274 274 274 274 274 274 274 274 274 274 274 274 274 274 274 274 274 274 274 275 275 275 275 274 275 274 275 274 275 275 276 275 275 276 275 275 276 275 276 276 275 275 275 276 276 276 276 276 276 277 277 276 277 276 276 276 276 276 276 276 276 276 276 276 276 276 276 276 276 276 276 276 276 276 277 276 275 276 276 275 275 275 275 275 274 275 274 274 274 275 275 274 275 275 275 275 275 275 275 275 275 275 275 275 275 275 275 275 275 275 275 275 275 275 275 275 275 275 275 275 274 274 275 275 275 275 275 275 274 274 274 274 274 274 274 274 274 273 273 273 273 227 228 229 228 229 229 229 230 230 230 230 230 231 232 232 232 232 232 232 233 234 234 233 234 234 235 236 236 236 237 237 237 237 237 237 237 237 237 237 238 238 238 238 239 239 239 240 240 240 241 241 241 241 241 241 241 242 242 242 243 243 243 243 244 244 244 244 244 245 245 245 245 245 246 246 246 246 246 247 247 247 247 248 248 248 248 248 249 249 249 249 250 250 250 250 250 250 251 251 251 251 251 251 252 252 252 252 252 253 253 253 253 253 254 254 254 254 255 255 255 255 255 256 256 256 256 256 256 256 256 257 257 257 257 257 257 258 258 258 258 258 259 259 259 259 259 259 260 260 260 260 261 261 261 261 261 261 261 261 261 261 261 262 262 262 262 262 262 262 262 263 263 263 263 263 264 264 264 264 264 264 264 264 264 264 264 265 265 265 265 266 266 266 266 266 266 266 266 266 266 267 269 269 269 269 269 269 269 269 269 270 270 270 270 270 270 270 270 271 271 271 271 271 271 271 271 271 271 271 271 271 271 272 272 272 272 272 272 272 273 273 273 273 273 273 273 273 273 273 273 273 273 273 273 273 273 273 273 273 273 273 273 274 274 274 274 274 274 274 274 274 274 274 274 274 274 274 274 274 274 274 274 274 274 275 275 274 274 275 274 274 274 274 274 274 275 275 276 276 275 275 275 275 276 275 276 276 275 275 276 276 276 276 276 276 276 276 276 276 276 276 276 276 276 275 276 275 276 276 276 276 276 276 276 276 276 276 276 276 276 276 277 277 276 275 276 275 275 274 275 275 275 275 275 275 274 274 274 275 275 275 275 275 275 275 275 275 275 275 275 275 275 275 275 275 275 275 275 275 275 275 275 275 274 275 275 274 274 274 274 275 275 275 275 274 274 274 274 274 274 273 273 273 274 274 273 273 273 273 227 227 228 228 228 228 228 229 230 230 230 230 231 232 232 231 232 232 232 233 234 234 233 233 234 235 235 236 236 236 237 237 237 237 237 237 237 237 237 238 238 238 239 239 239 239 239 240 240 240 241 241 241 241 241 241 242 242 242 242 243 243 243 244 244 244 244 244 245 245 245 245 245 245 246 246 246 246 246 247 247 247 248 248 248 248 248 249 249 249 249 249 249 250 250 250 250 250 251 251 251 251 251 251 252 252 252 252 252 253 253 253 253 253 254 254 254 254 255 255 255 255 255 255 256 256 256 256 256 256 256 257 257 257 257 257 257 258 258 258 258 258 259 259 259 259 259 259 260 260 260 260 261 261 261 261 261 261 261 261 261 261 262 262 263 262 262 262 262 262 262 263 263 263 263 263 264 264 264 264 264 264 264 264 264 264 265 265 265 265 265 266 266 266 266 266 266 266 266 266 266 269 269 269 269 269 269 269 269 269 270 270 270 270 270 270 270 270 270 271 271 271 271 271 271 271 271 271 271 271 271 271 272 272 272 272 272 272 272 272 272 273 273 273 273 273 273 273 273 273 273 273 273 273 273 273 273 273 273 273 273 273 274 274 273 273 273 273 273 274 274 274 274 274 274 274 274 274 274 274 274 274 274 274 275 275 274 274 274 274 274 274 275 274 275 275 275 275 276 275 275 275 275 275 275 275 275 275 276 276 276 276 276 276 276 276 276 276 276 276 276 276 277 276 275 276 276 276 276 276 277 276 276 276 276 276 276 276 277 276 276 277 277 276 276 276 276 275 274 274 275 275 275 275 275 275 275 275 275 275 275 275 275 275 275 275 275 275 275 275 275 275 275 275 275 275 275 275 275 275 275 274 274 274 274 274 274 274 274 275 275 275 275 274 274 274 274 274 274 274 273 273 273 273 273 273 273 273 273 273 273 273 273 226 227 227 227 228 229 229 230 231 231 231 231 231 231 232 232 233 233 233 233 233 234 235 234 235 235 235 236 236 237 237 237 238 238 238 238 237 237 238 238 239 239 239 239 239 240 240 241 241 241 241 241 241 242 242 242 242 243 243 243 243 244 244 244 244 244 244 245 245 245 245 246 246 246 246 246 247 247 247 247 247 248 248 248 248 248 249 249 249 249 249 250 250 250 250 250 251 251 251 251 251 251 252 252 252 252 253 253 253 253 253 253 254 254 254 254 255 255 255 255 255 256 256 256 256 256 256 256 257 257 257 257 257 258 258 258 258 258 258 258 258 259 259 259 259 260 260 260 260 260 260 260 260 260 261 261 261 261 261 262 262 262 262 262 262 262 262 262 262 262 263 263 263 263 263 263 264 264 264 264 264 264 264 265 265 265 265 265 265 266 266 266 266 266 266 266 266 266 268 269 269 269 269 269 269 269 269 269 270 270 270 270 270 270 270 271 271 271 271 271 271 271 271 271 271 271 271 271 271 271 272 272 272 272 272 272 272 272 272 273 273 273 273 273 273 273 273 273 272 273 273 273 273 273 273 273 273 273 273 273 273 274 273 273 273 274 274 274 274 274 274 274 274 274 274 274 274 274 274 274 274 275 275 274 274 274 274 274 275 274 274 275 275 275 275 276 275 275 274 275 275 275 275 275 275 276 275 275 276 276 276 276 275 276 276 276 276 276 276 277 276 276 276 276 276 276 276 276 276 276 276 276 276 276 277 276 277 276 277 277 277 277 277 276 275 274 274 275 275 275 275 275 275 275 275 275 275 275 275 275 275 276 275 275 275 275 275 275 275 275 275 275 275 275 275 275 275 275 275 274 274 274 274 274 275 275 275 275 275 274 274 274 274 274 274 274 274 274 273 273 273 273 273 273 273 273 273 273 273 273 273 273 273 273 273 273 273 273 228 229 229 229 230 231 231 230 230 231 231 232 232 232 233 232 233 234 235 234 234 235 236 235 235 236 237 237 238 238 238 238 238 237 238 238 238 238 239 239 239 239 240 240 240 241 241 241 241 241 242 242 242 242 243 243 243 243 244 244 244 244 244 245 245 245 245 245 245 246 246 246 246 247 247 247 247 247 248 248 248 248 248 249 249 249 249 250 250 250 250 250 250 251 251 251 251 251 252 252 252 252 252 253 253 253 253 253 253 254 254 254 255 255 255 255 255 255 255 256 256 256 256 256 256 257 257 257 257 257 258 258 258 258 258 258 259 259 259 259 259 259 260 260 260 260 260 260 260 261 261 261 261 261 261 261 262 262 262 262 262 262 262 262 262 262 262 262 263 263 263 263 263 263 264 264 264 264 264 264 265 265 265 265 265 265 266 266 266 266 266 266 266 266 268 269 269 269 269 269 269 269 269 270 270 270 270 270 270 270 270 270 270 271 271 271 271 271 271 271 271 271 271 271 271 271 272 272 272 272 272 272 272 272 272 272 273 273 273 272 272 273 273 273 272 272 273 273 273 273 273 273 273 273 273 273 273 273 273 273 273 273 274 274 274 274 274 274 274 274 274 274 274 274 274 273 273 274 274 274 274 274 274 274 275 274 274 274 275 275 275 275 275 275 274 275 275 275 275 275 275 275 275 275 275 275 275 276 275 276 276 275 276 276 276 276 276 276 276 276 276 276 276 276 276 276 276 276 276 276 276 276 276 276 277 277 277 277 277 276 275 274 275 275 275 275 275 275 275 275 275 275 275 275 275 275 275 275 276 275 275 275 275 275 275 275 275 275 275 275 275 275 275 275 275 275 275 275 275 275 275 275 275 275 274 274 274 274 274 274 274 274 273 274 273 273 273 273 274 273 273 273 273 273 273 273 273 273 273 273 273 273 273 273 273 228 229 229 229 229 229 230 231 231 232 232 233 233 234 234 234 235 235 235 235 235 236 236 237 237 238 238 238 238 239 238 238 238 239 239 239 240 240 240 240 240 241 241 241 241 242 242 242 242 242 243 243 243 243 244 244 244 244 244 245 245 245 245 245 246 246 246 246 246 247 247 247 247 247 247 248 248 248 248 249 249 249 249 249 250 250 250 250 251 251 251 251 251 251 251 252 252 252 252 253 253 253 253 253 253 254 254 254 255 255 255 255 255 255 255 256 256 256 256 256 256 257 257 257 257 257 258 258 258 258 258 258 259 259 259 259 259 259 259 260 260 260 260 260 260 261 261 261 261 261 262 262 262 262 262 262 263 262 262 263 262 262 262 263 263 263 263 263 263 263 264 264 264 264 264 265 265 265 265 265 265 265 265 266 266 266 266 266 266 268 268 268 268 268 269 269 269 269 269 269 270 270 270 270 270 270 270 270 270 270 271 271 271 271 271 271 271 271 271 271 271 272 272 272 272 272 272 272 272 272 272 272 272 272 272 272 273 273 273 272 273 273 273 273 273 273 273 273 273 273 273 273 273 273 273 273 273 274 274 274 274 274 274 274 274 274 274 274 274 274 274 274 274 273 273 274 274 274 274 274 274 274 274 275 275 275 275 275 275 274 275 275 275 275 275 275 275 275 275 275 275 275 276 275 276 276 276 276 275 276 276 276 276 277 276 276 276 276 276 276 276 276 276 276 276 276 276 276 276 276 276 276 276 276 275 275 275 275 275 275 275 275 275 275 275 275 275 275 275 275 275 275 275 275 275 275 274 274 275 275 275 275 275 275 275 275 275 275 275 275 275 275 275 275 275 275 275 275 274 274 274 274 274 274 273 274 274 274 274 273 273 273 273 273 273 273 273 273 273 273 273 273 273 273 273 273 273 273 273 273 273 228 228 231 232 232 232 233 234 234 234 235 234 234 235 235 235 236 237 237 237 238 238 238 238 238 238 239 239 240 240 240 240 240 240 240 240 241 241 241 241 241 241 242 242 242 243 243 243 243 244 244 244 244 245 245 245 245 246 246 246 246 246 246 246 246 247 247 247 247 248 248 248 248 248 249 249 249 249 250 250 250 250 250 250 251 251 251 251 251 252 252 252 252 252 253 253 253 253 253 253 254 254 254 255 255 255 255 255 255 255 256 256 256 256 256 256 257 257 257 257 257 257 258 258 258 258 258 259 259 259 259 259 259 259 260 260 260 260 260 260 260 261 261 261 261 262 262 262 262 262 262 263 263 263 263 263 262 262 263 263 263 263 263 263 264 264 264 264 264 264 265 265 265 265 265 265 265 265 265 266 266 266 266 268 268 268 268 268 269 269 269 269 269 269 269 269 270 270 270 270 270 270 270 270 270 271 271 271 271 271 271 271 271 271 271 271 272 272 272 272 272 272 272 272 272 272 272 272 272 272 273 273 273 272 273 273 273 273 273 273 273 273 273 273 273 273 273 273 273 273 273 273 274 274 274 274 274 274 273 273 273 273 274 274 274 275 274 273 273 273 274 274 274 274 274 274 274 275 275 275 275 275 275 275 275 275 275 275 275 275 275 275 275 276 275 275 275 275 275 276 276 275 276 276 276 276 276 276 276 276 276 277 276 276 276 276 276 276 276 276 276 276 276 276 276 276 276 276 275 275 275 275 275 275 275 275 275 275 275 275 275 275 275 275 275 276 276 275 275 275 275 275 275 275 275 275 275 275 275 275 275 275 275 275 275 275 275 275 275 275 275 275 275 274 274 274 274 274 274 274 274 274 274 273 273 273 273 273 273 273 273 273 273 273 273 273 273 273 273 273 273 273 273 273 273 231 231 232 232 233 233 234 234 234 234 235 235 236 236 236 236 236 236 237 237 237 237 237 238 239 240 240 241 241 240 240 239 240 241 241 241 241 242 241 242 242 242 242 242 243 243 243 244 244 244 244 244 244 244 245 245 245 245 245 246 246 246 246 246 247 247 247 247 248 248 248 248 248 249 249 249 249 250 250 250 250 250 251 251 251 251 251 251 252 252 252 252 252 253 253 253 253 253 253 254 254 254 255 255 255 255 255 255 256 256 256 256 256 256 256 257 257 257 257 257 258 258 258 258 258 258 258 258 259 259 259 259 259 260 260 260 260 260 260 261 261 261 261 261 261 262 262 262 262 262 262 263 263 262 262 263 263 263 263 263 263 263 264 264 264 264 264 264 264 264 265 265 265 265 265 265 265 265 266 266 266 268 268 268 268 268 269 269 269 269 269 269 269 269 269 269 270 270 270 270 270 270 271 271 271 271 271 271 271 271 271 271 271 271 272 272 272 272 272 272 272 272 272 272 272 272 272 272 272 273 273 272 272 273 273 273 273 273 273 273 273 273 273 273 273 273 273 273 273 273 273 273 273 273 273 273 273 273 273 273 274 274 274 274 274 273 273 273 274 274 274 274 274 274 274 274 274 274 275 275 275 275 275 275 275 275 275 275 275 275 275 275 275 275 275 275 275 276 275 276 276 276 276 276 276 276 276 276 276 277 277 277 277 276 276 276 276 276 277 276 276 276 276 276 276 276 275 275 275 275 275 275 275 275 275 275 275 275 275 275 275 275 275 275 276 276 276 275 275 275 275 275 275 275 275 275 275 275 275 275 275 275 275 275 275 275 275 275 275 275 275 274 274 274 274 274 274 274 274 274 274 273 273 273 273 273 273 273 273 273 273 273 273 273 273 273 273 273 273 273 273 273 273 231 233 233 233 234 234 233 234 235 235 236 236 237 237 236 236 236 236 237 237 237 237 238 239 239 239 240 241 241 240 240 240 241 241 242 241 241 241 242 242 242 242 243 243 244 244 244 244 244 244 244 245 245 245 245 246 246 246 246 246 247 247 247 247 247 247 248 248 248 248 248 248 249 249 249 249 250 250 250 250 251 251 251 251 251 251 251 252 252 252 252 253 253 253 253 253 253 253 254 254 254 255 255 255 255 255 255 255 256 256 256 256 256 256 257 257 257 257 257 258 258 258 258 258 258 258 258 259 259 259 259 259 260 260 260 260 260 260 260 261 261 261 261 261 262 262 262 262 262 262 262 262 262 263 263 263 263 263 263 263 264 264 264 264 264 264 264 264 264 264 265 265 265 265 265 265 265 265 266 268 268 268 268 268 268 268 268 269 269 269 269 269 269 269 269 270 270 270 270 270 270 270 271 271 271 271 271 271 271 271 271 271 271 272 272 272 272 272 272 272 272 272 272 272 272 272 272 272 273 272 272 273 273 273 273 273 273 273 273 273 273 273 273 273 273 273 273 273 273 273 273 273 273 273 273 273 274 274 274 274 274 274 273 274 274 274 274 274 274 274 274 274 274 274 274 274 275 275 275 275 275 275 275 275 275 275 275 275 275 275 275 275 275 275 275 275 275 276 275 276 276 276 276 276 276 276 276 277 277 277 277 276 276 276 276 276 276 276 276 276 276 276 276 276 275 275 275 275 275 275 275 275 275 275 275 275 275 275 275 275 275 275 275 276 276 275 275 274 274 274 275 275 275 275 275 275 275 275 275 275 275 275 275 275 275 274 275 274 274 274 274 274 274 274 274 274 274 274 273 273 273 273 273 273 273 273 273 273 273 273 273 273 273 273 273 273 273 273 273 273 273 232 232 233 233 233 234 234 235 235 235 235 235 236 236 236 236 237 237 238 238 238 238 238 238 239 239 240 241 241 241 241 241 242 242 242 242 241 241 241 242 242 243 243 244 244 244 244 244 244 244 245 245 245 245 246 246 246 246 247 247 247 247 247 247 247 247 248 248 248 248 249 249 249 249 249 250 250 250 250 250 250 251 251 251 251 251 251 252 252 252 252 252 253 253 253 253 253 254 254 254 254 255 255 255 255 255 255 255 255 256 256 256 256 257 257 257 257 257 257 258 258 258 258 258 258 258 258 259 259 259 259 259 259 260 260 260 260 260 260 261 261 261 261 262 262 262 262 262 262 262 262 262 263 263 263 263 263 263 263 263 263 263 263 264 264 264 264 264 264 264 264 265 265 265 265 265 265 265 268 268 268 268 268 268 268 268 269 269 269 269 269 269 269 269 269 270 270 270 270 270 270 270 270 270 270 271 271 271 271 271 271 271 271 272 272 272 272 272 272 272 272 272 272 272 272 272 272 272 272 272 272 272 272 272 272 273 273 273 273 273 273 273 273 273 273 273 273 273 273 273 273 274 274 274 274 274 275 274 274 274 274 274 273 274 274 274 274 273 274 274 274 274 274 275 275 275 275 274 274 274 274 275 275 275 275 275 275 275 275 275 275 275 275 275 275 275 275 275 275 275 276 276 276 276 276 276 276 276 276 276 276 276 276 276 276 276 276 276 276 276 276 276 276 275 275 275 275 275 275 275 275 275 275 275 275 275 275 275 275 275 275 275 275 276 275 275 275 275 274 274 274 275 275 275 275 275 275 275 275 275 275 275 275 274 274 274 274 274 274 274 274 274 274 274 274 274 274 273 273 273 273 273 273 273 273 273 273 273 273 273 273 273 273 273 273 273 273 273 273 232 233 233 233 234 234 234 234 235 235 235 235 235 236 236 236 237 237 238 238 239 239 239 239 239 239 239 241 241 241 241 242 242 242 242 242 242 242 242 242 243 243 243 243 243 243 243 244 244 245 245 245 245 245 245 246 246 246 246 247 247 246 247 247 247 247 248 248 248 248 248 249 249 249 249 249 250 250 250 250 250 250 250 250 251 251 251 251 252 252 252 252 252 253 253 253 253 253 253 254 254 254 254 255 255 255 255 255 255 256 256 256 256 256 257 257 257 257 257 257 257 258 258 258 258 258 258 259 259 259 259 259 259 260 260 260 260 260 260 260 261 261 261 262 262 262 262 262 262 262 262 263 263 263 263 263 263 263 263 263 263 263 263 263 264 264 264 264 264 264 264 265 265 265 265 265 265 265 267 268 268 268 268 268 268 268 269 269 269 268 269 269 269 269 269 269 270 270 270 270 270 270 270 270 270 270 270 271 271 271 271 271 271 271 272 272 272 272 272 272 272 272 272 272 272 272 272 272 272 272 272 272 272 272 272 273 273 273 273 273 273 273 273 273 273 273 273 273 273 273 273 273 274 274 274 274 274 274 274 274 274 274 273 274 274 274 274 273 273 274 274 274 274 275 275 275 275 275 274 274 274 274 274 275 275 275 275 275 275 275 275 275 275 275 275 275 275 275 275 275 275 276 276 276 276 276 277 276 276 276 276 276 276 276 276 276 276 276 276 276 276 276 277 275 275 275 275 275 275 275 276 275 275 275 275 275 275 275 275 275 275 275 275 275 276 276 275 275 275 275 274 274 275 275 275 275 275 275 275 275 275 275 275 275 275 274 274 274 274 274 274 274 274 274 274 274 274 273 273 273 273 273 273 273 273 273 273 273 273 273 273 273 273 273 273 273 273 273 273 231 232 233 233 234 234 233 233 234 234 234 234 235 235 235 236 237 237 237 237 238 239 239 239 239 239 239 239 239 240 240 240 241 241 241 241 241 242 242 242 243 243 242 242 242 242 243 243 243 244 245 245 245 245 245 245 245 246 246 246 246 246 246 247 247 247 247 247 248 248 248 248 249 249 249 249 249 250 250 250 250 250 250 251 251 251 251 251 251 252 251 252 252 252 252 253 253 253 253 253 253 254 254 254 254 254 254 255 255 255 255 255 256 256 256 256 256 256 257 257 257 258 258 258 258 258 258 258 259 259 259 259 259 259 259 260 260 260 260 261 260 261 261 261 261 261 262 262 262 262 262 262 263 263 263 263 262 263 263 263 263 263 263 263 263 264 264 264 264 264 264 265 265 265 265 265 265 265 265 267 268 268 268 268 268 268 268 268 269 268 268 269 269 269 269 269 269 269 269 270 270 270 270 270 270 270 270 270 270 271 271 271 271 271 271 271 272 272 272 272 272 272 272 272 272 272 272 272 272 272 272 272 272 272 272 272 272 272 273 273 273 273 273 273 273 273 273 273 273 273 273 273 274 273 274 274 274 274 274 274 274 274 274 274 274 274 274 274 274 273 273 273 273 274 274 275 275 275 275 274 274 274 274 274 274 274 275 275 275 275 275 275 275 275 275 275 275 275 275 275 276 276 276 276 276 276 277 277 276 276 276 276 276 276 276 277 277 276 276 276 276 276 276 276 276 275 275 275 275 275 275 275 275 275 275 275 275 275 275 275 275 275 275 275 276 276 275 275 275 275 275 275 275 275 275 275 275 275 275 275 275 274 274 275 275 275 275 275 275 275 274 274 274 274 274 274 274 274 273 273 273 273 273 273 273 273 273 273 273 273 273 273 273 273 273 273 273 273 273 273 232 233 233 233 233 233 233 234 234 235 235 235 236 236 236 236 236 237 237 237 238 238 239 239 239 239 239 239 239 240 240 240 242 242 242 242 242 242 243 243 242 242 242 242 243 243 243 244 244 245 245 245 246 245 245 246 246 246 246 246 246 247 247 247 247 247 247 248 248 248 249 249 249 249 249 250 250 250 250 250 250 250 251 251 251 251 252 252 252 252 252 252 252 252 252 253 253 253 253 254 254 254 254 254 254 255 255 255 255 255 256 256 256 256 256 256 256 257 257 257 257 257 258 258 258 258 258 258 259 259 259 259 259 259 260 260 260 260 261 260 261 261 261 261 262 262 262 262 262 262 262 263 262 262 262 262 262 263 263 263 263 263 264 263 264 264 264 264 264 264 264 264 265 265 265 265 265 267 267 268 268 268 268 268 268 268 269 269 269 268 269 269 269 269 269 269 269 269 269 270 270 270 270 270 270 270 270 270 271 271 271 271 271 271 271 272 272 272 272 272 272 272 272 272 272 272 272 272 272 272 272 272 272 272 272 272 272 272 273 273 273 273 273 273 273 273 273 273 273 273 273 274 274 274 274 274 274 274 274 274 274 274 273 274 274 274 274 273 273 273 273 274 274 275 275 275 275 275 275 275 274 274 274 274 274 275 275 275 275 275 275 275 275 275 275 275 275 275 275 276 276 276 276 276 276 276 277 277 276 276 276 276 276 277 277 276 276 276 276 276 276 276 276 275 275 275 275 275 275 275 275 275 275 275 275 275 275 275 275 275 275 275 276 276 275 275 275 275 275 275 275 275 275 275 275 275 275 275 275 275 275 275 275 275 275 275 275 275 275 274 274 274 274 274 274 274 273 273 273 273 273 273 273 273 273 273 273 273 273 273 273 273 273 273 273 273 273 232 233 233 233 233 233 234 234 234 235 235 235 235 236 236 237 237 237 237 237 237 238 239 240 240 240 239 239 239 240 240 241 241 242 243 242 242 242 242 242 242 242 243 243 243 243 244 244 244 244 245 245 245 245 245 245 246 245 246 246 246 246 247 247 247 247 247 247 248 248 248 248 249 249 250 249 250 250 250 250 250 250 251 251 251 251 252 252 252 252 252 252 252 252 252 253 253 253 253 254 254 254 254 254 254 254 255 255 255 255 255 256 256 256 256 256 256 257 257 257 257 257 258 258 258 258 258 258 259 259 259 259 259 259 259 260 260 260 260 261 261 261 261 261 261 261 261 262 262 262 262 262 262 262 262 262 262 263 263 263 263 263 263 263 264 264 264 264 264 264 264 264 265 265 265 265 265 267 267 268 268 268 268 268 268 268 268 268 268 269 269 269 269 269 269 269 269 269 269 269 270 270 270 270 270 270 270 270 270 271 271 271 271 271 271 271 271 271 271 271 272 272 272 272 272 272 272 272 272 272 272 272 272 272 272 272 272 272 273 273 273 273 273 273 273 273 273 273 273 273 273 274 274 274 274 274 274 274 274 274 274 274 274 274 274 274 274 273 273 273 273 273 274 275 275 275 275 275 275 275 275 274 274 274 274 274 274 274 274 274 275 275 275 275 275 275 275 275 275 276 276 276 276 275 276 276 276 276 276 276 276 276 276 276 276 276 276 276 276 276 276 276 277 276 275 275 275 274 275 275 275 275 275 275 275 275 274 275 275 275 275 275 275 276 276 275 275 275 275 275 275 275 275 275 275 275 275 275 275 275 275 275 275 275 275 275 275 274 274 274 274 274 274 274 274 274 274 273 273 273 273 273 273 273 273 273 273 273 273 273 273 273 273 273 273 232 232 232 233 233 234 234 234 234 235 235 235 236 236 237 237 237 237 237 237 237 238 239 240 240 241 240 239 239 240 241 241 241 242 242 242 241 241 241 241 242 243 243 243 243 243 244 244 244 244 244 245 245 245 245 246 246 246 245 245 246 246 247 247 247 247 247 247 247 248 248 248 249 249 249 249 250 250 250 250 250 250 251 251 251 251 251 251 251 252 252 252 252 252 252 253 253 253 253 254 254 254 254 254 254 254 255 254 255 255 255 255 255 256 256 256 256 257 257 257 258 257 257 258 258 258 258 259 258 259 259 260 260 259 259 260 261 260 260 261 261 261 261 261 261 261 261 261 262 262 262 262 262 262 262 262 262 263 263 263 263 263 263 263 263 264 264 264 264 264 264 264 265 265 265 265 265 267 267 268 268 268 268 268 268 268 268 268 268 268 268 269 269 269 269 269 269 269 269 269 270 270 270 270 270 270 270 270 270 271 271 271 271 271 271 271 271 271 271 271 271 271 272 272 272 272 272 272 272 272 272 272 272 272 272 272 272 272 272 273 273 273 273 273 273 273 273 273 273 273 273 274 274 274 274 274 274 274 274 274 274 274 274 274 274 274 274 273 273 273 274 274 274 275 275 275 275 275 275 275 275 275 275 275 275 274 275 274 274 274 274 274 274 274 275 275 275 275 275 275 275 275 275 275 276 276 276 276 276 276 276 276 276 276 276 276 276 276 276 276 276 276 276 277 276 275 275 274 274 275 275 275 275 275 275 274 275 275 275 275 275 275 275 275 276 276 276 275 275 275 275 275 275 275 275 275 275 275 275 275 275 275 275 275 274 274 274 274 274 274 274 274 274 274 273 273 273 273 273 273 273 273 273 273 273 273 273 273 273 273 273 273 273 273 232 232 232 232 233 233 233 234 234 235 235 235 236 235 235 236 236 237 238 237 237 238 238 239 239 240 241 240 239 239 240 240 241 242 242 242 242 242 242 242 242 242 243 243 243 244 244 244 244 244 244 244 245 245 245 245 245 245 245 245 245 246 246 247 247 247 248 247 248 247 247 248 248 249 249 249 249 249 250 250 250 250 250 251 251 251 251 251 251 251 252 252 252 252 252 253 253 253 253 253 253 253 253 253 254 254 255 255 255 255 255 255 255 256 256 256 256 256 256 257 257 257 257 258 258 258 258 259 259 259 259 259 259 259 259 260 260 260 260 260 260 260 260 260 261 261 261 261 261 261 262 262 262 262 262 262 262 263 263 263 263 263 263 263 263 264 264 264 264 264 264 264 265 265 265 265 265 267 267 267 267 268 268 268 268 268 268 268 268 268 269 269 269 269 269 269 269 269 270 270 270 270 270 270 270 270 270 270 270 270 271 271 271 271 271 271 271 271 271 271 271 271 272 272 272 272 272 271 272 272 272 272 272 272 272 272 272 272 272 272 272 272 273 273 273 273 273 273 273 273 273 273 274 274 274 274 274 274 274 274 274 274 274 274 274 274 274 273 273 273 273 274 275 275 275 275 275 275 275 275 275 275 275 275 275 274 274 275 275 275 274 274 274 275 275 275 275 275 275 275 276 276 275 275 276 276 276 276 276 276 276 276 276 276 276 276 275 276 276 276 276 276 276 276 277 276 275 274 275 275 275 275 276 276 275 275 275 275 275 275 275 275 275 275 275 275 275 275 275 275 275 275 275 275 275 275 275 275 275 275 275 275 275 275 274 274 274 274 274 274 274 274 274 274 274 274 274 273 273 273 273 273 273 273 273 273 273 273 273 273 273 273 273 273 232 232 232 233 233 234 235 234 235 235 235 235 236 237 237 238 238 238 238 238 238 239 239 240 241 240 240 240 240 240 241 242 242 243 243 242 242 242 242 243 243 244 244 244 244 244 244 244 244 245 245 245 245 245 245 245 245 245 245 246 247 247 247 248 248 248 248 248 247 248 248 249 249 249 249 249 250 250 250 250 251 251 250 251 251 251 251 252 252 252 253 253 253 252 252 252 252 253 253 253 253 253 254 254 255 255 255 255 255 255 255 256 256 256 256 257 257 256 257 257 257 257 258 258 258 258 259 259 259 259 259 259 260 260 260 260 260 260 260 260 260 260 261 261 261 261 261 261 261 262 262 262 262 262 263 263 263 263 262 263 263 263 263 263 264 264 264 264 264 265 265 265 265 265 267 267 267 267 268 268 268 268 268 268 268 269 268 268 269 269 269 269 269 269 269 270 270 270 270 270 270 270 270 270 270 270 270 271 271 271 271 271 271 271 271 271 271 272 272 272 272 272 272 272 271 272 272 272 272 272 272 272 272 272 272 272 272 272 273 273 273 273 273 273 273 273 273 273 273 273 274 274 274 274 274 274 274 274 274 274 274 274 274 273 273 273 273 273 274 274 275 275 275 275 275 275 275 275 275 275 275 274 275 275 274 275 275 275 275 275 275 275 275 275 275 275 275 276 276 276 275 276 276 276 276 276 276 277 276 276 276 276 276 276 275 276 276 275 276 275 276 275 276 276 275 275 275 276 276 276 276 275 274 274 275 275 275 275 275 275 275 275 275 275 276 275 275 275 275 275 275 275 275 275 275 275 275 275 275 275 275 274 274 274 274 274 274 274 274 274 274 274 274 274 274 273 273 273 273 273 273 273 273 273 273 273 273 273 273 273 232 232 233 233 234 234 234 234 235 235 236 236 237 237 238 238 238 238 238 239 240 240 240 240 241 241 241 241 241 242 242 243 243 242 242 241 242 242 243 243 243 243 243 243 244 244 245 245 245 245 245 245 245 245 245 245 245 246 246 247 247 248 248 248 248 249 248 248 248 249 249 249 249 249 249 249 249 250 250 250 250 251 251 251 252 252 252 252 252 252 252 252 252 252 252 252 253 254 253 254 254 254 254 255 255 255 255 255 255 255 256 256 256 257 257 257 257 257 257 257 257 257 257 258 258 258 259 259 259 259 260 260 260 260 259 260 260 260 260 260 261 261 261 261 261 261 261 261 261 262 262 262 262 263 262 262 262 263 263 263 263 264 264 264 264 264 264 264 264 264 265 265 267 267 267 267 268 268 268 268 268 268 268 268 268 268 268 269 269 269 269 269 269 269 269 269 269 270 270 270 270 270 270 270 270 270 271 271 271 271 271 271 271 271 271 271 271 271 272 272 272 272 271 271 271 272 272 272 272 272 272 272 272 272 272 272 272 272 273 273 273 273 273 273 273 273 273 274 274 274 274 274 274 273 274 274 274 274 274 274 273 273 273 273 273 274 274 275 275 275 275 275 274 275 275 275 275 275 275 274 275 275 274 274 275 275 275 275 275 275 275 276 276 276 275 276 276 276 276 276 275 276 276 276 276 276 276 276 276 275 275 275 275 275 276 275 275 276 276 276 276 276 276 276 275 275 276 276 276 275 274 274 275 275 275 275 275 275 275 275 275 275 276 276 275 275 274 275 275 275 275 275 275 275 275 275 275 275 275 275 274 274 274 274 274 274 274 274 274 274 274 274 273 273 273 273 273 273 273 273 273 273 273 273 273 273 232 233 233 233 234 234 235 235 235 235 236 237 238 238 238 237 238 239 240 240 241 240 240 241 241 241 242 242 242 243 243 243 242 242 242 242 243 243 243 244 244 244 244 244 244 244 245 245 246 246 246 246 246 246 246 246 245 246 247 247 248 248 248 248 249 249 248 248 248 248 249 249 249 249 249 250 250 250 250 250 251 251 252 252 252 252 252 252 252 252 252 252 252 252 252 253 254 254 253 254 253 254 254 255 255 255 255 255 255 256 256 256 256 257 257 257 257 257 257 257 258 258 258 258 258 259 259 259 260 260 260 260 259 260 260 260 260 261 261 261 261 261 261 261 261 261 262 262 262 262 262 262 262 262 262 262 262 263 263 264 264 264 264 264 264 264 264 264 264 265 265 265 265 265 265 266 266 266 266 266 266 266 266 266 266 267 267 267 267 267 267 267 267 267 267 267 268 268 268 268 268 268 268 269 269 269 269 269 269 269 269 269 269 269 270 269 269 270 270 270 270 272 272 272 272 272 272 272 272 272 272 272 272 272 273 273 273 273 273 273 273 273 273 273 273 274 274 274 274 274 274 274 274 274 274 274 274 274 274 273 274 273 273 273 274 275 275 275 275 275 276 275 275 275 275 275 276 276 276 275 275 275 275 275 275 275 276 277 277 277 277 277 277 276 277 277 277 276 277 277 276 276 277 277 277 277 277 276 276 276 276 276 276 276 276 276 276 276 276 276 276 276 277 277 276 276 276 276 276 275 276 276 276 276 276 276 276 276 276 276 276 276 276 276 276 275 275 275 276 276 276 276 276 276 276 276 276 276 275 275 275 275 275 275 275 275 275 275 275 274 274 273 273 273 273 273 273 274 273 273 273 273 273 273 273 232 233 233 234 234 234 234 235 235 235 236 237 238 238 237 238 239 239 240 240 240 240 241 241 241 242 242 242 242 243 243 243 243 243 243 243 243 243 243 244 244 244 244 244 244 245 245 246 246 246 246 246 246 246 246 246 246 246 247 247 248 248 248 248 248 248 248 248 248 248 249 249 249 249 250 250 250 250 250 250 251 251 252 252 252 252 252 252 252 252 252 253 252 252 253 253 253 253 253 253 253 254 255 255 255 255 255 255 255 255 256 256 256 257 257 257 257 257 257 258 258 258 258 258 258 259 259 259 260 260 259 260 260 261 260 260 260 262 261 261 261 261 261 261 261 261 261 262 262 262 262 262 262 262 262 262 263 263 263 264 263 264 264 264 264 264 264 265 265 265 265 265 265 265 266 266 266 266 266 266 266 266 266 267 267 267 267 267 267 267 267 267 267 267 267 267 268 268 268 268 268 268 268 269 269 269 269 269 269 269 269 269 269 270 269 269 270 270 270 270 272 272 272 272 272 272 272 272 272 272 272 272 273 272 273 273 273 273 273 273 273 273 273 273 273 274 274 274 274 274 274 274 274 274 274 274 274 274 274 274 273 273 274 274 274 275 275 275 276 276 276 276 276 276 276 276 276 276 276 275 275 275 276 276 276 276 276 277 277 276 276 276 276 277 277 277 276 277 277 277 277 277 277 277 277 276 276 276 276 276 276 276 276 276 276 276 276 276 276 276 276 276 276 276 276 276 276 277 276 276 276 276 276 276 276 276 276 276 276 276 276 276 276 276 276 275 275 275 276 276 276 275 275 275 275 275 275 275 275 275 275 275 275 275 275 275 275 274 274 274 274 274 274 274 273 273 273 273 273 273 273 273 273 273 273 232 233 233 234 234 234 235 236 236 236 237 237 237 238 238 239 240 239 240 241 241 241 241 242 242 242 242 242 242 243 243 243 244 244 244 244 244 244 244 244 245 245 245 245 245 246 246 246 246 246 246 245 245 246 247 246 247 247 247 247 248 248 248 248 248 249 249 250 250 249 249 250 250 250 250 250 250 251 251 251 252 251 252 252 252 252 252 253 253 253 253 254 254 254 253 254 254 254 254 255 255 256 255 255 256 255 255 255 256 256 257 257 257 257 257 257 258 258 258 258 258 258 258 259 259 260 259 259 259 260 260 261 260 260 261 261 261 261 261 261 261 261 261 261 261 261 261 262 262 262 262 262 263 263 263 263 264 263 264 264 264 264 264 265 265 265 265 265 265 265 266 266 266 266 266 266 266 266 266 266 266 266 266 266 267 267 267 267 267 267 267 267 267 267 268 268 268 268 268 268 268 269 269 269 269 269 269 269 269 269 269 270 269 270 270 270 270 272 272 272 272 272 272 272 272 272 272 272 272 272 273 273 273 273 273 273 273 273 273 273 273 273 274 274 274 274 274 274 274 274 274 274 274 274 274 274 274 274 274 274 274 274 275 275 276 276 276 277 276 276 276 276 276 276 276 276 276 276 276 276 276 276 276 276 276 276 276 276 276 276 276 277 277 277 277 277 277 277 277 277 277 277 277 276 276 276 277 276 277 277 276 276 275 276 276 276 276 275 275 276 275 275 276 276 276 277 276 275 275 276 276 276 276 276 276 276 276 276 276 276 276 275 275 275 275 275 276 276 275 275 275 275 275 275 275 275 275 275 275 275 275 275 275 274 274 274 275 274 274 274 274 274 274 274 273 273 273 273 273 273 273 233 233 235 235 236 235 235 236 237 238 237 238 238 239 239 239 240 240 241 241 241 241 242 242 242 242 243 243 243 244 244 244 244 245 244 244 244 244 245 245 245 245 245 245 245 246 245 245 245 246 247 247 246 247 247 247 247 248 248 249 249 249 249 249 250 250 250 250 250 250 250 250 250 251 250 250 251 251 251 252 252 252 252 253 253 253 254 254 254 254 255 255 254 255 255 255 255 255 255 255 255 256 256 255 255 256 256 256 257 257 257 257 257 257 257 258 258 258 258 258 258 259 259 259 260 260 260 260 261 261 261 261 261 261 261 261 261 261 261 261 261 261 261 261 261 262 262 263 263 263 263 263 263 264 264 264 264 264 264 264 265 265 265 265 265 265 265 266 266 266 266 266 266 266 266 266 266 266 266 266 266 266 267 267 267 267 267 267 267 268 268 268 268 268 268 268 268 268 268 268 269 269 269 269 269 269 269 269 269 269 270 270 270 270 272 272 272 272 272 272 272 272 272 272 272 272 272 272 273 273 273 273 273 273 273 273 273 273 273 274 274 274 274 274 273 273 274 274 274 274 274 274 274 274 274 274 274 274 275 275 275 276 276 276 277 277 277 276 276 276 276 277 277 277 277 277 277 277 277 276 276 276 276 276 276 276 276 276 276 277 276 276 276 277 277 277 277 277 277 277 277 276 276 276 276 277 276 276 276 276 276 276 276 276 275 275 275 275 275 276 276 276 276 276 276 276 276 276 276 276 276 276 276 276 276 276 276 276 275 275 275 275 275 275 275 275 275 275 275 275 275 275 275 275 275 275 275 274 274 274 274 274 275 275 274 274 274 274 274 274 274 274 273 273 273 273 273 273 234 235 235 235 235 236 236 237 238 239 238 239 240 239 239 240 240 241 241 241 241 242 242 242 242 242 243 243 244 244 244 244 245 244 244 244 244 244 245 245 245 245 245 245 245 245 245 246 246 246 247 246 247 247 247 247 248 248 248 248 249 249 250 250 250 250 250 250 250 250 250 250 250 250 250 250 251 251 252 252 253 253 253 254 254 254 254 254 254 254 255 255 255 255 255 255 255 255 255 255 255 256 255 255 256 256 256 256 257 257 257 257 257 257 257 258 258 258 259 259 259 259 259 260 260 261 261 261 261 262 261 260 260 260 261 261 260 261 261 261 261 261 261 261 262 262 263 263 263 263 263 263 263 264 263 264 264 264 264 264 264 265 265 265 265 265 265 265 265 266 266 266 266 266 266 266 266 266 266 266 266 266 267 267 267 267 267 267 268 268 268 268 268 268 268 268 268 268 268 268 269 269 269 269 269 269 269 269 270 270 270 270 270 272 272 272 272 272 272 272 272 272 272 272 272 272 272 273 273 273 273 273 273 273 273 273 273 273 273 273 273 273 273 273 273 274 273 274 274 274 274 274 274 274 274 275 275 275 275 276 276 276 276 276 276 277 277 277 276 276 276 277 277 277 277 277 277 276 276 276 276 276 276 276 276 276 276 276 276 276 276 276 276 277 277 277 277 277 277 277 276 276 276 276 276 276 276 276 275 276 276 276 276 276 275 275 275 275 276 276 276 276 276 276 276 276 276 275 276 276 276 276 276 276 276 276 276 275 275 275 275 275 275 275 275 275 275 275 275 275 275 275 275 275 275 275 275 274 274 275 274 274 274 274 274 274 274 274 273 273 273 273 273 273 273 273 273 234 234 235 235 235 236 236 236 237 237 238 239 239 240 240 240 240 240 240 241 241 241 242 242 241 241 242 242 242 243 243 244 244 244 244 244 245 245 244 244 244 244 244 245 245 245 245 245 246 246 247 247 247 247 247 247 247 247 248 249 249 249 249 250 250 251 251 251 251 251 251 251 251 250 251 251 250 251 251 252 252 253 253 253 254 254 254 254 254 254 254 255 255 255 254 255 255 255 255 255 255 255 256 256 256 256 256 256 256 256 257 257 257 257 257 257 257 258 258 258 259 259 259 259 259 260 260 260 260 261 261 261 260 260 260 260 260 261 262 261 261 261 261 262 262 261 262 263 263 263 263 263 263 263 264 264 264 264 264 264 264 264 264 265 265 265 265 265 265 265 266 266 266 266 266 266 266 266 266 266 266 267 267 267 267 267 267 267 267 267 267 267 268 268 268 268 268 268 268 268 268 268 268 269 269 269 269 269 269 269 270 270 270 270 271 272 272 272 272 272 272 272 272 272 272 272 272 272 272 273 273 273 273 273 273 273 273 273 273 273 273 273 273 273 273 273 273 273 274 274 274 274 274 274 274 274 275 275 275 275 276 276 276 277 277 277 277 277 277 277 277 277 277 277 276 276 276 277 276 276 276 276 276 276 276 277 276 276 276 276 276 276 276 276 276 277 277 277 277 276 276 276 276 275 275 276 276 276 276 276 276 276 276 276 276 275 275 275 275 275 276 276 276 276 276 277 276 276 275 275 276 276 276 276 276 276 275 276 276 275 275 275 275 275 275 275 275 275 275 275 275 275 275 275 275 275 274 274 274 274 274 274 274 274 273 273 274 274 273 273 273 273 273 273 273 273 273 273 234 235 236 236 237 237 237 237 237 238 238 239 240 240 240 240 241 241 241 241 242 241 241 241 242 241 242 242 243 244 244 244 244 244 245 245 245 245 244 244 245 245 245 245 245 246 247 247 247 248 247 247 247 248 248 248 248 249 249 250 250 250 250 251 251 251 251 251 251 252 251 251 251 251 252 251 252 252 253 253 253 253 253 253 254 254 254 254 254 254 255 255 254 255 255 255 255 255 255 256 256 256 256 256 256 256 256 257 257 257 257 257 257 258 258 258 259 259 259 259 259 259 259 259 260 260 261 261 261 261 261 261 261 261 261 262 261 261 261 261 262 262 262 262 263 263 263 263 263 263 263 263 263 263 264 264 264 264 264 264 264 265 265 265 265 265 265 266 266 266 266 266 266 266 266 266 266 266 266 267 267 267 267 267 267 267 267 267 268 268 268 268 268 268 268 268 268 268 268 268 268 269 269 269 269 269 269 269 269 269 270 271 271 272 272 272 272 272 272 272 272 272 272 272 272 272 272 273 273 273 273 273 273 273 273 273 273 273 273 273 274 274 274 274 274 274 274 274 274 274 274 274 274 274 274 274 275 275 275 276 276 276 276 277 277 277 277 277 277 277 277 276 276 276 276 276 277 277 277 277 277 277 277 277 277 277 276 276 276 276 276 276 276 276 276 276 276 276 276 276 276 275 276 276 276 276 276 276 276 276 276 276 276 275 275 275 275 276 276 276 276 276 276 276 276 276 275 276 276 276 276 276 276 275 275 275 275 275 275 275 275 275 275 275 275 275 275 275 275 275 275 275 274 274 274 274 274 274 274 274 274 273 273 273 274 273 273 273 273 273 273 273 273 273 234 234 235 236 236 236 236 236 236 237 238 238 239 240 240 241 241 241 241 241 241 242 241 241 241 241 242 243 243 243 244 244 244 244 244 244 245 245 245 245 245 245 245 246 246 246 246 246 247 247 247 247 247 247 248 248 249 249 249 249 250 250 250 250 250 250 250 250 251 251 252 251 251 252 252 252 252 252 253 253 253 253 253 254 254 254 254 254 254 254 254 254 254 254 255 255 255 255 255 255 256 256 256 256 256 256 256 257 257 257 257 257 258 258 258 259 259 259 259 259 259 259 259 259 260 260 260 261 260 261 261 261 261 261 262 262 262 262 262 262 262 262 262 262 262 263 263 263 263 263 263 263 263 263 263 263 264 264 264 264 264 264 265 265 265 265 265 265 265 266 266 266 266 266 266 266 266 266 266 266 266 267 267 267 267 267 267 267 267 267 267 268 268 268 268 268 268 268 268 268 268 268 269 269 269 269 269 269 269 269 269 271 271 271 272 272 272 272 272 272 272 272 272 272 272 272 272 272 273 273 273 273 273 273 273 273 273 273 274 273 273 273 273 273 273 274 274 273 273 274 274 273 273 273 273 273 274 274 274 274 274 275 275 275 276 276 276 276 276 276 277 276 276 277 277 277 277 277 277 277 277 277 277 277 277 277 277 277 277 276 276 276 275 275 275 276 276 276 276 276 276 275 276 276 276 276 276 276 276 276 275 276 276 276 275 275 275 275 275 275 276 276 276 276 276 276 275 275 276 276 276 276 276 276 275 275 275 275 275 275 275 275 275 275 275 275 275 275 275 275 275 275 274 274 274 274 274 274 274 274 274 273 273 273 273 274 273 273 273 273 273 273 273 273 234 235 235 235 236 236 237 237 238 237 236 237 238 238 239 239 240 241 241 241 241 241 241 241 242 242 243 243 243 243 244 244 244 244 244 244 244 245 245 245 245 246 245 246 245 246 246 246 246 246 246 247 248 248 248 249 249 249 249 250 250 250 250 250 250 250 250 251 251 251 251 251 252 252 252 252 252 252 253 253 253 253 254 254 254 254 254 254 254 254 254 254 254 254 255 255 255 255 255 256 256 256 256 256 256 257 257 257 257 257 258 258 258 258 259 259 259 259 259 259 259 259 259 260 260 260 260 260 260 260 261 261 261 261 261 261 261 262 262 262 262 262 262 262 262 262 262 262 263 263 263 263 263 263 263 263 264 264 264 264 264 265 265 265 265 265 265 265 265 266 266 266 266 266 266 266 266 266 266 266 266 267 267 267 267 267 267 267 267 267 268 268 268 268 268 268 268 268 268 268 268 268 269 269 269 269 269 269 269 269 271 271 271 271 271 272 272 272 272 272 272 272 272 272 272 272 272 272 273 273 273 273 273 273 273 273 273 274 273 273 273 273 273 273 274 273 273 274 274 273 274 274 274 274 274 274 273 274 274 274 275 275 275 276 275 276 276 275 276 277 277 276 276 277 277 277 277 277 277 277 278 278 278 278 278 277 277 277 277 277 276 275 275 275 275 276 276 276 276 276 275 275 276 276 276 276 276 276 276 275 275 275 276 275 275 275 275 275 275 275 276 276 276 276 276 275 275 276 276 276 276 276 276 276 276 275 275 275 275 275 275 275 275 275 275 275 275 275 275 275 275 275 274 274 274 274 274 274 274 274 273 273 273 273 273 273 273 273 273 273 273 273 273 273 234 235 235 236 236 236 236 237 237 236 237 238 237 238 238 239 239 239 240 241 241 240 240 241 241 242 242 242 243 243 244 244 244 244 244 244 244 244 244 245 245 246 246 245 245 246 246 246 246 246 247 247 248 248 247 248 248 249 249 249 249 249 249 250 250 250 251 251 251 251 251 251 252 252 252 252 252 252 253 252 253 253 253 253 254 254 254 255 255 254 254 254 254 255 255 255 255 255 255 256 256 256 256 256 257 257 257 257 257 258 258 258 258 258 258 259 259 259 259 259 259 259 259 260 260 260 260 260 261 261 261 261 261 261 261 261 261 261 261 261 262 262 262 262 262 262 262 263 263 263 263 263 263 263 263 263 264 264 264 264 264 265 265 265 265 265 265 265 265 266 266 266 266 266 266 266 266 266 266 266 266 267 267 267 267 267 267 267 267 268 268 268 268 268 268 268 268 268 268 268 268 268 269 269 269 269 269 269 269 271 271 271 271 271 271 272 271 271 272 272 272 272 272 272 272 272 273 272 273 273 273 273 273 273 273 273 273 273 273 273 273 273 273 273 273 273 274 274 274 273 274 274 275 275 274 274 274 274 274 274 275 275 275 275 275 275 275 276 277 277 276 276 276 277 276 276 277 278 278 278 277 277 278 278 277 277 278 277 277 276 275 275 275 275 276 276 276 276 276 275 275 275 276 276 276 276 276 276 276 275 275 275 276 276 275 275 275 275 275 275 276 276 275 275 275 275 275 276 276 276 276 276 276 276 275 275 275 275 275 275 275 275 275 275 275 275 275 275 275 275 275 274 274 274 274 274 274 274 274 273 273 273 273 273 273 273 273 273 273 273 273 273 273 234 234 235 235 235 236 237 236 236 236 237 238 237 237 238 238 239 240 241 241 240 240 240 241 241 241 242 243 243 243 244 244 244 244 244 244 244 244 245 245 245 245 246 246 246 246 246 246 246 247 247 248 247 247 248 248 249 249 249 249 249 249 250 250 250 250 251 251 251 251 251 252 252 252 252 252 252 252 253 252 253 253 253 253 254 254 254 254 255 254 254 254 254 255 255 255 255 255 256 256 256 256 256 256 257 257 257 257 258 258 258 258 258 258 258 259 259 259 259 259 259 259 260 260 260 260 260 260 261 261 261 261 261 261 261 261 261 261 261 262 262 262 262 262 262 262 262 263 263 263 263 263 263 263 263 263 263 264 264 264 264 264 265 265 265 265 265 265 265 265 266 266 266 266 266 266 266 266 266 266 267 267 267 267 267 267 267 267 267 268 268 268 268 268 268 268 268 268 268 268 268 268 268 269 269 269 269 269 271 271 271 271 271 271 271 271 271 272 272 272 272 272 272 272 272 272 273 272 273 273 273 273 273 273 273 273 273 273 273 273 273 273 273 273 273 274 274 274 273 274 274 274 274 274 274 275 275 275 275 275 275 275 275 275 275 276 276 276 276 276 276 276 276 276 277 277 278 278 278 277 277 277 278 278 278 278 278 277 277 276 275 275 275 276 276 276 276 276 276 275 275 276 276 276 276 276 276 276 276 275 275 275 276 276 276 276 275 275 275 275 275 275 275 275 275 276 276 276 275 276 276 276 276 275 275 275 275 275 275 275 275 275 275 275 275 275 275 275 274 274 274 274 274 274 274 274 274 274 273 273 273 273 273 273 273 273 273 273 273 273 273 273 235 236 236 236 237 237 237 238 238 239 240 241 241 241 241 240 240 241 242 242 243 243 243 244 244 243 244 244 244 244 244 244 245 245 245 246 246 246 246 246 246 246 247 247 247 247 247 248 248 248 249 249 249 249 249 250 250 250 250 251 251 251 251 251 252 252 251 251 252 252 252 252 252 252 253 253 253 253 254 254 254 254 254 255 255 255 254 254 255 255 255 255 256 256 256 256 256 257 257 257 257 258 258 258 258 258 258 258 259 259 258 259 259 259 259 259 260 260 259 260 260 260 260 260 261 261 261 261 261 261 261 261 262 262 262 262 262 262 262 263 263 263 263 263 263 263 263 263 263 263 263 264 264 264 264 265 265 265 265 265 265 265 265 266 266 266 266 266 266 266 266 266 266 266 267 267 267 267 267 267 267 268 268 268 268 268 268 268 268 268 268 268 268 268 268 268 268 269 269 269 269 271 271 271 271 271 271 271 271 271 271 272 272 272 272 272 272 272 272 273 272 273 272 273 273 273 273 273 273 273 273 273 273 273 273 273 273 273 273 274 274 274 274 274 274 274 274 274 274 275 275 275 276 275 275 275 275 275 276 275 276 275 275 276 276 277 276 276 277 277 277 277 277 277 277 277 278 278 278 278 277 277 276 275 275 275 275 276 276 276 276 276 276 276 275 276 276 276 276 276 276 276 275 275 275 276 276 276 275 275 275 275 275 275 275 275 275 275 276 276 276 275 275 275 275 275 275 275 275 275 275 275 275 275 275 275 275 275 275 275 275 274 274 274 274 274 274 274 274 274 274 273 273 273 273 273 273 273 273 273 273 273 273 273 273 274 236 236 236 236 237 238 239 239 239 239 240 241 241 240 240 240 241 242 242 243 242 243 243 243 244 244 244 244 244 244 244 245 245 245 246 246 246 246 246 246 246 247 247 247 247 247 247 248 248 249 249 249 249 249 249 250 250 250 250 251 251 251 251 251 252 252 251 251 252 252 252 252 252 253 253 253 253 253 254 254 254 254 255 255 255 255 254 254 254 255 255 255 255 256 256 256 256 257 257 257 257 257 258 258 258 258 258 258 258 258 259 259 259 259 259 259 259 259 260 260 260 261 260 260 261 261 261 261 261 261 261 262 262 262 262 262 262 262 262 262 263 263 263 263 263 263 263 264 263 263 263 264 264 264 264 265 265 265 265 265 265 265 266 266 266 266 266 266 266 266 266 266 266 266 267 267 267 267 267 267 267 267 267 267 267 267 267 268 268 268 268 268 268 268 268 268 268 268 268 269 271 271 271 271 271 271 271 271 271 271 271 272 272 272 272 272 272 272 272 273 273 273 272 273 273 273 273 273 273 273 273 273 273 273 274 274 274 274 274 274 274 275 274 274 274 274 274 274 275 275 275 275 275 276 276 275 276 276 276 276 276 276 276 276 277 277 277 277 277 277 277 277 277 277 278 278 278 278 278 277 277 276 275 274 275 275 275 276 276 276 276 276 276 276 275 275 275 275 275 276 276 276 275 276 276 275 275 275 275 275 275 275 275 275 275 275 275 275 276 276 276 275 275 275 275 275 275 275 275 275 275 275 275 275 275 275 275 275 274 274 274 274 274 274 274 274 274 274 274 274 273 273 273 273 273 273 273 273 273 273 274 274 274 235 235 236 236 236 237 238 238 238 239 240 240 241 241 240 240 241 241 242 242 243 243 243 243 243 244 244 244 244 244 245 245 245 245 245 245 246 246 246 246 246 246 247 247 247 247 247 248 248 249 249 249 249 249 249 249 250 250 250 251 251 251 251 251 252 252 252 251 251 252 252 252 252 252 253 253 253 253 253 254 254 254 254 255 255 255 255 254 254 255 255 255 255 255 256 256 256 257 257 257 257 257 257 257 257 258 258 258 258 258 259 259 259 259 259 259 259 259 260 260 260 260 260 260 260 260 260 261 261 261 261 261 262 262 262 262 262 262 262 262 262 263 263 263 263 263 264 264 264 263 263 264 264 264 264 264 264 265 265 265 265 265 265 266 266 266 266 266 266 266 266 266 266 267 267 267 267 267 267 267 267 267 267 268 267 268 267 268 268 268 268 268 268 268 268 268 268 268 268 268 270 270 270 271 271 271 271 271 271 271 271 271 272 272 272 272 272 272 272 272 273 273 273 273 273 273 273 273 273 273 273 273 273 273 274 274 274 274 274 274 274 274 274 274 274 275 275 275 275 275 275 275 275 275 276 276 276 276 276 277 277 276 276 276 276 277 277 277 277 277 277 277 277 277 277 277 278 278 277 277 277 277 275 274 275 275 275 276 276 276 276 276 276 276 276 276 275 275 275 276 276 276 276 276 276 276 275 275 275 275 275 275 275 275 275 275 275 276 276 275 276 275 275 275 275 275 275 274 274 275 275 275 275 275 275 275 275 274 274 274 274 274 274 274 274 274 274 274 274 274 273 273 273 273 273 273 273 237 237 237 238 239 239 239 240 241 241 240 240 241 241 242 242 243 243 243 243 243 244 244 244 244 244 244 244 245 245 245 245 246 246 246 247 247 247 247 247 247 247 247 248 248 249 249 249 249 249 249 249 250 250 250 251 250 251 251 251 251 252 251 252 252 252 252 252 252 252 253 253 253 253 254 254 254 255 255 255 255 255 255 255 255 255 255 255 255 255 256 256 256 256 257 257 257 257 257 257 258 258 258 258 258 258 259 259 259 259 259 259 260 259 259 259 260 260 260 260 260 260 261 261 261 261 261 262 262 262 262 262 262 262 262 262 263 263 263 263 263 264 264 264 264 264 264 264 264 264 265 264 264 265 265 265 265 265 265 265 265 266 266 266 266 266 266 266 266 267 267 266 267 267 267 267 267 267 268 268 268 268 268 268 268 268 268 268 268 268 268 268 268 268 268 270 270 271 271 271 271 271 271 271 271 271 271 271 272 272 272 272 272 272 272 272 272 273 273 273 273 273 273 273 273 273 273 273 273 273 273 273 273 273 274 274 274 274 274 274 275 275 275 275 276 276 276 275 276 275 276 276 276 276 277 277 277 277 276 276 277 277 277 277 277 277 277 277 277 277 277 277 277 277 277 277 277 276 275 275 275 275 275 276 276 276 276 276 276 276 276 276 276 275 275 275 275 276 276 276 275 275 275 275 275 275 275 275 275 275 275 275 275 275 275 275 275 275 275 275 275 274 274 274 275 275 275 275 275 275 275 274 274 274 274 274 274 275 274 275 275 274 274 274 274 273 273 273 273 236 237 237 237 237 238 238 238 239 241 240 240 240 241 242 242 243 243 243 243 243 243 243 244 244 244 244 244 244 245 245 245 245 245 246 246 246 246 247 247 247 247 247 247 248 249 249 249 249 249 249 250 250 249 250 250 250 250 251 251 251 251 251 251 251 252 252 252 252 252 252 252 253 253 253 253 254 254 254 255 255 255 255 255 255 255 255 255 255 255 255 256 256 256 257 257 257 257 257 257 257 258 258 258 258 258 258 258 258 259 259 259 259 259 259 259 259 259 260 260 260 260 260 260 261 261 261 261 261 261 262 262 262 262 262 262 262 262 263 263 263 263 263 263 263 263 264 264 264 264 264 265 265 265 265 265 265 265 265 265 265 265 265 265 266 266 266 266 266 267 267 267 267 267 267 267 267 267 267 268 268 268 268 267 268 268 268 268 268 268 269 268 268 268 268 268 270 271 271 271 271 271 271 271 271 271 271 271 271 272 272 272 272 272 272 272 272 272 272 273 273 273 273 273 273 273 273 273 273 273 273 273 273 274 274 273 274 274 274 274 274 275 275 275 276 276 276 276 276 276 276 276 276 276 275 276 276 277 277 277 277 277 277 277 277 277 277 277 277 277 277 277 277 277 277 277 277 277 276 275 274 275 275 276 275 276 276 276 276 276 276 276 276 276 276 275 275 275 276 276 276 276 275 275 275 275 275 275 275 275 275 275 275 275 275 275 275 275 275 275 275 275 274 274 275 275 275 275 275 275 274 274 274 274 274 275 275 275 275 275 275 275 275 274 274 274 273 273 273 273 274 236 237 238 238 237 237 238 239 239 240 240 239 240 241 241 242 242 242 243 243 243 243 243 243 244 244 244 244 244 244 245 245 245 245 246 246 246 246 246 247 247 247 247 247 248 248 249 249 249 249 249 249 249 249 249 249 250 250 250 251 251 251 251 251 251 251 252 252 252 252 252 252 252 253 253 253 253 254 254 254 255 255 255 255 255 255 254 255 255 255 256 256 256 256 257 257 256 256 257 257 257 257 257 258 258 258 258 258 258 258 258 258 258 259 259 259 259 259 259 260 260 260 260 260 261 261 261 261 261 261 261 261 262 262 262 262 262 262 263 263 263 263 263 263 263 263 264 264 264 264 264 264 264 264 265 265 265 265 265 265 265 265 265 265 266 266 266 266 266 266 266 267 267 267 267 267 267 267 267 268 268 268 268 267 267 268 268 268 268 268 268 268 268 268 268 268 270 271 271 271 271 271 271 271 271 271 271 271 271 271 272 271 272 272 272 272 272 272 272 272 272 272 273 273 273 273 273 273 273 273 274 273 273 274 274 273 274 274 274 274 274 274 275 275 275 275 275 275 275 276 276 276 276 276 276 276 276 276 277 277 277 277 277 277 277 277 277 277 277 277 277 277 277 277 277 277 277 276 276 275 275 275 275 275 275 276 276 276 276 276 276 276 276 276 276 276 275 275 275 276 276 276 276 275 275 275 275 275 275 275 275 275 275 275 275 275 275 275 275 275 275 275 275 275 275 275 275 275 275 275 274 274 275 274 275 275 275 275 275 275 275 275 275 274 274 275 273 273 274 274 274 237 238 238 238 238 237 238 239 240 240 239 240 241 240 241 242 242 242 243 243 243 243 243 243 244 244 244 244 244 244 245 245 245 245 246 246 246 246 247 247 247 247 248 248 248 248 248 249 249 249 249 249 249 249 249 250 249 250 250 250 250 251 251 251 251 251 252 252 252 252 252 252 253 253 253 253 253 254 254 254 254 255 255 255 255 255 254 255 255 255 256 256 256 256 257 257 256 256 257 257 257 257 258 258 258 258 258 259 259 259 258 258 258 258 259 259 259 259 260 260 260 261 261 261 261 261 261 261 261 261 262 262 262 262 262 262 263 263 263 263 262 263 263 263 263 264 264 264 264 264 264 264 264 264 265 265 265 265 265 265 265 265 266 266 266 266 266 266 266 266 267 267 267 267 267 267 267 268 267 267 267 267 268 268 268 268 268 268 268 268 268 268 268 268 268 270 270 271 271 271 271 271 271 271 271 271 271 271 271 271 271 272 272 272 272 272 272 272 272 272 272 272 273 273 273 273 273 273 274 274 274 274 274 274 274 274 274 274 274 274 274 275 275 275 275 276 276 276 276 276 276 276 276 276 276 277 276 276 277 277 276 277 277 277 277 277 277 277 277 277 277 277 277 277 276 276 276 275 275 275 275 275 275 275 275 276 276 276 276 276 276 276 276 276 276 276 275 275 275 276 276 276 276 275 275 275 275 275 275 275 275 275 275 275 275 275 275 275 275 275 275 275 275 275 275 275 274 274 274 274 275 275 275 275 275 275 275 275 275 275 275 275 275 275 275 274 274 274 274 225 226 236 237 238 238 238 238 238 238 238 239 239 239 240 240 240 241 242 242 242 242 243 243 243 243 243 243 243 244 244 244 244 244 244 245 245 245 245 246 246 246 247 247 247 248 248 248 248 248 248 249 249 249 249 249 250 250 249 249 250 250 250 250 250 251 251 251 252 252 252 252 252 252 253 253 253 253 253 254 254 254 254 254 255 255 255 255 255 255 255 255 255 255 255 256 256 256 257 256 256 257 257 257 257 257 258 258 258 258 258 258 259 259 259 259 259 259 259 259 259 259 260 260 260 260 261 261 261 261 261 261 261 261 262 262 262 262 262 263 263 263 263 263 262 263 263 263 263 264 264 264 264 264 264 264 264 264 265 265 265 265 265 265 266 266 266 266 266 266 266 266 267 267 267 267 267 267 267 267 268 268 267 267 267 267 267 268 268 268 268 268 268 268 268 268 268 268 270 270 271 271 271 271 271 271 271 271 271 271 271 271 271 271 272 272 272 272 272 272 272 272 272 272 272 272 272 273 273 273 273 273 273 273 273 274 274 274 274 274 274 274 274 274 274 274 275 275 275 275 276 276 276 276 277 276 276 276 277 277 277 277 277 276 276 276 276 276 277 277 277 277 277 277 277 277 276 276 276 276 276 276 275 275 275 275 275 275 276 276 276 276 276 276 276 276 276 276 276 276 275 275 275 276 276 276 276 276 275 275 275 276 275 275 275 275 275 275 275 275 275 275 275 275 275 275 275 275 275 275 274 275 275 275 275 275 275 275 275 275 275 226 228 227 235 235 235 236 237 237 238 238 239 238 238 238 238 239 239 239 240 240 241 242 242 242 242 242 242 243 242 243 243 243 243 243 244 244 245 244 244 245 245 245 246 246 246 246 247 247 247 247 248 248 248 248 248 249 249 249 250 250 250 250 250 250 250 250 250 250 250 251 251 251 252 252 252 252 252 252 253 252 253 253 254 254 254 254 254 255 255 255 255 255 255 255 255 256 256 255 255 255 256 256 256 256 256 256 257 257 257 257 257 257 258 258 258 259 259 260 259 259 259 260 260 260 260 260 260 260 260 260 261 261 261 261 261 261 261 262 262 262 262 262 262 262 262 262 262 262 263 263 263 263 264 264 264 264 264 264 264 264 264 264 265 265 265 265 265 265 265 266 266 266 266 266 266 266 267 267 267 267 267 267 267 267 268 268 267 267 267 267 267 268 268 268 268 268 268 268 268 268 268 270 270 270 271 271 271 271 271 271 271 271 271 271 271 271 271 271 272 272 272 272 272 272 272 272 272 272 272 272 272 272 273 273 273 273 273 273 274 274 274 274 274 275 274 275 275 275 275 275 275 275 275 275 275 276 276 276 276 276 276 276 276 277 277 277 276 276 277 277 277 277 277 277 277 277 277 277 276 276 276 277 277 276 275 275 275 275 275 275 275 275 275 276 276 276 276 276 276 276 276 276 276 276 275 275 275 275 276 276 276 275 275 276 276 276 275 275 275 275 275 275 275 275 275 275 275 275 275 275 275 274 274 274 275 275 275 275 275 275 225 228 229 228 226 226 227 227 227 235 235 235 236 236 236 236 237 238 238 238 238 238 238 238 239 239 239 239 239 240 240 241 242 242 242 242 242 242 243 243 243 244 244 244 244 245 245 245 244 244 244 245 246 246 246 246 246 247 247 247 247 248 248 248 248 248 249 249 249 249 250 250 250 250 250 251 251 251 250 250 250 251 251 252 252 252 252 252 252 252 253 253 253 254 254 254 254 254 254 254 255 255 255 255 255 255 255 255 255 255 256 256 256 256 256 257 257 257 257 257 257 257 258 258 259 259 259 259 259 259 259 260 259 260 260 260 260 260 260 260 260 261 261 261 261 261 261 261 262 261 262 262 262 262 262 262 262 262 263 263 263 263 263 263 264 264 264 264 264 264 264 264 265 265 265 265 265 265 265 266 266 266 266 266 266 266 267 267 267 266 267 267 267 267 267 268 267 267 267 267 267 267 268 268 268 268 268 268 268 268 268 270 270 270 271 271 271 271 271 271 271 271 271 271 271 271 271 271 271 272 272 272 272 272 272 272 272 272 272 273 273 272 272 273 273 273 273 274 274 274 274 274 274 274 274 274 275 275 275 275 276 276 276 276 276 276 276 276 276 276 276 276 276 277 277 277 277 276 276 276 277 277 277 277 277 277 277 277 277 277 277 277 277 276 275 275 275 275 275 275 275 275 275 276 276 276 276 276 276 276 276 276 276 276 275 275 275 275 275 275 275 276 276 276 276 276 275 275 275 275 275 275 275 275 275 275 275 275 275 275 274 274 274 275 275 275 275 275 275 275 225 227 229 229 228 227 229 229 229 228 227 235 236 236 236 236 237 237 237 238 238 238 238 238 237 238 239 239 239 239 239 239 240 241 242 242 242 242 242 243 243 244 244 244 244 244 244 244 244 244 244 244 244 244 245 246 246 246 246 246 247 247 247 247 247 248 248 248 248 248 249 249 249 250 249 249 250 250 250 251 251 251 250 250 251 251 251 251 252 252 252 252 252 252 253 253 253 253 254 254 254 254 254 255 255 255 255 255 255 256 255 256 256 256 256 256 257 257 257 257 257 257 257 258 258 258 258 259 259 259 259 259 259 259 260 259 260 260 260 260 260 260 260 261 261 261 261 261 261 261 261 261 261 262 262 262 262 262 262 262 262 263 263 263 263 263 263 264 264 264 264 264 264 264 264 265 264 264 265 265 265 266 266 266 266 266 266 266 267 267 267 266 266 266 267 267 267 267 267 267 267 267 267 267 267 268 268 268 268 268 268 268 268 270 270 270 270 270 271 271 271 271 271 271 271 271 271 271 271 271 271 272 272 272 272 272 272 272 272 272 272 273 273 273 273 273 274 273 274 274 274 274 274 274 274 274 274 274 275 275 275 275 275 275 276 276 276 276 276 276 276 276 276 276 276 277 277 277 277 276 276 277 277 277 277 277 277 277 277 277 277 277 277 277 276 276 275 275 275 275 275 275 275 275 275 275 276 276 276 276 276 276 276 276 276 276 276 275 275 275 275 275 275 275 276 276 276 276 275 275 275 275 275 275 275 275 275 275 275 275 275 275 274 274 274 275 275 275 275 275 275 275 225 227 228 229 228 228 230 230 230 229 228 228 228 228 234 235 235 235 235 236 236 237 237 237 238 238 238 238 238 238 238 238 239 240 240 240 239 240 240 241 241 242 242 242 243 243 243 244 244 244 244 244 244 244 245 245 245 245 245 245 245 245 246 246 246 246 247 247 247 247 247 248 248 248 248 249 249 249 249 249 250 249 249 250 250 251 251 251 250 251 251 251 252 252 252 252 252 253 253 252 253 253 253 253 254 254 254 254 254 254 255 255 255 255 255 255 255 256 256 256 256 256 257 258 257 257 257 258 258 258 258 258 258 259 258 259 259 258 259 259 259 259 259 260 260 260 260 260 260 261 261 261 261 261 261 261 261 261 261 262 262 262 262 262 262 262 263 263 263 263 263 263 264 264 264 264 264 264 264 264 264 265 265 265 265 265 265 266 266 266 266 267 266 266 266 267 267 266 266 266 266 267 267 267 267 267 267 267 267 267 267 268 268 268 268 268 268 268 270 270 270 270 270 271 271 271 271 271 271 271 271 271 271 271 271 271 272 272 272 272 272 272 272 272 272 272 272 272 272 273 273 274 274 274 273 273 274 274 274 274 273 274 274 274 274 275 275 275 275 276 276 276 276 276 276 276 277 277 277 277 277 277 277 277 277 276 277 277 277 277 277 277 277 277 277 277 277 276 276 276 276 276 275 275 275 275 275 275 275 275 275 275 276 276 276 276 276 276 276 276 275 275 275 275 275 275 275 275 275 276 276 276 276 275 275 275 275 275 275 275 275 275 275 275 275 275 275 275 275 275 275 275 274 275 275 275 275 226 227 228 228 229 230 231 231 230 230 230 230 229 228 234 234 234 235 235 235 235 236 236 236 237 236 237 238 238 238 238 238 238 239 239 240 240 239 240 240 240 241 241 242 242 242 243 243 243 243 243 243 243 243 244 244 244 245 245 245 245 245 245 245 245 246 246 246 247 247 247 247 247 248 248 248 248 248 248 249 249 249 250 250 250 249 250 250 250 251 251 250 250 251 252 252 252 252 252 252 252 253 252 253 253 253 253 254 254 254 254 254 255 255 255 255 255 255 255 256 255 256 256 256 256 257 258 257 258 258 258 258 258 258 258 258 258 259 259 259 258 259 259 259 259 259 259 260 260 260 260 260 261 261 261 261 261 261 261 261 261 262 262 262 262 262 262 262 262 262 263 263 263 263 263 263 264 264 264 264 264 264 264 265 265 265 265 265 265 266 266 266 266 266 266 266 266 266 266 266 266 266 266 267 267 267 267 267 267 267 267 267 267 268 268 268 268 268 268 268 270 270 270 270 270 270 271 271 271 271 271 271 271 271 271 271 271 271 271 272 272 272 272 272 272 272 272 272 272 272 272 273 273 273 273 273 273 274 274 273 274 273 273 274 274 274 274 275 275 275 275 275 275 276 276 276 276 276 276 277 277 277 277 277 277 277 277 277 276 277 277 277 277 277 277 277 276 276 276 276 276 276 275 275 275 275 275 275 275 275 275 275 275 276 276 276 276 275 276 276 276 276 276 276 275 275 275 275 275 275 276 276 276 276 275 275 275 275 275 275 275 275 275 275 275 275 275 275 275 275 275 275 275 274 275 275 275 275 275 275 227 228 228 229 230 230 230 230 230 230 230 229 229 229 229 229 234 234 235 235 235 235 235 236 236 236 236 236 237 238 238 238 237 238 239 239 240 240 240 239 240 241 241 241 241 242 242 242 242 242 242 242 242 243 243 243 243 243 244 244 244 245 245 246 246 246 245 245 245 246 246 247 247 247 247 247 247 248 248 248 248 248 249 249 249 250 250 250 250 250 250 250 250 250 250 251 252 252 252 252 252 252 252 252 253 253 253 253 253 254 254 254 254 254 254 255 255 255 255 255 255 255 255 256 256 256 256 257 257 257 257 257 258 258 258 258 258 258 258 258 258 258 258 258 259 259 259 259 259 260 260 260 260 260 261 261 261 261 261 261 261 261 261 262 262 262 262 262 262 262 262 263 263 263 263 263 263 263 264 264 264 264 264 264 264 264 265 265 265 265 265 265 266 266 266 266 266 266 266 266 266 266 266 266 266 266 267 267 267 267 267 267 267 267 267 267 268 268 268 268 268 268 270 270 270 270 270 270 270 270 271 271 271 271 271 271 271 271 271 271 271 272 272 272 272 272 272 272 272 272 272 272 272 273 273 273 273 273 273 273 273 273 273 273 273 274 274 274 274 275 275 275 276 276 276 276 276 276 276 276 276 276 276 276 276 277 277 277 276 276 276 276 276 277 276 276 277 277 277 276 276 275 276 276 275 275 275 275 275 275 275 275 275 275 275 275 276 276 276 276 275 275 276 276 276 276 276 276 275 276 275 275 275 276 276 276 275 275 275 275 275 275 275 275 275 275 275 275 275 275 275 275 275 275 274 275 275 275 275 275 275 226 228 229 229 229 230 230 230 231 230 229 229 229 230 231 231 230 231 231 231 230 230 230 231 231 231 231 231 231 232 232 232 233 233 234 234 235 235 235 235 235 235 235 236 236 237 237 237 238 237 237 238 238 239 239 239 240 240 240 240 241 241 242 242 242 242 242 242 242 242 242 242 243 243 243 243 244 244 244 244 245 245 246 246 246 246 246 246 246 247 247 247 247 247 247 248 248 248 248 248 249 249 249 250 250 250 250 250 250 250 250 250 250 251 251 251 252 252 252 252 252 252 252 253 253 253 253 254 254 254 254 254 255 255 255 255 255 255 255 255 256 256 256 256 256 256 256 257 257 257 257 258 259 258 258 258 258 258 258 258 258 259 258 259 259 259 259 260 260 260 260 260 260 261 261 261 261 261 261 261 261 261 262 262 262 262 262 262 262 263 263 263 263 263 263 263 264 264 264 264 264 264 264 264 264 264 264 265 265 265 265 266 266 266 266 266 266 266 266 266 266 266 266 266 266 266 267 267 267 267 267 267 267 267 267 268 268 268 268 268 270 270 270 270 270 270 270 270 270 271 271 271 271 271 271 271 271 271 271 271 271 272 272 272 272 272 272 272 272 272 272 272 273 273 273 272 273 273 273 273 273 273 273 274 274 274 275 275 275 275 275 276 276 276 276 276 276 276 276 276 276 276 277 277 277 276 276 276 276 276 277 276 276 276 276 276 276 276 276 276 275 275 275 275 275 275 275 276 275 275 275 275 275 275 276 276 276 276 276 275 276 276 276 276 276 276 275 275 276 275 275 276 276 275 275 275 275 275 275 275 275 275 275 275 275 275 275 275 275 275 275 275 275 275 275 275 275 275 275 228 229 229 229 229 230 230 230 229 229 229 230 230 231 232 232 232 232 232 232 231 232 232 233 232 232 232 232 232 233 233 234 234 234 234 235 235 235 235 235 235 236 236 237 237 237 237 238 238 238 238 238 239 239 239 239 240 240 241 241 242 242 242 242 242 242 242 242 243 242 243 243 243 244 244 244 244 244 245 245 245 246 246 246 246 246 246 246 247 247 247 247 248 248 248 248 248 248 249 249 249 249 250 250 250 250 251 250 250 250 250 250 250 251 251 252 252 252 252 253 253 253 253 253 253 254 254 254 254 254 255 255 255 255 255 255 255 255 256 256 256 256 256 256 257 256 257 257 257 258 258 258 259 259 258 258 258 259 259 259 259 259 259 259 259 259 260 260 260 260 260 260 261 261 261 261 261 261 261 261 261 262 262 262 262 262 262 263 263 263 263 263 263 263 263 264 264 264 264 264 264 264 264 264 264 264 265 265 265 265 266 266 266 266 266 266 266 266 266 266 266 266 266 266 266 267 267 267 267 267 267 267 267 268 268 268 268 268 270 270 270 270 270 270 270 270 270 270 271 271 271 271 271 271 271 271 271 271 271 271 271 272 272 272 272 272 272 272 272 273 273 272 272 273 273 274 273 273 273 273 273 273 273 274 274 275 275 275 275 275 276 276 276 276 276 276 276 276 276 276 276 276 276 276 275 275 276 276 276 276 276 275 275 276 276 276 276 276 275 275 275 275 275 275 275 276 276 275 275 275 275 275 276 275 276 275 275 275 276 276 276 276 276 276 276 275 275 275 275 275 276 276 275 275 275 275 275 275 275 275 275 275 275 275 275 275 275 275 275 275 275 275 275 275 275 275 275 228 229 229 230 230 229 229 229 229 229 229 230 231 232 232 233 233 233 233 233 233 234 234 234 234 233 233 233 233 233 234 234 234 234 234 235 236 235 235 235 235 236 236 236 237 237 237 238 238 238 238 238 239 239 239 240 240 240 241 242 242 242 242 242 242 242 242 243 243 243 243 243 243 244 244 244 244 245 245 245 245 245 246 246 246 245 246 246 247 247 247 247 248 247 248 248 248 249 249 249 249 249 249 250 250 250 250 251 250 250 250 250 251 251 251 252 252 252 252 253 253 253 253 253 253 253 254 254 254 254 254 255 255 255 255 255 255 255 256 256 256 256 256 257 256 257 257 257 258 258 258 258 258 259 258 259 259 259 259 259 259 259 259 259 259 260 260 260 260 260 260 261 261 261 261 261 261 261 261 261 261 262 262 262 262 262 263 263 263 263 263 263 263 263 264 264 264 264 265 265 265 264 264 264 264 265 265 265 265 265 265 266 266 266 266 266 266 266 266 266 266 266 266 266 267 267 267 267 267 267 267 267 267 267 267 268 268 270 269 270 270 270 270 270 270 270 270 270 271 271 271 271 271 271 271 271 271 271 271 271 271 272 272 272 272 272 272 272 272 272 272 273 273 273 274 273 274 273 273 274 274 274 274 274 275 275 275 275 275 275 275 276 276 276 276 276 276 276 276 276 276 276 275 275 276 276 276 276 276 275 275 275 276 276 276 276 275 275 275 275 275 275 275 275 275 275 275 275 275 275 275 275 275 275 276 276 275 275 276 276 275 276 276 276 275 275 275 275 275 275 275 275 275 275 275 275 275 275 275 275 275 275 275 275 275 275 275 275 275 275 275 275 275 275 275 275 228 229 230 231 231 230 229 229 229 229 230 231 232 233 233 233 233 233 234 234 234 234 234 234 234 234 234 234 234 234 233 234 235 234 235 235 235 235 235 236 236 236 237 237 237 237 237 238 238 238 239 239 239 239 239 239 240 240 241 242 242 242 242 242 242 242 242 242 243 243 243 243 243 244 244 244 244 245 245 245 245 245 246 245 245 246 246 247 247 247 247 247 247 248 248 248 249 248 248 249 250 249 249 249 250 250 250 250 250 250 251 251 251 251 251 252 252 252 252 253 253 253 253 253 253 254 254 254 254 254 255 255 255 255 255 255 255 256 256 256 256 256 256 256 257 257 257 257 257 258 258 258 258 258 259 259 259 259 259 259 259 259 259 259 260 260 260 260 260 260 261 261 261 261 261 261 261 261 261 261 262 262 262 262 262 263 263 263 263 263 263 263 263 263 264 264 264 264 265 265 264 264 264 264 265 265 265 265 265 265 265 265 266 266 266 266 266 266 266 266 266 266 266 266 267 267 267 267 267 267 267 267 267 268 268 268 269 269 270 270 270 270 270 270 270 270 270 271 271 271 271 271 271 271 271 271 271 271 272 272 272 272 272 272 272 272 272 272 272 272 272 273 273 273 274 274 274 274 274 274 274 274 274 274 274 275 275 275 275 275 275 276 276 276 276 276 276 276 276 275 275 275 275 276 276 276 276 276 275 275 275 276 276 275 275 275 275 275 274 275 275 275 275 275 275 275 275 275 275 275 275 275 275 275 275 275 275 275 275 275 275 275 275 275 275 275 275 275 275 275 275 275 275 275 275 275 275 275 275 275 275 275 275 275 275 275 275 275 275 275 275 275 275 229 230 231 231 231 230 231 230 230 231 231 232 233 233 233 233 233 234 234 234 234 235 235 235 234 234 234 234 233 234 234 235 235 235 235 234 235 236 236 236 236 236 236 237 237 238 237 238 238 239 239 239 239 239 240 240 241 241 242 242 242 242 242 242 242 242 242 242 243 243 243 243 243 244 244 244 245 245 245 245 245 245 245 245 246 246 246 247 247 247 247 247 247 248 248 248 248 248 248 249 249 249 250 250 250 250 251 251 250 250 250 250 251 251 252 252 252 252 252 253 253 253 253 253 254 254 254 254 254 254 255 255 255 255 255 255 256 256 256 256 256 256 256 257 257 257 257 257 257 257 258 258 258 258 258 259 259 259 259 259 259 259 259 259 260 260 260 260 260 260 261 261 260 260 261 261 261 261 261 261 261 262 262 262 262 263 263 263 263 263 263 263 263 263 263 264 264 265 265 264 264 264 264 265 265 265 265 265 265 265 265 266 266 266 266 266 266 266 266 266 266 266 266 266 267 267 267 267 267 267 267 267 267 267 267 269 270 270 270 270 270 270 270 270 270 270 271 271 271 271 271 271 271 271 271 271 271 271 271 272 272 272 272 272 272 272 272 272 272 272 273 273 273 273 273 274 273 273 274 274 274 274 274 274 275 275 275 275 275 276 276 276 276 276 276 275 275 275 275 275 276 276 276 276 276 275 275 275 275 275 275 275 275 275 275 275 275 274 275 275 275 275 275 275 275 275 275 275 275 275 275 275 275 275 275 275 275 275 275 275 275 275 275 275 275 275 275 275 275 275 275 275 275 275 275 275 275 275 275 275 275 275 275 275 275 275 275 275 275 275 275 275 231 231 231 230 230 231 231 231 231 231 232 233 233 233 233 234 234 234 234 235 235 235 235 235 234 234 235 235 236 236 235 236 236 235 235 235 235 236 236 236 236 236 237 238 238 238 238 239 239 239 239 239 240 240 240 241 241 241 241 242 242 242 242 242 242 242 242 243 243 243 243 244 244 244 244 244 244 245 245 246 246 245 245 246 246 247 247 247 247 247 247 248 248 248 248 248 248 248 248 248 248 250 250 250 250 250 251 251 250 249 250 251 251 252 252 252 252 252 252 253 253 253 253 253 254 254 254 254 255 255 255 255 255 255 255 255 255 256 256 256 256 256 257 257 257 257 257 257 257 257 258 258 258 258 258 258 259 259 259 259 259 259 259 260 260 260 260 260 260 260 260 260 260 260 261 261 261 261 261 261 262 262 262 262 262 263 263 263 263 263 263 263 263 263 264 264 265 264 264 264 264 264 264 265 265 265 265 265 265 265 265 266 266 266 266 266 266 266 266 266 266 267 267 267 267 267 267 267 267 267 267 267 267 267 269 270 270 270 270 270 270 269 270 270 270 271 271 271 271 271 271 271 271 271 271 271 272 272 272 272 272 272 272 272 272 272 272 272 272 272 273 273 273 273 273 273 274 274 274 274 274 274 274 275 275 275 275 275 276 276 276 276 276 276 275 275 274 275 275 276 276 276 276 275 275 275 275 275 275 275 275 275 275 275 275 275 275 275 275 275 275 275 275 275 275 275 275 275 275 275 275 275 275 275 275 276 276 276 275 275 275 275 275 275 275 275 275 275 275 275 275 275 275 275 275 275 275 275 275 275 275 275 275 275 275 275 275 275 275 275 275 231 231 231 231 231 231 231 231 231 231 232 232 233 233 233 234 234 234 235 235 235 235 235 235 235 235 235 236 236 236 236 236 237 237 236 235 235 236 237 237 238 238 238 239 239 239 239 239 240 240 240 240 240 240 240 240 240 241 241 241 242 242 243 243 243 243 242 243 243 243 244 244 244 244 244 244 244 245 245 245 246 246 246 246 246 246 246 247 247 248 248 248 248 248 249 248 249 249 248 248 248 249 249 249 249 249 249 249 250 250 250 251 251 251 251 251 252 252 252 252 253 253 253 253 254 254 254 254 254 254 255 255 255 255 255 255 255 256 256 256 256 256 257 257 257 257 257 257 257 258 258 258 258 258 258 258 258 259 259 259 259 260 260 260 260 260 260 260 260 260 260 260 260 260 260 261 261 261 261 261 261 262 262 262 262 263 263 263 263 263 263 264 264 263 263 264 264 264 264 264 264 264 264 264 265 265 265 265 265 265 265 265 266 266 266 266 266 266 266 266 266 266 267 267 267 267 267 267 267 267 267 267 267 267 269 269 269 270 270 270 269 269 269 270 270 271 271 271 271 271 271 271 271 271 271 271 271 272 272 272 272 272 272 272 272 272 272 272 272 272 273 273 273 274 273 273 273 274 274 274 273 273 274 274 275 275 275 275 275 276 276 276 276 276 275 275 274 274 275 275 276 275 275 275 275 275 275 275 275 275 275 275 275 275 275 275 275 275 275 275 275 275 275 275 275 275 275 275 275 275 275 275 275 275 275 276 276 276 275 275 275 276 275 275 275 275 275 275 275 275 275 275 275 275 275 275 275 275 275 275 275 275 275 275 275 275 275 275 275 275 275 230 231 230 230 231 231 232 232 232 231 232 232 232 233 234 234 234 235 235 235 235 235 236 236 235 235 236 236 237 237 237 237 237 237 236 236 237 237 238 238 239 239 239 239 239 239 240 240 240 240 240 240 240 240 240 240 241 241 241 242 242 242 242 242 243 243 243 243 243 243 244 244 244 244 244 244 245 245 245 246 245 246 246 246 246 247 247 247 248 248 248 248 248 248 248 248 248 248 248 248 248 248 249 249 249 249 249 250 252 252 251 251 251 251 251 251 252 252 252 252 253 253 253 253 254 254 254 254 254 254 255 255 255 255 255 255 255 256 256 256 256 256 256 257 257 257 257 257 258 258 258 258 258 258 258 258 259 259 259 259 259 259 259 259 260 259 260 260 260 260 260 260 260 260 261 261 261 261 261 261 262 262 262 262 262 263 263 263 263 264 264 263 263 264 264 264 265 264 264 264 264 264 264 264 265 265 265 265 265 265 265 266 266 266 266 266 266 266 266 266 266 266 267 267 267 267 267 267 267 267 267 267 267 269 269 269 270 270 270 269 269 269 270 270 271 271 271 271 271 271 271 271 271 271 271 271 272 272 272 272 272 272 272 272 272 272 272 272 272 273 273 273 273 273 273 273 274 274 274 273 273 273 274 274 275 275 275 275 275 276 276 276 276 276 276 275 274 274 275 275 275 274 274 275 275 275 275 275 275 275 275 275 275 275 275 275 275 275 275 275 275 275 275 275 275 275 275 275 275 275 275 275 275 275 275 276 276 276 276 275 275 275 275 275 275 275 275 275 275 274 275 275 275 275 275 275 275 275 275 275 275 275 275 275 275 275 275 275 275 275 230 230 230 231 231 231 232 232 232 232 232 232 233 234 234 234 235 235 235 235 235 235 236 236 236 236 237 237 237 237 237 237 237 237 237 237 238 238 238 239 239 239 239 239 239 240 240 240 240 240 240 240 240 240 240 240 241 242 242 241 241 242 243 243 243 243 243 243 243 244 244 244 244 244 244 244 245 245 245 246 245 245 246 246 246 247 247 247 248 248 248 249 249 249 248 248 248 248 249 249 249 250 250 250 249 249 250 251 251 251 251 251 251 251 251 251 252 252 252 252 253 253 253 253 254 254 254 254 254 255 255 255 255 255 255 256 256 256 256 256 256 256 257 257 257 257 257 257 258 258 258 258 258 258 258 259 259 259 259 259 259 259 259 259 259 259 260 259 260 260 260 260 260 260 261 261 261 261 261 261 261 262 262 262 262 262 263 263 264 263 263 264 264 264 264 264 264 264 264 264 264 264 264 265 265 265 265 265 265 265 265 266 266 266 266 266 266 266 266 266 266 266 267 267 267 267 267 267 267 267 267 267 269 269 270 270 270 269 269 269 269 270 270 270 271 271 271 271 271 271 271 271 271 271 271 272 272 272 272 272 272 272 272 272 272 272 272 272 272 272 272 273 273 273 273 273 274 273 273 273 274 274 274 274 275 275 275 275 275 276 276 276 276 276 276 275 275 274 274 275 275 274 274 274 275 275 275 275 275 275 275 275 275 275 275 275 275 275 275 275 275 275 275 275 275 275 275 275 276 275 275 275 275 275 275 276 276 276 276 275 275 275 275 275 275 275 275 275 275 275 275 275 275 275 275 275 275 275 275 275 275 275 275 275 275 275 275 275 275 230 230 231 231 231 231 231 231 232 232 232 232 233 234 234 234 235 235 235 235 235 236 236 236 236 236 236 237 237 237 237 237 237 238 237 238 238 238 238 238 238 239 239 239 239 240 240 240 240 240 240 240 240 240 240 240 241 242 241 241 242 242 242 243 243 243 243 243 243 243 244 244 244 244 244 245 245 245 245 246 246 246 246 246 247 247 247 247 247 248 248 248 248 248 247 248 249 249 249 249 250 250 250 250 249 250 250 250 251 251 251 251 252 252 252 252 252 252 252 253 253 253 253 253 254 254 254 254 255 255 255 255 255 255 256 256 256 256 256 256 256 257 257 257 257 257 257 258 258 258 258 258 258 258 258 259 259 259 259 259 259 259 259 259 259 260 260 259 259 260 260 260 260 261 261 261 261 261 261 261 262 262 262 263 263 263 263 264 263 263 264 264 264 264 264 264 265 264 264 264 264 264 264 265 265 265 265 265 265 265 265 265 266 266 266 266 266 266 266 266 266 266 266 267 267 267 267 267 267 267 267 269 269 270 270 270 270 269 269 269 270 270 270 271 271 271 271 271 271 271 271 271 271 271 272 272 272 272 272 272 272 272 272 272 272 272 272 272 272 272 272 272 273 273 274 273 273 273 273 274 274 274 275 275 274 274 275 275 275 275 275 276 276 276 275 275 275 274 274 274 275 274 274 275 275 275 275 275 275 275 275 275 275 275 275 275 275 275 275 275 275 275 275 275 275 275 275 276 276 275 275 275 275 275 276 276 276 276 275 275 275 275 275 275 275 275 275 275 275 275 275 275 275 275 275 275 275 275 275 275 275 275 275 275 275 275 275 275 230 230 231 231 231 231 231 232 232 232 232 233 234 234 234 235 235 235 235 235 235 236 236 236 236 236 236 236 237 237 237 237 237 237 237 238 238 238 238 238 238 238 238 239 239 240 240 240 240 241 241 241 241 241 241 240 241 241 241 241 242 242 242 243 243 243 243 243 243 244 244 244 244 244 244 245 245 245 245 246 246 246 246 246 246 247 247 247 247 247 247 247 247 247 248 248 248 249 249 249 249 250 250 250 250 250 251 251 251 251 252 252 252 252 252 252 252 252 253 253 253 253 253 253 254 254 254 254 255 255 255 255 255 256 256 256 256 256 256 256 256 257 257 257 257 257 257 258 258 258 258 258 258 258 259 259 259 259 260 260 260 260 260 260 260 260 259 259 260 260 260 260 260 261 261 261 261 261 261 262 262 262 262 263 263 263 263 264 264 264 264 264 264 264 264 265 265 264 264 265 265 264 265 265 265 265 265 265 265 265 265 265 266 266 266 266 266 266 266 266 266 267 267 266 266 267 267 267 267 267 269 270 270 269 269 269 269 269 269 270 270 270 271 271 271 271 271 271 271 271 271 271 271 271 272 272 272 272 272 272 272 272 272 272 272 272 272 272 272 272 273 273 273 273 273 273 274 274 273 274 274 275 275 275 274 274 275 275 275 275 275 276 275 275 275 275 275 275 274 274 274 274 274 274 275 275 275 275 275 275 275 275 275 275 275 275 275 275 275 275 275 276 275 275 275 275 276 276 275 275 275 275 275 276 276 275 275 275 275 275 275 275 275 275 275 275 275 275 275 275 275 275 275 275 275 275 275 275 275 275 275 275 275 275 275 275 231 231 232 232 232 232 232 232 232 232 232 233 234 235 235 235 235 235 235 235 235 235 235 236 236 236 236 236 237 237 237 237 237 237 237 238 238 237 237 238 238 238 239 239 239 240 240 240 240 240 241 241 241 241 241 241 240 241 241 241 241 242 242 242 243 243 243 243 244 244 244 244 244 244 245 245 245 245 246 246 246 246 246 246 247 247 247 247 247 247 247 247 248 248 248 248 248 248 249 249 249 250 250 250 250 250 251 251 251 251 252 252 252 252 252 252 252 252 252 253 253 253 253 253 254 254 254 254 255 255 255 255 255 256 256 256 256 256 256 257 257 257 257 257 257 257 257 258 258 258 258 258 258 258 259 259 259 260 260 260 260 260 260 260 259 259 259 259 260 260 260 261 261 261 261 261 261 261 262 262 263 263 263 263 263 263 264 264 264 264 264 264 264 264 264 265 265 265 265 265 265 265 265 265 265 265 265 265 265 265 265 266 266 266 266 266 266 266 266 266 266 266 266 267 267 267 267 267 267 269 270 270 269 269 269 269 269 269 269 270 270 270 271 271 271 271 271 271 271 271 271 271 271 271 272 272 272 272 272 272 272 272 272 272 272 272 272 272 272 272 272 273 273 273 273 273 274 273 274 274 274 275 275 274 274 275 275 275 275 275 275 275 275 275 275 275 275 275 274 274 274 274 274 275 275 275 274 274 275 275 275 275 275 275 275 275 275 275 275 275 275 276 276 275 276 276 275 275 275 275 276 276 276 276 275 275 275 275 275 275 275 275 275 275 275 275 275 275 275 275 275 275 275 275 275 275 275 275 275 275 275 275 275 275 275 231 231 231 232 232 232 232 232 233 233 233 233 234 235 235 235 235 235 235 235 235 235 235 235 236 236 236 236 236 237 237 238 237 238 238 238 238 238 238 238 238 239 239 239 239 239 239 240 240 240 241 241 241 241 241 240 240 241 241 241 241 242 242 242 242 242 243 244 244 244 244 244 244 244 245 245 245 246 246 246 246 246 246 247 247 247 247 247 247 247 248 248 248 248 248 248 248 248 249 249 249 250 250 250 250 251 251 251 251 251 252 252 252 252 252 252 252 252 253 253 253 253 253 254 254 254 254 254 255 255 255 255 255 256 256 256 256 256 257 257 257 257 257 257 257 257 258 258 258 258 258 258 258 259 259 259 259 259 260 260 260 260 259 260 259 259 259 259 260 260 260 260 260 261 261 261 261 261 262 262 262 262 263 263 263 263 264 264 264 264 264 264 264 264 265 265 265 265 265 265 265 265 265 265 265 265 265 265 265 265 265 266 266 266 266 266 266 266 266 266 266 266 266 266 267 267 267 267 269 269 270 269 269 269 269 269 269 269 270 270 270 271 271 271 271 271 271 271 271 271 271 271 271 272 272 272 272 272 272 272 272 272 272 272 272 272 272 272 272 272 272 272 273 273 273 273 273 273 274 274 274 274 274 274 275 275 275 275 275 275 275 275 275 275 275 275 275 275 274 274 274 274 274 274 275 275 275 275 275 275 275 275 275 275 275 275 275 275 275 275 275 276 276 276 276 275 275 275 276 276 276 276 276 276 275 275 275 275 275 275 275 275 275 275 275 275 275 275 275 275 275 275 275 275 275 274 275 275 275 275 275 275 275 275 231 231 231 231 231 231 232 233 233 233 234 234 235 235 234 235 235 235 236 235 235 235 236 236 236 236 237 236 237 237 237 237 238 238 238 238 238 238 238 238 238 239 239 239 239 239 239 239 240 240 240 240 241 241 241 241 242 242 241 241 241 242 242 242 242 242 243 244 244 244 244 244 244 245 245 245 245 246 246 246 246 246 247 247 247 247 247 247 248 248 248 248 248 248 248 248 248 249 249 249 249 250 250 250 250 251 251 251 251 251 252 252 252 252 252 252 252 252 253 253 253 253 253 254 254 254 254 255 255 255 255 255 255 256 256 256 256 256 257 257 257 257 257 257 258 258 258 258 258 258 258 258 258 259 259 259 259 260 260 260 260 260 260 260 259 259 259 260 260 260 260 261 261 261 261 261 261 261 262 263 262 262 263 263 263 263 264 264 264 264 264 264 265 265 265 265 265 265 265 265 265 265 265 265 265 265 265 265 265 265 265 266 266 266 266 266 266 266 266 266 266 266 267 267 267 267 267 269 270 269 269 269 269 269 269 269 269 270 270 270 271 271 271 271 271 271 271 271 271 271 271 271 272 272 272 272 272 272 272 272 272 272 273 272 272 272 272 272 273 273 273 273 273 273 273 273 273 273 274 274 274 274 274 274 274 274 274 275 275 275 275 275 275 275 275 275 275 275 274 274 274 274 274 274 275 275 275 275 275 275 275 275 275 275 275 275 275 275 275 275 275 275 276 276 275 275 276 276 276 276 276 276 276 275 275 275 275 275 275 275 275 275 275 275 275 275 275 275 275 275 275 274 275 275 274 274 275 275 275 275 275 275 231 232 232 231 231 232 232 233 233 233 234 234 235 235 235 234 234 235 235 235 235 235 235 236 236 237 236 237 237 237 238 238 238 238 238 238 238 238 238 238 239 239 239 239 240 239 240 240 240 241 241 241 241 242 242 242 242 242 241 241 242 241 242 242 242 242 243 244 244 244 244 245 245 245 245 245 245 246 246 246 246 247 247 247 247 247 247 247 248 248 249 248 248 248 248 248 249 249 249 249 250 250 250 250 250 251 251 251 251 251 252 252 252 252 252 253 253 252 252 253 253 253 253 254 254 254 254 255 255 255 255 255 256 256 256 256 256 257 257 257 257 257 257 257 258 258 258 258 258 258 258 258 259 259 259 259 259 260 260 260 260 260 259 259 259 259 260 260 260 260 260 260 260 261 261 261 261 262 263 262 262 262 262 263 263 263 264 264 264 264 264 265 265 265 265 265 265 265 265 265 265 265 265 265 265 265 265 265 265 265 265 266 266 266 266 266 266 266 266 266 266 266 267 267 267 268 270 270 269 269 269 269 269 269 269 269 270 270 270 270 271 271 271 271 271 271 271 271 271 271 271 272 272 272 272 272 272 272 272 272 272 273 273 272 272 272 273 273 273 273 273 273 273 273 273 273 274 274 274 274 274 274 274 274 274 274 274 274 274 274 275 275 275 275 275 274 274 274 274 274 274 274 274 275 275 275 275 275 275 275 275 275 275 275 275 275 275 275 275 275 275 276 276 276 275 276 276 276 275 275 275 275 275 275 275 275 275 275 275 275 275 275 275 275 275 275 275 275 275 275 275 275 275 274 274 275 275 275 275 276 275 231 231 231 231 232 233 233 233 234 234 234 234 234 234 234 234 234 234 235 235 235 235 236 236 236 236 236 237 237 237 238 238 238 239 238 238 238 239 239 239 239 239 239 239 239 240 240 241 241 241 241 241 242 242 242 242 242 241 242 242 242 243 243 242 242 242 243 244 244 244 245 245 245 245 245 245 246 246 246 246 246 247 247 247 247 247 247 247 248 248 249 249 248 248 248 249 249 249 249 250 250 250 250 250 250 251 251 251 251 251 252 252 252 253 253 253 253 253 252 253 253 253 254 254 254 254 254 255 255 255 255 255 256 256 256 256 256 257 257 257 257 257 257 258 258 258 258 258 258 258 258 258 259 259 259 259 259 260 260 260 260 259 259 259 259 259 260 260 260 260 260 260 260 260 261 261 262 263 263 262 262 263 263 263 263 264 264 264 264 264 265 265 265 265 265 265 265 264 265 265 265 265 265 265 265 265 265 265 265 265 266 266 266 266 266 266 266 266 267 266 266 267 267 267 268 270 270 269 269 269 269 269 269 269 269 270 270 270 270 271 271 271 271 271 271 271 271 271 271 271 272 272 272 272 272 272 272 272 272 272 272 273 273 273 273 273 273 273 273 274 274 274 273 273 274 274 274 274 274 274 274 274 274 274 274 274 274 274 274 275 274 274 274 274 274 274 274 274 274 274 274 274 275 275 275 275 275 275 275 275 275 275 275 275 275 275 275 275 275 276 276 276 276 275 275 276 276 275 276 275 275 275 275 275 275 275 275 275 275 275 275 275 275 275 275 275 275 275 275 275 274 274 274 275 275 275 275 275 275 231 231 231 231 231 232 232 232 232 233 233 233 233 233 234 233 234 234 235 235 236 236 236 236 236 236 236 236 237 237 238 238 238 238 238 238 238 239 239 239 239 239 239 239 240 240 240 240 241 241 241 242 242 242 242 242 242 242 242 242 242 242 242 242 242 242 242 243 244 244 245 245 245 245 245 245 246 246 246 246 246 247 247 247 247 247 247 247 248 248 248 249 249 248 248 248 249 249 249 249 249 249 250 250 250 250 251 251 251 251 251 252 252 253 253 253 253 253 253 253 253 253 254 254 254 254 255 255 255 255 255 255 256 256 256 256 256 256 257 257 257 257 257 257 258 258 258 258 258 258 258 258 258 259 259 259 259 260 260 260 260 260 259 259 259 259 259 260 260 260 260 260 260 261 261 261 262 262 262 262 262 263 263 263 263 264 264 264 264 264 264 264 264 264 264 265 265 265 264 264 265 265 265 265 265 265 265 265 266 266 266 266 266 266 266 266 266 266 267 266 267 267 267 267 267 269 269 269 269 269 269 269 269 269 269 270 270 270 270 270 271 271 271 271 271 271 271 271 271 271 271 272 272 272 272 272 272 272 272 272 272 272 273 273 273 273 272 273 273 273 274 274 274 274 274 274 274 274 274 274 274 274 274 274 273 274 274 274 274 274 274 274 274 274 274 274 274 274 274 274 274 274 275 275 275 275 275 275 275 275 275 275 275 275 275 275 276 276 275 276 275 275 275 275 275 275 275 275 275 275 275 275 275 275 275 275 275 275 275 275 275 275 275 275 275 275 275 275 275 275 274 275 275 275 275 275 275 275 231 231 231 230 231 231 231 232 232 232 233 233 233 233 233 233 233 235 235 236 236 237 237 237 236 236 236 237 237 237 238 238 238 239 238 239 239 239 239 239 239 239 239 240 240 240 240 241 241 241 242 242 242 242 243 242 243 243 242 243 243 243 243 243 242 242 243 243 244 244 244 244 245 245 245 245 246 246 246 246 246 247 247 247 247 247 248 248 248 248 248 249 249 249 248 248 249 249 249 249 249 250 250 250 250 250 251 251 251 251 251 252 252 253 253 253 253 253 253 253 253 253 254 254 254 254 254 255 255 255 255 255 256 256 256 256 256 257 257 257 257 257 257 258 258 258 258 258 258 258 258 258 259 259 259 259 260 260 260 260 260 260 259 259 259 260 259 260 260 260 260 260 260 261 261 262 262 262 262 262 263 263 263 263 264 264 264 263 264 264 264 264 264 264 264 264 264 264 264 265 265 265 265 265 265 265 266 266 266 266 266 266 266 266 266 266 266 266 267 267 267 267 267 268 270 270 269 269 269 269 269 269 269 269 270 270 270 270 270 271 271 271 271 271 271 271 271 271 271 271 271 272 272 272 272 272 272 272 272 272 272 272 273 272 272 273 273 273 273 273 274 274 274 274 274 274 274 274 274 274 274 274 274 274 274 274 274 274 274 274 274 274 274 274 274 274 274 274 274 274 274 274 275 275 275 275 275 275 275 275 275 275 275 275 275 276 276 276 276 275 275 275 275 275 275 275 275 275 275 275 275 275 275 275 275 275 275 275 275 275 275 274 274 274 274 274 274 274 274 274 274 274 275 275 275 275 275 231 231 231 231 231 231 231 231 232 232 233 233 233 233 233 234 234 235 235 235 236 236 237 237 237 237 237 237 237 237 237 238 238 238 238 239 239 239 239 239 239 239 240 240 240 240 241 241 241 242 242 242 242 242 242 242 243 243 243 243 243 243 243 243 243 242 243 243 243 244 244 245 245 245 245 245 245 246 246 246 247 247 247 247 247 247 248 248 248 248 248 249 249 248 248 249 249 249 249 249 250 250 250 250 250 251 251 251 251 251 251 252 252 253 253 254 253 254 253 253 253 254 254 254 254 254 255 255 255 255 255 255 256 256 256 256 256 257 257 257 257 257 257 258 258 258 258 258 258 258 258 258 258 259 259 260 259 260 260 260 260 260 259 260 260 260 260 260 260 260 261 261 261 261 262 262 262 262 262 263 263 263 263 263 264 263 263 263 263 263 264 264 264 264 265 264 264 264 264 264 265 265 265 265 265 266 266 266 266 266 266 266 266 266 266 266 267 267 267 267 267 267 268 270 269 269 269 269 269 269 269 269 269 270 270 270 270 270 270 271 271 271 271 271 271 271 271 271 271 271 271 271 271 272 272 272 272 272 272 272 272 272 272 272 273 273 273 273 273 273 273 274 274 274 274 274 274 274 274 274 274 274 274 273 273 273 274 274 274 274 274 274 274 274 274 274 274 274 274 274 274 274 274 275 275 275 275 275 275 275 275 275 275 275 275 275 276 276 275 275 275 275 275 275 275 275 275 275 275 275 275 275 275 275 275 275 275 275 275 275 275 275 274 274 274 274 275 275 275 274 274 274 275 275 275 275 231 232 231 230 232 233 233 232 233 233 233 233 233 234 234 234 235 236 236 236 237 237 237 237 237 237 237 237 237 238 238 238 238 238 239 239 239 240 240 240 240 240 240 241 241 241 241 242 242 242 242 242 242 243 243 243 243 243 243 243 243 243 243 243 243 244 244 245 245 245 245 245 245 245 246 246 246 247 247 247 247 247 247 247 248 248 248 248 249 249 249 249 249 250 249 249 249 249 250 250 250 250 251 251 251 251 251 251 252 252 253 253 254 254 253 253 253 253 254 254 254 254 254 254 255 255 255 255 255 256 256 256 256 256 257 257 257 257 257 257 258 258 258 258 258 258 258 258 258 258 259 259 260 259 259 260 260 260 260 260 260 260 260 260 260 260 260 261 261 261 261 262 262 262 262 262 262 263 263 263 263 264 264 264 263 263 264 264 265 265 265 265 265 264 264 264 265 265 265 265 265 265 266 266 266 266 266 266 266 266 266 266 266 267 267 267 267 267 267 268 270 269 269 269 269 269 269 269 269 269 270 270 270 270 270 270 271 271 271 271 271 271 271 271 271 271 271 271 271 271 272 272 272 272 272 272 272 272 272 272 272 273 273 273 273 273 272 273 273 273 274 274 274 274 274 274 274 274 274 273 273 273 273 273 274 274 274 274 274 274 274 274 274 274 274 274 274 274 274 274 274 274 275 274 274 274 275 275 275 275 275 275 275 275 275 275 275 275 275 275 275 275 275 275 275 275 275 275 275 275 275 275 275 275 275 275 275 275 275 275 275 275 275 275 275 274 274 274 275 275 275 275 275 275 231 231 231 232 233 232 232 232 233 233 234 234 234 234 234 235 235 236 237 237 237 237 237 237 237 237 237 237 237 237 238 238 238 239 239 239 240 240 240 240 240 240 241 241 242 242 242 242 242 242 242 243 243 243 243 243 243 243 244 244 244 244 244 245 245 245 245 245 245 245 245 245 245 246 246 246 247 247 247 247 247 247 248 248 248 248 248 249 249 249 249 250 250 249 249 249 250 250 250 250 251 251 251 251 251 252 252 252 252 252 253 254 254 253 254 254 254 254 254 254 254 254 255 255 255 255 255 255 256 256 256 256 256 257 257 257 257 257 257 258 258 258 258 258 258 258 258 258 258 259 259 259 259 260 260 260 260 260 260 260 260 260 260 260 260 260 261 261 261 262 261 262 262 263 262 262 262 263 263 264 264 264 264 264 264 264 264 264 265 264 264 264 264 264 264 265 265 265 265 265 265 266 266 266 266 266 266 266 266 266 266 267 267 267 267 268 268 268 269 269 269 269 269 269 269 269 269 269 270 270 270 270 270 270 271 271 271 271 271 271 271 271 271 271 271 271 271 272 272 272 272 272 272 272 272 272 272 272 272 273 273 273 273 273 273 273 273 273 273 274 274 274 274 274 274 275 274 274 274 274 274 273 274 274 274 274 274 274 274 274 274 274 274 274 274 275 275 274 274 274 275 275 275 274 274 275 275 275 275 275 275 275 275 275 275 275 275 275 275 275 275 275 276 276 275 275 275 275 275 275 275 275 275 275 275 275 275 275 275 275 275 275 275 275 274 274 274 275 275 275 275 275 232 231 231 232 232 231 232 233 233 233 234 235 235 235 235 236 236 236 236 237 237 238 238 238 238 237 237 237 237 238 238 238 238 239 239 239 239 240 240 240 241 241 241 241 241 242 242 242 242 242 242 242 243 243 243 242 243 243 243 243 244 244 244 245 244 245 245 245 245 246 245 245 245 246 246 246 246 247 247 247 247 247 248 248 248 248 248 248 248 249 249 250 249 249 249 249 250 250 250 250 251 251 251 251 252 252 252 252 252 252 252 253 253 254 254 254 254 254 254 254 254 254 255 255 255 255 255 255 255 256 256 256 256 256 257 257 257 257 257 257 258 258 258 258 258 258 258 258 258 259 259 259 259 259 259 260 260 260 260 260 260 260 260 260 260 260 261 261 261 261 261 262 262 262 262 263 263 263 263 263 264 264 264 264 264 264 264 264 264 265 265 265 264 264 265 265 265 265 265 265 265 265 266 266 266 266 266 266 266 267 267 267 267 267 267 267 267 267 269 269 269 269 269 269 269 269 269 269 270 270 270 270 270 270 270 271 271 271 271 271 271 271 271 271 271 271 272 272 272 272 272 272 272 272 272 272 272 272 272 272 273 273 273 273 273 274 273 273 273 273 273 274 274 274 274 275 275 275 275 274 274 274 274 274 274 274 274 274 274 275 275 275 276 276 277 277 276 275 274 274 275 276 275 275 275 275 275 275 275 275 275 275 275 275 275 275 275 275 275 275 276 276 276 275 275 275 275 275 275 275 275 275 274 275 275 275 275 275 275 275 275 275 275 275 275 274 275 275 275 275 275 275 275 231 231 232 232 233 233 233 234 234 235 235 236 236 236 237 237 237 237 237 238 238 238 238 238 238 238 238 238 238 238 238 239 239 239 239 240 240 240 241 241 241 241 241 242 242 242 242 242 242 242 243 243 243 243 243 243 243 243 243 243 243 244 244 244 245 245 246 246 246 246 246 246 246 246 246 246 247 247 247 248 248 248 248 248 248 248 249 249 249 249 249 249 249 249 250 250 250 251 251 251 251 252 252 252 252 252 252 252 253 253 254 254 254 254 254 254 254 254 254 255 255 255 255 255 255 255 256 256 256 256 256 257 257 257 257 257 257 257 258 258 258 258 258 258 258 258 258 259 259 259 259 259 259 260 260 261 260 260 260 260 260 260 260 261 261 261 262 261 262 261 262 262 263 263 263 263 263 264 263 264 264 263 264 263 263 264 264 264 265 265 265 265 265 265 265 265 265 266 266 266 266 266 266 266 266 266 266 267 267 266 266 266 267 267 267 268 268 269 269 269 269 269 269 269 269 270 270 270 270 270 270 270 271 271 271 271 271 271 271 271 271 271 272 272 272 272 272 272 272 272 272 272 272 272 272 272 272 272 273 273 273 273 273 273 274 274 274 274 274 274 274 274 274 275 275 275 275 275 274 274 274 274 274 274 274 274 275 276 277 276 276 276 277 276 276 275 274 275 276 275 275 276 275 275 275 275 275 275 275 275 275 276 275 275 275 275 276 276 275 275 275 275 275 275 275 275 275 275 274 275 275 275 275 275 275 275 275 275 275 275 275 274 274 275 275 275 275 275 275 275 275 231 232 232 232 233 233 234 234 235 236 236 237 237 237 237 237 237 237 238 238 238 238 238 238 238 239 238 238 238 239 239 239 239 239 240 240 240 240 241 241 241 241 241 242 242 242 242 242 242 242 243 243 244 243 243 243 244 244 244 244 243 243 243 244 244 245 245 246 246 246 246 246 246 246 246 246 247 247 248 248 248 248 248 249 248 249 249 249 249 250 250 249 249 249 250 250 250 251 251 251 251 251 252 252 252 252 252 253 253 253 254 254 254 254 254 254 254 254 254 255 255 255 255 255 255 256 256 256 256 256 256 257 257 257 257 257 257 258 258 258 258 258 258 258 258 258 259 259 259 259 259 259 260 260 260 260 260 260 260 260 260 260 260 261 261 261 261 262 261 262 262 262 262 263 262 263 263 263 264 264 264 263 264 264 264 264 264 264 264 264 265 265 265 265 265 265 265 266 266 266 266 266 266 266 266 266 266 266 266 266 266 267 267 267 268 268 269 269 269 269 269 269 269 269 269 270 270 270 270 270 270 271 271 271 271 271 271 271 271 271 271 271 272 272 272 272 272 272 272 272 272 272 272 273 273 272 272 272 273 273 273 273 273 273 274 274 274 274 274 274 274 274 274 275 275 275 275 275 275 275 275 274 274 275 275 275 275 276 275 275 275 276 276 276 276 275 275 275 275 276 276 275 275 275 276 275 275 275 275 275 276 276 275 275 275 275 275 275 275 275 275 275 275 275 274 275 274 274 275 275 275 275 275 275 275 275 275 275 275 275 275 274 275 275 275 275 275 275 275 275 275 232 232 233 233 234 234 234 235 235 235 236 236 236 237 237 237 237 237 237 238 238 238 238 239 239 239 239 239 239 239 239 239 239 239 239 240 240 240 241 241 241 241 241 241 242 242 242 242 242 242 242 243 243 243 243 242 243 244 244 244 244 243 243 243 243 244 244 245 245 246 246 246 246 245 246 246 246 247 247 248 248 248 248 249 249 249 249 249 249 249 250 250 249 249 249 250 250 250 251 251 251 252 252 252 252 252 253 253 253 253 254 254 254 254 254 254 254 254 254 255 255 255 255 255 255 255 256 256 256 256 256 257 257 257 257 257 257 257 258 258 258 258 258 258 258 258 259 259 259 259 259 259 260 260 260 260 260 260 260 260 260 260 261 261 261 261 261 262 262 262 262 262 262 262 262 262 263 263 264 264 264 264 264 264 264 264 264 264 264 264 264 265 265 265 265 265 265 265 265 265 265 266 266 266 266 266 266 266 266 266 266 266 267 266 268 268 269 269 269 269 269 269 269 269 269 270 270 270 270 270 270 270 271 271 271 271 271 271 271 271 271 271 271 271 272 272 272 272 272 272 272 272 272 272 272 272 272 272 273 273 273 273 273 273 274 273 273 273 273 273 274 274 274 275 274 274 274 274 275 275 275 275 275 275 275 275 275 275 275 275 275 275 276 276 276 276 275 275 275 276 276 276 275 275 276 275 275 275 275 275 275 276 276 275 275 275 275 275 275 275 275 276 275 275 274 275 275 275 275 275 275 275 276 275 275 275 275 275 275 275 274 274 275 275 275 275 275 275 275 275 275 275 232 232 232 233 233 234 234 234 235 235 235 236 236 236 237 237 237 237 238 238 238 238 239 239 239 239 239 239 239 239 239 240 240 240 240 240 240 240 241 241 241 241 241 242 242 242 242 242 242 242 242 242 243 243 242 243 244 244 244 244 244 244 244 244 244 244 244 244 245 245 245 246 246 246 246 246 246 247 247 248 248 248 249 249 249 249 249 249 249 249 250 250 250 249 249 250 250 251 251 251 252 252 252 252 252 252 252 252 253 253 254 254 254 254 254 254 254 254 254 254 255 255 255 255 255 255 256 256 256 256 257 257 257 257 257 257 257 258 258 258 258 258 258 258 259 259 259 259 259 259 259 259 260 260 260 260 260 260 260 260 260 261 261 261 261 261 261 261 261 262 262 262 263 263 263 263 264 264 263 264 264 264 264 264 264 264 264 264 264 264 264 265 265 265 265 265 265 265 265 265 266 266 266 266 266 266 266 266 266 267 266 266 266 269 269 269 269 270 270 270 270 270 270 270 270 271 271 271 271 271 271 271 271 272 272 271 271 271 271 272 272 272 272 272 272 272 273 273 273 273 273 273 273 273 273 274 274 274 274 274 274 274 274 273 273 273 274 274 274 274 275 275 275 275 274 274 274 275 275 275 275 275 275 275 275 275 275 276 276 276 276 277 276 276 276 276 275 275 275 276 276 276 276 276 276 276 276 275 275 276 276 276 275 275 275 275 275 275 275 275 276 276 275 275 275 275 275 275 275 276 276 276 276 275 275 275 275 275 275 275 275 275 275 275 276 276 276 275 275 276 276 231 232 232 232 233 233 234 234 235 235 236 236 236 236 237 237 237 237 238 238 238 239 239 239 239 240 240 240 240 240 240 240 240 240 240 240 240 240 241 241 242 242 242 242 242 242 242 242 242 242 243 243 243 243 243 244 244 244 245 245 245 245 244 244 244 245 245 245 245 246 246 246 246 246 246 246 247 247 247 248 248 248 249 249 249 249 249 249 249 249 249 249 249 250 250 250 250 251 251 251 252 252 252 252 252 252 253 253 253 253 254 254 254 254 254 254 254 254 255 255 255 255 255 255 256 256 256 256 256 256 257 257 257 257 257 257 257 258 258 258 258 258 258 259 259 259 259 259 259 259 259 259 260 260 260 260 260 260 260 260 261 261 261 261 261 261 261 262 262 262 262 262 263 263 263 263 264 263 264 264 264 264 264 264 264 264 264 264 264 264 265 265 265 265 265 265 265 265 266 266 266 265 265 266 266 266 266 266 267 267 267 266 269 269 269 269 270 270 270 270 270 270 270 270 271 271 271 271 271 271 271 271 271 271 271 271 271 271 272 272 272 272 272 272 272 273 273 273 273 273 273 273 273 273 273 274 274 274 273 273 273 274 273 273 273 273 274 274 274 275 275 275 274 274 274 275 275 275 275 275 275 275 275 275 275 275 276 276 276 276 276 276 276 276 276 276 275 275 275 276 276 276 276 276 276 276 275 275 276 275 275 275 275 276 276 275 275 275 275 276 277 276 276 275 275 275 275 275 275 275 276 276 276 276 275 275 275 275 275 275 275 275 275 275 276 276 275 275 276 276 232 232 232 233 233 234 234 234 235 236 236 236 236 236 237 237 237 238 238 238 239 239 239 239 239 240 240 240 240 241 240 240 240 240 240 240 241 241 241 242 242 242 242 242 242 242 242 242 242 243 243 243 243 243 243 244 244 244 245 245 245 245 245 245 245 245 245 245 246 246 246 246 246 246 246 246 247 247 247 248 248 248 248 249 249 249 249 250 250 249 249 250 250 250 250 250 251 251 251 251 251 252 252 252 252 253 253 253 253 254 254 254 254 254 254 254 254 255 255 255 255 255 256 256 256 256 256 256 256 257 257 257 257 257 257 257 258 258 258 258 258 258 259 259 259 259 259 259 259 259 259 259 259 260 260 260 260 260 261 261 261 261 261 261 261 261 261 262 262 262 262 263 263 263 263 263 263 263 263 264 264 263 264 264 264 264 264 264 264 265 265 265 265 265 265 265 266 266 266 265 266 265 265 266 266 266 266 266 267 267 267 269 269 269 269 269 270 270 270 270 270 270 270 271 271 271 271 271 271 271 271 271 271 271 271 272 272 272 272 272 272 272 272 272 272 273 273 273 273 273 273 273 273 273 273 273 273 273 273 273 274 274 274 274 274 274 274 275 275 275 274 274 274 274 274 275 275 275 275 275 275 275 275 275 275 275 276 276 276 276 276 276 276 276 276 276 275 275 276 276 276 276 276 276 276 276 276 276 275 276 275 275 275 276 275 275 275 275 276 277 277 276 276 276 276 275 275 276 275 275 275 275 276 276 275 275 275 275 275 275 275 275 275 275 275 275 276 276 233 233 233 233 234 234 235 236 236 236 236 236 236 236 237 237 238 238 238 239 239 239 239 240 240 240 240 240 240 240 240 240 241 241 241 241 241 241 242 242 242 242 242 242 242 242 242 242 243 244 244 243 243 243 244 245 245 245 245 245 246 245 245 245 245 245 246 246 246 246 246 246 246 246 247 247 247 247 248 248 248 248 249 249 249 249 249 250 249 250 250 250 250 250 250 250 251 251 251 252 252 252 252 252 253 253 253 253 254 254 254 255 255 254 254 255 255 255 255 255 255 256 256 256 256 256 256 256 257 257 257 257 257 257 257 257 258 258 258 258 258 259 259 259 259 259 259 259 259 259 259 259 260 260 260 260 260 261 261 261 261 261 261 261 261 262 262 262 262 262 263 262 262 263 262 263 263 264 263 263 263 264 264 264 264 264 264 264 264 265 265 265 265 265 265 265 265 265 266 266 266 266 266 266 266 267 267 267 267 269 269 270 270 270 270 270 270 270 270 270 270 271 271 271 271 271 271 271 271 271 271 271 271 271 272 272 272 272 272 272 273 273 273 273 273 273 273 273 273 273 273 273 273 273 273 273 273 273 273 273 274 275 275 274 274 274 274 275 274 274 274 274 274 274 275 275 275 275 275 275 275 275 275 275 275 275 275 275 275 275 276 276 276 276 276 275 276 276 276 276 276 276 276 276 276 276 276 276 276 275 276 276 275 275 275 275 276 277 277 277 276 276 276 275 275 276 275 275 275 275 275 275 275 275 275 275 275 275 275 275 275 275 275 275 275 276 276 234 234 233 233 234 235 234 234 235 235 236 236 236 237 237 238 238 238 239 239 239 239 239 240 240 240 240 240 240 241 241 241 241 241 241 241 241 241 241 242 242 242 242 242 242 242 242 243 243 243 243 243 243 244 245 245 245 245 245 245 245 245 245 245 245 245 246 246 246 246 246 246 246 246 247 247 247 248 248 248 249 249 249 249 249 249 249 249 250 250 250 250 250 250 251 251 251 251 252 252 252 252 252 252 253 253 253 253 254 254 254 254 254 254 254 254 255 255 255 255 255 255 256 256 256 256 256 257 257 257 257 257 257 257 257 258 258 258 258 258 258 259 259 259 259 259 259 259 259 259 260 260 260 260 260 260 260 261 261 261 261 261 261 261 261 262 262 263 263 263 262 262 262 263 264 264 264 264 263 263 264 264 264 264 264 264 264 264 265 265 265 265 265 265 265 265 266 266 266 266 266 266 266 267 267 267 267 267 269 269 269 270 270 270 270 270 270 270 270 270 270 271 271 271 271 271 271 271 271 271 271 271 271 272 272 272 272 272 273 273 273 273 273 273 273 273 273 273 273 273 273 273 273 273 274 274 274 274 273 274 275 275 274 274 274 274 274 275 274 274 274 274 274 274 275 275 275 275 275 275 275 275 275 275 275 275 275 275 276 276 276 276 276 276 276 276 276 276 276 276 276 276 276 276 276 276 276 276 276 276 276 275 275 275 275 276 276 277 277 276 276 276 276 275 275 275 275 275 275 275 275 275 275 275 275 275 275 275 275 276 276 276 275 275 275 276 233 233 234 234 234 234 234 234 235 235 236 237 237 238 238 238 238 238 238 239 239 239 239 240 239 239 239 240 240 240 241 241 241 241 242 241 241 241 241 241 242 242 242 242 242 242 243 242 242 242 243 244 244 244 244 244 245 245 245 245 245 245 245 245 245 246 246 246 246 246 246 246 246 247 247 247 247 248 248 248 249 249 249 249 249 249 249 249 250 250 250 250 251 251 251 251 251 251 251 252 252 252 252 252 253 253 253 253 253 254 254 254 254 254 255 255 255 255 255 255 255 255 255 256 256 256 256 256 256 256 257 257 257 257 257 257 258 258 258 258 258 258 259 259 259 259 259 259 259 259 260 260 260 260 260 260 260 261 261 261 261 261 261 261 261 262 262 262 262 263 263 262 262 263 263 263 263 263 263 263 264 264 264 264 264 264 264 264 264 265 265 265 265 265 265 265 266 266 266 266 266 266 266 266 266 266 266 267 270 270 270 270 270 270 270 270 270 270 270 270 270 270 271 271 271 271 271 271 271 271 271 271 271 272 272 272 272 272 273 273 273 273 273 273 273 273 274 274 273 273 273 274 274 274 274 275 275 275 274 274 274 275 275 274 274 274 274 275 274 274 274 274 274 275 275 275 275 275 275 275 275 275 275 275 275 276 275 275 276 276 276 276 276 276 276 276 276 276 276 276 276 276 276 276 276 276 276 276 276 276 276 276 276 275 275 276 277 277 276 276 276 275 275 275 275 275 275 275 276 276 275 275 275 275 275 275 275 275 275 275 275 275 276 275 275 276 277 233 233 234 234 234 234 235 235 235 235 235 236 237 238 238 238 238 238 238 239 239 239 240 240 239 239 239 239 239 240 240 241 241 241 242 241 241 241 241 241 242 242 242 242 242 243 243 243 242 242 242 243 244 244 245 244 244 244 244 245 246 245 245 245 245 245 246 246 245 246 246 246 246 246 247 247 247 248 248 248 248 249 249 249 249 249 249 250 250 250 250 250 251 251 251 251 251 251 251 251 252 252 252 252 253 253 253 254 254 253 254 254 254 255 255 255 255 255 255 255 256 256 256 256 256 256 256 256 256 256 256 257 257 257 257 257 257 258 258 258 258 258 258 259 259 259 259 259 259 259 259 260 260 260 260 260 260 261 261 261 261 261 261 261 261 261 262 262 262 263 263 262 262 262 263 263 263 263 263 263 264 264 264 264 264 264 264 264 264 264 265 265 265 265 265 265 266 266 266 266 266 266 266 266 266 266 266 266 269 270 270 270 270 270 270 270 270 270 270 270 270 270 271 271 271 271 271 271 271 271 271 271 271 272 272 272 272 272 272 273 273 273 273 273 273 273 273 274 274 274 274 274 274 275 275 275 274 274 274 273 274 275 274 274 274 274 274 274 274 274 274 274 274 275 275 275 275 274 275 275 275 275 275 275 275 276 275 275 276 276 276 276 276 275 275 275 276 276 276 276 276 277 277 277 277 276 276 276 276 276 275 276 276 276 276 277 277 277 276 275 276 276 275 275 275 275 275 275 275 275 275 275 275 275 275 275 275 275 275 275 275 276 276 276 276 276 277 234 234 234 234 234 234 234 235 235 236 236 236 236 237 238 238 238 238 238 239 239 239 239 240 240 240 239 240 239 239 240 240 241 241 241 242 242 242 242 242 242 242 242 242 243 243 243 243 242 242 242 243 244 244 244 244 245 245 245 245 245 245 245 245 245 245 246 246 246 246 246 246 246 246 246 247 247 247 248 248 248 248 249 249 249 249 249 249 250 250 250 250 250 251 251 251 251 252 252 251 252 252 252 252 252 253 253 253 254 254 253 254 254 254 254 254 255 255 255 255 256 256 256 256 256 256 255 256 256 256 256 256 256 257 257 257 257 258 258 258 258 258 258 259 259 259 259 259 259 259 259 259 259 260 260 260 260 261 261 261 261 261 261 261 261 261 261 262 262 262 263 262 262 262 263 262 263 263 263 263 264 264 264 264 264 264 264 264 264 264 264 265 265 265 265 266 265 265 266 266 266 266 266 266 266 266 267 267 269 269 269 270 270 270 270 270 270 270 270 270 270 270 271 271 271 271 271 271 271 271 271 271 272 272 272 272 272 272 272 272 273 273 273 273 273 273 273 274 274 274 274 274 274 275 275 275 274 274 274 273 274 275 275 275 274 274 274 274 274 274 274 274 275 274 275 275 275 275 275 275 275 275 275 275 275 275 275 275 275 275 276 276 276 276 275 275 276 276 276 276 276 276 276 277 277 277 276 276 276 276 276 275 275 275 276 276 276 276 276 276 275 275 275 275 275 275 275 275 275 275 275 275 275 275 275 275 275 275 275 275 275 275 276 276 276 276 276 276 234 234 234 234 234 234 235 235 236 236 236 237 237 237 237 238 238 238 238 239 239 239 239 240 240 240 240 240 239 240 240 240 240 241 241 241 241 242 242 242 242 242 243 243 243 243 242 242 242 243 244 244 244 244 244 244 245 245 245 245 245 246 246 246 246 246 246 246 246 246 246 246 246 246 247 247 248 248 248 248 248 249 249 248 249 249 249 249 250 250 251 250 251 251 252 252 252 252 252 252 252 252 252 252 253 253 254 254 254 254 253 253 253 254 253 254 254 254 255 255 255 255 256 256 256 255 255 256 256 256 256 257 257 257 257 257 257 258 258 258 258 258 258 258 259 259 259 259 259 259 259 259 260 260 260 260 260 261 261 261 261 261 261 261 261 261 261 261 262 262 263 262 262 262 262 263 263 263 263 264 264 264 264 264 264 264 264 264 264 264 264 265 265 265 265 265 266 266 266 266 266 266 266 266 267 267 267 270 270 270 270 270 270 270 270 270 270 270 270 270 270 271 271 271 271 271 271 271 271 271 271 272 271 271 271 272 272 272 273 273 273 273 273 273 273 273 273 274 274 274 274 274 274 274 274 274 274 274 274 274 274 274 275 275 274 275 274 274 274 274 274 274 274 274 275 275 275 275 275 275 275 275 275 275 275 275 275 275 275 276 276 276 276 276 275 276 276 276 276 276 276 276 276 276 276 276 276 275 276 276 276 276 276 275 276 276 276 276 276 276 275 275 275 275 275 275 275 275 275 275 275 275 275 275 275 275 275 275 275 275 275 275 275 275 275 275 276 276 234 234 234 235 235 234 234 235 236 236 237 237 237 237 237 238 238 238 238 238 239 239 239 239 240 240 241 240 240 240 240 240 240 241 241 241 241 241 242 242 242 243 242 242 243 243 243 242 242 242 243 243 244 244 245 245 245 244 244 245 245 245 245 245 246 246 246 246 246 245 245 245 246 246 247 247 247 248 248 249 248 249 249 248 249 249 249 250 250 250 251 251 251 251 251 252 252 252 252 252 253 252 252 252 253 253 254 254 254 253 253 254 254 254 254 254 254 254 254 254 254 255 255 256 256 255 255 256 256 256 256 256 257 257 257 257 257 257 257 258 258 259 258 258 258 259 259 259 259 260 259 259 260 260 260 260 260 260 261 261 261 261 261 261 261 261 261 262 262 262 262 262 263 263 262 262 262 263 263 264 264 263 263 264 264 264 264 265 265 265 264 265 265 265 265 265 265 266 266 266 266 266 266 266 266 266 267 269 270 270 270 270 270 270 270 270 270 270 270 270 270 270 270 270 271 271 271 271 271 271 271 272 271 271 271 272 272 272 273 273 273 273 273 273 273 273 274 273 274 273 273 274 274 274 274 274 274 274 274 274 274 275 274 274 274 274 275 274 274 274 274 274 274 275 275 275 275 275 275 275 275 275 275 275 275 275 275 275 275 276 276 276 276 276 275 276 276 275 275 275 276 276 276 276 276 276 275 275 275 275 275 276 276 276 275 276 276 276 276 275 275 275 275 275 275 275 275 275 275 275 275 275 275 275 275 275 275 275 276 276 276 275 275 275 276 276 276 276 275 276 234 234 235 235 234 234 235 235 236 236 237 237 238 238 238 238 238 238 238 239 239 239 239 240 240 241 241 240 240 240 240 240 241 241 241 240 241 241 242 242 242 243 243 242 242 242 242 242 243 243 243 244 245 245 245 244 245 245 245 245 245 245 244 245 245 245 245 245 245 245 246 246 247 247 247 247 247 248 249 249 249 249 249 249 249 249 249 249 250 250 251 251 251 251 251 252 252 252 252 252 252 252 253 253 253 253 253 253 253 254 254 255 255 254 254 254 254 254 254 254 254 255 255 255 255 255 255 255 256 257 257 257 257 257 257 258 258 258 257 258 258 259 259 258 258 259 259 259 259 260 259 259 260 260 260 260 260 260 261 261 261 261 261 261 261 261 261 261 262 262 262 263 263 263 262 262 263 263 263 263 264 263 263 264 264 264 264 264 265 265 265 265 265 265 265 265 266 266 266 266 266 266 267 266 267 267 269 270 269 269 270 270 270 270 270 270 270 270 270 270 270 270 270 271 271 270 271 271 271 271 271 271 271 271 271 272 272 272 273 273 273 273 273 273 273 273 273 273 274 274 274 274 274 274 274 274 274 274 274 274 274 274 274 274 275 274 274 274 274 274 274 274 274 275 275 275 275 275 275 275 275 275 275 275 275 275 275 275 275 275 275 276 276 276 275 276 275 276 276 276 276 277 277 277 276 276 275 275 275 276 276 276 276 276 275 275 275 276 276 275 275 275 275 275 275 275 275 275 275 275 275 275 275 275 275 275 275 275 275 275 275 275 275 275 275 275 275 275 276 276 233 233 233 234 235 235 234 234 235 235 235 236 237 238 238 238 238 239 238 238 239 239 239 240 240 240 240 241 241 241 240 240 240 241 241 241 241 241 241 241 242 242 242 242 242 242 242 242 243 244 244 244 244 244 244 245 244 245 245 245 245 245 245 245 245 245 245 246 246 246 245 245 246 247 247 247 247 248 248 249 248 248 249 250 250 250 250 250 250 250 250 250 251 251 251 251 251 252 252 252 253 252 253 253 253 253 253 253 254 253 253 254 254 255 255 255 254 254 254 254 254 254 254 255 255 255 255 256 255 256 256 257 257 257 257 257 258 258 258 258 257 258 258 259 258 258 259 259 259 259 260 259 259 260 260 260 260 260 260 260 261 261 261 261 261 261 261 261 261 261 262 263 263 262 262 263 262 263 263 263 263 264 263 263 264 264 264 264 264 264 265 265 265 265 265 265 265 265 265 266 266 266 266 266 266 266 266 269 269 269 270 270 270 270 270 270 270 270 270 270 270 270 270 270 271 271 270 270 271 271 271 271 271 271 271 271 272 272 273 273 273 273 273 273 273 273 273 273 273 274 274 274 274 274 274 274 274 274 274 274 274 274 274 274 274 274 274 274 274 274 274 274 274 274 274 274 274 274 274 274 274 274 274 275 275 275 275 275 275 275 275 275 276 276 276 276 276 276 276 276 276 276 276 277 276 276 276 276 276 276 275 276 276 275 275 276 276 276 275 276 276 276 276 276 275 275 275 275 275 275 275 275 275 275 275 275 275 275 276 275 275 275 275 275 275 275 275 275 275 276 275 276 276 276 276 232 233 233 233 234 235 235 235 234 235 235 235 236 236 237 237 237 237 238 239 239 239 239 239 240 240 240 240 240 241 241 241 241 241 241 241 241 241 241 241 241 241 241 242 242 242 242 242 243 243 244 244 244 244 244 244 245 244 244 245 245 245 245 246 246 245 245 245 246 247 247 246 245 245 246 246 247 247 247 248 248 248 248 249 249 249 250 250 250 250 250 250 251 251 251 251 251 252 252 252 252 253 253 253 253 253 253 254 254 254 253 254 254 254 255 256 255 255 254 254 254 255 255 254 254 255 255 255 255 256 256 256 257 257 257 257 257 257 258 258 258 258 258 259 259 259 259 259 259 259 259 259 259 259 260 260 260 260 260 261 260 261 261 261 261 261 261 262 262 262 261 262 262 262 262 262 263 262 263 263 263 263 263 263 263 264 264 264 264 264 264 265 265 265 265 265 265 265 265 265 266 266 266 266 266 266 266 266 269 269 270 270 270 270 270 270 270 270 271 270 270 270 270 270 270 271 271 271 271 271 271 271 271 271 271 271 271 272 272 273 273 273 272 273 273 273 273 273 273 274 274 274 274 274 274 274 274 274 274 274 274 274 274 274 274 274 274 274 275 274 274 274 274 274 274 274 274 274 274 274 274 274 274 274 274 274 274 275 275 275 275 275 275 275 276 276 276 276 276 276 276 276 276 276 276 276 276 276 276 276 276 276 276 276 276 276 275 276 276 276 275 275 276 276 276 275 275 275 275 275 275 275 275 275 275 275 276 275 275 276 276 276 276 275 275 275 275 275 275 275 275 275 275 275 276 276 230 232 232 233 234 234 234 235 235 235 235 236 236 236 237 237 237 237 237 237 238 238 238 239 239 239 240 240 240 240 241 241 241 241 241 241 241 242 242 242 242 242 242 242 242 242 242 242 242 242 243 243 244 244 244 245 245 245 245 245 245 245 245 244 245 245 245 245 245 246 246 246 246 246 246 246 246 246 247 247 248 248 248 249 249 249 249 249 250 250 250 250 250 251 251 251 251 251 252 252 252 252 252 253 253 254 254 253 254 254 254 253 254 255 255 255 255 256 255 255 254 254 254 254 254 254 255 256 255 255 256 256 257 257 257 257 258 258 258 258 258 258 258 258 258 259 259 259 260 260 259 259 259 259 259 259 260 260 260 260 260 261 261 261 261 261 261 261 261 262 262 262 261 261 262 262 262 263 262 263 263 263 263 263 264 264 264 264 264 264 264 264 264 265 265 265 265 265 265 265 265 266 266 266 266 266 266 266 266 269 269 269 269 270 270 270 270 270 270 270 270 270 270 270 270 270 271 271 271 271 271 271 271 271 271 271 272 271 271 272 273 273 273 273 273 273 273 273 273 273 274 274 274 274 274 274 274 274 274 274 274 274 274 274 274 274 274 275 274 274 275 275 274 274 274 274 274 274 274 274 274 274 274 274 274 274 274 274 274 275 275 275 275 275 275 275 275 275 275 275 275 276 276 276 276 276 276 276 276 276 276 276 276 276 276 276 276 275 275 276 276 276 276 275 275 276 276 275 275 275 275 275 275 275 275 275 275 276 276 275 275 275 275 276 276 276 276 275 275 275 275 275 275 275 275 275 276 276 231 231 231 231 232 232 233 233 233 233 234 235 235 235 235 236 236 236 237 238 238 237 237 237 238 238 239 239 240 240 240 240 240 241 241 240 240 240 241 241 241 242 242 242 242 243 243 243 243 243 243 242 243 244 244 244 243 244 244 245 245 245 245 246 245 244 244 245 245 245 245 245 245 245 245 245 246 246 246 246 246 247 248 247 248 248 248 249 249 249 249 250 250 250 251 251 250 251 251 252 252 252 252 253 253 253 253 253 254 254 253 253 253 253 254 255 255 255 256 255 255 255 254 254 254 254 253 254 256 256 256 256 257 257 257 257 257 257 257 258 258 258 257 258 258 258 258 259 259 259 260 260 259 259 259 259 259 259 259 260 260 260 260 260 260 261 261 261 261 261 261 261 261 262 262 262 262 262 262 262 262 262 262 263 263 263 263 263 263 264 264 264 264 264 264 264 265 265 265 265 265 265 265 265 265 266 266 266 266 267 267 269 269 269 269 269 270 270 270 270 270 270 270 270 270 270 270 271 271 271 271 271 272 272 272 272 272 272 271 271 272 272 272 272 272 273 273 273 273 273 273 273 273 274 274 274 274 274 274 274 274 274 274 274 274 274 274 274 273 274 275 275 275 275 275 275 274 274 274 275 274 274 275 274 275 275 275 275 275 274 275 274 275 274 274 274 275 275 275 275 275 275 275 275 275 276 276 275 276 276 276 276 276 276 276 276 276 276 276 276 276 276 275 275 275 276 275 276 276 276 275 275 275 275 275 275 275 275 275 275 275 275 275 275 275 275 275 276 276 276 276 276 276 275 275 275 275 275 275 230 231 232 232 232 232 232 232 232 232 233 234 234 234 235 235 236 236 237 237 237 237 237 237 238 238 238 239 239 240 240 240 240 241 241 241 240 240 240 241 241 241 241 241 242 242 242 242 243 243 243 242 243 244 244 244 243 244 244 244 244 245 245 245 245 244 245 246 246 246 245 245 245 245 245 246 246 246 246 246 247 247 247 247 248 248 249 249 249 248 249 249 250 251 250 250 250 251 251 252 252 252 253 253 253 253 253 254 254 254 253 253 253 253 253 254 255 255 255 255 254 254 254 255 255 254 254 254 255 255 255 256 257 257 258 258 257 257 257 257 258 258 258 258 258 258 258 258 259 259 260 260 260 259 259 259 259 259 259 259 260 260 260 260 260 261 261 261 261 261 261 261 261 261 262 262 262 262 262 262 262 262 262 263 263 263 263 263 264 264 264 264 264 264 264 265 265 265 265 265 265 265 265 265 265 265 266 266 266 266 267 269 269 269 269 269 269 269 270 270 270 270 270 270 270 270 270 271 271 271 271 272 272 272 272 272 272 272 272 271 271 272 272 272 272 272 272 273 273 273 273 273 273 274 274 274 274 274 274 274 274 274 274 273 273 274 274 274 274 274 274 274 275 275 274 274 274 274 275 275 275 274 274 274 274 275 275 275 275 275 275 275 275 275 275 275 275 275 276 276 276 276 276 275 275 275 275 275 276 276 276 276 276 275 275 276 276 276 276 276 276 276 276 276 276 275 275 276 276 276 275 275 275 275 275 275 275 275 275 275 275 276 276 276 276 275 275 275 276 276 276 276 276 276 275 275 275 275 275 231 231 232 232 232 233 233 233 232 232 232 233 233 234 235 235 236 237 237 237 237 237 237 237 238 238 239 239 240 240 240 240 241 241 241 241 240 241 241 242 242 241 241 242 242 242 242 242 242 242 242 242 243 244 244 244 244 244 245 244 244 245 245 245 245 245 245 246 245 245 245 245 245 246 246 246 246 247 247 247 247 247 247 248 248 248 249 249 248 249 249 250 250 250 250 251 251 252 252 251 252 252 252 252 253 254 254 254 253 253 253 253 253 253 254 254 255 256 255 254 254 254 254 254 254 254 254 255 255 255 255 256 257 258 257 257 256 257 257 257 257 257 257 258 258 258 259 259 259 259 260 260 260 259 259 259 259 259 259 260 260 260 260 260 260 260 261 261 261 261 261 261 262 262 262 262 262 262 262 262 262 262 263 263 263 263 263 264 264 264 264 264 264 265 265 265 265 265 265 265 265 265 265 266 265 266 266 266 266 266 269 269 269 269 269 269 270 270 270 270 270 270 270 270 270 270 271 271 271 271 272 272 272 272 272 271 271 271 271 272 272 272 272 272 272 272 273 273 273 273 273 273 273 273 274 274 274 274 274 274 274 274 274 274 274 274 274 275 274 274 274 275 275 274 275 274 274 275 276 275 275 275 275 275 275 275 276 276 276 276 276 276 276 276 276 276 276 276 276 276 276 276 275 275 275 275 276 276 276 276 277 276 276 275 275 275 275 276 276 276 276 276 276 276 276 275 275 276 276 275 275 275 275 275 275 275 275 275 275 276 276 276 277 276 275 276 276 276 276 276 276 277 276 276 276 275 276 276 275 226 227 227 230 231 231 232 232 232 233 233 234 233 233 233 233 234 233 234 235 236 236 237 237 237 237 237 237 238 239 239 239 239 240 240 240 241 241 241 241 241 241 242 242 242 242 242 243 243 242 242 242 243 244 243 243 243 243 244 244 245 245 245 245 244 245 246 246 246 245 245 245 245 245 245 246 246 246 246 247 247 247 246 246 247 247 247 247 247 247 248 248 248 249 249 250 250 250 250 251 251 252 251 251 252 252 252 252 253 253 254 253 253 253 253 254 254 254 254 254 255 255 255 254 254 254 254 254 254 255 254 254 255 255 256 256 257 258 258 258 257 257 257 257 257 258 258 258 258 258 258 258 259 259 259 260 260 259 259 259 259 259 260 260 260 260 260 260 260 260 261 261 261 261 261 262 261 262 262 262 262 263 262 262 262 262 263 263 263 263 263 264 264 264 264 264 264 265 265 265 265 265 265 265 265 265 266 266 266 266 266 266 266 266 269 269 269 269 269 269 270 270 270 270 270 270 270 270 270 270 271 271 271 271 271 271 272 272 272 271 271 271 271 272 272 272 272 272 272 272 273 273 273 273 273 273 273 274 274 274 274 274 274 274 274 274 274 274 274 274 274 275 275 274 274 275 275 275 275 274 274 274 275 276 275 275 275 275 275 275 276 276 276 276 277 277 277 277 277 277 277 277 276 276 277 276 276 275 275 275 276 276 276 276 277 276 276 275 275 275 275 275 275 275 276 276 276 276 276 276 275 276 276 276 275 275 275 275 275 275 275 275 276 276 276 276 276 277 276 276 276 276 276 276 277 277 277 277 277 276 276 277 276 227 228 228 227 227 227 227 230 231 231 232 232 232 233 234 234 234 234 234 235 234 234 234 235 236 236 237 236 237 237 237 238 238 238 239 239 239 239 240 240 241 241 241 241 241 241 242 242 242 242 243 243 243 243 243 243 244 244 244 244 243 244 245 245 245 245 245 245 244 245 246 246 246 246 246 246 246 246 246 246 246 246 246 246 246 246 247 247 247 248 248 248 248 248 248 248 249 249 250 250 250 251 251 251 250 251 251 252 252 252 253 253 254 254 254 254 254 255 255 255 255 254 254 255 255 255 254 255 254 254 254 254 254 254 254 254 255 256 257 258 257 257 257 258 258 258 258 258 258 257 257 257 258 258 258 259 259 260 260 260 260 259 259 259 260 260 259 260 260 260 260 260 260 260 260 261 261 262 262 261 261 261 262 262 262 263 262 262 263 263 263 263 263 263 263 264 264 264 264 264 264 265 265 265 265 265 265 265 266 266 266 266 266 266 266 266 266 269 269 269 269 269 270 270 270 270 270 270 270 270 270 271 271 271 271 271 271 271 271 272 272 272 272 272 272 272 272 272 272 272 273 273 272 272 273 273 273 273 274 274 274 274 274 274 274 274 274 274 274 274 274 274 274 274 275 275 275 275 275 275 275 275 275 275 275 275 276 276 276 276 276 276 276 276 276 276 277 277 277 277 277 277 277 277 277 277 276 276 276 276 276 275 276 276 276 276 276 276 276 275 275 275 275 275 276 276 276 276 276 276 276 276 276 276 276 276 276 275 275 275 275 275 275 276 276 275 275 276 276 276 276 277 276 276 276 276 276 276 276 276 277 277 277 277 277 277 225 226 226 227 227 227 228 228 228 228 228 228 227 227 227 227 227 227 230 231 231 232 232 232 233 234 234 234 235 235 235 234 234 234 235 236 237 236 237 237 237 238 238 238 238 239 239 239 239 240 240 241 242 241 241 241 241 241 242 242 242 242 242 243 243 243 243 243 244 244 244 243 244 245 245 246 246 245 245 245 245 245 246 246 247 246 246 245 245 246 246 246 246 246 247 247 247 247 247 248 248 248 248 248 248 249 249 249 250 250 250 251 250 251 251 251 251 251 251 252 252 253 253 254 255 255 255 256 256 255 255 255 255 256 255 254 255 256 255 254 254 254 254 255 255 255 254 255 256 257 257 257 256 257 257 257 258 258 257 257 257 258 258 258 258 259 259 259 259 260 260 260 260 260 259 259 259 260 260 260 260 260 260 260 261 261 261 262 262 261 261 262 262 262 263 263 263 263 263 263 263 263 263 263 263 263 264 264 264 264 264 264 265 265 265 265 265 265 265 266 266 266 266 266 266 266 266 269 269 269 269 269 270 270 270 270 270 270 270 270 270 271 271 271 271 271 271 271 271 271 271 272 272 272 272 272 272 272 272 272 273 273 272 272 272 273 273 273 273 274 274 274 274 274 274 274 274 274 274 274 274 274 274 274 274 275 275 275 275 275 275 275 275 275 275 275 276 277 277 276 277 277 277 276 276 276 276 276 277 277 277 277 277 277 277 277 277 277 277 277 277 276 276 276 276 276 276 276 276 276 276 275 275 276 276 276 276 276 276 276 276 276 276 276 276 275 275 275 275 275 275 275 275 275 275 276 276 276 276 276 276 276 276 276 276 276 276 276 276 277 277 277 276 276 276 277 226 226 226 227 227 228 227 227 227 227 227 227 227 227 227 228 228 229 230 231 231 231 231 231 231 232 232 232 233 234 234 235 235 235 235 235 235 235 235 235 236 237 237 237 238 238 238 238 239 239 239 239 240 240 241 241 241 242 242 241 241 242 243 243 243 242 242 242 242 243 243 243 243 243 244 244 244 245 245 246 246 246 245 245 245 245 246 246 246 246 246 246 246 245 246 246 247 247 247 247 248 248 248 248 248 248 248 248 248 249 250 250 250 250 250 250 251 252 252 252 252 252 252 253 253 253 254 254 254 255 256 256 256 256 256 256 256 255 255 256 256 255 254 254 255 255 254 254 254 255 254 255 255 256 256 256 256 256 257 258 258 258 258 257 258 259 258 258 259 259 260 260 260 260 261 261 260 260 260 260 260 260 260 261 260 260 260 260 261 261 261 261 261 261 261 262 262 263 263 263 263 263 263 263 263 263 263 263 263 264 264 264 264 264 264 265 265 265 265 265 265 265 265 266 266 266 266 266 266 266 269 269 269 269 269 269 270 270 270 270 270 270 270 270 271 271 271 271 271 271 271 271 271 271 272 272 272 272 272 272 272 272 272 272 273 273 273 273 273 273 273 273 274 274 274 274 274 274 274 274 274 274 274 274 274 274 274 274 274 275 275 275 274 275 275 275 275 275 275 275 276 276 276 276 276 276 276 276 276 276 276 276 277 277 277 277 277 277 277 277 277 277 277 277 276 276 276 276 276 276 276 276 276 275 275 275 275 275 276 276 276 276 276 276 276 276 276 276 276 276 275 275 275 275 276 275 275 275 276 276 276 276 276 276 276 277 277 277 277 276 276 276 276 276 276 277 276 276 277 226 226 226 226 227 228 227 227 226 226 227 227 227 228 229 228 228 228 228 228 228 229 230 230 230 231 232 233 232 231 231 231 231 231 232 232 232 233 233 233 235 235 235 235 236 235 236 235 236 237 237 237 237 237 237 238 238 239 239 239 240 240 240 241 241 241 242 242 242 242 242 242 243 243 243 243 242 243 243 243 243 244 244 244 244 244 245 245 246 246 246 246 246 246 246 246 246 246 246 246 246 246 246 246 246 247 247 247 247 248 248 248 248 248 248 249 248 248 248 249 249 250 249 250 250 250 251 251 252 252 252 253 253 253 253 254 254 254 254 255 255 255 255 255 255 256 256 256 256 256 255 254 254 254 254 254 254 255 255 255 254 254 255 256 256 256 256 257 258 258 258 257 258 258 259 259 258 259 259 259 259 260 260 260 261 261 261 261 261 261 260 261 261 261 261 260 261 261 261 261 261 261 261 261 261 262 262 262 262 262 262 262 263 263 263 263 263 263 264 264 264 264 264 264 264 265 265 265 265 265 265 265 265 265 266 266 266 266 266 269 269 269 269 269 269 270 270 270 270 270 270 270 270 270 271 271 271 271 271 271 271 271 271 272 272 272 271 271 272 272 272 272 272 273 273 273 273 273 273 273 273 273 274 274 274 274 274 274 274 273 274 274 274 274 274 274 274 274 274 275 275 275 274 275 275 275 275 275 275 275 275 275 276 276 276 276 276 276 276 276 276 277 277 277 277 277 277 277 277 277 277 277 277 276 276 276 276 276 277 276 277 276 276 275 275 275 275 276 276 276 276 276 276 276 276 276 276 276 276 275 275 275 275 275 276 276 276 276 275 276 276 276 276 276 277 276 277 277 277 276 276 276 276 276 277 277 277 277 226 226 226 227 227 228 227 227 227 227 227 228 228 228 229 229 228 228 228 228 229 230 229 230 230 231 232 231 231 231 231 231 231 231 232 232 232 232 233 234 235 235 235 235 236 236 236 236 237 237 237 237 237 238 238 239 239 239 240 240 240 240 240 240 240 241 242 242 242 242 243 243 243 243 243 243 243 244 244 244 245 245 244 244 244 244 245 245 245 246 246 246 246 245 245 245 246 246 246 245 245 246 247 247 247 247 247 247 248 248 249 249 248 249 249 249 249 249 249 249 249 250 250 251 251 251 251 251 252 252 253 253 253 253 253 254 254 254 254 255 255 254 255 254 255 256 256 257 256 255 255 255 255 255 254 255 255 255 255 255 254 254 255 255 256 257 257 257 257 258 258 258 258 259 259 259 259 260 260 260 260 260 260 260 261 261 261 262 262 262 262 262 262 262 261 261 261 261 261 261 261 262 261 261 262 262 262 262 262 262 263 263 263 263 263 263 264 264 264 264 264 264 264 264 265 265 265 265 265 265 265 265 265 266 266 266 266 266 269 269 269 269 269 269 270 270 270 270 270 270 270 270 271 271 271 271 271 271 271 271 272 271 272 272 272 272 271 272 272 272 272 272 273 273 273 273 273 273 273 273 273 273 274 274 274 274 274 274 274 274 274 274 274 274 274 274 274 274 274 275 275 275 274 275 275 275 275 275 275 275 275 276 276 276 276 276 276 276 276 276 277 277 277 277 277 277 277 277 277 276 277 277 277 277 276 276 276 276 276 277 277 276 276 275 275 275 275 276 276 276 276 276 276 275 275 276 275 275 275 275 275 275 275 275 276 275 275 275 276 275 276 276 276 276 276 276 276 276 277 276 276 276 277 276 276 277 277 227 226 227 227 228 228 228 228 228 228 228 228 229 229 229 228 228 228 228 229 229 229 229 230 230 231 231 231 231 231 231 231 231 232 232 232 233 233 234 234 234 234 235 235 236 236 237 237 237 237 237 237 237 238 238 239 239 240 240 240 240 240 240 241 241 241 242 242 242 243 243 243 243 243 243 244 244 244 244 245 244 245 244 245 245 245 246 245 245 246 246 245 245 244 245 246 246 245 246 246 246 247 248 247 247 247 247 248 248 248 248 248 248 248 249 249 249 248 249 250 251 251 251 251 251 251 252 252 252 253 253 253 253 253 254 254 254 255 255 254 254 254 254 254 255 256 256 256 256 255 255 256 256 255 255 255 256 255 255 255 254 255 255 256 257 258 257 257 257 258 258 258 258 259 259 259 259 259 260 260 260 261 261 261 261 261 262 262 262 262 262 262 262 262 262 262 262 262 262 262 262 261 261 262 262 262 262 262 262 263 263 263 263 263 263 263 263 264 264 264 264 264 264 265 265 265 265 265 265 265 265 266 266 266 266 266 266 269 269 269 269 269 270 270 270 270 270 270 270 270 270 270 270 271 271 271 271 271 271 272 272 271 272 272 271 271 272 272 272 272 272 273 273 273 273 273 273 273 273 273 273 273 274 274 274 274 274 274 274 274 274 274 274 274 274 274 274 274 275 275 275 274 275 275 275 275 275 275 275 276 276 276 276 276 276 276 276 276 276 276 277 277 276 276 277 277 277 276 276 277 277 277 277 277 277 277 277 276 276 277 277 276 276 276 276 276 276 275 275 275 275 275 275 275 275 275 275 275 275 276 275 275 275 275 275 276 276 276 276 276 276 276 276 276 276 276 276 276 277 277 277 277 276 276 276 277 227 226 227 227 228 229 229 229 228 228 228 229 229 229 229 228 228 228 228 229 229 230 230 230 230 230 231 231 231 231 231 231 231 231 231 232 233 233 234 234 234 234 234 234 235 236 236 237 237 237 237 237 237 237 237 238 239 239 239 240 240 240 240 240 241 241 241 241 241 242 242 242 242 243 243 243 243 244 244 244 244 244 244 244 245 246 246 246 246 247 247 247 247 246 245 245 245 245 245 246 246 247 248 247 247 247 248 248 248 248 248 249 249 248 248 249 249 249 248 249 249 250 251 251 251 252 252 252 252 252 252 252 253 253 252 253 253 254 255 255 254 254 254 254 254 254 254 255 255 256 256 256 256 256 256 256 256 256 256 255 255 255 255 256 256 257 258 258 257 258 258 259 259 259 259 259 259 260 260 260 260 261 261 261 261 261 261 262 262 262 262 262 262 262 262 263 263 263 263 262 262 261 261 262 262 262 262 263 263 263 263 263 263 263 263 263 263 264 264 264 264 264 264 264 265 265 265 265 265 265 265 265 266 266 266 266 266 266 269 269 269 269 269 270 270 270 270 270 270 270 270 270 270 270 270 271 271 271 271 271 272 272 272 272 272 272 271 272 272 272 272 272 273 273 273 273 273 273 273 273 273 273 273 274 274 274 274 274 274 274 274 274 274 274 274 274 274 274 274 274 275 275 275 275 275 275 275 275 275 275 276 275 276 276 276 276 276 276 276 276 276 276 276 277 276 276 276 276 277 277 277 277 277 277 277 277 277 277 277 277 277 277 277 276 276 276 275 275 275 275 275 275 275 275 275 275 275 275 276 276 276 275 275 275 276 276 276 276 276 276 276 276 276 276 276 276 276 276 276 276 276 276 277 276 276 276 277 277 226 226 227 228 228 228 228 228 227 227 228 229 229 229 229 228 228 228 228 229 230 229 230 230 230 230 231 231 231 231 231 231 231 231 231 231 231 231 232 232 233 235 235 234 234 234 235 235 236 236 237 237 238 238 237 237 237 238 239 239 239 240 240 240 240 240 241 241 241 241 241 242 242 243 243 243 243 243 243 244 244 244 244 244 244 244 244 245 245 245 245 246 246 246 246 245 245 245 246 246 246 246 247 247 248 248 248 248 248 248 248 247 247 248 248 248 248 248 248 248 248 249 249 249 250 250 251 251 252 253 253 253 253 253 254 253 253 252 253 254 254 255 255 255 255 255 254 254 254 254 255 255 255 256 257 257 257 257 256 255 255 255 254 254 255 255 256 256 257 258 258 258 259 259 259 259 260 260 260 260 260 260 260 261 261 261 261 261 261 262 262 262 262 262 262 262 263 262 263 263 263 262 262 262 262 262 262 262 262 262 263 263 263 263 263 263 263 263 263 263 263 264 264 264 264 264 265 265 265 265 265 265 265 265 266 266 266 266 266 266 269 269 269 269 270 270 270 270 270 270 270 270 270 270 270 270 271 271 271 271 271 271 271 272 272 272 272 271 271 272 272 272 272 272 273 273 273 273 273 273 273 273 273 273 273 273 273 274 274 274 274 274 274 274 274 274 274 274 274 274 274 274 275 275 275 275 275 275 275 275 275 275 275 275 275 276 276 276 276 276 276 276 276 277 276 276 276 276 276 277 277 277 277 277 277 277 276 276 276 276 276 277 276 276 276 276 276 276 276 276 275 275 275 275 275 276 276 275 275 275 276 276 275 275 275 275 275 275 276 276 276 276 275 276 276 276 276 276 276 276 276 276 276 276 276 276 276 276 276 276 227 227 226 227 227 228 228 228 227 227 227 227 228 229 229 228 228 228 227 229 230 230 229 229 230 231 230 230 231 232 232 232 231 232 232 231 231 231 231 231 232 233 233 234 234 234 234 234 235 235 235 236 237 237 237 237 238 238 238 238 239 239 239 240 240 240 240 241 241 242 242 242 242 242 242 243 243 243 243 243 244 244 244 245 245 244 244 245 245 245 246 245 245 245 245 245 245 245 246 246 246 246 247 247 247 247 247 247 248 247 247 247 247 247 247 247 248 248 248 248 249 249 249 249 249 249 249 250 251 252 252 252 252 253 253 253 253 253 252 252 253 253 254 254 254 254 254 255 254 254 254 255 254 254 255 256 256 256 256 256 255 255 255 254 254 255 256 256 256 257 257 259 259 259 259 259 259 260 260 260 260 261 261 261 262 261 261 261 261 261 261 262 262 262 262 262 262 262 262 263 263 263 263 263 263 263 263 262 262 262 262 263 263 263 263 263 263 263 263 263 263 263 263 264 264 264 264 264 265 265 265 265 265 265 265 265 265 265 266 266 266 268 269 269 269 270 270 270 269 269 270 270 270 270 270 271 271 271 271 271 271 271 271 271 272 272 272 272 272 271 272 272 272 272 272 273 273 273 273 273 273 273 273 273 273 274 274 273 273 274 274 274 274 274 274 274 274 274 274 274 274 274 275 274 275 275 275 275 275 275 275 275 275 275 275 275 275 276 276 276 276 276 276 276 276 276 276 276 276 276 277 277 276 276 276 276 276 276 276 276 276 276 276 276 276 276 276 276 276 275 275 275 276 275 275 275 276 275 275 275 275 276 276 275 275 275 275 275 275 275 276 276 276 276 276 275 275 275 275 275 275 275 276 276 276 276 276 276 276 276 277 227 227 227 227 227 227 227 228 228 228 228 228 227 227 228 228 227 227 227 228 229 230 230 229 230 231 231 231 231 231 232 233 232 232 232 232 232 232 231 232 232 232 232 232 233 234 235 235 235 236 236 235 236 236 236 236 237 237 238 238 238 238 239 239 240 240 240 240 240 240 241 241 242 242 242 242 242 243 242 243 243 243 244 244 244 245 245 245 245 246 246 246 246 245 246 245 245 245 245 246 246 246 246 247 248 247 247 246 247 247 247 247 247 247 247 248 248 248 248 248 248 249 249 250 250 249 250 250 250 251 252 252 252 252 252 253 253 253 253 253 253 252 252 253 254 254 253 253 253 253 253 253 254 254 254 255 255 256 256 256 256 256 256 255 254 254 255 256 256 257 257 258 259 259 258 258 258 259 259 259 259 260 260 260 261 262 261 261 261 261 261 261 261 262 262 262 262 262 262 262 263 263 263 263 263 263 263 263 263 263 263 263 263 263 264 264 263 263 263 263 263 263 264 264 264 264 264 264 264 265 265 265 265 265 265 265 265 265 265 265 266 266 268 269 269 269 269 269 269 269 269 270 270 270 270 270 270 271 271 271 271 271 271 271 271 272 272 272 272 271 271 272 272 272 272 272 272 273 273 273 273 273 273 273 273 273 274 274 274 273 274 274 274 274 274 274 274 274 274 274 274 274 274 274 274 275 275 275 275 275 275 275 275 275 275 275 275 275 275 276 276 276 276 276 275 276 276 276 277 277 277 277 276 276 276 276 276 276 276 276 276 276 276 276 276 276 276 276 276 276 275 275 276 276 275 275 275 276 276 275 275 275 275 276 276 275 275 275 275 275 275 275 275 275 275 275 275 275 276 275 276 276 276 276 276 276 276 276 276 276 276 277 277 227 226 227 227 228 227 226 226 228 227 227 227 228 227 227 227 227 227 227 228 228 229 229 229 229 229 230 231 231 232 232 233 233 233 233 233 233 233 232 232 232 232 232 232 232 233 234 235 235 235 236 236 236 236 236 236 236 236 237 237 238 238 238 238 239 240 240 240 240 240 240 240 241 241 241 241 241 241 242 242 242 243 243 244 244 244 244 245 245 245 246 246 246 246 246 246 246 245 245 245 246 246 246 246 246 247 247 247 247 246 246 247 247 247 248 248 248 248 248 248 248 249 249 250 250 250 250 251 251 251 251 252 252 252 252 252 253 253 254 254 253 253 253 253 253 253 253 253 253 254 254 253 253 253 253 254 255 256 255 256 256 256 256 256 256 255 254 255 256 256 257 257 258 258 258 258 257 258 259 259 258 259 259 259 260 260 261 261 261 260 261 261 261 261 261 261 261 262 262 262 263 263 263 263 263 263 263 262 263 263 263 263 263 263 263 264 264 263 263 263 264 264 264 264 264 264 264 264 264 264 265 265 265 265 265 265 265 266 266 265 266 266 266 268 269 269 269 269 269 269 269 269 270 270 270 270 270 270 270 271 271 271 271 271 271 271 272 272 272 271 272 272 272 272 272 272 272 272 273 273 273 273 273 273 273 273 273 274 274 274 274 274 274 273 274 274 274 274 274 274 274 274 274 274 274 275 275 275 275 275 275 275 275 275 275 275 275 275 275 276 276 276 276 276 276 275 276 276 276 276 276 276 276 276 276 276 276 276 276 276 276 276 276 276 276 276 276 276 276 276 276 275 275 276 276 276 276 276 276 276 276 276 275 275 275 275 276 276 275 275 275 275 275 276 276 276 275 275 276 276 276 276 276 276 277 276 277 276 276 276 276 276 276 276 226 225 226 227 228 227 227 226 227 227 227 227 227 227 226 227 227 228 228 229 229 229 229 229 229 229 229 230 231 231 231 232 232 232 233 233 234 234 234 233 233 233 232 232 232 233 233 234 234 234 235 236 236 237 237 236 237 237 237 237 238 239 239 239 239 239 239 240 240 240 240 240 241 241 241 241 241 242 242 242 242 243 243 243 244 244 245 245 245 245 245 246 246 246 246 247 246 246 245 245 245 245 245 246 246 247 247 247 247 247 247 246 247 247 247 248 249 248 248 248 248 248 249 250 250 250 251 251 252 252 251 251 251 252 252 252 252 253 253 253 253 253 253 253 253 253 253 254 254 254 254 254 254 254 253 254 255 255 255 255 255 255 255 255 255 255 255 255 256 257 256 257 257 257 258 258 257 258 258 258 258 259 259 259 259 260 260 261 261 261 261 261 261 261 261 261 261 261 261 261 262 262 263 263 262 263 263 262 263 263 263 263 263 263 263 263 264 264 263 263 263 264 264 264 264 264 264 264 264 264 265 265 265 265 265 265 265 265 265 265 265 266 266 268 269 269 269 269 269 269 269 269 270 270 270 270 270 270 271 271 271 271 271 271 271 271 272 271 271 271 272 272 272 272 272 272 272 272 273 273 273 273 273 273 273 273 273 274 274 274 274 274 274 273 273 274 274 274 274 274 274 274 274 274 274 275 275 275 275 275 275 275 275 275 275 275 275 276 276 276 276 276 276 276 276 276 275 276 276 276 276 276 276 276 276 276 276 276 276 276 276 276 276 276 276 276 276 276 276 276 275 275 275 276 276 276 276 276 276 276 276 276 275 275 275 276 276 276 276 275 275 274 275 275 276 276 276 275 275 276 276 276 276 276 276 277 277 277 276 276 276 276 276 276 277 225 225 225 226 227 227 227 226 226 227 227 227 227 226 227 227 228 229 230 230 230 230 229 229 229 230 230 229 230 231 231 231 232 232 232 233 233 234 234 233 233 232 232 232 233 232 232 233 233 233 234 235 235 236 237 237 237 238 238 238 238 239 239 239 240 240 240 240 240 241 241 240 241 242 242 242 242 241 242 242 243 243 243 243 244 244 244 245 245 245 245 246 246 246 246 246 246 247 246 246 246 246 246 246 247 247 247 247 247 247 247 247 248 248 248 248 248 248 248 248 249 248 249 249 249 250 251 252 252 251 251 251 252 252 252 252 252 252 252 252 252 252 252 252 253 253 254 254 254 255 255 254 254 253 253 253 254 254 255 255 256 256 255 255 255 255 255 255 256 256 256 256 256 257 258 257 257 258 258 258 258 259 259 260 260 260 261 261 261 261 261 261 261 261 261 261 262 261 262 261 261 262 262 262 262 262 263 263 262 263 263 263 263 263 263 263 263 263 264 264 263 263 263 264 264 264 264 264 264 264 265 265 265 265 265 265 265 265 265 265 266 266 266 268 269 269 269 269 269 269 269 269 270 270 270 270 270 270 270 270 271 271 271 271 271 271 271 271 271 271 272 272 272 272 272 272 272 272 273 273 273 273 273 273 273 273 273 274 274 274 274 274 274 273 273 274 274 274 274 274 274 274 274 274 274 275 274 274 274 275 275 275 275 275 275 276 275 275 275 275 275 276 276 276 276 276 275 275 276 276 276 276 276 276 276 276 276 276 276 276 276 276 276 276 276 276 276 276 276 275 275 276 276 276 276 276 276 276 276 276 276 276 276 276 275 276 276 276 276 275 275 274 275 275 276 276 275 276 276 275 276 276 276 276 276 277 276 276 276 276 276 276 276 277 277 277 226 226 225 225 225 226 227 227 227 226 227 227 227 228 228 228 229 230 230 230 230 231 230 230 231 231 231 230 230 230 231 232 232 233 233 233 234 234 234 234 233 233 233 233 233 233 233 233 233 233 233 234 235 236 236 237 237 238 239 239 238 239 239 240 240 240 240 240 241 241 241 241 241 242 242 242 242 242 242 242 242 243 243 243 244 244 244 245 245 245 245 246 246 246 246 246 246 247 247 247 246 246 246 246 246 246 247 248 247 247 247 247 247 248 249 249 248 248 248 249 249 248 249 250 250 250 250 251 252 252 252 252 253 253 253 252 252 252 252 252 252 252 252 253 253 254 254 254 255 256 255 254 254 254 254 254 253 254 254 255 256 256 256 255 255 254 254 255 256 256 256 257 257 258 258 258 258 257 257 258 258 258 259 259 260 260 261 261 262 262 261 261 262 261 261 262 262 262 262 262 262 261 261 262 262 262 263 263 263 262 263 263 263 263 263 263 263 263 263 263 263 263 263 264 264 264 264 264 264 265 265 265 265 265 265 265 265 265 266 266 266 266 266 269 269 269 269 269 269 269 269 269 270 270 270 270 270 270 270 270 270 271 271 271 271 271 271 271 271 271 271 272 272 272 272 272 272 272 273 273 273 273 273 273 273 273 273 274 274 274 274 274 274 273 274 274 274 274 274 274 274 275 275 275 274 275 274 274 275 275 275 275 275 275 275 276 275 275 275 275 275 276 276 276 275 276 275 275 275 275 276 276 276 276 276 276 276 276 276 276 276 276 276 276 275 275 275 275 275 275 275 276 276 276 276 276 276 276 276 277 277 277 276 276 276 276 276 276 276 276 275 275 275 275 275 275 275 275 275 275 275 276 276 276 276 276 276 276 276 276 276 276 276 276 276 277 227 227 226 226 226 226 226 226 226 226 226 227 227 227 228 228 229 230 230 229 229 229 229 229 231 232 232 232 231 230 231 232 233 232 233 233 234 234 235 235 234 234 234 234 234 234 234 234 234 233 233 234 235 235 236 236 236 237 237 238 238 238 239 239 240 240 240 240 241 241 241 241 241 242 242 242 242 242 242 242 242 242 243 244 244 244 245 245 245 245 245 245 246 246 246 246 246 247 247 247 247 246 245 246 246 246 246 247 246 247 247 247 247 248 248 249 248 248 249 249 249 248 249 249 250 250 250 251 252 252 252 252 252 252 253 252 252 252 252 252 252 252 253 253 253 254 255 255 255 256 256 255 255 254 254 254 254 254 255 255 256 256 255 255 255 255 255 255 256 256 257 257 258 258 257 257 257 258 258 258 259 259 259 259 260 261 262 262 262 263 263 262 261 261 262 262 262 262 261 261 261 261 261 261 262 262 263 263 263 263 263 263 263 263 263 263 263 263 263 263 263 263 263 264 264 264 264 264 264 264 265 265 265 265 265 265 265 266 266 266 266 266 266 268 268 268 269 269 269 269 269 269 270 270 270 270 270 270 270 270 270 270 271 271 271 271 271 271 271 271 271 271 272 272 272 272 272 272 273 273 273 273 273 273 273 273 273 274 274 274 274 274 274 274 274 274 274 274 274 274 274 274 275 275 275 275 274 275 275 275 275 275 275 275 275 275 275 275 275 275 276 276 276 275 275 275 275 275 275 275 276 276 276 276 276 276 276 276 276 276 276 276 276 276 275 275 276 276 276 276 276 276 276 276 276 276 277 277 277 277 277 277 277 276 276 276 277 277 276 275 275 275 275 275 275 275 275 275 276 275 276 276 276 276 276 275 276 276 276 276 276 275 276 276 277 277 278 228 227 226 226 226 226 226 226 227 227 227 228 228 228 229 230 230 230 230 229 230 230 230 231 232 232 232 231 231 232 232 232 232 233 233 234 234 234 234 235 235 234 234 234 234 234 234 234 234 233 234 234 235 235 236 236 236 237 238 238 238 238 239 239 240 241 241 241 241 241 241 241 242 242 243 243 243 243 243 242 243 244 244 244 245 245 245 245 246 246 245 245 245 246 247 246 247 247 247 246 246 246 246 246 246 246 247 247 247 247 247 248 248 249 249 249 249 249 249 248 249 249 250 251 251 252 252 252 252 252 252 252 252 252 252 252 252 253 253 253 253 253 253 254 255 255 256 256 256 256 255 255 255 254 254 254 254 254 255 255 255 255 254 254 255 255 255 256 256 256 256 256 256 256 257 257 258 258 259 259 259 260 260 261 261 262 262 263 262 262 262 261 262 262 262 262 262 262 261 262 262 262 261 262 262 263 263 263 263 263 263 263 263 263 263 263 263 263 263 263 264 264 264 264 264 264 264 264 264 265 265 265 265 265 265 266 266 266 266 266 266 268 268 268 269 269 269 269 269 269 269 270 270 269 270 270 270 270 271 271 270 270 270 271 271 271 272 272 272 272 272 272 272 272 272 272 273 273 273 273 273 273 273 273 274 274 274 274 274 274 274 274 274 274 274 274 274 274 274 274 275 275 275 275 275 275 275 275 275 275 275 275 275 275 275 275 275 276 275 275 275 275 275 275 275 275 275 275 276 276 276 276 276 276 276 276 276 276 276 276 276 276 275 276 276 276 276 276 276 276 276 276 277 276 277 277 277 277 277 277 277 277 276 276 277 277 276 276 275 275 275 275 275 275 275 275 275 275 275 275 275 275 275 276 276 276 276 276 276 276 276 276 276 277 278 228 227 226 227 227 226 226 227 227 227 228 228 229 230 230 230 230 230 230 230 230 230 231 232 232 232 231 232 232 233 233 233 233 234 234 233 233 234 234 235 235 234 234 233 234 234 233 234 235 235 235 235 236 236 237 237 237 237 237 238 238 238 239 239 240 240 241 241 242 241 242 242 242 243 243 243 242 242 243 243 244 244 244 245 245 245 246 246 246 246 246 246 247 246 247 247 247 246 246 245 246 247 247 247 247 248 247 247 247 247 248 249 249 248 248 248 248 249 249 249 250 251 252 252 252 252 252 251 251 252 253 253 252 252 253 253 254 254 254 254 254 254 255 255 256 255 255 255 255 254 254 254 254 254 255 254 254 255 255 255 254 254 255 255 255 255 255 255 256 256 256 257 257 258 259 259 259 260 260 260 260 261 261 262 262 262 262 262 262 262 262 263 263 263 263 262 262 262 262 262 261 262 262 262 262 263 263 263 263 263 263 263 263 263 263 263 263 264 264 264 264 264 264 264 264 264 264 265 265 265 265 265 265 265 266 266 266 265 265 268 268 268 269 269 269 269 269 269 269 269 270 270 270 270 270 270 271 270 270 271 271 271 271 272 272 272 272 272 272 272 272 272 272 272 273 273 273 273 273 273 273 273 273 274 274 274 274 274 274 274 274 274 274 274 274 274 274 274 274 275 275 275 275 275 275 275 275 275 275 275 275 275 275 275 276 275 275 275 275 275 275 275 275 275 275 275 276 276 276 276 276 276 276 276 276 277 276 276 276 276 276 275 275 275 275 275 276 276 276 276 276 276 276 276 276 277 277 277 277 277 277 277 277 276 276 276 276 275 275 275 275 275 275 275 274 275 275 275 275 276 276 276 275 275 275 276 276 276 276 276 276 277 277 277 278 278 278 228 227 227 227 227 227 227 227 228 229 229 229 229 230 230 230 230 230 231 232 232 232 232 232 232 232 232 233 234 234 234 234 234 233 233 233 233 234 235 235 234 233 233 233 234 235 236 236 236 237 237 237 237 238 237 237 238 238 238 238 239 240 240 241 241 241 241 241 242 242 242 243 243 242 242 243 243 243 244 244 244 245 245 245 246 246 246 246 246 247 247 246 247 247 247 247 246 246 246 247 247 247 247 247 247 247 247 247 248 249 249 248 248 248 249 249 250 250 249 251 252 252 251 251 251 251 251 252 253 252 251 252 253 253 254 255 255 255 255 255 255 255 255 255 256 255 255 254 253 254 254 255 255 255 254 254 254 254 254 255 255 255 256 256 255 256 256 256 256 257 257 258 258 259 259 259 260 260 260 261 261 262 262 262 262 262 262 262 262 262 262 263 263 263 262 262 261 261 262 262 262 262 262 262 262 263 263 263 263 263 263 263 263 263 263 263 264 264 264 264 264 264 264 264 264 264 265 265 265 265 265 265 265 265 265 265 265 268 268 268 269 269 269 269 269 269 269 270 270 270 270 270 271 271 271 270 271 271 271 271 271 271 272 272 272 272 272 272 272 272 272 272 273 273 273 273 273 273 273 273 274 274 274 274 274 274 274 274 274 274 274 274 274 274 274 274 274 275 275 275 275 275 275 275 275 275 275 275 275 275 275 275 275 275 275 275 275 275 275 276 275 275 276 276 275 276 276 276 276 276 276 276 276 276 276 276 275 275 275 275 275 275 275 275 276 276 276 276 276 276 276 276 276 277 277 277 277 277 277 276 276 277 277 277 276 276 276 275 276 275 276 276 275 275 275 275 275 275 275 275 275 276 276 276 276 276 276 276 276 276 277 277 278 277 277 277 277 228 228 228 228 228 228 228 228 229 229 229 229 229 230 230 230 231 232 232 233 233 233 232 232 232 233 233 233 234 234 234 233 233 233 233 234 235 235 234 234 233 233 234 235 235 236 236 237 238 237 237 238 239 239 238 239 239 239 239 239 240 240 241 241 241 241 242 242 242 243 243 243 243 244 243 243 243 244 244 245 245 245 245 246 246 246 246 247 247 247 247 247 248 247 247 247 247 247 247 247 247 248 248 247 247 247 248 249 248 248 248 248 248 249 250 250 250 251 252 252 251 252 252 252 252 252 252 252 252 251 252 253 253 253 254 255 255 255 255 255 255 256 256 256 255 254 254 255 255 255 254 254 254 255 255 255 255 255 255 256 256 257 256 256 256 256 256 257 257 258 258 259 259 259 259 260 260 260 260 261 262 261 261 262 262 262 263 262 262 263 263 263 262 262 262 262 262 262 262 262 262 262 262 263 263 263 263 263 263 263 263 263 263 263 264 264 264 264 264 264 264 264 264 264 264 265 265 265 265 265 265 265 265 265 265 268 268 268 269 269 269 269 269 269 270 270 270 270 270 270 271 271 272 271 272 272 271 271 271 271 272 272 272 272 272 272 272 272 272 272 273 272 272 273 273 273 273 273 274 274 274 274 274 274 274 274 274 274 274 274 274 274 274 274 274 275 275 275 275 275 275 275 275 275 275 275 275 275 275 275 275 276 276 276 276 276 276 276 276 276 276 276 276 276 276 275 275 275 276 276 275 275 275 275 276 275 275 275 275 276 276 276 276 276 276 276 276 276 276 276 276 276 277 277 277 276 277 276 277 276 276 277 277 277 277 276 276 276 276 276 276 275 275 275 275 275 275 275 275 275 276 276 276 276 276 276 276 276 276 276 276 276 276 276 276 277 229 229 229 229 229 229 229 230 230 230 231 232 232 232 233 233 233 233 233 233 233 233 234 234 234 234 234 234 234 233 233 234 234 234 234 234 233 234 234 235 235 236 236 237 237 238 238 239 239 239 239 240 240 239 239 240 241 241 241 242 242 242 242 242 243 243 243 243 244 243 244 243 244 244 244 245 245 246 246 246 246 246 246 247 248 248 248 248 248 248 248 248 248 247 248 248 248 248 247 247 247 248 248 248 248 248 249 249 249 250 251 251 251 252 252 252 253 253 253 252 252 253 252 252 252 252 252 252 253 254 254 255 255 255 255 255 256 256 256 255 254 255 255 255 255 254 255 255 255 255 255 255 255 255 255 256 256 256 256 255 256 256 257 258 258 259 259 259 258 259 259 259 259 260 261 261 261 261 261 262 262 263 262 262 263 263 263 263 263 263 262 262 262 262 262 262 262 262 262 263 263 263 263 263 263 263 263 263 263 263 263 264 264 264 264 264 264 264 264 265 265 265 265 265 265 265 265 265 265 265 268 268 268 268 269 269 269 269 269 270 270 271 270 270 270 270 270 271 272 272 272 272 271 271 272 272 271 271 272 272 272 272 272 272 272 272 272 272 273 273 273 273 273 274 274 274 274 274 273 273 273 273 273 274 274 274 274 274 274 274 274 275 275 275 275 275 275 275 275 275 275 275 275 275 275 276 276 276 276 276 276 276 276 276 276 276 276 276 276 276 275 275 275 275 275 275 275 275 275 276 276 276 275 275 276 276 276 276 276 276 276 276 276 276 276 276 276 277 277 277 277 276 276 277 277 277 276 277 277 276 276 277 277 276 276 276 276 275 275 275 275 275 275 276 276 276 275 275 276 276 276 276 276 276 276 276 275 275 276 277 277 230 230 230 229 229 229 230 231 231 231 232 232 233 233 233 234 234 234 234 234 234 234 235 234 234 234 234 234 233 233 233 233 234 234 233 234 234 235 235 235 235 236 236 237 238 238 239 238 239 240 240 240 240 240 241 241 241 241 241 242 242 242 242 243 243 243 243 244 243 243 243 244 244 245 245 245 246 246 246 246 246 247 247 247 247 247 248 248 248 248 248 248 247 247 248 247 247 247 248 248 248 248 248 248 249 249 249 249 250 251 251 252 252 252 252 253 253 253 253 253 253 252 252 252 252 253 253 253 254 255 255 255 255 255 255 256 256 256 255 255 255 255 255 255 255 255 256 256 255 255 255 255 255 255 256 255 255 255 256 256 257 257 257 258 258 258 259 258 258 259 259 259 260 260 260 261 260 261 262 262 262 262 262 263 263 263 263 263 263 262 262 262 262 262 262 262 262 262 262 263 263 263 263 263 263 263 263 263 263 263 264 264 264 264 264 264 264 264 265 265 265 265 265 265 265 265 265 265 265 268 268 268 268 269 269 269 269 269 270 270 271 270 270 270 270 270 271 272 272 272 271 272 272 272 272 272 272 272 272 272 272 272 272 272 272 272 272 273 273 273 273 273 273 273 273 273 273 273 273 273 273 273 274 274 274 274 274 274 274 274 275 275 275 275 275 275 275 275 275 275 275 275 275 275 275 275 275 276 276 276 276 276 276 276 277 276 276 276 276 276 275 275 275 276 276 276 276 276 276 276 276 276 276 276 276 276 276 276 276 276 276 276 276 276 276 276 276 276 276 277 276 276 277 276 277 277 277 277 276 277 277 277 277 277 276 276 275 275 275 275 275 276 275 275 275 275 275 276 276 276 276 275 276 276 276 275 276 276 276 277 277 277 278 279 279 230 230 230 230 230 230 231 231 232 232 232 233 233 234 234 234 234 234 234 234 235 235 235 235 235 235 234 234 234 234 233 233 233 233 234 235 235 235 235 236 237 237 238 238 238 238 238 238 239 240 240 240 241 241 241 241 241 241 241 242 242 242 242 243 243 243 244 244 244 243 244 244 245 245 246 246 246 246 246 246 247 247 247 247 247 247 247 248 248 249 248 247 247 247 248 247 247 248 249 249 249 248 248 249 250 249 249 250 250 251 252 252 253 253 253 253 253 253 253 253 253 253 252 252 252 252 253 253 254 254 255 255 255 255 255 256 256 256 256 255 255 255 255 255 256 255 255 256 255 255 255 255 256 256 256 256 256 256 256 257 257 257 258 258 258 259 258 258 258 259 259 261 261 260 260 260 261 262 262 262 262 262 263 263 263 263 264 263 262 262 262 262 262 262 262 262 262 262 263 263 263 263 263 263 264 263 263 264 264 264 264 264 264 264 264 264 264 265 265 265 265 265 264 265 265 265 265 265 268 268 269 268 269 269 269 270 269 269 270 270 270 270 270 270 270 270 271 271 272 272 273 273 272 272 272 271 272 272 272 272 272 272 272 272 272 272 273 273 273 273 273 273 273 273 273 273 273 273 273 273 273 274 274 274 274 274 274 274 274 274 275 275 275 275 275 275 275 275 275 275 275 275 275 276 276 276 276 276 276 276 276 276 276 277 276 276 276 276 276 276 275 275 276 276 276 276 276 276 276 276 276 275 276 276 276 276 276 276 276 276 276 276 276 276 276 276 276 276 277 277 276 276 277 277 277 277 276 276 277 277 276 276 276 276 276 275 275 275 275 275 275 275 276 276 276 276 276 276 276 276 275 276 276 276 276 276 276 276 276 276 277 277 278 277 277 278 279 231 231 231 231 232 232 232 233 233 233 233 234 234 234 234 234 234 235 235 235 235 235 235 235 235 234 234 234 234 233 233 234 235 235 236 236 236 236 237 237 238 238 237 237 238 239 240 240 241 241 242 242 242 242 242 242 242 242 242 242 242 243 243 243 244 244 244 244 244 245 245 245 246 246 247 246 247 247 247 247 247 247 248 248 248 248 249 248 248 247 247 248 247 248 248 249 249 249 248 248 249 250 249 249 250 250 251 252 252 253 253 253 253 253 252 252 252 252 252 252 253 252 253 254 255 255 255 255 255 255 255 255 256 256 256 255 255 255 255 255 255 255 255 255 255 255 255 256 256 256 256 256 256 256 256 256 257 257 257 257 257 258 259 258 258 259 260 260 261 261 260 261 261 261 261 261 261 262 262 263 263 263 263 263 263 263 262 262 262 262 262 262 262 262 262 263 263 263 263 263 263 263 264 264 264 264 264 264 264 264 265 265 264 264 264 264 264 265 265 265 265 265 265 265 265 268 269 269 268 269 269 269 269 270 269 270 271 271 271 270 270 270 270 271 272 273 273 272 272 272 271 272 272 272 272 272 272 272 272 272 273 272 273 273 273 273 273 273 273 273 273 273 273 274 274 273 273 273 273 274 274 274 274 274 274 274 274 274 275 275 275 275 275 275 275 275 275 275 276 276 276 276 276 276 276 276 276 277 277 277 277 277 277 277 276 276 276 276 276 275 276 276 276 276 276 276 276 276 276 275 275 275 276 276 276 276 276 276 276 276 276 276 276 276 276 277 276 276 276 277 276 276 276 276 276 276 276 276 276 277 276 276 276 275 275 275 275 275 275 275 275 275 276 276 276 276 275 275 276 276 276 276 276 276 276 276 276 276 276 276 277 277 277 278 279 231 232 232 232 232 233 233 233 233 234 234 234 234 234 234 234 235 235 235 235 235 235 234 234 234 234 234 233 233 233 234 235 235 235 235 236 236 237 238 238 237 237 238 239 240 240 241 241 242 242 242 242 243 242 242 242 242 242 242 242 243 243 243 243 244 244 244 245 245 245 245 246 246 246 246 246 247 247 247 247 247 248 248 248 248 248 247 247 248 247 247 247 248 248 249 249 248 248 249 250 250 249 250 250 251 251 251 252 252 252 252 252 252 252 253 253 252 253 253 252 253 253 255 255 255 255 255 255 255 255 255 256 255 255 255 255 255 255 255 255 255 255 255 255 256 255 255 255 256 256 256 256 256 256 256 256 256 257 257 257 257 258 259 259 260 260 260 261 260 261 261 261 261 261 261 262 262 262 263 263 263 263 262 262 262 262 262 262 262 263 263 262 262 262 263 264 263 263 264 263 263 264 263 263 263 264 264 264 264 264 264 264 264 265 265 265 265 265 265 265 266 266 265 268 269 269 269 269 269 269 269 270 270 270 271 272 272 271 271 271 271 272 273 273 272 272 272 272 272 273 272 273 272 272 272 272 272 272 272 272 273 273 273 273 273 273 273 274 274 274 274 274 274 273 273 274 274 274 274 274 274 274 274 274 274 274 275 275 275 275 275 275 275 275 275 275 276 276 276 276 276 276 276 277 277 277 277 277 277 277 277 277 277 276 276 276 276 276 276 276 276 276 276 275 275 275 275 275 275 275 275 275 275 275 276 276 276 276 276 276 277 277 277 277 277 276 277 277 276 276 276 277 277 276 276 276 276 276 276 276 276 276 275 275 275 275 275 274 274 275 275 275 275 275 275 275 275 276 276 276 277 276 276 276 276 276 277 277 277 278 279 279 279 232 232 232 233 233 233 233 233 234 234 234 234 234 235 235 235 235 235 234 234 234 234 235 234 234 234 234 233 234 234 235 235 235 235 236 237 237 237 237 237 238 238 239 240 241 241 241 242 242 242 242 243 242 243 242 243 243 243 243 243 243 244 244 244 244 245 245 246 246 246 246 246 246 246 246 247 247 247 248 248 248 248 249 248 248 248 248 248 247 248 248 249 249 249 248 249 249 250 250 249 249 250 251 251 251 252 252 252 252 252 252 253 254 253 253 254 253 252 253 254 255 255 255 255 255 255 255 255 255 256 256 255 254 254 254 255 255 256 256 256 255 256 255 255 255 255 255 255 255 256 256 256 256 257 257 257 257 258 258 258 258 258 259 259 259 259 260 260 261 261 262 261 262 262 262 263 262 263 263 263 263 263 262 262 262 262 262 262 262 262 262 262 263 264 264 264 264 264 264 263 263 263 263 263 264 264 264 264 264 264 264 264 265 265 265 265 265 265 266 266 265 268 268 269 269 269 269 270 270 270 271 271 271 271 272 272 272 271 272 272 273 273 273 273 273 273 272 273 273 273 272 272 273 273 273 273 272 272 272 272 273 273 273 273 273 274 275 274 274 274 274 273 274 274 274 274 274 274 274 274 274 274 274 274 275 275 275 275 275 275 275 276 276 276 276 276 276 276 276 276 276 276 276 276 276 277 276 276 277 277 277 276 276 276 276 276 276 276 276 276 275 275 275 275 275 275 275 275 275 275 275 275 275 275 276 276 276 276 277 276 277 277 276 276 277 276 276 276 276 276 277 276 276 276 276 276 275 275 275 276 275 275 275 276 275 275 275 275 274 274 275 275 276 276 275 276 276 276 276 276 277 277 276 276 276 277 278 279 279 279 279 280 233 233 234 234 234 234 234 234 235 235 235 235 234 234 233 234 233 234 235 235 235 234 234 234 234 234 234 235 236 236 237 237 237 237 238 238 239 240 241 241 241 241 242 242 242 242 242 242 243 243 243 243 243 243 243 243 243 243 244 245 245 245 245 246 246 246 246 246 247 247 247 248 247 248 248 248 248 248 248 248 247 247 247 248 248 249 249 249 249 248 249 249 250 250 250 250 250 251 252 251 251 251 252 252 253 252 253 253 253 253 254 253 253 253 254 254 255 255 255 255 256 255 255 255 256 255 255 254 254 254 254 255 255 256 256 256 256 255 255 255 255 255 255 255 256 256 256 256 257 257 257 259 259 258 258 258 258 258 259 259 259 260 260 261 262 262 262 262 263 263 263 263 263 263 263 264 263 262 262 262 262 262 262 262 263 263 263 263 263 263 263 264 264 264 264 263 263 263 263 264 264 264 264 264 264 264 264 264 265 265 265 266 266 266 266 266 268 269 269 270 270 270 270 270 270 271 271 271 271 271 271 271 271 272 272 272 272 272 273 274 273 273 274 274 273 273 273 273 272 272 272 272 272 272 272 273 273 273 274 274 274 275 275 275 274 274 274 274 274 274 275 275 274 275 274 274 274 274 274 275 275 275 275 275 275 275 275 276 276 276 276 276 276 276 276 276 276 276 276 276 276 276 276 277 277 277 277 277 277 277 277 276 276 276 276 276 276 276 275 275 275 275 275 275 275 275 275 275 275 275 275 276 276 276 276 277 276 276 276 276 276 276 276 276 276 276 277 276 276 276 276 276 276 275 275 275 275 275 276 276 275 275 275 275 275 275 275 275 276 276 276 276 276 277 276 276 277 277 276 277 277 278 278 278 277 278 278 279 279 279 279 278 278 279 279 233 234 234 234 234 234 234 234 234 235 235 235 234 233 233 233 233 234 235 235 234 234 234 234 235 235 235 235 235 236 236 236 236 237 239 240 240 240 241 241 241 241 241 242 242 242 242 243 243 243 243 244 244 244 243 243 243 244 244 244 245 245 245 246 246 246 246 246 247 247 247 247 248 248 248 248 248 248 248 248 249 248 247 247 248 248 248 249 249 248 249 249 250 251 251 250 251 251 252 251 251 251 252 253 252 253 253 253 253 254 254 254 253 253 253 254 254 254 255 255 255 255 255 255 255 255 255 255 255 254 254 254 255 255 255 256 256 255 255 255 255 255 255 255 256 256 256 256 257 258 258 259 258 258 258 258 258 259 259 260 259 260 260 261 262 262 262 262 262 263 263 263 263 263 263 263 263 263 262 262 262 263 263 263 263 263 263 263 263 263 263 263 264 264 264 264 263 263 263 264 264 264 264 264 264 264 264 264 264 265 265 266 266 266 266 266 269 269 270 270 270 270 270 270 270 271 270 271 271 271 271 271 272 272 272 272 272 272 273 272 273 273 274 274 273 273 272 273 273 273 273 273 272 272 272 273 273 274 274 274 274 274 274 275 274 274 274 274 274 274 275 275 274 274 274 274 274 274 274 275 275 275 275 275 275 275 275 275 275 276 276 276 276 276 276 276 276 276 276 276 276 276 276 276 276 276 277 276 276 276 276 276 276 276 276 276 276 276 276 276 276 276 276 275 275 276 276 275 275 275 275 275 276 276 276 276 276 276 276 276 276 276 276 276 276 276 276 276 276 277 276 276 276 276 275 275 275 274 275 276 275 275 276 276 276 275 275 275 275 276 276 276 276 276 277 276 276 277 277 277 277 278 277 277 276 277 277 278 278 278 278 277 277 278 277 278 278 234 234 234 234 234 234 234 234 235 235 235 235 234 234 233 233 233 233 233 233 234 233 234 235 236 236 236 236 236 236 236 236 237 238 239 239 240 240 240 241 241 241 241 242 242 243 243 243 243 243 243 244 244 244 244 243 244 245 245 244 245 245 246 246 246 246 246 246 247 247 247 247 247 248 248 248 248 248 248 249 249 248 248 247 248 248 249 249 249 249 249 249 249 250 251 251 251 252 252 252 252 252 252 252 252 253 253 253 252 253 254 254 253 253 254 254 254 254 255 255 255 255 255 254 254 254 254 254 255 254 254 254 254 255 255 255 255 255 255 256 256 256 255 255 256 256 256 257 257 257 258 259 258 258 258 259 259 260 260 260 260 260 260 260 261 262 262 263 263 263 263 263 263 263 263 264 263 262 262 262 263 263 263 263 263 262 263 263 263 263 263 263 263 263 264 264 264 264 264 264 264 264 264 264 264 264 264 264 265 265 265 265 266 266 267 267 269 269 269 270 270 270 270 270 270 271 270 270 271 270 271 271 272 272 272 271 271 272 272 272 272 272 273 273 273 273 273 273 273 273 273 273 273 273 272 273 273 274 274 274 274 274 274 274 275 274 274 274 274 274 274 274 274 274 274 274 274 274 274 275 275 275 275 275 275 275 275 275 275 276 276 276 276 276 276 276 276 276 276 276 276 276 276 276 276 276 276 276 276 276 276 276 276 276 276 276 276 277 276 276 276 276 275 275 275 276 275 275 275 275 275 276 276 276 276 276 276 276 276 276 275 275 275 275 276 276 276 276 276 276 276 276 276 276 276 275 275 275 275 275 276 275 276 276 276 276 275 275 275 275 275 275 276 276 276 277 277 277 278 278 278 277 276 276 276 276 277 277 277 277 278 277 276 276 276 277 277 278 234 234 234 234 234 234 235 235 234 234 234 233 233 233 233 233 234 234 234 234 234 234 235 235 236 236 236 236 236 237 237 237 237 238 238 239 239 240 241 241 241 241 242 242 242 242 243 243 243 243 243 243 243 244 244 245 245 245 245 244 245 246 246 246 246 246 247 247 247 247 247 247 247 248 248 248 248 248 249 249 248 247 247 248 248 249 249 249 249 249 249 250 250 251 252 251 252 252 252 252 252 252 252 253 253 253 253 252 253 254 253 253 253 254 254 255 255 255 255 255 255 254 254 254 254 254 254 254 254 254 254 254 254 255 255 255 255 255 255 255 255 256 255 255 256 256 257 257 258 259 259 258 258 258 259 259 260 261 261 261 261 261 261 261 262 262 263 263 263 262 263 263 263 264 264 263 263 262 262 262 262 262 263 263 263 263 263 264 263 263 263 263 263 263 264 264 264 264 264 264 264 264 264 264 264 264 264 264 265 265 266 266 266 266 267 269 269 270 270 270 270 270 270 270 270 271 270 271 270 271 271 271 271 272 271 271 272 272 272 272 272 273 273 272 273 273 273 273 274 274 274 273 273 273 273 273 274 274 274 274 274 274 274 274 274 274 274 274 274 274 274 274 274 274 274 274 274 275 275 275 275 275 275 275 275 275 275 276 276 276 276 276 276 276 276 276 276 276 276 276 276 276 276 276 276 276 276 276 276 276 276 276 276 276 276 277 276 276 276 276 276 276 276 276 277 276 276 276 276 276 276 275 276 276 276 276 276 276 275 275 275 276 276 276 276 276 275 276 276 276 276 276 276 276 276 275 275 274 275 276 276 275 276 276 276 275 275 275 275 275 275 276 276 277 277 278 278 278 278 278 277 277 276 276 275 276 276 277 276 276 277 277 276 276 276 277 278 279 234 234 234 234 234 235 235 234 234 233 233 232 232 233 234 234 234 234 234 234 234 234 234 234 235 236 236 236 237 237 237 237 237 238 239 238 239 240 240 241 240 241 241 241 241 242 242 243 243 243 243 243 243 244 244 244 245 245 245 245 245 245 246 246 246 246 246 246 247 247 247 247 248 248 248 248 248 248 248 249 249 247 248 248 248 249 249 249 250 250 250 251 251 252 252 251 252 252 252 252 252 252 252 253 253 253 253 252 253 253 254 254 253 254 254 255 255 255 255 255 254 254 254 254 254 254 254 255 255 255 255 254 254 255 255 255 255 255 255 256 256 255 255 256 256 256 256 257 257 258 259 259 259 259 259 260 260 261 261 262 261 262 261 261 261 262 263 263 263 263 263 263 263 264 263 263 263 262 263 263 263 263 263 262 263 263 263 264 263 263 263 264 263 263 263 264 264 264 264 264 264 264 264 264 264 264 264 264 265 265 266 266 266 266 266 269 269 269 270 270 270 270 270 269 270 270 270 270 270 270 271 271 271 271 271 271 272 272 272 272 273 272 273 273 272 272 273 273 273 273 273 273 273 273 273 273 274 274 274 274 273 274 274 274 274 274 274 273 273 274 274 274 274 274 274 274 274 275 275 275 275 275 275 275 275 275 275 275 276 276 276 276 276 276 276 276 276 276 276 276 276 276 276 276 276 276 276 276 276 276 276 276 276 276 276 276 277 277 276 276 276 276 277 277 277 277 277 277 277 277 277 276 275 275 275 275 276 276 276 276 277 277 276 276 277 276 275 275 275 276 276 276 277 276 276 276 275 275 275 275 275 275 275 275 276 276 275 275 275 275 275 275 275 276 277 277 278 277 277 277 277 277 277 276 276 275 276 276 276 276 277 277 276 276 276 277 277 277 278 234 234 234 234 235 235 234 234 233 232 233 233 233 235 234 235 235 234 234 234 234 234 234 235 235 235 236 236 237 238 238 238 239 240 240 239 239 240 240 240 240 240 241 241 242 242 243 243 243 243 243 244 244 244 245 245 245 245 245 245 245 245 246 246 246 246 246 247 247 247 248 248 248 248 248 248 249 249 249 249 248 248 249 249 249 249 249 250 250 250 251 252 252 252 252 252 253 252 252 253 252 252 253 253 252 252 253 253 253 253 253 253 254 255 255 255 255 255 255 254 254 254 254 254 254 254 255 256 255 255 254 254 254 254 255 255 256 256 256 256 255 255 255 256 256 256 256 257 257 258 259 259 259 260 260 261 261 262 262 262 262 262 262 262 262 263 263 263 263 263 263 263 263 263 262 262 262 262 263 263 262 262 262 263 264 264 264 263 263 263 264 263 263 263 263 263 263 263 264 264 264 264 264 264 264 264 264 265 265 265 265 266 266 266 269 269 269 269 269 270 270 270 269 270 270 270 270 270 270 270 271 271 271 271 272 271 272 272 272 272 272 272 272 272 272 272 273 273 273 273 273 273 273 273 273 273 274 274 274 274 273 273 274 274 273 273 274 274 274 274 274 274 274 274 274 274 275 275 275 275 275 275 275 275 275 276 276 276 276 276 276 276 276 276 276 276 276 276 276 276 276 276 276 276 276 276 276 276 276 276 276 276 276 275 275 275 276 275 275 275 276 276 276 276 275 275 276 276 276 277 277 276 276 276 276 276 277 277 277 277 277 277 276 276 276 276 275 275 275 276 276 276 276 276 276 275 274 275 275 275 275 275 275 275 276 276 275 275 275 275 276 276 276 277 277 277 277 277 276 277 277 277 277 276 276 276 276 276 276 276 276 276 276 276 276 276 277 277 278 234 234 234 235 235 234 234 233 233 233 233 234 235 235 235 235 234 234 234 234 234 234 234 235 236 236 236 236 237 237 238 238 239 240 240 239 239 240 241 241 241 241 242 242 242 243 243 243 243 244 244 244 244 245 244 245 245 245 245 246 246 246 246 246 247 247 247 247 247 247 247 248 248 248 249 249 249 249 249 248 248 249 249 249 249 249 249 250 251 251 252 252 252 252 252 253 253 253 253 253 253 253 253 253 253 254 253 253 254 254 254 254 254 255 255 255 255 254 254 254 253 253 255 255 254 255 255 255 255 254 254 254 255 255 256 256 255 255 255 255 255 256 256 257 256 257 257 258 259 259 260 260 260 260 261 261 262 262 262 263 263 262 262 263 263 263 263 263 263 263 262 262 262 262 262 262 262 262 262 262 262 263 263 263 264 264 263 263 263 264 263 263 263 264 264 264 264 264 264 264 264 264 264 264 264 264 264 264 265 265 265 266 266 269 269 269 269 269 269 270 270 270 269 270 270 270 270 270 271 271 271 271 271 271 271 271 271 272 272 272 272 272 272 272 272 272 273 273 273 273 273 273 273 273 273 273 274 274 274 274 274 274 274 273 274 274 274 274 274 274 274 274 274 274 274 274 275 275 275 275 275 275 275 276 276 276 276 276 276 276 276 276 276 276 276 276 276 276 276 276 276 276 276 276 276 276 276 276 276 276 276 276 275 275 275 275 274 274 274 274 275 275 275 274 274 274 275 276 277 277 277 277 277 277 277 276 277 277 277 277 277 277 277 276 276 275 275 276 276 276 276 276 277 277 276 275 275 275 275 275 275 276 276 276 276 276 276 276 275 275 276 276 277 276 276 276 276 276 276 277 276 276 276 275 275 275 276 275 275 276 276 276 277 277 277 277 277 278 279 279 234 235 235 235 235 235 234 234 234 234 235 235 235 236 235 235 234 235 235 235 235 235 235 236 237 237 237 237 238 238 238 239 240 241 241 241 240 241 242 242 242 242 242 243 243 243 243 244 244 244 244 245 245 245 245 245 245 246 246 246 246 246 246 246 247 247 247 247 247 248 248 248 248 249 249 249 250 249 249 248 248 249 250 249 250 250 251 250 251 252 252 251 251 252 252 253 253 253 253 254 253 253 253 254 254 254 254 254 254 255 255 254 255 255 255 254 254 254 254 254 254 254 255 254 255 255 255 255 255 255 255 255 255 255 255 255 255 255 255 255 256 256 256 257 257 257 258 258 259 259 261 261 261 261 262 262 263 263 263 263 263 263 263 263 263 263 263 262 262 262 262 262 262 262 262 262 262 263 262 262 262 263 263 263 263 263 263 263 263 263 263 263 263 264 264 263 263 264 264 264 264 264 264 264 265 265 265 264 265 265 265 266 266 266 266 267 267 267 267 267 267 267 267 267 268 268 268 268 268 268 269 269 269 269 269 269 269 269 269 269 269 269 270 270 270 270 270 270 270 271 271 271 271 271 271 271 271 271 271 271 271 271 274 274 274 274 274 274 274 274 274 275 275 275 274 274 275 275 275 275 275 275 276 276 276 276 276 276 276 276 276 276 276 276 276 276 276 276 276 276 276 276 276 276 276 276 276 276 275 275 275 275 276 275 275 274 274 274 275 275 275 274 274 275 275 275 275 276 276 276 277 277 278 278 277 277 277 277 278 278 278 278 277 277 276 275 276 276 276 276 276 276 277 276 276 276 275 275 275 276 276 276 276 276 277 276 276 276 276 276 276 277 277 276 276 276 276 277 277 277 276 276 277 277 277 277 276 277 277 278 278 278 278 279 278 279 279 279 278 279 279 235 235 236 235 235 234 234 235 235 235 235 234 234 235 235 235 235 235 236 235 235 236 237 237 238 239 239 239 239 239 240 241 241 240 240 241 242 242 243 243 243 243 243 243 244 244 244 245 245 245 245 245 245 245 246 246 246 246 246 246 246 247 247 247 247 247 248 248 248 248 248 249 249 249 249 249 249 249 250 250 250 251 251 251 251 251 251 251 251 251 251 251 252 253 253 253 253 253 253 254 254 254 254 254 255 255 255 255 255 254 254 254 255 255 254 254 254 254 254 255 255 255 255 255 255 255 255 255 255 255 254 254 254 255 255 255 255 256 256 256 257 257 258 258 258 258 258 260 261 261 261 262 262 263 263 263 263 264 264 263 263 263 263 263 263 263 263 262 262 262 262 263 263 262 262 263 263 262 262 262 262 262 262 262 262 263 263 263 264 263 264 264 264 264 264 263 263 264 264 265 265 265 265 264 264 265 265 265 266 266 266 267 267 267 267 267 267 267 267 267 267 268 268 268 268 268 268 269 269 269 269 269 269 269 269 269 269 269 269 270 270 270 270 270 270 271 271 271 271 271 271 271 271 271 272 271 271 272 272 274 274 274 274 274 274 274 274 274 275 275 275 275 274 275 275 275 275 275 275 276 276 276 276 276 276 276 276 276 276 276 276 276 276 276 276 276 276 276 276 276 276 276 276 276 276 275 275 276 276 276 276 275 274 275 275 276 276 276 275 274 275 275 274 275 275 276 276 276 276 276 277 277 277 277 277 277 277 277 277 276 276 276 275 276 276 276 276 276 276 276 276 276 276 276 275 275 275 275 275 276 276 276 276 275 276 276 276 276 277 277 277 277 276 276 276 276 276 276 276 276 277 277 278 278 277 278 278 278 279 279 279 279 279 279 278 278 278 279 236 235 234 235 235 235 235 235 235 234 235 235 235 235 236 236 235 235 235 235 236 237 238 238 239 239 240 241 241 241 241 241 240 241 241 242 243 243 243 244 243 244 244 244 245 245 245 245 245 245 245 246 246 246 246 247 246 246 247 247 247 247 247 248 248 248 248 248 248 249 249 249 249 250 249 250 250 250 250 251 251 251 251 251 251 250 251 250 251 251 252 253 253 254 253 254 254 255 254 254 254 255 256 255 255 254 254 254 254 254 255 254 254 254 254 254 254 254 254 254 254 254 255 255 255 255 255 255 255 254 255 255 255 255 256 256 257 257 257 257 257 257 258 258 259 260 261 262 262 262 262 262 263 263 264 264 263 263 262 262 262 262 262 262 262 262 262 263 263 263 263 263 263 263 262 262 263 262 263 263 263 262 263 262 263 263 264 264 264 264 263 263 264 263 264 264 265 265 265 265 264 265 265 265 265 266 266 266 267 267 267 267 267 267 267 267 267 267 268 268 268 268 268 268 269 269 269 269 269 269 269 269 269 269 269 269 270 270 270 270 270 270 270 271 271 271 271 271 271 271 271 271 271 271 271 272 274 274 274 274 274 274 274 274 274 274 275 275 275 275 275 275 275 275 275 275 275 276 276 276 275 275 275 275 276 276 276 276 276 276 276 276 276 276 276 276 276 276 275 275 275 275 275 276 276 276 276 276 275 275 275 275 275 276 275 275 275 275 275 274 274 275 275 276 275 275 276 276 276 276 276 276 276 276 277 276 277 276 276 276 276 276 276 276 276 276 276 276 276 276 276 276 275 275 275 275 275 276 276 276 275 276 276 276 276 276 276 276 276 276 276 276 275 276 276 276 276 277 278 278 278 278 278 278 279 279 278 278 279 278 278 277 278 279 279 279 236 235 235 235 235 235 235 235 235 235 235 236 236 236 236 235 236 236 236 235 236 237 237 238 239 240 241 241 242 242 242 241 241 242 242 243 243 243 244 244 244 244 245 245 245 245 245 245 246 246 246 246 246 246 246 246 246 247 247 247 247 247 247 248 248 248 248 248 249 249 249 249 250 250 250 250 250 250 250 250 251 251 251 250 250 251 250 251 251 252 252 253 253 253 254 254 255 254 254 254 255 256 255 255 254 253 253 253 254 255 255 255 254 254 254 253 253 253 254 254 254 254 255 255 255 255 255 255 255 255 256 256 256 256 256 257 257 257 257 257 257 258 258 259 260 261 261 262 262 262 262 263 263 263 264 263 262 262 261 262 262 262 262 262 262 263 263 264 263 263 263 263 263 263 263 263 263 263 263 263 263 262 262 263 263 263 264 264 264 263 263 264 263 264 264 265 265 264 264 264 265 265 265 265 266 266 266 266 267 267 267 267 267 267 267 267 267 268 268 268 268 268 268 268 269 269 269 269 269 269 269 269 269 269 269 270 270 270 270 270 270 270 271 271 271 271 271 271 271 271 271 271 272 271 271 273 273 274 274 274 274 274 274 274 274 275 275 275 275 275 275 275 275 275 275 275 275 275 275 276 276 276 276 276 276 275 276 276 276 275 275 275 275 276 276 275 275 275 275 275 275 275 275 275 276 276 276 276 276 276 275 275 275 275 275 275 274 274 274 274 274 275 275 275 276 276 276 275 276 276 276 276 276 276 276 277 277 276 276 276 276 276 275 275 275 275 275 276 276 276 276 276 276 275 275 274 275 276 276 275 275 276 276 276 275 276 276 276 276 275 275 276 276 276 276 277 277 278 277 277 278 278 278 278 278 278 277 278 277 277 278 279 279 279 279 279 236 236 236 235 235 235 235 234 235 235 235 236 236 237 236 236 237 237 237 237 236 235 236 237 238 239 240 241 242 242 242 242 242 242 242 242 243 243 243 243 244 244 244 244 244 244 245 245 245 246 246 246 246 246 246 246 246 246 246 247 247 247 247 248 248 248 248 248 248 249 249 249 249 249 249 250 250 250 250 250 251 251 251 251 250 250 250 250 251 251 252 252 253 253 253 254 254 255 255 254 254 255 255 255 255 254 253 253 253 254 254 255 254 254 254 254 253 253 253 254 254 254 254 254 255 254 255 255 255 255 255 256 256 256 257 256 256 256 257 257 257 257 258 259 259 260 261 261 261 262 262 262 263 263 264 264 264 263 262 262 262 262 262 263 263 262 263 263 263 263 262 262 262 263 263 263 263 264 263 264 263 263 262 262 263 263 263 264 264 264 264 264 264 264 264 265 265 265 265 265 264 265 265 265 266 266 266 266 266 267 267 267 267 267 267 267 267 267 267 268 268 268 268 268 268 268 269 269 269 269 269 269 269 269 269 269 270 270 270 270 270 270 270 270 271 271 271 271 271 271 271 271 271 271 271 271 273 273 274 274 274 274 274 274 274 274 274 275 275 275 275 275 275 275 275 275 275 275 275 275 275 276 276 276 276 275 275 276 276 276 276 276 276 275 275 275 275 275 275 275 275 275 275 275 275 275 275 276 276 276 276 276 275 275 276 276 276 275 275 274 274 274 274 275 275 275 276 275 276 276 277 276 276 276 277 277 277 277 276 276 276 275 275 275 275 275 275 275 276 276 276 276 276 276 276 275 275 274 275 275 275 275 276 276 275 275 275 275 275 275 276 276 277 277 277 277 277 278 278 277 276 277 277 278 278 278 277 277 277 277 278 278 279 279 279 278 278 236 236 236 236 236 235 235 235 234 235 236 236 236 237 237 236 237 237 237 237 237 237 236 236 238 238 239 240 241 242 242 242 242 242 242 243 243 243 243 243 243 243 243 243 244 244 245 245 245 245 245 246 246 246 246 246 247 246 246 247 247 247 247 247 247 248 248 248 248 248 248 248 249 249 249 249 250 250 250 250 250 251 251 251 251 250 250 250 251 252 252 252 251 252 253 253 254 254 254 254 254 255 255 255 254 254 253 253 253 253 253 254 255 254 254 254 254 254 254 254 254 254 254 254 254 254 254 255 255 255 255 255 255 256 256 256 256 256 257 257 257 258 258 258 258 259 260 260 261 261 261 262 262 263 263 264 264 263 263 262 262 262 262 262 263 262 263 263 262 262 263 263 262 262 262 262 263 263 263 263 264 264 263 263 263 263 264 263 263 264 264 264 264 264 264 265 265 265 265 265 265 265 265 265 266 266 266 266 266 266 267 267 267 267 267 267 267 267 267 267 268 268 268 268 268 268 268 268 269 269 269 269 269 269 269 269 269 269 270 270 270 270 270 270 270 271 271 271 271 271 271 271 271 271 271 271 271 273 273 273 274 274 274 274 274 274 274 274 274 275 275 275 275 275 275 275 275 275 275 275 275 275 275 275 276 276 276 275 276 276 276 276 276 275 275 275 275 276 275 275 275 275 275 275 275 276 276 276 276 276 275 276 276 276 276 276 276 276 275 275 275 275 275 274 275 275 275 275 275 276 276 276 275 276 276 276 276 276 276 276 276 275 275 275 275 275 275 275 275 275 276 276 276 275 276 276 276 275 275 275 275 275 275 276 275 275 274 274 275 276 275 275 276 276 276 276 277 277 277 277 276 276 277 278 278 278 278 278 277 277 277 277 278 279 278 278 277 277 236 236 236 236 236 236 236 235 235 236 236 237 237 236 236 237 237 238 238 237 237 237 236 236 237 238 239 240 241 241 242 242 242 243 243 243 244 244 243 243 243 243 243 243 244 244 245 245 245 245 245 245 245 246 246 246 247 246 246 247 247 247 247 247 247 248 248 248 248 248 248 248 249 249 249 249 249 250 250 250 250 250 251 251 250 250 250 250 251 251 252 252 251 251 252 253 254 254 254 254 254 254 254 254 253 253 253 253 253 253 253 254 254 255 255 254 254 254 254 254 254 254 254 255 255 255 255 255 255 255 255 255 255 255 256 256 257 257 257 257 258 258 258 258 258 259 259 260 260 261 261 262 262 263 263 263 263 263 263 262 262 261 262 262 262 262 262 262 263 262 262 262 263 263 263 262 262 263 263 263 263 264 264 263 263 263 264 264 263 264 264 265 265 265 265 265 265 266 265 265 265 265 265 265 266 266 266 266 266 266 267 267 267 267 267 267 267 267 267 267 267 268 268 268 268 268 268 268 269 269 269 269 269 269 269 269 269 269 270 270 270 270 270 270 270 270 271 271 271 271 271 271 271 271 271 272 272 274 274 274 274 274 274 274 274 274 274 274 274 274 274 275 275 275 275 275 275 275 275 275 275 275 275 275 276 276 276 276 275 276 276 276 276 275 275 275 275 276 276 276 276 275 275 275 275 275 275 276 276 276 276 276 276 276 276 276 276 276 276 276 276 275 275 275 275 275 275 275 275 275 275 275 275 276 275 276 276 276 276 276 275 275 275 275 275 275 275 275 275 275 275 276 276 275 275 276 276 276 276 275 275 275 275 275 275 274 275 275 276 276 275 275 275 275 275 276 276 276 276 277 276 276 277 277 278 278 278 278 277 277 277 278 278 278 278 277 276 276 277 236 236 236 236 236 236 236 236 236 236 237 236 236 236 237 238 238 238 237 237 236 236 237 238 239 239 239 240 240 241 242 242 243 243 243 244 244 243 243 243 243 243 243 244 245 245 245 245 245 245 245 246 246 246 246 246 246 246 247 247 247 247 247 247 247 248 248 248 249 249 249 249 249 249 249 249 250 250 250 250 250 251 251 250 250 249 250 250 251 251 252 251 251 252 253 253 253 254 254 254 253 253 253 253 253 253 253 253 253 253 253 254 254 255 255 254 254 254 254 254 254 254 254 255 255 255 254 254 255 255 255 256 256 255 256 256 256 257 257 257 257 257 257 258 259 259 260 260 261 261 261 262 262 263 264 264 263 262 262 261 261 261 262 262 262 262 263 262 262 262 262 262 263 263 263 263 263 263 263 263 263 263 264 264 264 264 264 264 264 265 265 265 265 265 265 264 265 265 265 265 265 266 266 266 266 266 266 266 266 266 267 267 267 267 267 267 267 267 267 267 268 268 268 268 268 268 268 269 269 269 269 269 269 269 269 269 269 269 270 270 270 270 270 270 270 270 270 271 271 271 271 271 271 271 271 272 274 274 274 274 274 274 274 274 274 274 274 274 274 274 274 274 274 275 275 275 275 275 275 275 275 275 275 275 276 276 275 275 276 275 275 275 275 275 275 275 275 275 276 276 276 276 275 275 275 275 275 276 276 276 276 276 276 276 276 276 276 276 276 276 276 275 275 275 275 275 275 275 275 275 275 275 275 275 275 275 275 275 276 276 275 275 275 275 275 276 275 275 275 275 275 275 275 275 275 276 275 275 275 275 275 275 275 274 275 275 276 276 276 276 276 275 275 275 275 276 275 276 276 275 276 276 277 277 278 278 277 277 276 277 277 278 278 277 277 277 276 277 277 277 236 236 236 236 236 236 236 236 236 236 236 237 237 237 237 237 237 237 237 236 237 238 238 239 238 239 240 240 240 241 242 243 243 243 243 244 243 243 243 244 244 244 244 245 245 245 246 246 246 246 246 246 246 246 246 246 246 247 247 247 247 247 248 248 248 248 248 248 249 248 249 249 249 249 250 250 250 250 251 251 251 251 251 250 250 250 250 250 250 251 251 251 252 252 253 253 253 253 253 253 253 252 252 253 253 253 253 253 253 254 254 254 254 254 254 254 254 254 254 254 254 254 254 254 254 254 254 255 255 256 256 256 255 256 256 256 257 257 257 257 257 258 258 258 259 259 260 260 261 261 261 262 262 263 263 263 262 261 261 261 262 261 261 261 262 262 262 262 262 262 262 262 262 263 263 262 263 263 263 263 263 263 264 264 264 264 264 264 265 265 265 265 265 265 264 264 265 265 265 265 265 266 266 266 266 266 266 266 266 267 267 267 267 267 267 267 267 268 267 268 268 268 268 268 268 268 268 269 269 269 269 269 269 269 269 269 269 269 269 270 270 270 270 270 270 270 270 270 271 271 271 271 271 271 271 274 274 274 274 274 274 274 274 274 274 274 275 275 275 275 275 275 275 275 275 275 275 275 275 275 275 275 275 275 275 275 275 275 275 275 275 276 275 275 274 274 275 275 275 276 276 276 276 275 275 275 275 276 276 276 276 276 276 276 276 276 276 276 276 275 275 275 275 275 275 275 275 275 275 275 275 275 275 275 275 275 275 275 275 275 275 275 275 275 275 276 275 275 275 275 275 275 275 275 275 276 275 275 275 275 275 275 275 275 275 275 275 276 276 276 275 275 275 275 275 275 276 276 275 275 276 276 277 277 277 277 277 276 277 277 277 278 278 277 276 276 276 276 277 236 236 237 237 237 237 236 236 236 237 237 237 236 236 236 236 236 237 237 237 237 237 238 238 239 239 239 239 240 241 242 242 242 243 243 243 243 244 244 243 244 244 245 245 245 245 245 246 246 246 246 246 246 246 246 246 246 247 247 247 247 247 248 248 248 248 248 248 248 249 249 249 250 250 250 250 250 250 251 251 251 251 251 250 250 250 250 250 251 251 252 251 252 252 252 253 253 253 252 252 252 252 252 253 253 253 253 253 253 254 254 254 254 254 254 253 254 254 254 254 254 254 254 254 254 254 255 255 255 256 256 256 256 256 256 256 256 257 256 257 257 257 258 258 258 259 259 260 261 261 260 260 261 262 262 262 262 262 262 262 262 262 262 261 261 262 262 262 262 262 262 262 262 262 262 262 262 262 262 262 263 263 264 264 264 264 265 265 265 265 265 265 265 264 264 264 265 265 265 265 265 265 266 266 266 266 266 266 266 267 267 267 267 267 267 267 267 268 268 268 268 268 268 268 268 268 268 268 269 269 269 269 269 269 269 269 269 270 269 269 270 270 270 270 270 270 270 270 270 271 271 271 271 271 271 273 274 274 274 274 274 274 274 274 274 274 274 274 275 275 275 275 275 275 275 275 275 275 275 275 275 275 275 275 275 275 275 275 276 276 276 276 276 275 275 274 275 275 275 275 276 276 276 276 275 275 275 275 275 276 276 276 275 275 275 276 276 276 275 275 275 276 276 275 275 275 274 275 275 275 275 275 275 275 275 275 275 274 275 275 275 275 275 274 275 275 275 275 275 275 275 275 275 275 275 275 275 275 275 275 275 275 275 275 275 275 275 276 276 275 275 275 275 275 275 276 276 275 275 275 276 276 276 276 276 277 278 277 276 277 277 278 278 278 277 276 276 276 277 277 237 237 237 237 237 237 237 237 237 236 236 236 236 236 237 237 238 238 237 238 238 239 238 239 240 240 241 241 242 242 242 243 243 244 244 244 243 243 244 245 245 245 245 246 246 246 246 246 246 246 246 247 246 246 246 247 247 247 248 248 248 248 248 248 248 248 249 249 249 249 250 250 250 250 250 250 250 251 251 251 251 251 250 250 250 251 251 251 251 252 252 252 252 252 252 252 252 252 252 252 252 252 253 253 253 253 253 254 254 254 254 254 254 253 254 254 254 254 254 254 254 254 254 255 255 255 256 256 256 256 256 256 256 257 257 256 257 257 258 258 258 258 259 259 260 259 259 260 260 261 261 261 261 262 262 262 262 262 262 261 262 262 262 263 262 262 262 262 263 262 262 262 262 262 263 263 263 263 263 263 263 264 264 264 264 265 265 265 265 265 265 265 265 264 264 265 265 265 265 265 266 266 266 266 266 266 266 267 267 267 267 267 267 267 267 268 268 268 268 268 268 268 268 268 268 268 269 269 269 269 269 269 269 270 270 270 270 269 270 270 270 270 270 270 270 270 271 271 271 271 271 271 273 273 274 274 274 274 274 274 274 274 274 274 274 274 275 275 275 275 275 275 275 275 275 275 275 275 275 275 275 275 275 275 275 275 276 276 276 275 275 275 274 274 275 275 275 275 275 275 275 276 276 275 275 275 275 276 275 276 276 276 275 275 275 275 276 276 276 276 275 275 275 274 274 274 275 275 275 275 275 274 274 274 274 275 275 275 275 275 274 275 275 275 275 275 275 275 275 275 275 275 275 275 275 274 275 275 275 275 275 276 276 276 276 276 275 275 275 275 275 275 275 275 275 275 276 276 275 275 275 275 277 277 277 276 277 277 278 277 277 277 276 276 276 277 277 277 237 237 237 237 237 237 236 235 236 236 237 237 237 237 237 237 238 238 238 239 239 240 240 241 241 242 242 242 243 243 244 244 244 243 243 244 245 245 245 245 245 245 246 246 246 246 246 246 247 246 246 246 247 247 247 248 248 248 248 248 248 248 248 249 249 249 250 250 250 250 250 250 250 251 251 251 251 251 251 250 250 250 250 251 251 251 251 252 252 252 252 252 252 252 252 252 252 252 253 253 253 253 253 253 254 254 254 254 254 254 253 253 254 254 254 255 254 254 254 254 255 255 256 256 256 256 256 256 255 256 256 256 257 257 258 258 258 258 258 258 259 258 259 260 260 260 261 260 261 261 261 261 262 262 262 261 262 262 262 262 263 262 262 262 263 263 262 262 263 263 262 263 264 264 263 263 263 263 263 263 264 264 264 264 264 264 264 265 265 265 265 265 265 265 265 265 265 265 266 266 266 266 266 266 267 267 267 267 267 267 267 267 267 268 268 268 268 268 268 268 268 268 268 269 269 269 269 269 269 269 269 269 269 269 269 269 270 270 270 270 270 270 270 271 271 271 271 271 271 273 273 274 274 274 274 274 274 274 274 274 274 274 274 274 275 275 275 275 275 275 275 274 274 274 275 275 275 275 276 275 275 276 276 276 276 276 276 276 275 275 274 274 275 275 275 275 275 275 276 276 275 275 275 275 275 275 276 275 275 275 275 275 275 275 276 276 275 275 274 274 274 274 274 274 275 275 275 274 274 274 274 274 274 274 274 274 274 274 274 275 275 275 275 274 275 274 275 275 275 275 275 275 274 275 275 275 275 275 275 275 276 276 276 275 276 276 276 276 275 275 275 275 276 276 275 275 275 275 275 277 277 277 276 276 277 277 277 277 277 276 276 277 277 276 277 237 237 236 236 236 237 236 237 237 237 237 237 237 238 238 238 239 239 239 239 240 241 241 241 242 243 243 244 244 243 243 244 244 245 245 245 245 245 245 246 246 246 246 246 247 247 246 247 247 247 247 247 247 248 248 248 248 248 248 248 249 249 249 249 250 250 250 250 250 250 251 251 251 251 251 251 250 250 250 250 250 250 251 251 252 252 252 252 252 252 252 253 252 252 252 252 253 253 253 253 253 253 253 254 254 254 254 254 254 253 254 254 254 254 254 254 255 255 255 256 255 256 256 256 256 256 256 256 256 256 257 257 257 257 257 258 258 258 259 259 259 260 260 260 260 260 260 260 261 261 262 262 262 262 261 261 261 262 262 262 262 263 263 262 263 263 263 263 264 264 263 263 263 264 263 263 263 263 264 264 263 264 264 264 265 265 265 265 265 265 265 265 265 265 265 265 266 266 266 266 267 266 266 267 267 267 267 267 267 267 267 268 268 268 268 268 268 268 268 268 268 269 269 269 269 269 269 269 269 269 269 269 269 269 269 269 270 270 270 270 270 270 271 271 271 271 273 273 274 274 274 274 274 274 274 274 274 274 274 274 274 274 275 275 275 275 275 274 274 275 275 275 275 275 276 276 276 276 276 276 276 276 276 276 275 275 275 275 275 275 275 275 275 275 275 275 276 276 275 275 275 275 275 275 275 275 275 275 275 275 275 275 275 276 276 275 274 274 274 274 274 274 274 274 274 274 274 274 274 274 274 274 274 274 274 274 274 274 274 274 274 274 274 274 274 275 275 275 275 275 275 275 275 275 275 275 275 275 276 276 276 276 276 276 276 276 275 275 274 274 274 275 275 275 275 276 277 277 277 276 276 276 276 277 277 277 276 276 276 276 276 277 277 278 238 237 236 237 237 237 237 238 238 238 237 237 237 238 238 238 238 239 239 240 240 241 242 242 242 243 243 243 243 243 244 244 244 245 245 245 245 245 246 246 246 246 247 247 247 246 246 247 247 247 247 247 247 248 248 248 248 249 249 249 249 249 249 250 250 250 250 250 251 251 251 251 251 251 251 251 251 251 250 250 250 251 251 252 252 252 252 253 253 253 253 253 252 252 252 252 253 253 253 253 253 253 253 254 254 254 254 254 254 254 254 254 254 254 254 254 255 255 256 256 256 256 256 256 256 256 256 256 256 256 257 257 258 258 258 258 259 259 259 260 260 260 260 260 260 260 260 261 261 261 262 262 262 262 261 261 262 262 262 262 263 263 263 264 264 263 263 263 263 263 263 263 264 264 263 262 262 263 263 263 264 264 264 264 264 265 265 265 265 265 265 265 266 266 266 266 266 266 266 266 266 266 266 267 267 266 267 267 267 267 267 267 267 268 268 268 268 268 268 268 268 268 268 269 269 269 269 269 269 269 269 269 269 269 269 270 270 270 270 270 270 270 270 271 271 273 273 273 274 274 274 274 274 274 274 274 274 274 274 274 274 274 275 275 275 274 275 275 275 275 275 275 275 275 276 276 276 276 276 275 275 275 275 275 275 275 275 275 275 275 275 275 275 275 275 276 276 276 276 276 275 275 275 275 275 275 275 275 275 275 275 275 276 276 275 274 274 274 274 274 274 274 274 274 274 274 274 274 274 274 274 274 274 274 274 274 274 274 275 274 274 274 274 274 274 274 275 274 275 275 275 275 275 275 275 275 275 275 275 275 275 276 276 276 276 276 276 275 275 274 274 275 275 275 275 276 276 277 277 276 276 276 276 277 276 276 276 276 277 277 277 277 277 277 277 237 237 237 237 237 237 237 237 237 237 238 239 239 239 239 238 239 239 240 241 241 242 242 242 242 242 243 244 244 244 244 245 245 245 245 245 246 246 246 247 247 247 247 247 246 246 246 247 247 247 247 247 247 248 248 248 249 249 249 249 249 249 250 250 250 250 250 250 251 251 251 251 251 251 251 251 250 250 251 251 251 251 252 252 252 253 253 253 253 253 253 253 252 252 252 252 253 253 253 253 253 253 254 254 254 255 255 254 254 254 254 254 255 254 255 255 255 255 256 256 256 257 257 256 256 256 256 256 256 257 257 258 258 258 259 259 259 260 260 259 260 260 260 259 260 261 261 261 261 262 262 261 261 261 261 261 262 262 262 263 263 264 263 263 263 263 263 264 264 263 264 264 264 263 263 263 263 263 263 263 263 264 264 264 264 264 265 265 265 265 265 266 266 266 266 266 266 266 266 266 266 267 267 267 267 267 267 267 267 267 267 267 267 268 268 268 268 268 268 268 268 269 269 269 269 269 269 269 269 269 269 269 269 270 270 270 270 270 270 270 270 270 270 271 273 273 273 273 274 274 274 274 274 274 274 274 274 274 274 274 274 274 275 275 274 274 275 275 275 275 275 275 275 275 275 276 276 275 275 275 275 275 275 275 275 275 275 275 275 275 275 275 275 275 275 276 277 277 277 276 276 275 275 275 275 275 275 275 275 275 275 276 276 276 275 275 274 274 274 274 274 275 274 274 274 274 274 274 274 274 274 274 274 275 275 275 275 275 275 275 275 275 274 274 274 274 274 274 275 275 274 275 275 275 275 275 275 275 275 275 275 275 275 276 276 276 276 276 275 275 274 274 274 275 275 275 276 277 277 276 276 276 277 276 276 276 277 277 277 277 277 277 277 277 277 238 237 237 237 237 236 237 237 237 237 238 239 240 239 238 238 239 240 241 241 241 242 242 242 242 242 242 243 244 244 245 245 245 245 245 245 246 246 246 247 246 247 247 247 246 247 247 247 247 247 247 247 248 248 248 248 248 249 249 249 249 249 250 250 250 250 250 250 250 251 251 251 251 251 251 250 250 250 250 251 251 251 251 252 252 253 253 253 253 253 253 253 253 253 253 253 253 253 254 254 253 253 253 254 254 254 254 255 254 254 254 255 255 254 254 255 255 256 256 256 256 256 256 256 256 256 257 256 256 257 257 257 258 258 258 259 259 259 259 259 260 260 259 259 260 260 260 261 261 261 262 262 262 261 261 261 262 262 262 263 263 263 263 263 263 263 263 263 263 263 263 264 264 264 263 263 263 264 263 263 263 263 263 264 265 264 265 265 265 265 265 265 266 266 266 266 266 266 266 266 267 267 267 267 267 267 267 267 267 267 267 267 268 268 268 268 268 268 268 268 269 269 269 269 269 269 270 269 270 269 269 269 270 270 270 270 270 270 270 270 270 270 270 270 272 273 273 273 273 273 273 274 274 274 274 274 274 274 274 274 274 274 275 275 274 274 274 274 274 275 275 275 275 275 275 275 275 275 275 275 275 275 275 275 275 275 275 275 276 275 275 275 275 275 275 275 276 277 277 278 277 276 275 275 275 275 275 275 275 275 275 275 277 277 276 275 274 274 274 274 274 275 275 274 274 274 274 274 274 274 275 275 275 275 275 275 276 276 276 276 275 275 275 274 274 274 274 274 275 275 275 275 275 275 275 275 275 275 276 276 275 275 275 275 275 275 276 276 276 276 275 275 274 274 274 274 276 276 277 277 275 276 277 276 276 276 277 277 277 276 276 277 277 277 276 276 277 276 276 276 276 238 237 237 238 237 237 237 237 237 237 238 239 239 238 238 238 239 240 240 240 240 241 241 241 241 242 242 243 243 244 245 245 245 245 245 246 246 246 247 246 246 247 247 247 246 247 247 247 247 247 248 248 248 248 248 248 248 249 249 249 249 250 250 250 250 250 250 250 250 250 251 251 252 252 251 251 251 251 251 250 250 250 250 251 252 253 252 253 253 252 253 253 254 253 253 253 253 253 253 254 254 253 253 254 254 254 254 254 254 254 254 254 255 255 255 255 255 256 256 256 256 256 256 256 256 256 256 256 256 256 257 257 257 257 258 259 259 259 259 259 259 259 259 260 260 261 261 261 262 262 262 262 262 261 261 261 262 262 263 263 264 264 264 264 264 263 263 263 263 263 264 264 264 263 263 263 263 264 264 264 264 264 263 263 264 264 265 265 265 265 265 265 266 266 266 266 266 266 266 267 267 267 267 267 267 267 266 266 267 268 268 267 268 268 268 268 268 268 268 268 269 269 269 269 269 269 269 270 270 269 269 270 270 270 270 270 270 270 270 270 270 270 270 270 272 273 273 273 273 273 273 273 274 274 274 274 274 274 274 274 274 274 274 274 274 274 274 274 274 274 275 274 275 275 275 275 275 275 275 275 275 275 275 276 276 275 275 275 276 275 275 275 275 275 275 275 275 275 276 276 276 277 276 276 276 275 275 275 275 275 275 275 276 277 276 275 274 274 274 274 274 274 275 275 275 274 274 274 274 274 275 275 275 275 276 275 275 276 276 276 276 276 276 276 275 275 274 274 275 275 275 275 275 275 275 275 275 276 276 276 276 275 275 275 275 275 275 276 276 276 276 276 276 275 275 275 276 276 276 276 276 276 276 276 276 276 277 277 277 276 276 277 277 277 276 276 276 277 276 276 276 277 277 238 238 238 238 238 237 238 238 237 237 238 237 238 238 238 239 239 240 240 240 240 241 242 242 243 243 243 243 244 244 245 246 246 246 246 246 246 246 247 247 247 247 247 247 247 247 248 248 248 248 248 248 248 248 248 249 249 249 249 250 250 250 250 250 250 250 250 251 251 251 251 251 251 251 252 252 252 251 251 250 250 250 251 252 252 252 252 252 252 253 253 253 253 253 253 253 253 254 253 254 253 254 254 254 254 254 254 254 254 255 254 255 255 255 255 256 256 256 256 256 256 256 256 256 256 256 256 256 256 257 257 257 258 258 259 259 259 259 259 259 259 260 260 261 261 261 261 262 262 262 262 262 261 262 262 263 263 263 264 263 263 263 264 264 263 263 263 263 264 265 264 264 264 263 263 264 265 265 264 264 263 264 264 264 264 264 265 265 265 265 266 266 266 266 266 266 267 267 267 266 266 266 267 267 266 266 267 267 267 268 268 268 268 268 268 268 268 268 268 269 269 269 269 270 270 270 270 270 270 269 269 269 269 270 270 270 270 270 270 270 270 270 272 272 273 273 273 273 273 273 274 274 274 274 274 274 274 274 274 274 274 274 274 274 275 275 274 274 274 275 275 275 275 275 275 275 275 275 275 275 275 275 275 275 275 275 275 275 275 275 275 275 275 275 275 275 275 276 276 276 277 278 277 277 276 275 275 275 275 275 276 277 277 276 275 274 274 274 274 274 275 275 275 275 274 274 274 275 275 275 275 276 276 276 277 277 276 276 276 276 276 276 276 276 276 276 275 275 275 274 275 275 275 275 275 275 275 276 276 276 276 276 276 275 275 275 276 276 276 276 276 275 275 275 275 276 276 276 276 276 276 276 276 276 277 277 277 276 276 277 276 276 276 275 276 276 276 276 277 277 277 277 277 239 238 238 238 238 238 238 238 238 238 239 240 240 241 241 242 242 242 242 243 242 243 243 244 244 245 245 246 246 246 246 246 246 246 247 247 247 247 247 247 247 247 248 248 248 248 248 248 248 248 248 248 249 249 249 249 250 250 250 250 250 250 251 251 251 251 252 251 251 251 252 252 252 252 252 252 251 251 250 250 251 252 252 252 251 252 252 253 253 253 253 253 254 254 253 253 253 253 254 254 254 254 254 254 254 255 255 255 255 256 256 256 256 256 256 255 256 256 256 256 256 256 257 256 256 256 257 258 258 258 259 259 258 259 259 260 260 261 260 260 260 260 261 261 261 262 262 262 262 261 262 263 263 263 263 263 263 263 264 265 264 263 263 263 264 265 265 264 263 263 263 264 264 265 265 264 264 264 264 264 264 264 264 264 265 265 265 266 266 266 266 266 266 266 266 266 266 266 266 266 266 266 267 267 267 268 268 268 268 268 269 268 268 268 268 268 268 269 269 270 270 270 269 269 269 269 269 270 269 269 270 270 270 270 271 270 271 270 272 272 273 273 273 273 273 273 273 274 274 274 274 274 274 274 274 274 274 274 274 274 275 275 275 275 274 275 275 275 275 275 275 275 275 275 275 275 275 275 275 275 275 275 275 275 275 275 275 275 275 275 275 275 275 276 276 275 276 278 279 279 277 276 276 276 275 275 276 278 278 277 275 274 274 274 274 274 275 275 275 275 275 275 275 275 275 275 275 275 276 276 276 276 276 276 276 275 275 275 275 276 276 276 276 276 275 275 275 275 275 275 275 275 275 275 275 276 276 276 276 276 276 276 276 276 275 275 275 275 275 275 275 275 275 276 276 276 276 275 276 276 277 277 276 276 277 277 277 276 275 275 275 275 276 276 276 276 277 277 239 239 239 239 238 239 239 239 239 239 240 240 241 241 241 241 242 242 242 242 243 243 244 244 245 246 246 246 246 246 246 246 247 247 247 248 247 247 247 247 248 248 248 248 248 248 248 248 248 248 249 249 249 249 250 250 250 250 250 250 250 251 251 252 251 251 251 252 252 252 252 252 252 252 252 252 251 250 250 250 251 252 251 251 251 252 252 252 252 252 253 254 254 254 254 254 254 254 254 254 254 254 254 255 255 255 255 256 256 256 256 256 256 255 255 256 256 256 257 257 257 257 256 256 256 257 257 258 258 259 258 259 260 260 260 259 259 260 260 261 261 261 261 262 262 262 262 262 262 262 262 263 262 263 263 263 263 263 264 263 263 263 263 264 265 264 264 263 263 264 264 265 265 264 264 264 264 265 265 264 264 264 264 265 265 265 266 266 266 266 266 266 266 266 266 266 266 266 266 267 267 267 267 267 268 268 268 268 269 268 268 268 268 268 268 269 269 270 270 270 270 270 269 269 270 270 269 269 270 270 271 271 271 271 270 270 272 272 273 273 273 273 273 273 274 274 274 274 274 274 274 274 274 274 274 274 274 274 275 275 275 275 275 275 275 275 275 275 275 275 275 275 275 275 275 275 275 275 275 275 275 274 274 275 275 275 275 275 275 275 275 275 276 275 275 276 277 278 279 278 278 277 276 276 277 278 278 277 276 276 275 274 274 274 275 275 275 276 276 276 276 276 276 276 276 276 276 276 275 275 275 275 275 275 275 275 275 275 275 275 275 275 275 275 275 275 275 275 275 275 275 275 275 275 275 276 275 276 276 276 276 276 276 275 275 275 275 275 275 275 275 275 275 276 275 276 277 277 276 275 275 276 276 277 277 277 275 275 275 275 275 275 275 276 276 239 240 240 240 240 240 240 241 241 241 242 242 243 244 244 244 244 245 245 246 246 246 246 246 247 247 247 247 248 247 247 247 247 248 248 248 248 248 248 248 248 248 249 249 249 249 250 250 250 250 250 250 250 251 251 251 251 251 251 251 252 252 252 252 252 252 252 252 252 252 251 251 251 250 250 251 251 251 251 251 252 252 252 253 253 253 254 254 254 254 254 254 254 254 254 254 254 255 256 256 255 256 256 256 257 256 256 256 256 256 256 257 257 258 257 256 256 256 257 257 258 258 258 258 259 259 259 259 259 260 260 261 261 261 262 262 262 262 262 262 262 263 262 262 262 263 263 263 263 263 262 263 263 263 263 264 264 265 264 264 263 263 263 264 265 265 264 264 264 264 265 265 264 264 264 265 264 264 265 265 265 266 266 266 266 266 266 266 266 266 266 266 267 267 267 267 267 268 268 268 268 268 268 268 268 268 268 268 269 269 269 269 270 270 270 270 269 270 270 270 269 270 271 271 271 271 270 270 271 273 272 272 273 273 273 273 273 274 274 274 274 274 274 274 274 274 274 274 274 274 274 274 275 275 275 275 275 275 275 274 275 275 275 275 275 275 275 275 275 275 275 275 275 275 274 275 275 275 275 275 275 275 275 275 275 275 275 275 275 276 277 278 278 279 279 278 278 278 278 278 278 277 277 276 275 274 274 274 275 275 275 276 276 276 276 277 276 276 276 276 276 276 275 275 275 275 275 275 275 275 275 275 275 275 275 275 275 275 275 275 275 275 275 275 275 275 275 275 275 275 275 275 276 277 276 276 276 276 275 274 274 274 274 274 274 275 275 275 275 276 276 276 275 276 276 276 276 276 276 276 275 275 275 275 276 276 276 276 239 240 241 241 241 241 242 242 243 243 244 244 244 244 245 245 246 246 246 246 247 247 247 247 247 248 247 247 247 247 248 248 248 248 248 248 248 248 249 249 249 249 249 249 249 250 250 250 250 250 250 250 251 251 251 251 251 251 251 251 251 252 252 252 252 253 253 253 252 252 251 251 252 252 252 251 251 251 252 252 253 253 254 254 254 254 254 254 254 254 254 254 254 254 254 255 256 256 256 256 256 257 256 256 256 256 256 256 257 257 257 256 256 256 257 257 257 258 258 258 258 259 259 259 259 259 260 261 261 260 261 261 262 262 262 262 263 263 262 262 263 262 263 263 263 263 263 263 264 264 263 263 263 264 264 264 264 264 263 263 264 265 265 265 265 265 264 265 265 264 264 264 265 264 264 264 265 265 265 265 265 265 266 266 266 266 266 266 266 266 267 267 267 267 268 268 268 268 268 268 268 268 268 269 269 269 269 269 269 269 270 270 270 270 270 270 270 270 270 270 271 271 271 271 272 271 272 272 272 273 273 273 273 273 274 274 274 274 274 274 274 274 274 274 274 274 274 274 274 275 275 275 275 275 275 275 274 275 275 275 275 275 275 275 276 275 275 276 276 276 275 275 275 275 275 275 275 275 275 275 275 275 275 275 275 275 275 275 277 278 279 279 278 278 278 278 278 278 278 278 277 276 275 274 274 274 275 275 275 276 276 276 276 276 276 276 276 276 276 275 275 275 275 275 275 275 275 275 275 275 275 275 275 275 275 275 275 275 275 275 275 275 275 275 275 275 275 275 275 275 275 276 276 276 276 276 275 275 275 275 275 275 274 274 274 274 275 275 275 275 275 276 276 276 276 276 275 275 275 275 275 275 275 275 275 276 239 240 241 241 242 242 242 243 243 244 244 244 244 244 245 246 245 245 246 246 247 247 247 247 247 248 247 247 247 247 248 248 248 248 248 248 249 249 249 249 249 249 250 250 250 250 250 250 250 250 250 250 251 251 251 251 251 251 251 251 252 252 252 252 252 253 253 253 253 253 253 253 252 252 253 252 252 252 252 252 252 253 253 253 253 254 254 254 254 254 254 255 254 255 255 255 255 256 256 256 257 257 257 256 256 257 256 256 257 257 257 256 256 256 257 257 257 257 257 258 259 259 259 259 259 259 260 260 260 260 261 261 261 262 262 263 263 263 263 263 262 263 263 263 263 263 263 264 264 264 263 263 263 263 264 264 265 265 264 264 265 266 265 265 264 264 264 264 265 265 265 265 265 265 264 264 265 265 265 265 265 265 265 265 266 266 266 266 266 267 267 267 267 268 267 268 268 268 268 268 268 268 269 269 269 269 269 268 269 269 269 270 271 271 270 270 270 270 270 271 271 271 271 271 271 271 272 272 272 273 273 273 273 273 273 273 273 273 273 274 274 274 274 274 274 274 274 274 274 274 274 274 275 275 275 275 275 274 274 275 275 275 275 275 275 275 275 276 276 276 276 276 275 275 275 275 275 275 275 275 275 275 275 275 275 275 275 275 276 278 278 279 279 278 278 278 278 278 278 277 277 276 276 275 274 274 274 275 275 275 276 276 276 276 276 276 276 276 276 275 275 275 275 275 275 275 275 275 275 275 275 275 275 275 275 275 275 275 275 275 275 275 275 275 275 275 275 275 275 276 276 276 276 276 276 276 276 276 276 276 276 276 276 275 275 275 274 274 275 275 275 275 275 275 275 276 274 274 275 275 275 275 275 275 276 238 239 241 241 242 242 243 242 243 243 244 244 244 244 244 245 245 245 246 246 246 247 247 247 247 247 247 247 247 247 247 248 248 248 248 248 249 249 249 249 249 249 249 250 250 250 250 250 250 250 250 250 250 250 251 251 251 251 251 251 252 252 252 252 252 252 253 253 253 253 253 253 253 253 252 252 252 252 252 252 252 252 252 253 253 253 253 253 254 254 254 255 255 254 255 255 255 255 256 256 256 256 257 257 257 257 257 257 257 257 257 257 257 257 257 257 257 257 257 257 258 258 258 259 259 259 259 259 260 260 260 260 261 262 262 261 262 262 264 264 263 263 263 264 264 264 264 264 265 264 264 264 263 263 263 264 264 265 265 265 264 264 265 266 266 265 264 265 264 264 265 265 265 265 265 265 264 265 265 265 265 265 265 266 266 266 266 266 266 266 266 267 267 267 268 268 268 268 268 268 268 268 268 268 268 268 268 269 269 269 269 269 270 270 270 270 270 270 270 271 271 271 271 271 271 271 271 272 272 273 273 273 273 273 273 273 273 273 273 274 274 274 274 274 274 274 274 274 274 274 274 274 274 274 274 275 275 275 274 275 275 275 274 275 275 275 275 275 275 275 276 276 276 275 276 275 275 275 275 275 275 275 275 275 275 275 275 275 275 276 277 278 278 279 278 278 278 278 278 278 277 277 276 276 275 275 274 275 275 275 275 275 276 276 276 276 276 276 276 276 276 276 275 275 275 275 275 275 275 275 275 275 275 275 275 275 275 275 275 275 275 275 275 275 275 275 275 274 274 275 275 276 276 276 275 276 276 276 276 276 276 276 276 276 276 276 276 275 274 274 275 275 275 275 275 275 276 275 275 275 275 275 275 275 276 276 240 240 241 241 241 242 242 243 243 244 244 244 244 244 245 245 246 246 246 246 246 247 247 247 247 247 247 247 247 247 248 248 248 248 248 248 249 249 249 249 249 249 250 250 250 250 250 250 250 250 250 250 250 250 250 251 251 251 251 252 252 252 252 252 252 252 253 253 253 253 252 252 252 252 251 251 251 252 252 252 252 253 253 253 253 254 254 254 254 254 254 255 255 255 255 255 256 256 256 256 256 257 257 258 258 257 257 257 257 258 257 257 257 257 258 257 257 257 257 257 257 258 259 258 259 259 260 259 260 260 260 261 261 261 261 262 263 263 264 264 264 264 265 264 264 264 264 265 265 264 264 263 264 264 264 265 265 265 265 265 265 265 265 265 265 265 265 264 264 264 265 264 265 264 265 265 265 265 265 265 265 265 266 266 266 266 267 267 266 266 266 267 267 267 268 268 268 268 268 268 268 268 268 268 269 269 269 269 269 269 269 269 270 270 269 270 270 270 270 270 271 271 271 271 271 271 273 273 273 273 273 273 273 273 273 273 273 274 274 274 274 274 274 274 274 274 274 274 274 274 274 274 274 274 274 275 275 274 274 274 274 274 275 275 275 275 275 275 275 275 276 276 276 276 276 275 275 275 275 275 275 275 275 275 275 275 275 275 275 276 276 277 277 277 278 278 278 278 278 278 277 276 276 275 275 275 275 275 275 275 275 275 276 276 276 276 276 276 276 276 276 275 275 275 275 275 275 275 275 275 275 275 275 275 275 275 275 275 275 275 275 275 275 275 275 275 274 274 275 275 275 275 275 275 276 275 276 276 276 276 275 275 275 275 276 276 276 275 275 274 275 275 275 275 275 275 275 275 275 275 275 275 275 275 275 240 241 241 242 243 243 244 244 244 244 244 244 244 245 245 245 246 246 247 247 247 247 247 247 247 247 247 247 248 248 248 248 248 248 249 249 249 249 249 250 250 250 250 250 250 250 250 250 250 250 250 250 251 251 251 251 251 252 252 252 252 252 252 253 253 253 253 252 252 251 251 251 252 252 252 253 253 253 253 253 253 253 253 253 253 254 254 254 254 254 255 255 255 255 255 256 256 256 257 257 257 257 257 258 258 258 257 258 258 258 258 258 258 258 257 257 257 257 257 258 258 259 259 260 260 259 260 260 261 261 261 261 261 262 263 264 264 263 263 264 265 264 264 264 264 264 264 264 265 264 264 265 265 265 265 265 265 265 265 265 265 265 265 264 264 264 264 264 264 264 264 264 264 264 265 265 265 265 265 265 265 266 266 266 267 266 266 267 266 267 267 267 267 268 268 268 268 268 268 268 268 268 268 268 269 269 269 270 270 270 270 269 269 269 269 269 270 270 270 270 271 270 270 271 272 273 273 273 273 273 273 273 273 273 273 274 274 274 274 274 274 274 274 274 274 274 274 274 274 274 274 274 274 274 275 275 274 274 274 274 274 274 275 275 275 275 275 275 275 275 276 276 276 275 276 275 275 275 275 275 275 275 275 275 275 275 275 275 275 276 275 276 277 278 278 278 278 278 277 277 276 275 275 275 274 275 275 276 276 276 275 275 276 276 276 276 276 276 276 276 276 275 276 276 275 275 275 275 275 275 275 275 275 275 275 275 275 275 275 275 275 275 275 275 275 274 274 275 275 275 275 275 275 275 275 275 275 275 275 275 275 275 275 276 276 276 275 275 275 275 275 275 275 275 274 274 274 274 275 275 275 275 242 243 243 244 244 244 244 244 244 244 245 245 246 246 246 247 247 247 247 247 247 247 247 248 248 248 248 248 248 248 249 249 249 249 249 250 250 250 250 250 250 250 250 251 250 250 250 250 251 251 251 251 251 252 252 252 252 252 252 253 253 253 253 253 252 251 251 252 253 252 252 253 254 253 253 253 253 253 253 253 254 254 254 255 254 254 254 254 255 255 256 256 256 256 256 257 257 257 257 257 258 258 257 258 259 258 259 259 259 258 258 258 258 257 257 258 258 259 259 260 259 260 260 261 261 260 261 261 262 262 263 263 263 263 263 264 265 265 265 265 264 264 264 264 264 265 265 266 265 265 265 265 265 266 266 266 266 266 265 265 265 265 264 264 264 265 265 265 265 265 265 265 266 266 265 265 265 266 266 266 267 267 267 267 267 267 266 267 267 267 268 268 268 268 268 269 268 268 268 268 269 269 269 270 270 269 269 269 269 269 269 270 270 270 270 270 270 270 270 270 272 272 273 273 273 273 273 273 273 273 273 274 274 274 274 274 274 274 274 274 274 274 274 274 274 274 274 274 274 274 274 274 274 274 274 274 274 274 274 274 274 275 275 275 275 275 275 276 276 276 276 276 275 275 275 275 275 275 275 275 275 275 275 275 275 275 275 275 277 277 278 278 278 278 277 277 276 276 275 275 275 275 275 275 275 275 275 275 275 275 275 276 276 276 276 276 276 275 276 276 275 275 275 275 275 275 275 275 275 275 275 275 275 275 275 275 275 275 275 275 275 275 274 274 274 275 275 275 275 275 275 275 275 275 275 275 274 275 275 275 275 275 276 276 275 275 275 275 275 275 274 274 274 274 274 274 274 275 242 242 243 244 244 244 244 245 245 245 246 246 247 247 247 247 247 247 247 248 248 248 248 248 248 249 249 249 249 249 250 250 250 250 250 250 250 250 250 251 251 251 251 250 251 251 251 251 251 252 252 252 252 252 252 253 253 253 253 253 253 252 252 252 253 253 252 252 253 253 253 253 253 253 253 253 254 254 254 255 254 254 254 255 255 255 255 256 256 256 256 256 257 257 257 257 257 257 257 257 257 257 258 258 259 259 258 258 258 257 257 258 258 258 259 259 259 260 260 260 260 261 261 262 262 262 263 263 262 263 263 264 265 265 265 265 265 264 264 264 264 265 265 265 265 265 264 264 265 266 265 265 266 266 266 265 265 265 265 265 265 265 265 265 265 265 265 265 266 266 265 265 265 266 267 267 267 267 267 267 267 267 267 267 267 267 268 268 268 268 268 269 268 268 269 268 269 269 269 269 269 269 269 269 269 269 269 270 270 270 270 270 270 270 270 271 272 272 272 273 273 273 273 273 273 273 273 273 274 274 273 273 273 273 273 273 273 273 274 274 274 274 274 274 274 274 274 274 274 274 274 274 274 274 274 274 275 275 275 275 275 275 275 275 275 276 276 276 275 275 275 275 275 275 275 275 275 275 275 275 275 275 275 275 275 275 276 276 277 278 277 277 276 276 275 275 275 275 275 275 275 275 275 275 275 275 275 275 275 276 276 276 276 275 276 276 276 275 275 275 275 275 275 275 276 275 275 275 275 275 275 275 275 275 275 275 275 275 274 274 275 275 275 275 275 275 275 275 275 275 275 275 274 274 274 274 275 275 275 275 276 276 276 275 275 275 274 274 274 274 274 274 242 244 245 245 245 246 247 247 247 247 247 247 247 248 248 248 248 249 249 249 249 249 249 250 250 250 250 250 250 251 251 250 251 251 251 251 251 251 251 251 251 251 251 251 252 252 252 252 252 253 253 253 253 253 252 252 252 253 253 252 252 253 253 253 253 253 253 254 254 254 254 254 255 255 255 255 255 255 255 255 255 256 256 257 256 257 257 258 258 258 257 258 258 258 257 257 257 258 259 259 258 258 258 258 258 258 258 259 259 259 260 260 260 260 261 262 262 261 262 262 262 262 263 263 264 264 265 264 265 265 264 264 264 264 265 265 264 265 265 265 265 265 265 265 265 266 266 265 265 264 264 264 265 265 265 265 265 265 265 265 265 266 266 266 265 265 266 266 266 267 267 267 267 267 267 267 267 267 267 267 267 267 268 268 268 268 268 269 269 269 269 269 269 269 269 269 269 270 270 269 270 270 270 270 270 270 270 271 271 272 273 273 273 273 273 273 273 273 273 273 273 273 273 273 273 273 273 273 273 274 274 274 274 274 274 274 274 274 274 274 274 274 274 274 274 274 274 274 274 274 274 274 275 275 275 275 275 275 275 275 276 276 276 276 275 275 275 275 275 275 275 275 275 275 275 275 275 275 275 275 276 276 277 277 277 276 276 275 275 275 275 275 275 275 275 275 275 275 276 276 275 275 275 276 276 276 275 276 276 276 276 275 275 275 275 275 276 276 275 275 275 275 275 275 275 275 275 275 275 275 275 275 274 275 275 275 275 275 275 275 275 275 275 275 275 274 274 274 274 274 274 274 274 275 276 276 276 275 275 274 274 274 274 274 247 247 247 247 247 247 247 248 248 248 248 248 249 249 249 249 250 250 250 250 250 250 250 251 251 251 251 251 251 251 251 251 251 251 251 251 251 252 252 252 252 252 252 252 253 253 253 252 252 252 252 253 252 252 253 253 253 253 253 253 253 254 254 254 254 254 254 255 255 255 255 255 255 255 256 256 256 257 257 257 257 257 257 257 257 258 258 258 258 257 257 257 258 258 258 258 258 258 258 258 258 259 259 259 260 260 260 261 261 261 261 261 261 262 262 263 264 264 263 264 264 264 264 265 264 264 264 263 264 265 264 265 265 265 265 265 265 265 265 266 266 266 265 265 265 264 265 266 265 265 266 265 265 265 265 266 266 266 266 265 266 266 266 266 266 267 267 267 267 268 267 267 267 267 267 267 268 268 268 268 268 268 269 269 269 269 269 269 269 269 269 270 269 269 270 270 270 270 270 270 270 270 271 273 273 273 273 273 273 273 273 273 273 273 273 273 273 273 273 273 273 274 274 274 274 274 274 274 274 274 274 274 274 274 274 274 274 274 274 274 274 274 274 274 274 274 274 274 274 275 275 275 275 275 275 276 276 276 276 276 275 275 275 275 275 275 275 275 275 275 275 275 275 275 275 275 275 276 276 276 276 276 276 276 275 275 275 275 275 275 275 275 275 275 275 275 275 275 276 276 276 275 275 275 275 275 275 275 275 275 275 275 275 275 275 275 275 275 275 275 275 275 275 275 275 275 275 275 275 275 275 275 276 276 275 275 275 275 275 274 274 274 274 274 274 274 274 274 274 275 275 276 275 274 274 247 247 247 247 247 247 247 248 248 248 248 249 249 249 249 249 250 250 250 250 250 250 250 250 251 251 251 251 251 251 251 251 251 251 251 251 252 252 252 252 252 252 252 252 252 252 253 253 253 253 252 252 253 253 253 253 253 253 253 253 253 254 254 254 254 254 254 255 255 255 255 255 256 256 256 257 257 258 258 258 258 258 258 258 258 258 258 258 258 258 258 257 258 258 258 258 258 258 258 258 259 259 259 259 260 260 260 260 261 261 262 262 263 263 263 263 264 263 263 264 264 265 265 264 264 264 263 264 264 264 264 264 265 265 265 265 265 265 266 266 265 265 265 265 264 265 265 265 265 266 265 265 265 265 266 266 266 265 265 265 266 266 266 266 267 267 268 268 268 268 267 267 267 267 267 267 268 268 268 268 268 268 268 268 268 269 269 269 269 270 270 270 269 269 269 270 270 270 270 270 270 270 272 273 273 273 273 273 273 273 273 273 273 273 273 273 273 273 273 273 274 274 274 274 274 274 274 274 274 274 274 274 274 274 274 274 274 274 274 274 274 274 274 274 274 274 275 275 275 275 275 275 275 275 275 275 276 276 276 276 275 275 275 275 275 275 275 275 275 275 275 275 275 275 275 275 275 275 276 276 276 276 275 275 275 275 275 275 275 275 275 275 275 275 275 275 276 276 276 276 275 276 275 275 275 275 275 275 275 275 275 275 275 275 275 275 275 275 275 275 275 275 275 275 275 275 275 275 275 275 275 275 275 276 276 275 275 275 274 275 274 274 274 274 274 274 274 274 274 274 275 275 247 247 247 247 247 247 247 248 248 248 248 248 249 249 249 249 249 250 250 250 250 250 250 251 251 251 251 250 251 251 251 251 252 252 252 252 252 253 252 252 253 253 252 252 252 252 253 253 253 252 252 252 253 253 254 253 253 253 253 253 253 254 254 255 255 254 255 255 255 255 255 256 256 256 256 257 258 258 258 258 259 258 258 258 258 258 258 258 258 258 258 258 258 258 258 258 259 259 258 259 259 259 259 259 260 260 260 261 262 262 262 262 262 263 263 263 263 263 263 264 264 265 265 265 264 264 263 264 264 264 264 264 265 265 265 265 265 265 266 266 265 265 265 264 264 264 264 264 264 265 265 265 265 265 266 266 266 265 266 265 266 266 266 267 267 267 267 268 268 268 268 268 267 268 267 268 268 268 268 268 268 268 268 268 268 268 269 269 269 269 269 270 270 270 270 270 270 270 270 270 270 270 272 272 273 273 273 273 273 273 273 273 273 273 273 273 273 273 273 273 273 274 274 274 274 274 274 274 274 274 274 274 274 274 274 274 274 274 274 274 274 274 274 274 274 274 275 275 275 275 274 275 275 275 275 275 275 276 276 276 275 275 275 275 275 275 275 275 275 275 275 275 275 275 275 275 275 275 275 275 276 276 276 276 275 275 275 275 275 275 275 275 275 275 275 275 275 276 276 276 276 276 276 276 276 275 275 275 274 275 275 275 275 275 275 274 275 275 275 275 275 275 275 275 275 275 275 275 275 275 275 275 275 275 275 275 275 275 275 275 275 275 274 275 275 274 274 274 274 274 274 274 248 247 247 247 248 248 248 248 248 248 248 249 249 249 249 249 250 250 250 250 250 251 251 251 251 251 250 251 251 251 252 252 252 252 252 252 252 253 253 252 253 253 252 253 253 252 253 252 252 252 253 253 253 254 253 253 253 254 253 253 254 254 254 255 255 256 256 256 256 256 256 257 257 257 257 257 258 258 258 258 258 258 258 258 258 258 259 258 258 258 258 258 258 258 258 259 258 258 259 259 259 259 259 260 260 261 261 261 261 262 262 263 263 263 263 263 263 263 264 264 264 264 265 265 264 264 264 264 265 265 264 264 265 265 265 265 265 266 266 266 265 265 264 265 265 265 265 264 264 265 265 265 265 266 266 266 266 266 266 265 266 267 267 267 267 268 268 268 268 268 268 268 268 268 268 268 268 268 268 268 268 268 268 268 269 269 269 269 269 269 269 270 270 270 270 270 270 270 270 270 270 272 272 272 272 273 273 273 273 273 273 273 273 273 273 273 273 273 273 273 274 274 274 274 274 274 274 274 274 274 274 274 274 274 274 274 274 274 274 274 274 274 274 274 275 274 275 274 274 274 274 275 275 275 275 275 276 276 276 275 275 275 275 275 275 275 275 275 275 275 275 275 276 276 275 275 274 275 275 275 275 276 276 276 275 275 276 275 275 275 275 275 275 275 275 275 275 276 276 276 276 276 276 276 275 275 275 275 274 274 275 276 275 275 274 274 275 275 275 275 275 275 275 274 274 274 275 275 274 275 275 275 275 275 275 275 275 275 275 275 275 275 275 275 274 274 274 274 274 274 248 247 247 248 247 248 248 248 248 248 248 249 249 249 249 249 250 250 250 250 250 250 251 251 251 251 251 251 251 251 251 251 252 252 252 252 252 252 253 253 253 253 253 253 253 252 252 252 253 253 253 253 254 253 253 253 253 253 253 253 254 254 255 255 255 255 256 256 256 256 257 257 257 257 257 257 257 258 258 258 259 258 258 258 258 258 258 258 258 258 258 258 258 258 258 258 258 258 258 259 259 259 259 260 260 261 261 261 261 262 263 262 263 263 264 263 263 263 264 264 264 264 264 265 265 265 264 264 264 264 264 264 264 264 265 265 265 265 266 266 265 265 265 265 265 266 265 265 265 265 265 265 266 266 266 266 266 267 266 265 266 266 267 267 267 267 267 267 267 268 268 268 268 268 269 269 269 268 269 268 268 269 269 269 269 269 269 269 269 269 269 269 269 269 269 270 270 270 270 270 270 272 272 272 272 272 273 273 273 273 273 273 273 273 273 273 273 273 273 273 274 274 274 274 274 274 274 274 274 274 274 274 274 274 274 274 274 274 274 274 274 274 274 274 274 274 274 274 274 274 274 275 275 275 275 275 275 276 276 276 275 275 275 275 274 274 274 275 275 275 275 275 275 275 275 275 274 275 275 275 275 275 275 275 275 275 275 275 275 275 275 275 275 275 275 275 275 275 276 276 276 276 276 276 276 276 276 275 275 274 275 276 276 275 274 274 274 275 275 275 275 274 274 275 274 274 274 274 274 274 275 275 275 275 275 275 275 275 275 275 274 275 275 275 275 275 274 274 274 274 248 248 248 248 248 248 248 249 249 249 249 249 249 249 249 250 250 250 250 250 251 251 251 251 251 251 251 250 251 251 251 251 251 252 252 252 252 253 253 253 253 253 252 252 252 252 252 253 253 254 253 253 253 253 253 253 253 254 255 255 255 255 255 256 256 256 256 256 257 257 257 257 257 257 257 258 258 258 258 258 259 259 258 258 258 258 258 258 258 258 258 258 258 258 258 258 258 258 259 259 259 260 260 260 260 260 261 262 262 262 263 263 263 263 263 264 264 263 264 265 265 264 265 264 264 264 264 264 264 265 265 265 265 265 265 265 265 266 265 265 265 265 265 266 266 266 265 265 265 265 266 266 266 266 266 266 266 266 266 266 267 267 266 267 267 267 267 267 267 268 268 268 268 269 269 269 269 268 268 269 269 269 269 268 269 269 269 269 269 269 269 269 269 269 269 270 270 270 270 272 272 272 272 272 272 272 273 273 273 273 273 273 273 273 273 273 273 273 273 274 274 274 274 274 274 274 274 274 274 274 274 274 274 274 274 274 274 274 274 274 274 274 274 274 274 274 274 274 274 275 275 275 275 275 276 276 275 275 276 275 275 275 275 274 274 274 275 275 275 275 275 275 275 274 275 275 275 274 275 275 274 274 275 275 275 275 275 275 275 275 275 275 275 275 275 275 275 275 276 276 276 276 276 276 276 275 275 275 275 275 276 276 275 275 274 274 274 275 274 275 275 275 274 274 274 275 275 274 274 275 275 275 275 275 275 274 274 274 274 274 275 275 275 275 275 274 274 248 248 248 248 248 249 249 249 249 249 249 249 249 249 250 250 250 250 250 251 251 251 251 251 250 250 251 251 251 251 251 252 252 252 252 252 252 253 253 253 253 253 253 253 252 252 252 253 253 253 253 253 253 253 253 253 253 254 254 254 254 255 255 255 255 255 256 256 256 256 257 257 258 258 258 258 257 257 257 258 258 258 258 259 258 258 258 258 258 258 258 258 258 258 258 258 258 259 259 259 259 259 260 260 261 261 261 261 262 263 263 263 263 263 264 263 263 264 264 265 265 265 264 264 264 264 264 264 264 265 265 265 265 265 265 265 266 265 265 265 265 265 266 266 266 266 266 265 266 266 266 266 266 266 266 266 266 267 266 266 266 266 266 267 267 267 268 268 267 268 268 268 268 268 269 269 269 269 268 268 268 268 269 269 269 268 269 269 269 269 269 269 269 269 269 269 270 270 272 272 272 272 272 272 272 272 272 272 272 272 273 273 273 273 273 273 273 273 274 274 274 274 274 274 274 274 274 274 274 274 274 274 274 274 274 274 274 274 274 274 274 274 274 274 274 274 274 274 275 275 275 275 276 275 275 276 276 275 276 276 275 275 274 274 274 275 275 274 275 274 274 275 274 275 275 275 274 275 275 275 274 274 275 275 275 275 275 275 275 275 275 275 275 275 275 275 275 275 275 276 276 276 275 275 275 276 275 275 274 275 275 275 275 274 274 274 275 274 275 275 275 274 274 274 274 274 275 275 274 274 274 274 274 274 274 274 274 274 274 274 274 275 274 275 275 275 248 248 249 249 249 249 249 249 249 249 249 250 250 250 250 250 251 251 251 251 251 250 250 251 251 252 251 252 252 252 252 252 252 252 253 253 253 253 253 253 253 253 253 253 253 254 254 253 253 253 253 253 254 254 254 254 254 255 255 255 255 256 256 256 256 256 257 257 257 257 258 258 258 258 257 257 257 258 258 258 259 259 259 258 258 258 258 258 258 258 258 258 258 258 258 258 259 259 260 261 260 260 260 261 261 262 262 262 263 263 263 263 263 263 264 264 265 265 265 264 265 265 264 264 264 264 264 264 265 265 264 265 265 265 265 265 265 266 266 266 266 266 266 266 266 266 266 266 266 265 265 265 265 266 266 267 266 267 267 267 267 267 267 268 268 268 268 268 268 268 268 269 269 269 268 268 269 269 269 268 269 269 269 269 269 269 269 269 269 269 269 269 269 270 270 271 272 272 272 272 272 272 272 272 272 272 272 273 273 273 273 273 273 273 273 273 273 273 274 274 274 274 274 274 274 274 274 274 274 274 274 274 274 274 274 274 274 274 274 274 274 274 274 275 275 275 275 275 275 275 275 275 275 275 275 276 276 276 275 275 274 274 274 274 274 274 274 274 275 274 275 274 274 274 274 274 274 274 274 274 274 274 275 275 275 275 275 275 275 275 275 275 275 275 276 276 276 276 276 275 276 275 276 276 275 274 274 275 275 275 275 274 274 274 274 275 275 274 274 274 274 274 274 275 275 275 274 274 274 274 274 274 274 274 274 274 274 274 274 274 274 249 249 249 249 249 249 249 249 249 250 250 250 250 250 250 250 251 251 251 251 251 251 251 252 252 252 252 252 252 252 252 252 252 252 252 252 253 253 253 253 253 253 253 254 254 254 253 253 253 253 253 254 255 254 255 255 256 255 255 255 256 256 256 257 257 257 257 257 258 258 258 258 257 257 257 257 257 257 257 258 258 258 259 259 259 259 258 258 258 258 258 258 258 258 259 259 260 260 260 260 260 261 261 261 262 262 262 263 263 263 264 264 264 264 265 265 265 265 264 265 265 265 264 264 264 264 264 264 265 265 265 265 265 266 266 265 266 266 266 266 267 267 266 266 266 266 266 266 266 266 266 265 266 266 267 267 267 267 267 267 267 268 268 268 268 268 268 268 269 269 269 269 269 269 269 269 269 269 269 269 269 269 269 269 269 269 269 269 269 269 270 270 270 270 272 272 272 272 272 272 272 272 272 272 272 273 273 273 273 273 273 273 273 273 273 273 273 273 273 274 274 273 274 274 274 274 274 274 274 274 274 274 274 274 274 274 274 274 274 274 274 274 274 274 275 275 275 275 275 274 275 274 275 275 275 276 275 274 274 274 274 275 275 274 274 274 274 274 274 274 275 274 274 274 274 274 274 274 274 274 274 275 275 275 275 275 275 275 275 275 275 275 275 275 276 276 276 276 276 276 275 276 276 276 275 274 275 275 275 275 275 274 274 274 275 275 275 274 274 274 274 274 274 274 274 274 274 273 273 273 273 273 274 274 274 274 274 248 249 249 249 249 250 249 249 250 250 250 250 250 250 250 251 251 251 251 252 251 251 251 251 252 251 251 252 252 252 252 252 252 252 252 252 253 253 253 253 253 253 253 253 253 254 254 253 254 254 254 254 255 255 255 256 256 256 256 256 256 256 257 257 257 257 257 257 257 257 257 257 258 258 257 258 258 257 258 258 257 257 258 259 259 259 259 258 258 258 258 258 258 259 259 260 260 260 260 260 261 261 261 261 261 262 262 262 262 263 263 263 263 264 264 265 265 265 264 264 265 265 264 264 264 264 264 264 264 265 265 265 265 266 266 266 266 266 266 266 266 267 267 267 266 266 266 266 266 266 265 265 266 266 266 266 267 267 267 267 268 268 268 268 268 269 268 268 268 269 269 270 270 269 270 270 270 269 269 269 269 269 269 269 269 269 269 269 269 270 270 270 270 270 271 272 272 272 272 272 272 272 272 272 272 272 272 272 272 273 273 273 273 273 273 273 273 273 273 273 273 274 274 274 274 274 274 274 274 274 274 274 274 274 274 274 274 274 274 274 274 274 274 274 275 275 275 275 275 274 274 275 275 275 275 275 275 275 275 275 274 275 275 275 274 274 274 274 274 274 274 274 274 274 274 274 274 275 274 274 274 274 274 275 275 275 275 275 275 275 275 275 275 275 276 276 276 276 276 276 276 276 276 276 275 274 274 274 275 275 274 274 274 274 274 275 275 274 274 274 274 274 273 273 273 273 273 273 273 273 273 273 273 273 273 273 274 249 249 249 250 250 250 250 250 250 250 249 250 250 251 251 250 250 251 251 251 251 251 251 251 251 251 252 251 251 252 252 252 252 252 252 252 253 253 254 254 253 253 253 253 253 253 253 254 254 255 255 254 254 255 256 255 255 256 256 256 256 256 257 256 256 257 257 257 257 257 256 257 257 258 258 258 258 259 258 257 257 257 258 259 259 259 259 259 258 258 259 259 259 259 260 259 259 260 260 261 261 262 262 262 262 262 262 262 262 263 263 264 264 264 264 265 265 265 264 264 265 265 264 264 264 264 264 264 265 265 265 265 265 266 266 266 266 266 266 266 267 267 266 266 266 266 266 266 266 266 265 266 266 266 267 267 267 267 267 267 267 267 268 268 268 268 268 269 269 269 270 270 270 270 270 270 269 269 269 269 269 269 269 269 269 269 269 270 270 270 270 270 270 272 272 272 272 272 272 272 272 272 272 272 272 272 272 272 273 273 273 273 273 273 273 273 273 273 273 273 274 274 274 274 274 274 274 274 274 274 274 274 274 274 274 274 274 274 274 274 274 274 274 275 274 274 274 274 274 274 275 275 275 275 275 274 275 275 275 274 274 275 275 275 274 274 274 274 274 274 274 274 274 275 274 275 275 274 275 275 275 275 274 274 275 275 275 275 275 275 275 275 275 276 276 276 276 276 276 276 276 276 276 276 275 274 274 273 274 274 274 274 274 275 275 275 275 274 274 274 274 274 274 273 273 274 274 274 273 273 273 273 273 273 273 249 249 250 250 250 250 250 250 249 249 250 250 251 251 251 251 250 250 251 251 251 251 251 251 251 251 252 252 252 252 252 252 252 252 253 252 253 253 253 254 254 253 254 254 253 253 253 254 255 254 254 254 254 255 255 255 255 255 255 256 256 256 256 256 256 256 257 257 257 257 257 256 257 258 258 258 258 259 259 258 258 257 257 258 258 258 258 259 258 258 258 259 259 259 259 259 260 260 260 260 261 261 262 262 262 262 262 262 262 262 263 263 264 264 265 265 265 265 265 264 265 265 264 264 264 264 264 264 264 265 265 265 265 266 266 266 266 266 266 266 266 266 266 267 266 266 266 266 266 266 265 266 266 266 266 266 266 267 267 267 267 267 268 268 268 268 269 269 269 269 269 270 270 270 270 270 270 269 269 269 269 269 269 269 269 269 270 270 270 270 270 270 270 272 272 272 272 272 272 272 272 272 272 272 272 272 272 273 273 273 273 273 273 273 273 273 273 273 273 274 274 274 274 274 274 274 274 274 274 274 274 274 274 274 274 274 274 274 274 274 274 274 274 274 274 274 274 274 274 274 274 274 274 274 274 274 274 274 275 274 274 275 275 275 274 274 274 274 274 274 274 274 274 274 275 275 275 275 274 275 275 275 274 274 274 274 275 275 275 275 275 275 275 275 276 276 276 275 275 276 275 275 276 276 275 274 274 273 273 273 274 275 274 274 275 275 275 274 274 274 274 274 274 274 273 273 273 274 274 273 273 273 273 250 250 250 250 250 249 250 251 250 249 250 250 250 250 251 251 251 251 251 251 251 251 252 252 252 252 252 252 252 252 252 253 253 253 253 254 254 254 254 254 253 253 253 254 254 254 254 254 254 255 255 255 255 256 256 256 256 256 256 255 256 257 257 257 257 257 257 256 257 257 258 258 259 259 259 259 259 258 258 257 258 258 258 258 259 259 259 258 259 259 259 260 260 261 260 261 260 261 262 262 262 263 262 262 262 263 264 264 264 265 265 264 264 265 264 264 264 265 265 264 264 264 264 264 264 265 265 265 265 265 266 265 266 266 266 266 266 266 267 267 266 266 266 266 266 265 266 266 266 266 266 266 266 267 267 267 267 267 267 268 268 269 269 270 269 269 268 269 269 270 270 270 269 269 269 269 269 269 269 269 269 269 270 270 270 270 270 270 270 271 271 272 272 272 272 272 272 272 272 272 272 272 273 273 273 273 273 273 273 273 273 273 273 273 273 274 274 274 273 273 274 274 274 274 274 274 274 274 274 274 274 274 274 274 274 274 274 274 274 274 274 274 274 274 274 274 275 274 274 274 274 274 274 274 274 274 274 274 274 275 274 274 274 275 274 274 275 274 274 274 275 275 275 275 275 275 275 275 275 275 274 274 274 274 275 275 275 275 275 275 275 276 276 276 275 275 275 275 276 277 276 275 274 274 273 274 274 275 275 274 275 275 275 275 274 274 274 274 274 274 274 273 273 273 274 250 250 250 249 250 250 250 250 250 250 250 250 251 251 251 251 251 251 251 252 252 252 252 252 252 253 253 253 253 253 253 253 253 254 254 254 254 254 253 253 253 254 254 254 254 254 254 254 255 255 255 255 256 256 256 256 255 256 257 256 257 257 258 257 257 257 257 258 258 258 259 259 258 259 259 258 257 257 258 258 258 258 259 259 258 259 259 260 260 260 261 261 261 261 261 261 262 262 263 263 263 263 263 263 264 264 265 265 265 265 265 264 265 264 265 265 264 264 264 264 264 265 265 265 265 265 265 266 265 266 266 266 266 266 266 266 266 266 266 266 266 266 266 266 266 266 266 266 266 266 266 266 267 267 267 268 268 268 269 269 269 269 269 268 268 268 269 269 269 269 269 269 269 269 269 269 269 269 269 270 270 270 269 269 270 270 271 272 272 272 272 272 272 272 272 272 272 272 273 273 273 273 273 273 273 273 273 273 273 273 273 273 273 273 273 273 273 274 274 273 274 274 274 274 274 274 274 274 274 274 274 274 274 274 274 274 274 274 274 274 274 274 274 274 274 274 274 274 274 274 274 274 274 274 274 274 274 274 274 274 275 275 275 275 275 274 275 275 275 276 275 275 276 276 275 275 275 274 274 275 274 274 275 275 275 275 275 275 275 275 276 276 275 274 275 275 276 276 276 275 274 274 273 274 274 274 274 275 275 275 275 275 275 274 274 274 275 274 274 273 250 250 250 250 250 250 250 250 250 250 251 251 251 251 251 251 252 252 252 252 252 252 253 253 253 253 253 253 254 254 255 254 254 254 253 253 253 253 253 253 254 254 254 254 254 255 255 255 256 255 255 256 255 256 256 257 257 257 257 257 257 257 258 258 258 257 258 259 258 258 258 258 258 258 258 258 258 258 258 258 259 259 259 259 260 260 260 261 261 261 261 261 261 262 262 263 263 263 263 264 264 264 264 265 265 264 265 265 265 265 264 265 265 264 264 264 264 265 265 265 265 265 266 266 266 266 266 266 266 266 266 266 266 266 266 266 266 266 266 266 266 266 266 266 267 267 266 266 267 267 267 268 268 268 268 269 269 269 269 268 268 268 268 268 268 269 269 269 269 269 269 269 269 269 269 269 269 270 269 269 269 270 272 272 272 272 272 272 272 272 272 272 272 273 273 273 273 273 273 273 273 273 273 273 273 273 273 273 273 273 273 273 273 273 273 273 274 274 274 274 274 274 274 274 274 274 274 274 274 274 274 274 274 274 274 274 274 274 274 274 274 274 274 274 274 275 275 274 274 274 274 274 274 274 273 273 274 274 274 274 274 274 275 275 275 275 275 275 275 275 276 276 275 275 275 275 274 274 274 275 275 275 274 274 275 275 275 276 276 275 274 275 275 276 275 275 273 274 274 274 274 274 274 274 274 275 275 275 275 275 275 274 274 275 274 273 251 250 251 251 251 251 251 251 251 251 251 252 251 252 252 252 252 253 253 252 252 253 253 253 254 254 254 254 253 253 252 253 253 253 253 254 254 255 255 255 255 255 255 255 255 255 255 255 256 256 256 256 256 257 257 257 257 257 257 257 257 258 259 258 259 258 258 258 259 259 259 258 258 258 258 258 259 259 259 259 260 260 260 260 261 261 261 261 262 262 262 263 263 263 263 263 263 263 264 264 264 264 264 264 265 265 264 265 265 264 264 264 264 264 265 265 265 265 266 266 266 266 266 266 266 266 266 266 266 266 266 266 266 266 266 267 266 266 266 266 267 267 267 267 267 268 268 268 268 268 268 269 269 269 269 269 269 268 268 268 268 268 269 269 270 269 269 269 269 269 269 269 269 269 269 269 270 270 272 272 272 272 272 272 272 272 272 273 272 272 272 273 273 273 273 273 273 273 273 273 273 273 273 273 273 273 273 273 273 273 273 273 274 273 274 274 273 274 274 274 274 274 274 274 274 274 274 274 274 274 274 274 274 274 274 274 274 274 274 274 274 274 275 274 274 274 274 275 274 274 274 274 274 274 274 274 275 275 274 275 275 274 275 274 274 275 275 276 276 276 275 275 275 274 274 275 275 275 274 274 274 275 275 276 276 276 275 274 274 275 274 274 273 275 274 274 274 274 274 274 274 275 275 275 275 275 275 274 274 274 274 274 251 251 251 251 251 251 251 251 251 251 252 252 252 253 253 252 253 253 253 254 254 254 254 254 253 254 254 254 255 253 253 254 254 255 255 254 255 255 255 255 256 256 255 255 255 255 256 257 256 257 257 257 257 256 257 258 258 258 258 258 258 258 258 258 258 259 259 259 259 258 258 259 259 259 259 259 259 259 260 260 261 262 262 261 262 262 262 263 263 263 263 263 263 264 264 264 264 265 265 264 264 264 264 265 265 264 265 264 264 264 265 265 265 265 265 265 266 266 266 266 266 266 266 266 266 266 267 266 266 266 266 266 266 267 267 267 267 268 267 267 267 268 268 268 268 269 269 269 268 269 269 269 268 268 269 269 268 268 268 269 270 269 269 269 269 269 269 269 269 269 269 270 270 270 272 272 272 272 272 272 272 272 272 272 272 272 272 272 273 273 273 273 273 273 273 273 273 273 273 273 273 273 273 273 273 273 273 273 273 273 274 274 273 273 274 274 274 274 274 274 274 274 274 274 274 274 274 274 274 274 274 274 274 274 274 274 274 274 274 274 274 274 274 274 274 274 274 274 274 274 274 274 274 274 275 275 274 274 274 274 274 275 275 275 276 276 276 276 275 275 274 275 275 275 275 275 275 275 275 275 275 275 276 275 274 274 274 273 274 275 275 274 274 274 274 274 274 274 275 275 275 275 275 275 274 274 274 274 251 251 251 252 252 252 252 252 252 252 252 252 253 253 252 252 253 253 254 254 254 254 254 253 254 255 255 255 255 254 255 255 255 255 254 255 255 255 256 256 257 256 256 255 255 255 256 256 256 257 257 256 256 257 257 258 258 258 258 258 258 258 258 258 258 259 259 258 259 259 259 259 259 259 259 259 259 260 260 261 261 261 261 261 262 262 262 262 263 263 263 264 264 263 264 264 264 264 264 264 264 265 265 264 264 264 264 264 264 265 265 265 265 265 266 266 266 266 266 266 266 266 266 266 266 266 266 266 266 267 267 267 267 267 267 267 267 267 267 267 267 267 268 268 268 268 268 268 269 269 269 268 268 268 268 268 269 268 268 269 269 269 269 269 269 269 269 269 269 269 269 269 270 272 272 272 272 272 272 272 272 272 272 272 272 272 272 273 273 273 273 273 273 273 273 273 273 273 273 273 273 273 273 273 273 273 273 273 273 274 273 273 273 274 274 274 274 274 274 274 274 274 274 274 274 274 274 274 274 274 275 274 274 274 275 275 274 274 275 275 275 274 274 274 274 274 274 274 274 273 274 274 274 275 275 274 274 274 275 274 275 275 275 275 276 276 276 276 276 275 275 275 276 275 275 275 275 275 275 275 275 275 276 276 275 274 274 274 274 275 275 274 274 274 274 274 274 274 275 275 275 274 274 274 274 252 252 252 252 252 252 252 252 253 253 253 252 253 253 254 253 253 253 254 253 253 254 255 255 256 255 255 255 255 255 255 255 255 255 255 255 256 256 257 256 255 255 255 256 256 256 256 257 256 256 256 257 258 258 258 258 258 258 258 259 258 258 258 258 258 258 259 259 259 259 259 259 259 260 260 260 260 261 260 261 261 262 262 262 263 263 264 263 264 264 263 264 264 264 264 264 264 264 265 264 264 264 264 264 264 265 265 265 265 265 265 266 266 266 266 266 266 266 266 266 266 266 266 266 266 267 267 267 267 268 267 267 267 267 267 267 267 268 268 268 268 268 268 268 268 269 268 268 268 268 268 268 269 269 269 269 269 269 269 269 269 269 269 269 269 269 270 270 270 271 272 272 272 272 272 272 272 272 272 272 272 272 272 272 273 273 273 273 273 273 273 273 273 273 273 273 273 273 273 273 273 273 273 273 273 273 273 273 273 273 274 274 273 274 274 274 274 274 274 274 274 274 274 274 274 274 275 275 275 274 275 275 274 274 275 275 275 274 274 275 275 274 275 274 274 273 274 274 274 274 274 274 274 274 274 274 275 275 275 275 275 275 276 276 276 275 275 276 276 275 275 275 275 275 275 275 275 275 275 275 275 275 274 273 273 274 275 275 274 275 274 274 275 275 275 275 275 275 274 274 274 274 252 252 252 252 252 252 252 252 253 253 252 253 253 253 253 254 253 253 254 255 255 255 256 256 256 255 255 256 256 256 255 255 255 255 256 256 257 257 256 256 256 257 256 256 256 257 257 256 256 257 257 257 258 258 258 258 257 258 258 258 259 258 258 258 258 258 258 259 259 260 260 260 260 260 260 260 261 261 262 262 262 262 262 263 263 263 263 263 263 263 264 264 265 264 264 264 264 264 264 264 264 264 264 265 265 265 265 265 265 266 266 266 266 266 266 266 266 266 267 266 266 266 266 266 266 267 267 268 267 267 268 268 267 267 267 267 268 268 268 268 268 269 269 268 268 268 268 268 268 268 268 269 269 269 269 269 269 269 269 269 269 269 269 270 270 270 270 271 271 272 272 272 272 272 272 272 272 272 272 272 272 272 272 272 272 273 273 273 273 273 273 273 273 273 273 273 273 273 273 273 273 273 273 273 273 273 273 273 273 273 273 273 273 274 274 274 274 274 274 274 274 274 274 274 274 274 275 275 275 274 274 274 275 275 275 274 275 275 275 275 275 275 274 274 273 274 275 275 275 275 274 274 274 274 274 274 274 275 275 275 275 276 276 276 276 276 276 276 276 276 275 275 275 275 275 275 274 274 274 274 274 274 273 273 274 275 275 275 274 274 275 275 275 275 274 274 274 274 274 274 253 253 252 252 252 252 252 252 253 253 253 253 254 254 254 254 254 254 255 255 255 256 256 256 256 256 256 256 256 256 256 256 256 256 257 256 256 256 257 256 256 257 257 257 257 256 256 257 257 257 258 258 258 258 258 258 258 259 259 259 259 258 259 259 259 259 260 260 260 260 260 260 260 261 262 261 262 262 262 262 262 262 262 263 263 262 263 264 264 264 264 264 263 263 264 265 264 264 264 264 265 265 265 265 265 265 266 266 266 266 266 266 266 266 267 267 266 266 266 266 266 267 267 267 267 267 268 268 268 267 267 267 267 267 267 268 268 268 269 268 268 268 268 268 268 268 268 268 269 269 269 269 269 269 269 269 269 269 269 270 270 270 270 270 272 272 272 272 272 272 272 272 272 272 272 272 272 272 272 272 272 272 273 273 273 273 273 273 273 273 273 273 273 273 273 273 273 273 273 273 273 273 273 273 273 273 273 273 273 273 274 274 274 274 274 274 275 274 274 274 274 274 274 274 274 275 274 275 275 275 276 275 275 275 276 276 276 275 275 274 275 274 273 274 275 275 275 275 274 274 274 274 274 274 274 274 274 275 275 276 276 276 276 277 276 276 275 275 275 275 276 276 275 275 275 274 275 275 274 274 273 273 274 275 275 275 275 275 275 275 275 274 274 274 274 274 274 253 252 253 253 254 254 255 254 254 255 254 254 255 255 256 256 256 256 256 257 257 257 256 257 257 257 257 257 257 257 257 256 256 256 256 257 257 257 258 258 257 257 257 257 257 257 257 258 258 258 258 258 258 258 259 259 259 259 259 259 259 259 259 260 260 260 261 261 260 261 261 261 262 262 262 262 262 262 263 263 263 263 263 264 264 264 264 264 264 263 264 265 264 264 264 265 265 265 265 265 266 266 266 266 266 266 266 266 266 266 266 267 267 266 267 267 267 267 267 267 268 268 268 268 268 267 267 267 267 267 268 268 268 268 268 268 268 268 268 268 268 268 268 268 268 269 268 268 269 269 269 269 270 269 270 270 270 270 270 270 270 270 271 271 270 270 270 270 270 270 271 271 271 271 271 271 271 271 271 272 272 272 272 272 272 272 272 272 272 272 272 272 272 272 272 272 272 272 272 272 272 272 272 272 272 272 272 272 272 272 273 273 273 273 273 273 273 273 272 272 273 273 273 273 274 275 275 274 274 275 275 275 275 274 274 274 274 273 272 272 272 272 273 274 274 274 274 274 273 273 273 273 273 273 273 274 274 274 275 275 276 276 276 275 275 275 275 275 276 276 275 275 275 276 275 275 274 274 274 275 275 275 275 275 275 275 275 275 274 274 275 253 253 254 254 255 254 255 255 254 254 255 255 256 256 256 256 256 257 258 258 258 257 258 258 258 258 258 258 257 256 256 257 257 257 258 258 257 258 258 257 257 257 257 257 257 257 257 258 258 258 258 258 259 260 259 259 259 260 259 260 260 260 260 260 260 260 260 261 261 261 262 262 262 262 262 262 262 263 262 263 263 263 263 263 264 264 263 264 265 265 264 264 264 265 265 265 265 265 266 266 266 266 266 266 266 266 266 266 266 267 267 267 267 268 268 268 268 268 268 268 268 268 267 267 267 267 267 267 267 268 268 268 268 268 268 268 268 268 268 269 268 268 268 269 268 268 268 269 269 269 269 269 269 269 269 269 269 269 270 270 270 270 270 270 270 270 270 270 270 271 271 271 271 271 271 271 271 272 272 272 272 272 272 272 271 272 272 272 272 272 272 272 272 272 272 272 272 272 272 272 272 272 272 272 272 272 272 272 272 272 272 273 273 273 273 274 273 272 272 273 273 273 274 274 275 274 274 274 275 275 275 275 275 275 274 274 274 273 273 272 273 274 274 274 274 275 274 274 273 273 274 273 273 273 273 274 274 275 276 276 276 276 276 276 276 275 276 276 275 275 275 276 276 275 275 274 273 274 275 275 275 276 275 275 275 274 275 274 275 253 254 254 254 254 254 255 255 255 255 255 256 256 256 257 257 257 257 257 258 258 258 258 258 259 259 259 259 257 257 257 257 257 257 257 258 258 258 257 257 258 258 258 258 258 258 258 258 258 258 258 258 259 259 260 260 260 260 260 260 260 260 260 260 260 260 261 261 261 261 261 262 262 262 262 262 262 262 262 262 263 263 263 264 264 264 264 264 264 265 265 264 264 265 265 265 265 265 266 266 266 266 266 266 266 266 266 266 266 267 267 267 267 267 268 268 267 268 268 268 268 267 267 267 267 267 267 267 267 268 268 268 268 268 268 268 268 268 268 268 269 268 268 268 268 268 268 269 269 269 269 269 269 269 269 269 269 269 270 270 270 270 270 270 270 270 271 270 270 271 271 271 271 271 271 271 271 271 272 272 272 271 271 271 271 272 272 272 272 272 272 272 272 272 272 272 272 272 272 272 272 272 272 272 272 272 272 272 272 272 273 273 273 273 273 274 273 272 272 273 273 273 273 274 274 274 274 274 275 275 275 274 275 274 274 273 273 272 272 273 272 273 273 273 273 274 274 275 274 274 274 274 274 273 273 273 273 274 276 276 276 277 276 276 276 275 276 276 276 276 276 276 276 275 275 275 274 274 275 275 275 276 275 275 275 275 275 275 253 253 254 255 254 255 255 255 255 255 256 256 256 256 256 257 257 257 257 258 258 258 259 258 258 259 259 259 259 259 258 258 258 257 258 257 258 258 258 258 259 259 258 258 259 259 258 258 258 258 258 258 258 259 259 260 259 260 260 260 260 260 260 260 260 260 261 261 262 261 261 261 261 262 262 262 262 262 262 262 263 263 263 263 263 264 264 264 264 265 265 265 264 264 265 265 265 265 265 266 266 266 266 266 266 266 266 266 266 267 267 267 267 267 267 268 268 267 268 268 268 267 267 267 267 267 267 267 268 268 268 268 268 268 268 268 268 268 268 268 269 269 268 268 268 268 268 269 269 269 269 268 268 268 268 269 269 269 270 270 270 270 270 270 270 271 271 270 270 270 271 271 271 271 271 271 271 271 271 271 271 271 271 271 272 272 272 272 272 272 272 272 272 272 272 272 272 272 272 272 272 272 272 272 272 272 271 271 272 272 273 273 273 273 273 273 273 273 272 273 272 273 273 273 274 275 275 275 275 274 274 273 273 273 273 273 273 273 273 273 273 273 274 273 273 273 274 274 275 275 275 274 274 274 274 274 274 274 276 276 276 277 277 276 276 276 276 276 276 275 275 274 274 274 275 275 275 276 276 275 275 275 253 254 254 255 255 255 255 255 256 256 256 256 256 256 256 257 257 258 258 258 259 259 259 259 258 259 258 258 259 259 259 258 258 258 257 257 258 258 258 259 259 259 258 258 258 259 259 258 258 259 259 258 258 259 259 260 259 259 259 260 260 260 260 260 260 260 261 261 262 261 261 261 261 262 262 262 262 262 262 262 263 263 263 263 263 264 264 264 264 264 265 265 265 265 265 265 265 265 265 266 266 266 266 266 266 266 266 266 266 267 267 267 267 267 267 268 268 267 267 267 268 268 268 268 268 268 268 268 268 268 268 268 268 268 268 268 268 268 268 268 268 268 269 269 269 268 268 268 269 269 268 268 269 269 269 269 269 269 270 270 270 270 271 270 270 271 270 270 270 270 271 271 271 271 271 271 271 271 271 271 271 271 271 271 271 271 271 271 271 271 271 271 271 272 272 272 272 272 272 272 272 272 272 272 272 271 271 271 271 272 272 272 272 272 272 272 273 273 273 273 273 273 273 274 274 275 275 275 275 274 274 273 273 272 273 274 274 274 273 273 274 273 274 274 273 273 274 274 275 274 274 274 275 274 274 274 275 274 276 276 277 277 277 276 276 277 274 274 275 253 254 254 254 255 255 256 255 255 256 257 257 257 257 257 257 257 257 258 258 258 259 259 259 259 259 258 258 258 258 258 258 258 258 258 257 257 258 258 258 258 258 258 258 259 258 259 259 259 259 259 259 259 259 259 259 259 259 259 260 260 260 260 260 260 260 260 261 261 261 261 261 261 262 262 262 262 262 262 262 263 263 264 263 263 263 263 264 264 264 264 265 265 265 265 265 265 265 265 265 265 266 266 266 266 266 266 266 266 266 267 267 267 267 267 267 268 267 267 267 267 268 268 268 268 268 269 268 268 269 269 268 268 268 267 267 268 268 268 268 268 268 268 268 268 269 268 268 268 268 268 268 269 269 269 269 269 269 269 270 271 270 270 271 270 271 271 270 270 270 270 271 271 271 271 271 271 271 271 271 271 271 271 271 271 271 271 271 271 271 271 271 271 271 271 271 272 272 272 272 272 272 272 272 272 272 272 271 272 271 272 271 272 272 271 272 272 273 273 273 273 272 273 274 274 274 274 274 274 275 275 274 273 273 273 274 274 275 274 273 273 274 274 275 274 274 273 273 274 274 274 273 274 274 274 274 274 274 274 276 276 277 277 274 254 254 254 255 255 255 255 255 256 256 256 257 257 257 257 257 257 257 258 258 258 258 259 259 259 258 257 257 258 258 258 258 258 258 258 258 257 257 258 258 259 259 259 259 259 259 259 259 259 259 259 259 259 259 259 259 260 260 260 260 260 260 260 260 260 260 260 261 261 261 261 261 261 262 262 262 262 262 262 262 263 263 263 263 263 263 263 264 264 264 264 265 265 265 265 265 265 265 265 265 265 266 266 266 266 266 266 266 266 266 266 267 267 267 267 267 267 267 267 267 267 267 268 268 268 268 268 268 268 268 268 269 268 268 268 267 268 268 268 268 268 268 268 268 268 268 268 269 268 268 268 269 269 269 269 269 269 269 269 270 271 270 270 271 270 271 271 270 270 270 270 271 271 271 271 271 271 271 271 271 271 271 271 271 271 271 271 271 271 271 271 271 271 271 271 272 272 272 272 272 272 271 272 272 272 272 272 272 272 272 272 272 271 271 271 271 271 272 272 273 273 273 273 274 274 274 274 274 274 275 275 274 273 273 274 274 275 275 274 274 274 274 275 275 274 273 273 273 273 273 274 274 274 274 274 274 274 274 274 276 276 255 255 256 256 256 256 257 257 257 257 257 257 258 258 258 258 258 258 258 258 258 258 258 258 257 257 258 258 258 257 258 257 258 258 258 258 257 258 259 259 259 259 259 259 259 259 259 259 259 259 259 259 259 260 260 260 260 260 259 260 260 260 261 261 261 261 261 261 261 261 261 261 262 262 262 262 262 262 262 263 263 263 263 263 263 263 264 264 264 264 264 265 265 265 265 265 265 265 265 265 266 266 266 266 266 266 266 266 266 266 267 267 267 267 267 267 267 267 267 267 267 267 268 268 268 268 268 268 268 269 269 268 268 268 268 268 269 268 268 268 268 268 268 268 268 268 268 268 268 268 269 268 269 269 269 269 269 269 270 270 270 270 271 271 271 270 270 270 270 270 270 271 271 271 271 271 271 271 271 271 271 271 271 271 271 271 271 270 271 272 272 272 271 271 272 272 272 272 272 272 271 272 272 272 272 272 272 272 271 272 272 272 271 271 271 272 272 272 272 273 274 273 273 274 273 274 274 274 274 274 274 273 273 274 274 275 275 275 274 274 274 275 274 274 274 274 273 274 275 275 274 274 273 274 274 273 274 274 276 256 256 256 256 257 257 257 257 257 257 257 257 258 258 258 258 258 258 258 258 258 257 257 257 257 257 257 257 257 257 257 257 257 258 258 257 257 258 259 259 258 258 259 259 259 259 259 259 259 260 259 259 259 259 260 260 260 260 260 260 260 261 261 261 261 261 261 261 261 261 261 262 262 262 262 262 262 262 263 263 263 263 263 263 263 263 264 264 264 264 264 265 264 265 265 265 265 265 265 265 266 266 266 266 266 266 266 266 266 266 266 267 267 267 267 267 267 267 267 267 267 268 267 268 268 268 268 268 269 269 268 268 268 268 268 268 269 269 268 268 268 268 268 268 268 268 268 268 268 268 268 269 268 269 269 269 269 269 270 270 270 271 271 271 271 270 270 270 270 270 270 271 271 271 271 271 270 271 270 270 270 270 270 271 271 271 271 271 271 272 272 272 272 271 272 272 272 272 273 272 271 272 272 272 272 272 272 271 271 272 272 272 272 271 271 271 272 272 272 273 274 274 274 273 273 274 274 274 274 275 274 274 273 274 274 274 275 275 275 275 275 275 274 275 275 274 274 275 274 274 274 274 274 274 275 274 274 257 257 257 257 257 257 257 257 257 257 257 258 258 258 258 258 258 258 258 258 257 256 256 257 256 256 256 256 256 256 257 257 257 258 257 257 258 259 259 259 258 259 259 259 259 260 260 259 259 260 259 259 259 260 260 260 261 260 260 260 260 261 261 261 261 261 261 261 261 261 262 262 262 262 262 262 262 262 263 263 263 263 263 263 263 264 264 264 265 264 264 264 265 265 265 265 265 265 265 266 266 266 266 266 266 266 266 266 266 266 267 267 267 267 268 268 267 267 267 267 267 267 268 268 268 268 268 269 268 269 268 268 268 268 268 268 268 268 269 268 268 268 268 268 268 268 268 268 268 268 269 269 268 269 269 270 270 270 270 271 271 270 270 270 271 270 270 270 270 270 271 271 271 271 271 270 271 271 271 271 270 271 271 271 271 271 271 271 271 272 273 272 271 272 272 273 273 272 271 271 272 273 272 272 272 272 271 272 272 272 272 272 271 271 271 272 272 272 273 273 273 273 274 274 273 274 274 274 275 275 274 274 274 274 274 275 275 276 276 276 275 274 275 275 274 274 274 274 275 274 275 274 274 275 274 255 255 255 256 257 256 257 257 257 257 257 257 257 257 258 257 257 257 257 257 257 257 257 257 257 258 257 257 256 256 256 257 256 256 256 256 257 256 257 257 257 257 257 257 258 259 259 258 258 259 259 259 259 260 260 259 259 260 260 260 260 260 260 260 260 260 260 260 260 260 261 261 261 261 261 261 261 261 262 262 262 262 262 262 262 262 262 263 263 263 263 263 263 264 264 264 264 265 265 264 265 265 265 265 265 265 265 266 266 266 266 266 266 266 266 266 266 266 266 266 267 267 267 267 267 267 267 267 267 268 268 268 268 268 268 268 268 268 268 268 268 268 268 268 268 268 268 269 269 269 269 269 268 268 268 268 268 268 268 269 269 269 269 270 270 270 270 270 270 270 270 270 270 271 270 270 270 270 271 271 271 271 271 270 271 271 270 271 271 271 271 271 272 272 272 271 271 272 272 272 271 272 273 272 271 271 271 272 273 273 272 272 272 272 271 272 272 272 271 271 270 271 271 271 271 271 272 272 272 273 274 274 273 274 274 274 275 275 274 274 274 275 275 275 276 276 276 276 276 275 275 275 274 274 274 274 275 275 275 275 255 255 256 256 256 256 256 256 256 256 257 257 256 256 257 258 258 257 256 256 256 257 257 257 257 257 256 257 257 256 256 255 255 256 256 256 256 256 256 256 257 257 257 257 257 257 258 258 258 258 259 259 259 259 260 259 260 260 259 260 260 260 260 260 260 260 260 260 260 260 260 260 260 261 261 261 261 261 261 261 261 262 262 262 262 262 262 262 263 263 263 263 263 263 263 264 264 264 264 264 265 264 264 265 265 265 265 265 265 266 266 266 266 266 266 266 266 266 267 267 267 267 267 266 266 267 267 267 267 267 268 268 268 268 268 268 268 268 268 268 267 268 268 268 268 268 268 268 268 268 268 269 269 269 268 268 268 268 268 268 269 269 269 269 269 269 269 270 270 270 270 271 270 270 270 271 271 270 270 270 271 271 271 271 271 270 271 271 271 271 271 271 271 271 272 272 272 271 272 272 272 272 272 273 273 272 272 272 271 271 272 273 272 272 272 271 271 272 272 271 271 270 270 271 272 272 271 272 272 272 272 273 274 274 274 273 274 274 275 275 275 274 274 275 275 275 276 276 276 276 276 276 275 275 274 274 274 275 275 275 255 255 255 255 255 255 256 256 256 256 256 256 256 256 256 256 256 257 257 257 256 256 256 256 256 256 256 256 256 257 256 256 256 255 256 256 256 256 256 256 256 256 257 257 257 257 257 257 257 257 258 258 258 259 259 259 259 259 260 260 260 260 259 260 260 260 260 260 260 260 260 261 260 260 260 260 261 261 261 261 261 261 261 261 262 262 262 262 262 262 262 263 263 263 263 263 263 263 264 264 264 264 264 265 265 264 264 265 265 265 265 265 265 266 266 266 266 266 266 266 266 266 267 267 267 267 267 267 267 267 267 267 267 267 267 267 267 268 268 268 268 268 267 267 268 268 268 268 268 268 268 268 268 268 268 268 269 269 268 268 268 268 268 269 269 269 269 269 269 270 270 270 270 270 271 270 270 270 271 271 270 270 270 270 271 271 270 270 270 271 271 271 270 271 271 271 271 272 272 272 272 272 272 272 271 272 272 272 272 273 272 271 271 272 273 273 272 271 271 271 271 271 271 270 270 271 271 271 272 273 273 273 273 273 274 274 274 274 274 273 274 275 275 275 274 274 274 274 275 275 275 275 276 275 276 276 275 274 274 274 274 274 274 254 254 255 255 255 256 256 255 255 255 255 255 256 256 256 256 256 256 256 255 255 255 255 256 255 255 256 256 256 255 255 255 255 255 255 255 256 256 256 257 257 257 257 257 257 257 257 257 258 257 258 258 258 259 259 259 259 260 260 260 260 259 259 260 260 260 260 260 260 261 261 261 261 260 261 261 261 261 261 261 261 261 261 262 262 262 262 262 262 262 263 263 263 263 263 263 263 263 263 264 264 264 264 265 265 264 264 265 265 265 265 265 266 266 266 266 266 266 266 267 266 267 267 267 267 267 267 267 267 267 267 267 267 267 267 268 268 268 268 268 267 267 267 267 268 268 268 268 268 268 268 269 268 268 268 268 268 268 268 269 269 269 269 269 269 269 270 270 270 270 270 270 270 270 270 270 270 271 271 270 270 270 271 270 270 270 270 270 270 271 271 271 271 272 272 272 272 272 271 272 272 273 272 272 272 273 272 272 273 272 272 271 272 273 272 272 272 271 270 270 270 270 270 271 272 272 272 273 273 273 273 273 273 274 274 274 274 275 274 274 275 275 275 275 274 275 275 274 275 275 275 275 275 276 276 275 274 274 274 274 274 274 254 255 255 255 255 255 254 254 254 255 255 256 256 255 255 255 255 255 255 254 254 254 255 255 255 255 255 255 255 254 255 255 255 255 256 256 256 256 257 257 257 257 257 257 257 257 257 258 258 258 258 258 259 259 259 259 260 260 260 260 260 259 259 260 260 260 260 261 261 261 261 261 261 261 261 261 261 261 261 261 261 262 262 262 262 262 262 262 262 263 263 263 263 263 263 263 263 264 264 264 264 264 265 265 265 264 265 265 265 265 265 266 266 266 266 266 266 266 266 267 267 267 267 267 267 267 267 267 267 267 267 268 267 267 267 268 268 268 268 268 267 268 267 267 267 267 268 268 268 268 268 268 268 268 268 268 268 268 268 269 269 269 269 269 269 270 270 270 270 270 270 270 270 270 270 270 270 271 270 270 270 271 270 270 270 270 270 271 271 271 272 272 272 272 272 273 272 272 272 273 273 273 273 273 272 272 272 272 272 272 272 273 273 272 272 271 271 270 270 270 270 271 271 272 272 272 272 272 273 273 273 273 273 274 274 274 275 274 275 275 275 275 274 274 275 276 275 275 275 275 275 276 276 276 274 274 274 274 274 274 274 274 254 253 254 254 254 254 254 253 254 253 254 254 254 254 254 254 254 254 253 253 253 253 253 253 254 253 254 254 254 254 255 255 255 256 256 256 256 257 257 257 257 257 257 257 257 257 257 258 258 258 258 258 259 259 259 259 260 260 260 260 260 260 259 260 260 260 260 261 260 261 260 261 261 261 261 261 261 261 261 261 261 261 262 262 262 262 262 262 263 263 263 263 263 263 263 263 264 264 264 264 264 264 265 265 265 264 265 265 265 265 266 266 266 266 266 266 266 266 266 267 267 267 267 267 267 267 267 267 267 267 267 268 268 267 267 267 268 268 268 267 267 267 267 267 267 268 268 268 268 268 268 268 268 268 268 268 268 268 268 268 269 269 269 269 269 269 270 270 270 270 270 270 270 270 270 270 270 270 270 270 270 271 271 271 270 270 270 270 270 270 271 271 272 272 272 273 272 272 272 272 273 273 273 273 273 273 272 271 271 272 272 272 272 272 271 271 271 270 270 270 271 272 272 272 273 272 273 273 273 273 273 274 274 274 274 274 275 275 275 275 275 275 275 275 276 276 275 275 275 276 276 276 276 275 275 274 274 274 274 274 274 274 274 254 254 252 253 252 252 252 252 252 252 252 253 253 253 253 253 253 253 253 253 253 253 253 254 254 254 254 254 255 255 255 255 256 256 256 256 257 257 257 257 257 257 257 257 257 257 258 258 258 258 258 259 259 259 259 259 259 260 260 260 260 260 260 260 260 260 260 260 260 260 260 260 261 261 261 261 261 261 261 261 261 261 261 262 262 262 262 262 263 263 263 263 263 263 263 263 263 264 264 264 264 264 264 265 264 264 265 265 265 265 266 266 266 266 266 266 266 266 266 266 267 267 267 267 267 267 267 267 267 267 268 268 268 268 268 267 268 268 268 267 267 267 267 267 268 268 268 268 268 268 268 268 268 268 268 269 268 268 268 268 268 268 268 269 268 269 269 270 270 271 271 270 270 270 270 270 270 270 270 270 270 271 271 271 271 270 270 270 271 271 271 272 272 272 272 273 273 272 272 273 273 273 273 273 272 272 272 272 271 271 271 272 272 271 271 271 271 271 270 270 271 272 272 272 272 272 272 273 273 274 273 273 274 274 274 274 274 275 275 275 275 275 275 275 276 275 275 275 276 276 276 275 275 275 274 274 274 274 274 274 274 274 274 251 251 251 251 251 252 253 252 255 253 253 252 252 251 252 252 252 252 252 252 252 252 252 252 252 253 253 253 253 253 254 254 254 254 255 255 255 255 255 256 256 256 256 256 256 257 257 257 257 257 257 257 257 257 258 258 258 258 259 259 259 259 259 259 259 259 260 260 260 260 260 260 260 260 260 260 261 260 260 260 261 261 261 261 261 261 261 261 261 261 261 261 262 262 262 262 262 262 263 263 263 263 263 263 263 263 264 264 264 264 264 264 264 264 264 265 265 265 266 266 266 266 266 266 266 266 266 267 266 266 267 267 267 267 267 267 267 267 267 268 268 268 268 268 268 268 268 268 267 267 267 267 267 268 268 268 268 268 267 268 268 268 268 269 269 268 268 268 268 268 268 268 268 269 269 269 269 270 271 271 270 270 270 270 271 270 270 270 270 270 271 271 271 270 270 270 270 271 272 272 272 272 272 272 273 273 273 272 272 273 273 273 273 273 272 271 272 272 271 271 271 272 271 271 271 272 271 270 270 271 272 272 271 272 273 273 273 273 274 274 273 273 274 274 274 274 274 275 275 275 275 275 275 276 275 275 276 275 275 275 275 275 274 274 274 274 274 274 274 274 274 274 274 251 251 251 251 251 251 251 252 252 253 254 254 253 253 257 255 254 253 252 252 251 251 251 252 252 252 252 252 252 253 253 253 253 253 254 254 254 254 254 254 255 255 255 255 255 256 256 256 256 256 256 256 257 257 257 257 257 257 257 257 257 257 258 258 258 258 258 259 259 259 259 260 260 259 260 259 260 260 260 260 260 260 260 260 261 261 261 261 261 261 261 261 261 261 261 261 261 261 261 261 262 262 262 262 262 263 263 263 263 263 263 263 264 264 264 264 264 264 264 264 264 264 265 265 265 265 265 266 266 266 266 266 266 266 266 267 267 267 267 267 267 267 267 267 267 267 267 267 268 268 268 268 268 268 268 267 267 267 267 267 267 267 267 267 267 268 268 268 268 268 269 269 268 269 269 269 268 268 268 269 269 269 269 269 270 270 270 270 270 270 271 271 271 270 270 270 271 271 271 271 271 270 270 271 271 271 271 272 272 271 272 272 272 273 273 273 273 273 273 273 273 272 271 271 272 272 271 270 271 271 271 271 271 271 270 271 270 271 271 271 272 272 272 273 273 273 273 273 273 274 274 274 274 275 275 275 275 275 275 275 275 275 275 275 275 275 275 275 275 274 274 274 274 274 274 274 274 274 274 274 274 251 251 251 250 251 252 251 251 252 252 252 252 253 254 254 254 253 254 254 256 256 256 256 255 254 252 252 251 251 251 252 252 253 253 253 253 253 253 253 254 254 254 254 254 254 255 255 255 255 255 255 255 256 256 256 256 256 256 256 257 257 257 257 257 257 257 257 257 258 258 258 259 259 259 259 259 259 259 260 260 260 259 259 260 260 260 260 260 260 260 260 261 261 261 261 261 261 261 261 261 262 262 261 261 261 261 261 262 262 262 262 262 262 263 263 263 263 263 263 263 264 264 264 264 264 264 264 264 264 265 265 265 265 265 265 266 266 266 266 266 266 266 266 267 267 267 267 267 267 267 267 267 267 267 268 268 268 268 268 268 268 268 267 267 268 268 267 268 268 267 267 267 268 267 267 268 268 269 269 269 269 269 268 268 268 268 268 268 269 269 269 270 270 270 270 270 271 271 271 271 270 271 271 271 271 271 270 270 270 270 270 271 271 271 271 271 271 272 272 272 272 273 273 273 273 273 273 273 272 272 271 271 271 271 271 270 271 271 270 271 271 271 272 272 272 272 272 272 272 272 272 272 272 273 273 273 274 274 274 274 275 275 275 276 275 275 275 275 275 275 275 275 275 275 275 275 274 274 274 274 274 274 274 274 274 274 274 274 274 251 250 250 250 250 251 251 251 251 252 251 252 252 253 253 253 253 253 253 254 254 255 254 254 254 256 257 257 257 256 255 253 252 251 251 251 251 252 252 253 253 253 253 253 254 254 254 254 254 254 254 254 255 255 255 255 255 255 255 256 256 256 256 256 256 257 256 257 257 257 257 257 257 257 258 258 258 258 258 259 259 258 259 259 259 259 260 260 259 260 260 260 260 260 260 260 260 261 261 261 261 261 261 261 261 261 261 262 262 262 262 261 261 261 262 262 262 262 262 262 263 263 263 263 263 263 263 263 264 264 264 264 264 264 264 264 264 265 265 265 265 266 266 266 266 266 266 266 266 267 267 267 267 267 267 267 267 267 267 267 267 267 268 268 268 269 268 268 268 268 268 268 268 268 268 269 268 268 268 268 267 268 268 268 269 269 269 268 268 268 268 269 269 269 269 269 269 269 269 270 270 271 271 271 271 270 270 270 271 271 271 271 270 270 270 270 270 270 271 271 271 271 271 271 271 272 272 273 273 273 272 272 272 273 273 273 272 272 272 272 271 271 271 271 271 271 271 271 271 272 272 272 272 272 273 273 273 273 273 273 273 273 273 273 273 273 273 274 274 275 275 275 275 275 275 275 275 274 275 275 275 275 275 274 274 274 274 274 274 274 274 274 274 274 274 274 275 275 251 250 250 251 250 251 251 251 251 251 251 252 252 253 252 252 252 251 252 253 254 255 254 254 254 255 256 256 256 255 254 253 253 252 251 251 251 252 252 253 253 253 253 253 254 254 254 254 254 254 254 254 255 255 255 255 255 255 255 256 256 256 256 256 256 256 256 256 256 257 257 257 257 258 258 258 258 258 258 259 259 259 259 259 259 259 260 260 260 259 260 260 260 260 260 260 260 261 261 261 261 261 261 261 261 261 261 262 262 262 262 262 262 261 261 262 262 262 262 262 263 263 263 263 263 263 263 263 264 264 264 264 264 264 264 264 264 264 265 265 266 266 266 266 266 266 266 266 267 267 267 267 267 267 267 267 267 267 267 267 267 267 267 268 268 268 268 268 268 267 267 268 268 268 268 268 269 269 268 268 268 268 269 268 269 269 269 269 269 268 268 269 269 269 269 269 269 269 269 270 270 271 270 270 270 270 270 271 271 271 271 271 270 271 271 270 270 270 271 271 271 271 271 272 271 272 272 272 272 272 272 272 272 272 273 272 272 272 272 272 272 271 271 271 271 271 272 272 271 271 271 271 272 272 272 272 272 272 273 273 273 273 273 273 273 273 273 273 274 274 275 276 275 275 275 275 275 274 274 275 275 275 275 275 274 274 274 274 274 274 274 274 274 274 274 274 274 275 250 250 250 251 251 251 252 251 251 251 251 251 252 252 251 252 251 251 252 253 254 255 254 254 254 255 255 255 255 255 254 253 252 252 251 251 251 252 252 253 253 253 253 254 254 254 254 254 254 254 254 255 255 255 255 255 255 255 256 256 256 256 256 256 256 256 256 256 257 257 257 257 257 258 258 258 258 258 258 258 259 259 259 259 259 259 260 260 260 260 259 260 260 260 260 260 260 260 260 261 261 261 261 261 261 262 261 261 262 262 262 262 262 262 261 261 262 262 262 262 263 263 263 263 263 263 263 264 264 264 264 264 264 264 264 264 265 265 265 265 265 265 266 266 266 266 267 266 266 267 267 267 267 267 267 267 267 267 267 267 267 267 267 267 268 268 268 268 268 267 268 268 268 268 268 268 268 268 269 269 268 268 269 269 269 269 270 270 269 269 269 269 269 269 269 269 269 269 269 270 270 271 270 270 270 270 271 271 271 271 271 271 271 271 271 271 271 271 270 271 271 271 271 271 271 271 271 272 272 272 272 272 272 272 272 272 272 272 272 271 272 272 271 271 271 271 271 271 272 272 271 271 271 271 272 272 272 272 272 273 273 273 273 273 273 273 273 273 274 274 275 275 275 275 275 275 275 274 274 274 275 275 275 275 274 274 274 274 274 274 274 274 273 274 274 274 274 275 251 251 251 251 252 251 251 251 251 251 252 252 252 252 251 251 251 252 253 254 254 254 253 254 254 254 255 255 254 253 253 253 252 251 251 252 252 253 253 253 253 253 254 254 254 254 254 254 254 254 255 255 255 255 255 255 255 256 256 256 256 256 256 256 256 256 257 257 257 257 257 258 258 258 258 258 258 258 258 259 259 259 259 259 260 260 260 260 259 260 260 260 260 260 260 260 260 260 261 261 261 261 261 261 261 261 261 261 261 262 262 262 262 262 261 262 262 262 262 262 263 263 263 263 263 264 264 264 264 264 264 264 264 264 264 264 265 265 265 265 266 266 266 266 266 266 267 267 267 267 267 267 267 266 267 267 267 267 267 267 267 267 268 268 268 268 268 268 268 268 268 268 268 268 268 268 269 268 269 269 269 269 270 269 269 270 270 269 270 269 269 269 269 269 269 269 269 269 270 270 270 270 270 271 270 271 271 271 271 271 271 271 271 271 271 271 271 271 271 271 271 271 271 272 271 272 272 272 272 272 272 272 272 272 272 272 272 272 271 271 271 271 271 271 271 271 271 271 272 272 271 271 272 272 271 272 272 272 272 272 273 273 273 274 274 274 274 274 274 275 275 275 275 275 275 275 274 274 275 275 275 275 275 275 275 274 274 274 274 274 274 273 274 274 274 250 250 250 250 250 251 251 251 251 252 251 251 251 252 251 251 251 252 252 252 253 254 253 253 252 252 253 255 254 253 253 252 252 252 251 251 252 253 253 253 253 253 253 254 254 254 254 254 254 254 255 255 255 255 255 255 255 255 256 256 256 256 256 256 256 257 257 257 257 257 257 257 258 258 258 258 258 258 258 258 259 259 259 259 259 260 260 259 259 259 260 260 260 260 260 260 260 261 260 261 261 261 261 261 261 261 261 261 261 261 262 262 262 262 262 262 262 262 262 262 262 263 263 263 263 263 264 264 264 264 264 264 264 264 264 264 264 264 265 265 266 265 265 265 265 266 266 266 266 266 266 267 267 267 267 267 267 267 267 267 267 268 268 268 268 268 268 268 268 268 268 268 268 268 268 268 268 268 268 269 269 269 269 269 269 269 269 269 270 270 269 269 269 269 269 269 269 269 269 270 270 270 270 270 271 270 271 271 271 271 271 271 271 271 271 271 271 270 270 271 271 271 271 271 271 271 271 272 272 272 272 271 271 271 271 271 271 271 271 271 271 271 271 271 271 271 271 271 271 271 271 271 272 272 271 271 271 272 272 272 272 272 272 273 273 273 273 274 274 274 275 275 274 274 275 275 275 274 274 275 275 275 275 275 275 275 274 274 274 274 275 274 274 274 274 250 250 250 250 250 251 252 252 251 251 250 251 251 251 251 251 251 252 253 253 254 254 253 252 252 254 254 253 252 252 251 251 251 252 252 253 253 253 253 253 254 254 254 254 254 254 254 255 255 255 255 255 255 255 255 255 256 256 256 256 256 256 257 257 257 257 257 257 257 257 258 258 258 258 258 258 258 258 259 259 259 259 259 259 260 259 259 260 260 260 260 260 260 260 260 261 261 261 261 261 261 261 261 261 261 261 261 261 262 262 262 263 262 262 262 262 262 262 262 263 263 263 263 263 264 264 264 264 264 264 264 264 264 264 264 265 265 265 265 265 265 265 265 265 266 266 266 266 266 266 267 267 267 267 267 267 267 267 267 267 268 267 267 268 268 268 268 267 268 268 267 267 268 268 268 269 268 268 269 269 269 269 269 269 269 269 270 270 270 269 269 269 269 269 269 269 269 270 270 270 270 270 270 270 270 271 271 271 271 271 271 271 272 271 271 270 270 271 271 271 271 271 271 271 271 272 272 272 272 272 271 271 271 271 271 271 271 271 271 271 271 271 271 271 271 271 271 271 271 271 271 271 271 271 271 271 272 272 272 272 273 272 272 273 273 273 273 274 274 274 274 274 275 275 275 275 275 275 275 275 275 275 275 275 275 275 275 275 275 275 275 275 275 251 252 251 250 250 250 250 250 250 250 251 250 250 250 250 250 251 252 252 253 254 253 254 253 252 252 252 251 251 251 252 252 252 252 253 253 253 253 254 254 254 254 254 254 254 254 255 255 255 255 255 255 255 255 255 256 256 256 256 256 256 256 257 257 257 257 257 257 257 258 258 258 258 258 258 258 258 259 259 259 259 259 259 259 259 260 260 260 260 260 260 260 260 260 261 261 261 261 261 261 261 261 261 261 262 261 261 262 262 262 262 262 262 262 262 262 262 262 263 263 263 263 263 264 264 264 264 264 264 264 264 264 264 264 265 265 265 265 265 265 266 266 265 265 266 266 266 266 266 266 267 267 267 267 267 267 267 267 267 267 267 267 267 267 267 267 267 267 268 267 267 268 268 268 268 269 268 269 269 268 269 269 269 269 269 269 269 270 270 269 270 270 269 269 269 270 270 271 271 271 271 271 271 271 271 271 271 271 271 271 271 271 271 271 270 271 271 271 271 271 271 271 271 271 272 272 272 272 272 272 271 271 272 271 272 272 271 271 271 271 271 271 271 271 271 272 271 271 271 271 272 272 271 271 271 271 272 272 272 272 271 272 272 272 272 273 273 274 274 273 274 274 275 275 275 275 275 275 275 275 275 275 275 275 275 275 275 275 275 276 276 275 250 250 250 250 250 250 250 251 252 252 251 252 251 251 250 250 251 252 252 253 255 254 253 253 252 252 252 252 252 252 252 252 252 253 253 253 253 254 254 254 254 254 254 254 254 255 255 255 255 255 255 255 255 255 256 256 256 256 256 256 256 257 257 257 257 257 257 258 258 258 258 258 258 258 258 259 259 259 259 259 259 259 259 259 259 260 260 260 260 260 260 260 260 261 261 261 261 261 261 261 261 261 261 262 262 262 262 262 262 262 262 262 262 262 262 262 263 263 263 263 263 263 263 264 264 264 264 264 264 264 264 264 265 265 265 265 265 265 265 265 266 266 266 266 266 266 266 266 266 266 266 267 267 267 268 268 267 267 267 267 267 267 267 267 267 267 267 267 267 267 268 268 268 268 268 269 268 269 268 269 269 269 269 269 269 269 269 269 270 269 269 269 269 269 270 270 271 271 271 271 271 271 271 271 271 271 271 271 270 270 271 271 270 271 271 271 271 271 271 271 271 271 271 272 272 271 271 271 271 272 271 271 271 271 271 272 271 271 271 271 271 271 271 271 272 272 272 271 271 272 272 272 272 271 271 271 271 271 272 272 272 272 272 272 272 272 273 274 273 274 274 275 275 275 275 275 275 275 275 276 275 276 276 276 275 275 275 275 276 251 251 251 252 253 253 253 253 252 252 252 250 250 252 252 252 253 253 253 253 252 252 252 252 252 252 252 252 252 253 253 253 253 254 254 254 254 254 254 254 254 255 255 255 255 255 255 255 255 256 256 256 256 256 256 256 257 256 257 257 257 257 257 257 258 258 258 258 258 258 258 258 259 259 259 259 259 259 259 259 259 260 260 260 260 260 260 260 261 261 261 261 261 261 261 261 261 261 261 261 262 262 262 262 262 262 262 262 262 262 262 263 263 263 263 263 263 263 263 264 264 264 264 264 264 264 264 264 265 265 265 265 265 265 265 265 265 266 266 266 266 266 266 266 266 266 266 266 267 267 268 267 267 267 267 266 266 266 266 267 267 268 268 268 267 267 267 268 268 268 268 269 268 269 268 269 269 269 270 269 269 269 269 269 269 269 269 269 269 270 271 271 270 270 271 271 271 271 271 271 270 271 271 271 271 271 271 271 271 271 271 270 270 271 271 271 271 271 271 271 272 272 271 271 272 272 271 271 271 271 271 271 271 271 271 271 271 271 271 271 271 272 272 272 272 272 271 271 271 271 271 271 271 272 272 272 272 272 273 273 273 273 272 273 273 274 274 275 275 275 275 275 275 275 275 276 275 276 276 275 275 275 276 276 276 276 276 252 252 252 253 254 254 255 255 253 254 254 254 249 250 250 251 252 251 252 251 251 251 251 251 252 252 252 252 253 253 253 253 253 254 254 254 254 254 254 254 254 254 255 255 255 255 255 255 255 255 256 256 256 256 256 256 256 256 257 257 257 257 257 257 258 258 258 258 258 258 258 258 258 259 259 259 259 259 259 260 260 260 260 260 260 260 260 260 260 261 261 261 261 261 261 261 262 261 261 261 262 262 262 261 262 262 262 262 262 262 262 263 263 263 263 263 263 263 263 263 264 264 264 264 264 264 264 264 265 264 264 265 265 265 265 265 265 266 266 266 266 266 266 266 266 266 266 266 266 267 268 267 267 267 267 267 267 267 267 267 267 267 268 268 267 267 267 268 268 268 268 268 268 269 269 268 268 269 269 269 269 269 269 269 269 269 269 269 270 270 271 271 270 270 270 270 271 271 270 271 270 270 271 271 271 271 271 271 271 270 270 271 270 271 271 271 271 271 271 271 271 271 271 271 271 271 271 271 271 271 271 271 271 271 271 271 271 271 271 272 272 272 272 272 272 272 271 271 271 271 271 272 272 272 272 273 273 273 273 274 274 273 273 273 273 274 274 275 275 275 274 274 275 275 275 275 275 276 275 275 275 275 276 276 276 275 276 254 255 255 255 255 255 254 255 255 254 253 252 250 250 251 250 250 250 250 250 251 251 252 252 252 253 253 253 253 253 254 254 254 254 254 254 254 254 254 255 255 255 255 255 255 255 255 255 256 256 256 256 256 256 256 257 257 257 257 257 257 258 258 258 258 258 258 258 258 258 258 259 259 259 259 259 259 260 260 260 260 260 260 260 260 260 260 261 261 261 261 261 261 261 262 261 261 261 262 262 262 262 262 262 262 262 262 262 262 262 263 263 263 263 263 263 263 264 264 264 264 264 264 264 264 264 264 264 265 265 265 265 265 266 266 266 266 266 266 266 266 266 266 266 266 266 267 267 267 267 267 267 268 268 268 267 267 268 267 268 268 267 267 267 267 267 267 267 268 269 268 268 268 268 268 268 269 269 269 270 269 269 269 269 269 269 270 270 271 271 270 270 270 270 270 270 270 270 271 271 271 271 271 271 271 271 271 271 271 271 271 271 271 271 271 271 271 271 271 271 271 270 271 271 271 271 271 271 271 271 271 271 271 271 271 271 271 271 271 272 272 272 271 271 271 271 271 271 271 272 273 273 273 272 273 273 274 274 274 273 274 274 274 273 274 274 274 275 274 275 275 275 275 275 275 275 275 275 276 276 276 275 275 276 255 255 255 255 255 255 255 255 254 253 253 252 252 251 251 252 251 251 251 251 251 252 252 252 253 253 253 253 254 254 254 254 254 254 254 254 255 255 255 255 255 255 255 255 255 256 256 256 256 256 256 256 256 256 257 257 257 257 257 257 258 258 258 258 258 258 258 258 258 258 259 259 259 259 259 259 259 260 260 260 260 260 260 261 260 260 260 260 261 261 261 261 261 261 261 261 262 262 262 262 262 262 262 262 262 262 262 262 262 262 263 263 263 263 263 263 264 264 264 264 264 264 264 264 264 264 265 265 265 265 265 265 265 266 266 266 266 266 265 265 266 266 266 266 266 266 267 267 267 267 267 267 268 267 268 268 267 267 267 267 267 267 267 267 267 267 267 268 269 268 268 268 268 268 268 269 269 269 269 269 270 269 269 269 269 269 270 270 270 270 270 270 270 270 270 270 270 270 271 271 271 272 272 272 271 271 271 271 272 271 271 271 271 271 271 272 272 272 271 271 271 271 270 270 271 271 271 271 272 271 271 271 271 271 271 271 271 271 271 271 271 271 271 272 272 272 272 272 271 272 273 274 274 274 273 273 274 275 275 275 274 274 273 274 274 275 275 275 275 275 275 275 275 275 275 275 275 276 276 275 275 276 254 254 253 254 254 254 254 255 254 254 253 252 252 253 254 254 254 252 251 252 252 252 252 252 252 253 253 253 253 253 254 254 254 254 254 254 254 255 255 255 255 255 255 255 255 255 256 256 256 256 256 256 256 256 256 257 257 257 257 257 257 258 258 258 258 258 258 258 258 258 258 259 259 259 259 259 259 260 260 260 260 260 260 260 261 261 260 260 260 261 261 261 261 261 261 261 262 262 262 262 262 262 262 262 263 262 262 262 262 262 262 263 263 263 263 263 263 264 264 264 264 264 264 264 264 264 264 265 265 265 265 265 265 265 265 266 266 266 266 266 265 266 266 266 266 266 266 267 267 267 267 267 267 267 267 267 267 267 267 267 267 266 267 268 268 267 267 267 268 268 268 268 268 267 268 268 268 269 269 269 269 269 269 269 269 268 269 270 270 270 270 270 270 270 270 270 270 270 271 271 271 272 272 272 272 272 272 272 271 271 271 271 270 271 271 271 271 272 272 271 271 271 271 271 271 270 270 271 271 271 271 271 271 271 271 271 271 271 271 271 271 272 272 272 272 272 272 273 273 272 272 273 273 274 274 274 274 274 274 275 275 274 274 273 274 274 275 275 275 275 275 275 275 275 275 275 275 275 275 275 275 275 276 254 253 253 253 253 253 254 254 254 254 254 254 254 254 255 255 254 253 253 252 252 252 251 252 252 252 253 253 253 253 254 254 254 254 254 254 254 254 254 255 255 255 255 255 255 255 256 256 256 256 256 256 256 256 256 256 257 257 257 257 257 257 257 257 258 258 258 258 258 258 258 258 259 259 259 259 259 259 260 260 260 260 260 260 260 261 261 261 260 260 261 261 261 261 261 261 261 262 262 262 262 262 262 262 262 263 263 262 262 262 262 262 263 263 263 263 263 263 264 264 264 264 264 264 264 264 264 265 265 265 265 265 265 265 265 265 265 265 265 265 266 266 266 266 266 266 267 267 267 267 267 267 267 267 267 267 267 267 267 267 267 266 267 267 268 268 267 267 267 267 267 267 268 267 267 268 268 268 268 269 269 269 269 269 269 269 268 269 269 270 270 270 270 270 270 270 270 270 271 271 271 271 272 272 272 272 272 272 272 272 271 271 271 271 271 271 271 272 272 272 271 271 271 271 271 271 271 271 271 271 271 271 271 271 271 271 271 271 271 271 271 271 271 271 272 272 273 274 274 274 273 272 273 273 274 275 275 275 274 275 275 275 275 274 273 273 274 274 275 276 276 275 275 274 274 275 275 275 275 275 275 275 275 275 276 253 253 253 253 253 252 253 254 254 255 256 256 256 255 257 256 254 253 252 252 251 251 251 252 252 253 253 253 253 253 254 254 254 254 254 254 254 254 255 255 255 255 255 255 255 255 255 256 256 256 256 256 256 256 256 256 256 257 257 257 257 257 257 257 257 257 258 258 258 258 258 258 259 259 259 259 259 259 259 260 260 260 260 260 260 260 260 260 260 260 260 261 261 261 261 261 262 262 262 262 262 262 262 262 262 263 263 263 262 262 262 262 263 263 263 263 263 264 264 264 264 264 264 264 264 264 264 265 265 265 265 265 265 265 265 265 265 265 265 265 265 265 266 266 267 267 266 266 266 267 267 267 267 267 267 267 267 267 267 267 267 267 267 268 268 268 268 268 267 268 268 268 268 268 267 268 268 268 268 268 268 269 269 269 269 269 268 268 269 269 270 270 270 270 270 270 270 270 271 271 271 271 272 272 272 271 272 272 272 272 271 271 271 270 270 271 271 272 272 272 272 272 272 271 271 271 271 271 271 271 271 271 270 270 271 271 271 271 271 271 271 271 271 271 271 272 273 273 273 274 274 273 272 273 274 274 275 274 275 275 275 276 275 274 273 273 274 275 275 275 275 275 275 275 275 274 274 274 275 275 275 275 275 276 254 253 254 255 255 254 254 253 252 253 255 255 255 255 255 256 256 255 254 254 254 254 252 251 251 252 252 253 253 253 253 253 254 254 254 254 254 254 254 254 254 254 255 255 255 255 255 255 255 255 256 256 256 256 256 256 256 256 256 257 257 257 257 257 257 257 258 258 258 258 258 258 258 258 258 258 258 259 259 259 259 260 260 260 260 260 260 260 260 261 261 260 260 261 261 261 261 261 262 262 262 262 262 262 262 262 263 263 263 263 263 262 262 262 263 263 263 263 263 264 264 264 264 264 264 264 264 264 264 265 265 265 265 265 265 265 266 265 265 265 265 266 265 266 266 266 266 267 266 266 266 267 267 267 267 267 267 267 268 267 267 268 267 268 268 268 268 268 267 267 268 268 268 268 268 268 267 267 268 268 268 268 268 268 268 268 268 268 268 268 268 269 269 269 270 270 270 271 270 270 271 271 271 271 271 271 271 271 271 271 272 272 272 271 271 270 271 271 271 272 272 271 271 271 271 271 271 271 271 271 271 270 270 270 270 270 271 271 271 271 271 271 271 272 272 272 272 272 272 272 272 273 274 274 273 273 273 274 274 274 274 275 275 275 275 274 274 274 275 275 275 275 275 275 275 275 275 275 275 275 275 275 275 275 275 276 254 254 255 255 254 254 254 253 252 253 254 254 253 254 253 255 256 255 255 256 256 255 253 252 251 251 252 252 253 253 253 254 254 254 254 254 254 254 254 254 255 255 255 255 255 255 255 255 255 255 256 256 256 256 256 256 256 256 257 257 257 257 257 257 258 258 258 258 258 258 258 258 258 258 258 258 259 259 260 259 259 260 260 260 260 260 260 260 261 261 261 261 260 260 261 261 261 261 262 262 262 262 262 262 262 262 263 263 263 263 262 262 263 263 263 263 263 263 264 264 264 264 264 264 264 264 264 264 264 265 265 265 265 265 265 265 265 265 265 265 266 266 266 266 266 266 266 266 266 266 266 266 267 267 267 267 267 267 268 268 268 268 268 268 268 268 267 268 268 268 268 268 268 268 268 268 267 267 268 268 268 268 268 268 268 268 268 268 268 268 269 269 269 270 270 270 270 270 271 271 271 271 271 271 271 271 271 271 271 271 272 272 272 272 271 271 271 271 271 272 271 271 270 270 270 270 270 271 271 271 270 270 270 270 270 270 271 271 271 271 271 271 272 272 272 273 273 273 272 273 273 274 274 274 274 273 274 273 273 274 274 274 274 275 276 275 275 275 275 275 275 275 275 275 275 275 275 275 274 275 275 275 275 275 275 254 255 254 254 253 253 254 254 253 252 253 253 253 253 253 255 256 256 256 256 255 254 253 252 251 251 252 252 253 253 253 254 254 254 254 254 254 254 254 255 255 255 255 255 255 255 255 255 255 256 256 256 256 256 256 257 257 257 257 257 257 257 257 257 258 258 258 258 258 258 258 259 259 259 259 258 259 259 260 260 259 260 260 260 260 260 260 260 261 261 261 261 260 260 261 261 261 261 262 262 262 262 262 262 262 262 262 263 263 263 262 262 262 263 263 263 263 263 264 264 264 264 264 264 264 264 264 264 265 265 265 265 265 265 265 265 265 265 265 265 266 266 266 266 266 267 266 267 266 266 266 267 267 267 267 267 267 267 267 267 268 267 267 268 267 268 267 267 268 268 268 268 268 268 268 268 267 267 267 268 267 268 268 268 268 269 268 268 268 269 269 269 269 270 270 270 271 271 271 271 271 271 271 271 271 270 270 271 271 271 271 271 272 272 272 271 271 272 271 272 271 270 270 270 270 270 270 270 271 271 270 270 270 270 270 270 271 271 271 271 271 271 272 272 272 272 273 273 272 272 272 273 274 274 274 274 275 274 273 274 274 274 275 275 275 275 276 276 276 275 275 275 275 274 274 275 275 275 275 275 275 275 275 275 275 254 253 253 254 253 252 252 252 253 253 252 252 253 253 254 255 256 257 256 255 254 253 253 252 251 252 252 253 253 253 254 254 254 254 254 254 254 254 255 255 255 255 255 255 255 255 256 256 256 256 256 256 256 256 256 257 257 257 257 257 257 257 257 257 258 258 258 259 259 259 259 259 259 259 259 259 259 260 260 260 260 260 260 260 260 260 260 260 261 261 261 261 260 261 261 261 261 262 262 262 262 262 262 262 262 262 262 263 262 262 262 262 263 263 263 263 263 264 264 264 264 264 264 264 264 264 264 265 265 265 265 265 265 265 265 265 265 265 265 266 266 266 266 266 266 267 267 267 266 266 266 267 267 267 267 267 267 267 267 268 268 267 267 267 267 267 267 267 268 268 269 268 268 267 267 268 267 267 267 268 268 268 268 268 268 268 268 268 269 268 269 269 270 270 270 270 271 270 271 270 271 270 270 270 271 271 271 271 272 271 272 272 272 271 271 271 271 271 272 272 271 270 270 270 270 270 270 270 270 270 270 270 270 271 271 271 271 271 271 271 272 272 272 273 273 273 274 273 273 272 273 273 274 274 274 274 274 274 274 274 274 275 275 275 275 275 275 275 275 275 275 275 275 275 275 275 275 274 274 274 274 275 275 275 255 254 254 255 254 254 253 253 254 253 252 252 252 253 253 253 255 255 255 254 253 253 253 252 252 252 252 253 253 254 254 254 254 254 254 254 254 255 255 255 255 255 255 255 255 256 256 256 256 256 256 256 256 256 256 257 257 257 257 257 257 257 257 257 258 258 258 259 259 259 259 259 259 259 259 259 260 260 260 260 260 260 260 260 260 261 261 261 260 261 261 261 261 261 261 261 261 262 262 262 262 262 262 262 262 262 262 262 262 262 262 262 263 263 263 263 263 264 264 264 264 264 264 264 264 264 264 265 265 265 265 265 265 265 265 265 265 265 266 266 266 266 266 266 266 266 267 267 267 266 266 266 267 267 267 267 267 267 267 268 268 267 268 268 268 268 268 267 268 268 268 268 268 267 267 267 267 267 267 268 268 268 268 268 269 268 268 268 268 268 269 269 270 270 269 270 270 270 270 270 270 270 270 270 271 271 271 271 271 272 272 272 271 271 271 271 271 272 272 271 271 270 270 270 270 270 270 270 270 270 270 270 270 270 270 270 270 271 271 271 272 272 272 273 273 273 274 273 273 273 273 273 273 273 274 274 274 274 274 274 275 276 275 275 275 275 274 274 274 274 274 274 275 275 275 275 275 275 275 274 274 275 275 255 255 256 254 254 253 252 252 253 253 253 253 252 252 253 253 254 255 254 252 252 252 252 252 252 253 253 253 254 254 254 254 254 254 254 255 255 255 255 255 255 255 255 255 255 256 256 256 256 256 256 256 256 256 257 257 257 257 257 257 257 258 258 258 258 258 259 259 259 259 259 259 259 259 259 260 260 260 260 260 260 260 260 260 261 261 260 260 261 261 261 260 261 261 261 261 262 262 262 262 262 262 262 262 262 262 263 263 262 262 262 263 263 263 263 264 264 264 264 264 264 264 264 264 264 264 265 265 265 265 265 265 265 265 265 265 265 266 266 266 266 266 267 267 267 267 267 267 267 266 266 267 267 267 267 267 267 267 268 268 267 267 267 267 268 268 268 268 268 268 268 268 268 267 267 268 268 268 267 268 268 268 268 269 268 268 268 268 268 269 269 269 269 269 269 269 269 270 270 270 270 270 271 271 271 272 272 272 271 271 271 271 271 270 271 270 271 271 270 270 270 270 270 270 270 270 270 270 270 270 270 270 270 270 270 270 270 270 271 271 271 272 272 273 273 273 274 274 274 273 273 273 273 274 274 274 274 274 275 275 275 275 275 275 275 274 274 274 274 274 273 274 274 275 275 275 274 274 274 274 274 275 254 254 255 255 254 253 253 254 254 255 254 253 253 253 252 252 253 254 255 254 253 253 252 252 252 252 253 253 253 254 254 254 254 254 254 254 255 255 255 255 255 255 255 255 255 255 256 256 256 256 256 256 257 257 257 257 257 257 257 257 257 257 258 258 258 258 258 258 259 259 259 259 259 259 259 259 260 260 260 260 260 260 260 260 261 261 261 260 260 260 260 260 260 261 261 261 261 261 262 262 262 262 262 262 262 263 263 263 263 263 262 262 263 263 263 263 264 264 264 264 264 264 264 264 264 264 264 265 265 265 265 265 265 265 265 265 265 265 265 265 266 266 266 266 267 266 266 267 267 267 267 267 267 267 267 267 267 267 267 268 268 268 267 267 268 268 268 268 268 268 268 268 268 268 267 267 267 267 268 268 268 268 268 268 268 268 268 268 268 269 269 269 269 269 269 269 269 269 269 270 270 270 270 271 271 271 272 271 271 270 270 270 270 270 270 270 270 270 270 270 270 270 270 270 270 270 270 270 270 270 270 270 270 270 271 271 271 271 271 270 270 271 271 272 272 273 273 273 273 274 274 274 273 273 274 274 274 275 274 275 275 275 275 274 274 274 275 275 274 274 274 274 273 273 274 274 273 273 273 274 274 275 275 254 254 254 253 253 254 255 256 256 256 255 254 253 253 252 252 252 252 253 253 253 253 252 252 252 253 253 253 254 254 254 254 254 254 254 255 255 255 255 255 255 255 255 255 255 255 256 256 256 256 256 256 256 257 257 257 257 257 257 257 257 258 258 258 258 258 258 258 258 259 259 259 259 259 259 259 259 260 260 260 260 260 260 260 260 260 260 260 260 260 260 261 261 261 261 261 261 261 262 262 262 262 262 262 262 262 262 263 263 263 262 262 263 263 263 263 264 264 264 264 264 264 264 264 264 264 264 265 265 265 265 265 265 265 265 265 265 265 265 266 266 266 266 266 266 266 266 267 267 267 267 267 267 267 267 267 267 267 267 267 268 268 267 267 268 268 268 268 268 268 268 268 268 268 268 268 268 268 268 268 268 268 268 268 268 268 268 268 268 269 269 269 269 269 269 269 269 269 270 270 270 270 270 270 270 271 271 271 271 270 270 269 270 270 270 270 270 269 270 270 270 270 270 270 270 270 270 270 270 270 270 270 271 270 271 271 271 271 272 272 271 271 271 271 271 272 272 272 273 273 274 274 273 273 273 274 274 275 275 275 275 275 275 275 275 275 275 275 275 275 274 273 273 273 274 274 273 274 274 275 275 275 275 275 275 274 255 255 254 254 254 255 255 255 254 254 255 254 254 253 253 253 253 252 252 252 252 252 252 252 252 253 253 253 254 254 254 254 254 254 254 255 255 255 255 255 255 255 255 255 255 256 256 256 256 256 256 256 256 257 257 257 257 257 257 257 257 258 258 258 258 258 258 258 258 258 259 259 259 259 259 260 260 260 260 260 260 260 260 260 260 260 260 260 261 260 261 261 261 261 261 261 261 261 261 262 262 262 262 262 262 262 262 262 263 262 262 262 263 263 263 263 264 264 264 264 264 264 264 264 264 264 264 265 265 265 265 265 265 265 265 265 265 265 265 266 266 266 266 266 266 266 267 267 267 267 267 267 267 266 267 267 267 267 267 267 268 268 268 268 268 268 268 268 268 267 267 268 268 268 268 268 268 267 268 268 268 268 268 268 268 268 268 268 269 269 269 269 269 269 269 269 269 269 270 269 270 270 270 270 270 271 271 270 270 270 269 270 269 270 270 270 270 270 270 270 270 270 270 270 270 270 270 270 270 270 270 271 271 271 271 271 271 272 272 272 271 271 271 272 272 272 272 273 274 274 274 274 274 273 274 274 274 274 275 274 275 275 275 275 275 275 275 276 275 275 274 274 273 273 273 273 273 273 274 274 275 274 275 274 274 274 274 255 255 254 255 255 256 255 255 254 254 253 253 253 253 253 253 253 253 253 252 252 252 252 253 253 253 254 254 254 254 254 254 254 255 255 255 255 255 255 255 255 255 255 255 256 256 256 256 256 256 256 256 257 257 257 257 257 257 257 257 257 258 258 258 258 258 258 258 259 259 259 259 259 259 259 260 260 260 260 260 260 260 260 260 260 260 260 260 261 261 261 261 261 261 261 261 261 261 262 262 262 262 262 262 262 263 263 263 262 262 262 263 263 263 263 264 264 264 264 264 264 264 264 264 264 265 265 265 265 265 265 265 265 265 265 265 265 265 266 266 266 266 266 266 267 267 266 267 267 267 267 267 266 267 267 267 268 268 268 268 268 268 267 268 268 268 268 268 268 268 268 268 268 268 268 268 268 268 268 268 268 268 268 268 268 268 269 269 269 269 269 269 269 269 269 269 269 269 270 270 270 270 270 270 270 270 270 269 269 269 269 269 270 270 270 270 270 270 270 270 270 270 270 270 270 270 271 270 270 270 270 270 270 271 271 271 272 272 272 272 271 272 272 273 272 272 273 273 273 274 274 274 274 274 274 274 275 275 274 274 274 275 274 275 275 276 276 276 275 274 274 273 273 274 274 273 272 273 273 273 274 274 274 274 274 274 273 273 256 255 255 256 257 256 255 255 254 254 254 253 254 254 254 253 252 252 252 252 252 253 253 253 253 254 254 254 254 254 254 254 255 255 255 255 255 255 255 255 255 256 256 256 256 256 256 256 256 256 256 256 257 257 257 257 257 257 257 257 258 258 258 258 258 258 258 258 259 259 259 259 259 259 259 260 260 260 260 260 260 260 260 260 261 261 261 261 261 261 262 261 262 261 261 261 261 261 262 262 262 262 262 263 263 263 263 262 262 263 263 263 263 263 264 264 264 264 264 264 264 264 264 264 265 265 265 265 265 265 265 265 265 265 266 266 265 266 266 266 266 266 266 266 266 266 266 267 267 267 267 266 267 267 267 268 268 268 268 268 267 267 268 268 268 268 268 268 268 268 268 268 268 268 268 268 268 268 268 268 268 268 268 268 268 268 269 269 269 269 269 269 269 269 269 270 270 270 270 270 270 269 270 270 270 269 269 269 269 270 270 270 270 270 270 270 270 270 270 270 270 270 270 270 270 270 270 270 271 271 270 270 271 271 271 271 272 272 272 272 272 273 273 273 272 272 272 273 273 273 274 274 274 274 275 275 275 275 274 274 274 274 274 275 275 275 275 275 274 274 274 274 274 274 274 273 272 272 272 273 273 274 273 273 273 273 273 274 256 257 257 257 257 256 255 255 254 254 254 254 254 254 254 253 252 252 252 252 253 253 253 253 254 254 254 254 254 254 254 255 255 255 255 255 255 255 255 255 255 255 256 256 256 256 256 256 256 256 256 256 257 257 257 257 257 257 257 258 258 258 258 258 258 258 259 259 259 259 259 259 259 259 259 260 260 260 260 260 260 260 261 261 261 261 261 261 261 262 262 262 261 261 261 261 261 261 262 262 262 263 263 263 263 263 262 262 263 263 263 263 263 264 264 264 264 264 264 264 264 264 264 265 265 265 265 265 265 265 265 265 265 265 265 266 266 266 266 266 266 266 266 266 266 267 267 267 267 267 267 266 267 267 267 268 268 267 267 267 268 267 268 268 268 268 268 268 267 268 268 268 268 268 268 268 268 268 268 268 268 268 268 268 268 268 268 269 269 269 269 269 269 270 270 270 270 270 270 270 269 269 270 270 269 269 269 269 270 270 270 270 270 270 270 270 270 270 270 270 270 270 270 270 270 271 271 271 271 271 271 270 271 271 271 271 272 271 271 272 272 273 274 273 273 273 273 274 274 274 274 274 275 275 276 275 275 275 274 274 274 275 275 275 274 274 274 274 274 273 274 275 275 275 274 274 273 273 272 272 273 274 273 273 273 273 273 275 256 256 255 255 254 254 254 254 254 253 253 253 254 253 253 252 252 252 253 253 253 253 254 254 254 254 254 254 255 255 255 255 255 255 255 255 255 256 256 256 256 256 256 256 256 256 256 256 256 256 256 257 257 257 257 257 257 257 258 258 258 258 258 258 258 259 259 259 259 259 259 259 260 260 260 260 260 260 260 260 261 261 261 261 261 261 261 262 262 262 262 262 261 261 261 261 262 262 262 263 263 262 262 263 262 262 263 263 263 263 263 263 264 264 264 264 264 264 264 264 264 265 265 265 265 265 265 265 265 265 265 265 265 265 265 266 266 266 266 266 266 266 266 266 267 267 267 267 267 266 266 267 267 267 267 267 268 267 267 267 268 268 268 268 268 268 267 268 268 268 268 267 267 267 267 268 268 268 268 268 268 268 268 268 268 269 269 270 270 270 269 270 269 270 270 270 270 270 270 269 269 269 269 269 269 270 270 270 270 270 270 270 270 270 270 270 270 270 270 270 270 270 270 270 270 271 271 271 271 271 270 270 271 271 271 271 271 272 273 273 273 273 273 273 273 274 274 274 274 275 275 275 275 274 274 274 274 274 274 275 275 275 274 273 273 274 274 273 273 274 275 274 274 274 274 274 274 273 272 273 273 273 273 273 273 275 275 275 256 255 256 255 255 254 254 253 252 253 253 253 252 252 252 253 253 253 254 254 254 254 254 254 254 255 255 255 255 255 255 255 255 255 256 256 256 256 256 256 256 256 256 256 256 256 256 256 256 257 257 257 257 257 257 258 258 258 258 258 258 258 258 259 259 259 259 259 259 260 260 260 260 260 260 260 260 261 261 261 261 261 261 261 261 262 262 262 262 262 261 261 261 261 262 262 262 263 263 263 262 263 263 263 263 263 263 263 263 264 264 264 264 264 264 264 264 264 265 265 265 265 265 265 265 265 265 265 265 265 265 265 266 266 266 266 266 267 266 266 266 266 267 267 267 267 267 266 267 267 267 267 267 268 268 267 267 267 268 268 268 268 268 268 267 268 268 268 268 267 267 267 268 268 268 268 268 268 268 268 269 269 269 269 269 269 269 270 269 270 270 270 270 269 269 269 269 269 269 269 269 270 270 270 270 270 270 270 270 270 270 270 270 270 270 270 270 270 270 270 270 270 270 271 271 271 271 271 270 270 270 271 271 272 272 272 272 273 272 272 273 273 274 273 273 273 274 275 274 274 274 274 274 274 274 274 274 274 274 274 274 273 274 274 273 273 274 274 274 273 273 274 273 273 273 273 273 273 273 273 273 273 275 275 275 275 276 256 257 256 255 254 253 253 252 252 253 252 252 252 253 253 253 254 254 254 254 254 254 254 254 255 255 255 255 255 255 255 255 256 256 256 256 256 256 256 256 256 256 256 256 256 256 257 257 257 257 257 258 257 257 257 258 258 258 258 258 258 259 259 259 259 259 260 260 260 260 260 260 260 260 260 261 261 261 261 261 261 261 261 262 262 262 262 262 262 261 261 261 262 262 262 262 262 263 263 263 263 263 263 263 263 263 263 264 264 264 264 264 264 264 264 264 265 265 265 265 265 265 265 265 265 265 266 266 266 266 266 266 266 266 266 267 267 267 267 267 267 267 267 267 267 267 267 267 267 267 268 267 268 267 267 267 267 267 268 268 268 268 268 268 268 268 268 267 267 267 267 267 267 267 268 268 268 268 268 268 269 269 269 269 269 269 269 269 269 269 269 269 269 269 269 269 269 269 270 270 270 270 270 270 270 270 270 270 270 270 270 270 270 270 270 270 270 271 271 271 271 271 271 271 272 271 271 271 271 271 271 271 271 271 272 272 272 272 273 273 273 273 273 273 274 275 275 275 276 275 274 274 274 274 274 274 273 273 273 273 273 273 274 274 275 274 274 273 273 273 273 273 272 273 272 273 273 273 273 273 275 275 275 275 275 276 257 256 256 256 255 254 253 253 252 252 252 252 253 253 253 254 254 254 254 254 254 255 255 255 255 255 255 255 255 255 256 256 256 256 256 256 256 256 256 256 256 256 256 257 257 257 257 257 257 257 258 258 258 258 258 258 258 258 259 259 259 259 259 259 260 260 260 260 260 260 260 261 261 261 261 261 261 261 261 261 261 262 262 262 262 262 262 262 262 262 262 262 262 262 263 263 263 263 264 264 264 264 264 264 264 264 264 264 264 265 265 265 265 265 265 265 265 265 266 266 266 266 266 266 266 266 266 266 266 266 267 267 267 267 268 267 268 268 268 268 268 268 267 267 267 268 268 268 268 268 268 268 268 268 268 268 268 268 268 268 269 269 269 269 269 269 269 268 268 268 268 268 268 269 269 269 269 269 269 269 269 269 269 269 270 270 269 269 270 269 269 269 269 269 270 270 270 270 270 270 270 270 270 270 270 270 270 270 270 270 271 271 271 271 271 271 271 271 271 271 272 272 272 272 272 272 272 272 272 272 271 271 272 271 272 271 272 272 273 272 273 273 273 273 273 274 275 274 274 274 274 274 274 274 274 274 274 274 274 274 273 273 273 274 274 274 274 273 273 272 272 272 273 273 272 272 272 272 272 273 273 273 273 273 273 273 256 255 255 255 254 254 253 253 253 252 252 253 253 253 253 254 254 254 254 254 255 255 255 255 255 255 255 255 255 256 256 256 256 256 256 256 256 256 256 256 256 256 256 257 257 257 258 258 258 258 259 258 258 258 258 258 258 259 259 259 259 259 259 260 260 260 260 260 260 260 261 261 261 261 261 261 261 261 261 261 262 262 262 262 262 262 263 263 263 262 262 262 262 263 263 263 264 264 264 264 264 264 264 264 264 264 264 264 265 265 265 265 265 265 265 265 266 266 266 266 266 266 266 266 266 266 266 266 266 267 267 267 267 267 267 268 268 268 268 268 268 268 268 268 268 268 268 268 268 268 268 268 268 268 268 268 268 269 269 269 269 269 269 269 269 269 269 268 268 268 268 268 269 269 269 269 269 269 269 269 269 269 269 270 270 270 269 269 269 269 269 270 270 270 270 270 270 270 270 270 270 270 270 270 270 270 270 270 270 270 270 271 271 271 271 270 271 271 271 271 271 272 272 272 272 273 272 272 273 272 272 272 272 273 272 272 272 272 272 273 273 273 273 273 274 274 274 274 273 273 274 275 274 274 274 275 275 275 274 274 274 274 273 273 274 273 273 273 273 273 273 273 273 273 273 272 272 272 273 272 273 272 272 273 273 273 256 255 255 255 254 253 253 253 253 252 252 253 253 253 254 254 254 254 254 255 255 255 255 255 255 255 256 255 256 256 256 256 256 256 256 256 256 256 256 256 256 256 257 257 257 258 257 258 258 259 259 259 259 259 258 258 259 259 259 259 259 259 259 260 260 260 260 260 260 260 261 261 261 261 261 261 261 261 261 262 262 262 262 262 263 263 262 262 262 263 262 262 262 263 263 264 264 264 264 264 264 264 264 264 264 264 265 265 265 265 265 265 265 265 265 266 266 266 266 266 266 266 266 266 266 266 266 266 267 266 267 267 267 267 267 268 268 268 268 268 267 268 268 268 268 268 268 268 268 268 268 268 268 268 268 268 269 269 269 269 269 269 269 269 269 269 268 268 268 268 269 269 269 269 269 269 269 269 269 269 269 269 270 270 270 269 269 269 269 270 270 270 270 270 270 270 270 270 270 270 270 270 270 270 270 270 270 271 270 270 271 271 271 271 271 271 271 271 271 272 272 272 273 273 273 273 273 273 272 272 272 272 273 272 272 272 273 272 272 273 273 273 274 274 275 275 274 274 274 274 275 275 274 274 275 275 275 274 274 274 274 274 274 273 273 274 274 274 274 273 273 273 273 273 272 272 272 273 272 272 272 273 273 273 273 255 255 254 254 254 253 253 253 253 252 253 253 253 254 254 254 254 254 254 255 255 255 255 255 255 255 255 255 256 256 255 256 256 256 256 256 256 256 256 256 256 256 257 257 257 257 257 257 257 257 258 259 259 259 259 259 259 259 259 259 259 259 259 260 260 260 260 260 260 260 260 261 261 261 261 261 261 261 261 261 262 262 262 262 262 262 263 263 263 263 263 262 263 263 263 264 264 264 264 264 264 264 264 264 264 264 265 265 265 265 265 265 265 265 265 266 266 266 266 266 266 266 266 266 266 266 266 266 267 267 267 267 267 267 267 268 268 268 268 268 268 268 268 268 268 268 268 268 268 268 268 268 268 268 269 269 269 269 269 269 269 269 269 269 268 268 268 268 268 268 269 269 269 269 269 269 269 269 269 269 269 269 269 269 269 269 269 269 270 270 270 270 270 270 270 270 270 270 270 270 270 270 270 270 270 270 270 271 271 270 271 271 271 271 271 271 271 271 271 272 272 273 273 273 273 273 273 273 273 273 273 273 272 273 273 273 272 273 273 272 273 273 274 274 275 275 275 275 274 275 275 274 274 274 275 274 274 274 274 273 273 273 273 273 274 274 275 275 274 273 273 273 273 273 272 272 272 273 272 272 272 273 273 273 254 254 253 253 253 252 252 252 253 253 253 254 254 254 254 254 254 255 255 255 255 255 255 255 255 255 255 255 255 256 256 256 256 256 256 256 256 256 256 256 257 257 257 257 257 257 257 257 258 259 259 259 259 259 259 260 260 260 260 259 260 260 260 260 260 261 261 260 260 261 261 261 261 261 261 261 261 261 261 262 262 262 263 263 263 263 263 263 263 263 263 263 263 263 263 264 264 264 264 264 264 264 264 264 265 265 265 265 265 265 265 265 265 266 266 266 266 266 266 266 266 266 266 266 266 266 267 267 267 267 267 267 267 267 268 268 268 268 268 268 268 268 268 268 268 268 268 268 268 268 268 269 269 269 269 269 269 269 269 269 269 269 269 269 268 268 268 268 269 269 269 269 269 269 269 269 269 269 269 269 269 269 269 269 269 270 270 270 270 270 270 270 270 270 270 270 270 270 270 270 270 270 270 270 270 271 271 271 270 271 271 271 271 271 271 271 271 271 272 273 273 273 273 273 273 273 273 273 274 274 273 273 273 272 273 273 273 273 273 274 275 274 274 275 275 275 275 275 274 275 274 275 275 275 274 274 274 274 274 274 274 273 274 274 274 275 274 274 274 273 272 272 272 272 272 272 272 272 273 273 273 253 253 253 253 252 252 252 252 252 253 253 253 254 254 254 254 254 254 255 255 255 255 255 255 255 255 255 255 255 255 256 256 256 256 256 256 256 256 256 256 256 257 257 257 257 257 257 257 257 258 258 259 259 259 259 259 259 259 259 259 260 260 260 260 260 260 260 261 261 261 261 261 261 261 261 261 261 261 261 261 261 262 262 262 263 263 263 263 263 263 263 263 263 263 263 263 263 263 264 264 264 264 264 264 264 265 265 265 265 265 265 265 265 266 266 266 266 266 266 266 266 266 266 266 266 267 267 267 267 267 268 268 267 267 267 268 268 268 268 268 268 268 268 268 268 269 268 268 268 268 268 269 269 269 269 269 269 269 269 269 269 269 269 269 269 269 268 268 268 269 269 269 269 269 269 269 269 269 269 269 269 269 269 269 269 269 270 270 270 270 270 270 270 270 270 270 270 270 270 270 270 270 270 270 270 270 270 271 271 270 270 271 271 271 271 271 271 271 272 272 273 273 272 273 274 274 274 273 273 274 274 274 274 273 273 274 274 273 274 274 274 275 275 274 274 274 275 275 275 275 275 275 275 275 275 274 274 274 274 275 274 274 274 274 274 275 274 274 273 273 273 272 272 272 273 273 272 272 272 272 273 273 253 252 252 253 253 253 253 253 253 253 254 254 254 254 254 254 255 255 255 255 255 255 255 255 255 256 256 256 256 256 256 256 256 256 256 256 256 256 257 257 257 257 257 257 257 257 257 257 258 259 259 259 259 258 259 260 259 259 259 259 260 260 260 260 260 261 261 261 261 261 261 261 261 261 261 262 262 262 262 262 262 263 263 263 263 263 263 263 263 263 263 263 264 264 264 263 263 264 264 264 264 264 265 265 265 265 265 265 265 265 265 266 266 266 266 266 266 266 266 266 266 266 266 266 267 267 267 267 267 268 268 268 268 268 268 268 268 268 268 268 268 268 268 268 268 268 268 268 268 268 269 269 269 269 269 269 269 269 269 269 269 269 269 269 268 268 269 269 269 269 269 269 269 269 269 269 269 269 269 269 269 269 269 270 270 270 270 270 270 270 270 270 270 270 270 270 270 270 270 270 270 270 270 270 270 271 271 271 271 271 271 271 271 271 271 272 272 273 273 273 272 273 273 273 273 274 274 274 274 274 274 274 274 274 275 275 275 274 274 275 274 274 274 274 274 274 274 274 275 275 275 275 275 274 274 274 274 275 274 274 274 274 274 274 274 273 273 273 273 272 272 273 273 273 273 272 272 272 272 273 253 253 253 252 252 252 253 253 253 253 254 254 254 254 254 254 254 255 255 255 255 255 255 255 255 256 256 256 256 256 256 256 256 256 256 256 256 257 257 257 257 257 257 257 257 257 257 257 258 258 258 258 258 258 259 259 260 260 260 260 260 260 260 260 260 260 261 261 261 261 261 261 261 261 261 261 262 262 262 262 262 263 263 263 263 262 263 263 264 264 263 263 264 264 264 264 263 263 264 264 264 264 264 265 265 265 265 265 265 265 265 265 266 266 266 266 266 266 266 266 266 266 266 266 266 267 267 267 267 268 267 268 268 268 268 268 268 268 268 268 268 268 268 268 268 268 268 268 268 268 269 269 269 269 269 269 269 269 269 269 269 269 269 268 268 268 269 269 269 269 269 270 269 269 269 269 269 269 269 269 269 269 269 270 270 270 270 270 270 270 270 270 270 270 270 270 270 270 270 270 270 270 270 270 270 271 271 271 271 271 271 272 271 272 272 272 272 273 273 273 272 272 272 272 273 273 273 274 274 274 273 273 274 274 274 274 275 274 274 274 274 274 275 274 274 274 274 275 275 275 275 274 274 274 274 274 274 275 275 274 274 275 274 274 274 274 273 273 273 273 273 273 273 273 273 272 272 272 272 273 252 252 252 252 253 253 253 254 254 254 254 254 254 254 254 255 255 255 255 255 255 255 255 256 256 256 256 256 256 256 256 256 256 256 256 257 257 257 257 257 257 257 258 258 258 258 258 258 258 258 258 258 259 259 260 260 260 260 259 259 259 260 260 260 260 261 260 260 261 261 261 261 261 261 261 262 262 262 262 262 263 263 263 263 263 263 264 264 264 263 263 263 264 264 263 263 264 264 264 264 264 265 265 265 265 265 265 265 265 266 266 266 266 266 266 266 266 266 266 266 266 266 266 267 267 267 267 267 267 268 268 268 268 268 268 268 268 268 268 268 268 268 268 268 268 268 268 268 268 269 269 269 269 268 268 268 268 268 268 268 268 268 268 269 269 269 269 269 269 270 269 269 269 269 269 269 269 269 269 269 270 270 270 270 270 270 270 270 270 270 270 270 270 270 270 270 270 270 270 270 271 270 270 270 271 271 271 271 271 271 272 272 271 272 272 272 273 272 272 272 273 272 272 272 273 274 274 273 273 273 274 274 274 274 274 274 274 273 274 274 274 274 274 274 274 274 274 275 275 275 274 274 274 275 275 275 275 275 275 276 275 275 274 273 272 273 272 273 273 273 273 273 273 273 272 272 272 252 252 252 253 253 253 253 254 254 254 254 254 254 254 254 254 255 255 255 255 255 255 255 256 256 256 256 256 256 256 256 256 256 256 256 257 257 257 257 257 257 257 257 258 258 258 258 258 258 258 258 258 259 259 260 260 260 260 259 259 260 260 260 260 260 260 260 260 260 261 261 261 261 261 261 262 262 262 262 262 263 263 263 263 263 263 263 264 264 263 263 263 263 263 264 264 264 264 264 264 264 264 265 265 265 265 265 265 265 265 266 266 266 266 266 266 266 266 266 266 266 266 267 267 267 267 267 267 267 267 268 268 268 268 268 268 268 268 268 268 268 268 268 268 268 268 268 268 268 269 269 269 268 268 269 269 269 269 269 268 269 269 269 269 269 269 269 269 269 270 270 270 270 269 269 269 269 269 269 269 270 269 270 270 270 270 270 270 270 270 270 270 270 270 270 270 270 270 270 270 271 271 271 271 271 271 271 271 271 271 271 271 272 272 272 272 272 272 272 273 273 273 273 273 273 274 274 274 274 273 273 274 274 273 274 274 274 273 274 274 274 273 274 274 274 274 274 275 274 275 275 275 275 275 275 275 275 275 276 275 275 275 274 273 273 273 273 273 273 273 273 273 273 272 272 272 272 252 252 252 253 253 253 253 253 254 254 254 254 254 254 254 254 255 255 255 255 255 255 255 256 256 256 256 256 256 256 256 257 257 257 257 257 257 257 257 257 257 257 258 258 258 258 258 258 258 258 258 258 259 259 259 260 260 260 260 260 260 260 260 260 260 260 260 260 260 261 261 261 262 261 261 262 262 262 262 262 262 262 262 262 263 263 264 264 264 264 264 264 263 263 263 263 264 264 264 264 264 264 265 265 265 265 265 265 265 265 266 266 266 266 266 266 266 266 266 266 266 267 267 267 267 267 267 267 267 267 267 267 268 267 268 268 267 268 268 268 268 268 268 268 268 268 268 268 269 269 269 269 269 269 269 269 269 269 270 269 269 269 269 268 269 269 269 269 269 270 270 270 270 269 269 269 269 269 269 269 269 270 270 270 270 270 270 270 270 270 270 270 270 270 270 270 270 270 270 270 271 271 271 271 271 271 271 271 271 271 271 271 272 272 272 272 271 271 272 272 273 273 272 273 274 273 273 274 274 273 273 273 273 273 274 274 274 274 274 274 273 273 274 275 274 274 274 274 274 275 275 275 275 275 275 275 275 275 275 275 274 274 274 274 274 273 273 273 273 272 272 272 273 272 272 272 252 252 252 252 252 252 253 253 253 253 254 254 254 254 254 255 255 255 255 255 255 255 255 255 255 256 256 256 256 256 256 256 256 256 256 257 257 257 257 257 257 257 257 258 258 258 258 258 258 258 258 258 258 258 258 259 259 259 260 260 260 260 261 260 260 260 260 260 260 260 260 260 261 261 261 261 262 262 262 262 262 262 262 262 262 262 262 263 263 264 264 264 263 263 263 263 264 264 263 264 264 264 265 265 265 265 265 265 265 265 265 265 266 266 266 266 266 266 266 266 266 266 267 267 266 267 267 267 267 267 267 267 267 267 267 267 268 268 268 268 268 268 268 268 268 268 268 268 268 269 269 269 269 269 269 269 269 269 269 269 269 269 269 269 269 268 269 269 269 269 269 270 270 270 269 269 269 269 269 269 269 270 270 270 270 270 270 270 270 270 270 270 270 270 270 270 270 270 270 270 270 270 270 271 271 271 271 271 271 271 272 272 271 272 271 271 271 272 272 271 272 272 272 272 272 273 273 273 272 272 273 273 273 273 273 273 273 273 273 274 274 274 274 273 274 274 274 275 274 274 274 275 275 275 275 274 274 275 274 275 275 274 274 274 274 274 274 273 272 272 272 272 273 273 273 272 272 272 253 252 252 253 253 252 253 253 253 253 254 254 254 254 254 255 255 255 255 255 255 255 256 256 256 256 256 256 256 256 256 256 256 257 257 257 257 257 257 257 257 258 258 258 258 258 258 258 258 258 258 258 258 258 259 259 259 260 260 260 260 260 260 260 260 260 261 261 260 260 260 260 261 261 261 261 262 262 262 262 262 262 262 262 262 262 263 263 263 263 263 264 264 264 264 264 264 264 264 264 264 264 264 265 265 265 265 265 265 265 265 266 266 266 266 266 266 266 266 266 267 267 266 267 267 267 267 267 267 267 267 267 267 267 267 267 268 268 268 268 268 268 268 268 268 268 268 268 269 269 269 269 269 269 269 269 269 269 269 269 269 269 269 269 268 269 269 269 269 270 270 269 269 269 269 269 269 269 269 269 270 270 270 270 270 270 270 270 270 270 270 270 270 270 270 270 270 270 270 270 270 270 270 271 271 271 271 271 271 271 271 271 271 271 271 271 272 271 272 272 271 272 272 272 272 272 272 272 272 272 272 272 272 273 274 274 274 274 274 274 274 274 274 274 273 274 275 275 274 274 275 275 275 275 274 274 274 274 274 274 274 274 273 274 274 274 273 273 272 272 273 273 273 273 253 253 253 253 253 253 253 253 253 253 254 254 254 254 254 255 255 255 255 255 255 256 256 256 256 256 256 256 256 256 257 257 257 257 257 257 257 257 257 257 258 258 258 258 258 258 258 258 258 258 258 259 259 259 259 259 259 259 260 260 260 260 260 260 260 260 260 260 260 260 260 261 261 261 261 261 262 262 262 262 262 262 262 262 262 263 263 263 263 264 264 264 265 264 264 264 264 264 264 264 264 264 264 265 265 265 265 265 265 265 266 266 266 266 266 266 266 266 266 266 266 266 267 267 267 267 267 267 267 267 267 267 267 267 267 268 268 268 268 268 268 268 268 268 268 268 268 268 268 269 269 269 269 269 269 269 269 269 269 269 269 269 269 268 268 269 269 270 270 269 269 269 269 269 269 269 269 270 270 270 270 270 270 270 270 270 270 270 270 270 270 270 270 270 270 270 270 270 270 270 270 271 271 271 271 271 271 271 271 271 271 271 271 271 271 271 271 271 271 271 271 271 272 272 272 271 271 271 272 273 273 273 273 273 274 274 274 274 274 274 274 274 274 274 273 274 275 274 274 275 275 275 275 274 275 275 274 274 274 274 274 273 273 273 274 273 272 272 273 273 273 254 253 253 253 253 253 253 253 254 254 254 254 254 255 255 255 255 255 255 255 256 256 256 256 256 256 256 256 256 257 257 257 257 257 257 257 257 257 258 258 258 258 258 258 258 258 258 258 259 259 259 259 259 259 259 259 259 259 260 260 260 260 260 260 260 261 261 260 260 261 261 261 261 261 262 262 262 262 262 262 262 262 263 263 263 263 263 264 264 265 265 264 264 264 264 265 265 265 265 265 265 265 265 265 265 265 266 266 266 266 266 266 266 266 266 266 266 266 266 267 267 267 267 267 267 267 267 267 267 267 267 268 268 268 268 268 268 268 268 268 268 268 268 268 268 268 268 268 268 269 269 269 269 269 269 269 269 270 269 269 269 269 268 269 269 270 270 269 269 269 269 269 269 269 269 270 270 270 270 270 270 270 270 270 270 270 270 271 271 271 271 270 270 270 270 270 270 270 270 270 271 271 271 271 271 271 271 270 270 271 271 271 271 271 271 271 271 271 271 271 272 272 272 271 272 272 272 273 274 274 273 273 274 275 275 274 274 274 274 274 274 274 273 274 274 275 275 275 275 275 275 275 275 275 275 275 275 274 275 274 274 273 273 273 273 273 274 274 254 254 254 253 253 253 253 253 253 254 254 254 254 255 255 255 255 255 255 255 256 256 256 256 256 256 256 256 256 256 257 257 257 257 257 257 257 257 258 258 258 258 258 258 258 258 258 259 259 259 259 259 259 259 259 259 259 259 260 260 260 260 260 260 260 260 261 261 261 261 261 261 261 261 262 262 262 262 262 262 262 262 263 263 263 264 263 264 264 265 265 265 264 264 264 264 265 265 264 264 264 264 264 265 265 265 265 266 266 266 266 266 266 266 266 266 267 266 266 267 267 267 267 267 267 267 267 267 267 267 268 268 268 268 268 268 268 268 268 268 268 268 268 268 268 268 269 268 268 268 269 269 269 269 269 269 270 270 270 269 269 269 269 269 269 270 269 269 269 269 269 269 270 269 269 270 270 270 270 270 270 270 270 270 270 271 271 271 271 271 270 270 270 270 270 270 270 270 271 271 271 271 271 271 271 271 270 271 271 271 271 271 271 271 271 272 272 272 271 271 271 271 271 272 273 273 272 273 273 274 274 274 274 275 274 274 275 274 274 275 275 274 274 274 274 275 275 275 275 274 275 275 275 274 274 273 273 274 274 273 273 273 273 274 274 254 254 254 254 254 254 253 253 254 254 254 254 254 255 255 255 255 255 255 255 256 256 256 256 256 256 256 256 256 257 257 257 257 257 257 257 257 257 258 257 258 258 258 258 258 258 258 259 259 259 259 259 259 260 259 260 259 260 260 260 260 260 260 260 260 260 261 261 261 261 261 261 261 261 261 261 262 262 262 262 262 263 263 263 264 264 264 264 265 265 264 264 264 264 264 264 264 264 265 265 265 264 264 265 265 265 265 266 266 266 266 266 266 266 266 266 267 267 267 267 267 267 267 267 267 267 267 267 267 268 268 268 268 268 268 268 268 268 268 268 268 268 268 268 268 269 269 269 268 268 268 269 269 269 269 270 270 270 270 270 269 269 269 270 270 270 269 269 270 270 270 269 270 270 269 269 270 270 270 270 270 270 270 270 270 271 271 271 271 271 270 270 270 270 270 270 270 271 271 271 271 271 271 271 271 271 271 271 271 271 272 271 271 272 271 272 272 272 272 271 271 271 272 272 273 273 273 272 273 273 274 274 274 274 274 274 274 274 274 275 275 275 274 275 274 275 275 274 274 274 274 274 273 273 273 273 273 273 273 273 273 274 254 253 253 253 253 254 253 253 254 254 254 254 254 255 255 255 255 255 255 255 256 256 256 256 256 256 256 256 256 257 257 257 257 257 257 257 257 257 258 258 258 258 258 258 258 258 258 259 259 259 259 259 259 260 260 260 260 260 260 260 260 260 260 260 260 261 261 261 261 261 261 261 261 261 262 262 262 262 262 262 262 263 263 263 263 264 264 265 265 264 264 264 264 264 265 265 265 264 265 265 265 265 265 265 265 265 265 265 266 266 266 266 266 266 266 266 267 267 267 267 267 267 267 267 267 267 267 267 268 268 268 268 268 268 268 268 268 268 268 268 268 268 268 268 268 269 269 269 268 268 268 269 269 269 269 270 270 270 270 270 269 269 269 269 269 269 269 269 270 270 270 269 269 269 269 269 270 270 270 270 270 270 270 270 270 271 271 271 270 270 270 270 270 270 270 270 270 271 271 271 271 271 271 270 271 271 271 271 272 271 272 272 271 272 272 272 272 272 272 272 272 271 271 272 272 272 272 273 273 273 274 274 275 274 274 274 274 274 275 275 275 274 274 274 274 275 274 274 273 274 274 274 273 273 273 273 273 273 273 274 274 253 253 253 253 253 254 254 254 254 254 254 254 254 254 255 255 255 255 255 256 256 256 256 256 256 256 256 256 256 257 257 257 257 257 257 257 257 258 258 258 258 258 258 258 258 258 258 259 259 259 259 259 259 260 260 260 260 260 260 260 260 260 260 260 261 261 261 261 261 261 261 262 262 262 262 262 262 262 262 262 262 263 262 262 263 263 263 264 265 264 264 264 264 264 265 266 265 265 265 265 264 264 264 264 265 265 265 265 265 265 266 266 266 266 266 266 266 267 267 267 267 267 267 267 267 267 267 268 268 268 268 268 268 268 268 268 268 268 268 268 268 268 268 268 268 269 269 269 268 268 268 268 269 269 269 270 270 270 270 269 269 269 270 269 269 269 269 269 270 270 270 269 269 269 269 270 270 270 270 270 270 270 270 270 270 270 271 270 270 270 270 270 270 270 271 271 271 271 271 271 270 270 270 271 271 271 271 272 272 272 272 273 272 272 272 272 273 272 272 272 272 272 271 272 272 272 272 272 273 273 274 274 274 274 274 274 274 274 274 275 274 274 274 274 274 274 274 273 274 274 273 273 273 274 273 273 273 273 274 253 253 253 254 254 254 254 253 254 254 255 254 254 254 254 255 255 255 255 256 256 256 256 256 256 256 256 256 257 257 257 257 257 257 257 257 257 258 258 258 258 258 258 258 258 258 258 258 259 259 259 259 259 260 260 260 260 260 260 260 260 260 260 261 261 261 261 261 261 261 261 261 262 262 262 262 262 262 262 262 262 262 263 263 263 264 264 265 265 265 264 264 264 264 265 265 264 265 265 265 265 265 264 264 265 265 265 265 265 265 266 266 266 266 266 266 266 267 267 267 267 267 267 267 267 267 267 268 268 268 268 268 268 268 268 268 268 268 268 268 268 268 269 269 269 269 269 269 269 269 268 268 268 269 269 269 270 270 269 269 270 270 270 270 270 269 269 269 270 270 269 269 269 269 270 270 270 270 270 270 270 270 270 270 270 271 271 271 270 270 270 270 270 271 271 271 271 271 270 270 270 270 271 271 272 272 272 273 273 273 273 273 273 273 273 273 273 272 272 271 272 272 273 272 272 273 273 274 274 274 274 273 274 274 274 274 274 274 273 273 273 273 273 273 274 274 273 273 273 274 274 254 254 254 254 254 254 254 254 254 255 255 255 255 255 254 255 255 255 255 256 256 256 256 256 256 256 256 256 257 257 257 257 257 257 257 258 258 258 258 258 258 258 258 258 258 258 258 258 259 259 259 259 259 260 260 260 260 260 260 260 260 260 261 261 261 261 261 261 261 261 261 262 262 262 262 262 262 262 262 262 262 262 263 263 263 264 265 266 266 265 264 264 264 264 265 265 264 265 265 265 265 265 264 265 265 265 265 265 265 265 265 266 266 266 266 266 266 266 266 266 266 267 267 267 267 267 267 267 268 268 268 268 268 268 268 268 268 268 268 268 268 268 269 268 269 269 269 269 269 269 269 268 268 268 269 269 270 269 269 270 270 270 270 270 270 269 269 269 269 269 269 269 269 270 270 270 270 270 270 270 270 270 270 270 270 270 271 270 270 270 270 270 270 270 271 271 271 270 270 270 270 271 271 271 272 272 273 272 273 273 273 273 272 272 272 272 272 272 271 272 272 273 272 272 273 273 273 274 274 274 274 274 274 274 274 274 274 273 274 255 255 255 255 255 256 255 255 255 255 255 256 256 256 256 256 256 256 256 256 256 257 257 257 257 257 258 258 258 258 258 258 258 258 258 258 258 258 258 259 259 259 259 259 259 260 260 260 260 260 260 260 260 261 261 261 261 261 261 261 261 261 262 262 262 262 262 262 262 262 262 262 262 262 262 263 263 264 264 265 266 265 265 265 265 265 265 265 264 265 266 266 266 265 265 265 265 265 265 265 265 265 265 266 266 266 266 266 266 266 266 267 267 267 267 267 267 267 267 267 268 268 268 268 268 268 268 268 268 268 268 268 268 268 268 268 269 269 269 269 269 269 269 269 268 268 268 269 269 269 270 270 269 270 270 270 270 269 269 269 269 269 269 269 270 270 270 270 270 270 270 270 270 270 270 270 270 271 271 270 270 270 270 270 270 270 270 270 270 270 271 272 272 272 273 273 273 273 273 273 273 273 272 272 272 271 272 273 273 272 273 273 274 274 274 274 255 255 255 255 255 256 256 256 256 256 256 256 256 256 256 256 257 257 257 257 257 258 258 258 258 258 258 258 258 258 258 258 258 259 259 259 259 259 259 259 260 260 260 260 260 260 260 260 261 261 261 261 261 261 261 261 262 262 262 262 262 262 262 262 262 262 262 263 263 263 264 264 265 265 266 266 266 266 266 266 266 265 265 266 266 267 266 266 265 265 265 265 265 265 265 265 265 266 266 266 266 266 266 267 267 267 267 267 267 267 267 267 267 267 267 268 268 268 268 268 268 268 268 268 268 268 268 268 269 269 268 269 269 269 269 269 269 269 269 268 268 269 269 270 270 270 269 270 270 270 270 270 269 269 269 269 269 269 270 270 270 270 270 270 270 270 270 270 270 270 270 271 271 271 270 270 270 270 270 270 270 270 271 272 272 272 272 273 273 273 273 273 273 272 272 272 272 272 272 273 256 256 256 256 256 256 256 256 257 257 257 257 256 256 256 257 257 257 257 258 258 258 258 258 258 258 258 258 258 258 258 258 258 259 259 259 259 259 259 260 260 260 260 260 260 260 261 261 261 261 261 261 261 261 261 261 262 262 262 262 262 262 262 262 262 263 263 263 264 265 265 265 266 266 266 265 266 267 267 266 266 266 266 266 266 266 265 265 265 265 265 265 265 265 265 266 266 266 266 266 266 266 266 266 267 267 267 267 267 267 267 267 267 267 267 267 267 268 268 268 268 268 268 268 268 268 269 269 268 268 269 269 269 269 269 269 269 268 268 268 269 269 270 270 270 270 270 269 270 269 269 269 269 269 269 269 270 270 270 270 270 270 270 270 270 270 270 270 270 271 271 271 270 270 271 271 272 272 272 273 273 273 273 256 256 256 256 256 256 257 257 257 256 256 256 256 257 257 257 257 258 258 258 258 258 258 258 258 258 258 258 258 258 259 259 259 259 259 259 260 260 260 260 260 260 261 261 261 261 261 261 261 261 261 261 261 261 261 261 261 262 262 262 262 262 263 263 263 263 263 264 265 266 265 265 264 265 265 266 267 267 266 265 265 265 265 265 265 265 265 265 265 265 265 265 266 266 266 266 266 266 266 266 266 267 267 267 267 267 267 267 267 267 267 267 267 267 268 268 268 268 268 268 268 268 268 269 268 268 268 268 268 269 269 269 269 269 268 268 268 268 269 270 270 270 270 269 269 270 269 269 269 269 269 269 269 270 270 270 270 270 270 270 270 270 270 270 270 270 270 270 270 257 257 256 256 256 256 257 257 257 257 256 256 256 256 256 257 257 257 257 258 258 258 258 258 258 258 258 258 258 258 259 259 259 259 259 259 260 260 260 260 260 261 261 261 261 261 261 261 261 261 261 261 261 261 261 261 261 262 262 262 263 262 263 264 264 264 264 264 265 266 266 265 265 264 265 265 266 267 266 266 265 265 266 265 265 266 266 265 265 265 266 266 266 266 266 266 266 266 266 266 266 266 267 267 267 267 267 267 267 267 267 267 268 268 268 268 268 268 268 268 268 268 268 268 268 268 268 268 269 269 269 269 269 269 269 268 268 269 269 269 270 270 270 270 270 270 270 270 269 269 269 269 270 270 270 270 270 270 270 270 270 270 270 270 270 270 270 256 257 257 257 257 257 257 257 257 256 257 257 257 257 257 257 257 258 258 258 258 258 258 259 259 259 259 259 259 259 259 259 260 260 260 260 260 260 261 261 261 261 261 261 261 261 261 261 261 261 261 262 261 262 262 263 263 262 263 263 263 264 265 265 265 266 266 266 266 266 265 264 265 265 266 267 266 265 265 266 266 265 265 265 266 266 265 266 266 266 266 266 266 266 266 266 267 266 266 267 267 267 267 267 267 267 267 267 268 268 268 267 268 268 268 268 268 268 268 269 269 268 268 268 269 269 269 269 270 269 269 269 269 269 269 269 270 270 270 269 269 269 269 269 269 269 269 270 270 270 270 270 270 270 270 270 270 270 270 270 270 258 258 258 257 257 257 257 257 256 256 257 257 257 257 257 258 258 259 259 259 259 259 259 258 259 259 259 260 260 260 260 260 260 260 261 261 261 261 261 261 261 261 261 261 261 262 262 263 263 263 264 264 263 263 264 264 264 265 266 266 266 266 266 265 265 265 266 265 265 265 266 266 266 265 265 265 265 265 265 265 265 265 265 265 265 265 265 266 266 266 266 266 267 267 266 267 267 267 267 267 267 267 268 268 268 268 268 268 268 268 268 268 268 268 269 269 269 269 270 270 270 269 269 269 269 269 269 269 270 270 269 269 269 269 269 269 269 269 269 269 270 270 270 270 270 270 270 270 270 270 270 259 259 258 258 258 257 257 256 256 257 258 257 257 257 258 258 259 259 258 258 258 258 259 259 259 259 260 260 260 260 260 260 260 261 261 261 261 261 261 261 261 261 262 262 263 264 264 264 264 265 264 263 264 265 265 265 265 266 266 265 266 266 266 265 265 265 265 265 265 265 266 265 265 265 265 265 265 265 265 265 265 265 265 265 265 265 265 266 266 266 266 266 267 267 266 267 267 267 268 268 268 268 268 268 268 267 268 268 268 268 269 269 268 268 269 270 270 270 269 269 269 269 269 270 270 270 269 270 270 270 270 270 270 269 269 269 269 270 270 270 270 270 270 271 271 271 259 259 259 258 258 258 257 256 257 258 257 257 257 258 259 259 259 258 258 259 259 259 259 260 260 260 260 260 260 260 260 261 261 261 261 261 261 261 261 261 261 262 263 263 264 264 265 266 266 265 264 265 266 265 265 265 265 265 265 266 266 266 266 266 265 265 265 265 265 265 265 265 265 265 265 265 265 265 265 266 266 266 265 265 265 266 266 266 266 266 266 266 266 266 267 267 267 267 268 268 268 268 268 267 268 268 268 268 269 268 268 269 269 269 269 270 269 269 269 269 270 270 269 269 270 269 269 269 269 270 270 270 270 270 259 258 258 259 258 258 258 259 258 257 258 259 259 259 258 258 259 259 259 259 259 260 260 260 260 260 260 261 261 261 261 261 261 261 261 261 261 261 261 262 262 262 263 263 264 265 266 266 266 266 267 266 265 265 265 264 265 265 265 265 266 266 266 265 265 265 265 265 265 265 265 266 265 265 266 266 266 266 267 266 266 266 266 265 266 265 266 265 265 266 266 266 267 267 267 267 268 268 268 268 268 267 268 268 268 268 268 269 270 269 270 270 269 269 269 270 270 270 270 259 259 259 259 259 258 258 259 259 259 259 258 258 258 259 259 259 259 259 259 260 260 260 260 260 260 261 261 261 261 261 261 260 260 261 261 262 262 263 263 263 263 264 265 266 266 267 267 267 267 266 266 266 265 265 265 265 265 265 265 266 265 265 265 266 266 266 266 266 266 267 266 266 266 267 267 267 267 266 266 266 265 266 266 266 266 265 265 265 266 266 266 267 267 267 268 268 268 268 268 267 268 268 268 268 268 270 271 270 270 260 261 261 261 260 259 259 259 259 258 258 258 258 258 259 259 259 259 259 259 260 260 260 260 260 260 261 261 261 261 260 260 260 261 261 261 261 262 263 264 264 263 264 265 266 266 265 266 266 266 266 265 265 266 266 266 265 265 265 265 265 265 266 265 266 266 266 266 267 267 267 267 267 267 268 268 267 267 267 266 266 266 266 266 266 266 266 266 266 266 266 266 267 267 267 268 268 268 268 268 267 268 268 268 269 261 261 261 260 260 259 258 258 258 258 258 258 259 259 259 259 259 259 260 260 260 260 260 260 261 261 261 260 260 261 261 261 262 262 262 262 263 263 264 264 264 265 266 267 266 265 265 265 265 265 265 265 266 266 265 265 265 265 265 265 266 266 266 266 266 266 266 267 268 269 268 268 268 269 268 268 268 267 267 266 266 267 266 266 266 266 266 266 266 266 266 267 267 267 267 268 268 268 267 268 268 262 261 260 259 258 258 258 258 258 259 259 259 259 259 260 260 260 260 260 260 260 260 260 260 260 260 260 260 261 261 262 262 263 263 263 264 264 265 266 266 267 267 266 266 265 265 264 264 264 264 265 265 265 265 265 265 265 265 265 266 266 266 266 267 267 267 267 268 269 269 269 270 270 268 267 267 267 267 266 267 267 267 267 266 266 266 265 266 266 267 267 267 267 267 268 268 268 268 268 261 260 259 258 258 258 258 258 258 258 258 259 259 259 259 260 259 260 260 260 260 260 260 260 260 260 261 260 260 261 262 262 262 263 263 264 264 264 264 265 266 267 266 266 266 266 265 265 265 265 265 265 265 265 265 265 266 266 265 266 266 266 266 268 268 268 268 269 270 269 268 267 266 266 266 266 267 267 267 267 266 266 266 265 266 267 267 267 267 267 267 268 268 259 259 258 258 257 258 258 258 258 258 258 259 259 259 259 259 259 260 260 260 260 260 260 260 260 260 260 260 260 260 261 261 263 264 264 264 264 263 263 265 265 266 267 267 268 267 267 267 267 267 266 266 266 266 265 266 266 266 265 266 267 268 267 268 269 270 269 270 266 266 266 266 267 267 267 267 266 266 266 265 267 267 267 267 268 267 268 268 258 258 258 258 258 258 258 258 258 259 259 259 259 259 259 259 259 259 260 260 260 260 260 260 261 261 261 261 261 261 261 261 262 263 263 263 263 263 263 264 264 265 265 265 266 266 266 266 267 267 268 268 267 266 266 266 266 267 267 267 268 269 269 270 266 266 266 266 266 267 267 267 266 266 266 265 266 266 267 267 267 267 268 267 257 258 258 258 258 257 258 258 259 259 259 259 259 259 259 259 259 259 259 259 260 260 260 261 261 262 262 262 262 262 262 261 261 261 262 263 263 263 263 263 263 263 263 264 264 264 264 265 265 265 266 267 266 266 267 267 267 267 268 268 268 269 270 266 266 266 266 266 266 267 267 266 265 265 265 265 266 266 267 267 267 267 257 257 257 257 257 258 258 258 258 259 259 259 259 259 259 259 259 259 259 260 260 260 261 262 263 262 262 262 262 262 262 262 262 262 262 262 262 263 263 263 263 263 263 264 264 265 265 265 266 266 266 266 267 267 267 268 268 268 269 270 270 266 266 266 267 266 266 266 265 265 266 266 265 265 265 266 266 266 257 257 257 257 258 258 258 258 258 258 258 259 259 260 259 260 260 260 259 259 260 260 261 261 261 262 263 263 262 263 263 263 262 262 263 263 263 263 263 264 264 264 264 264 265 266 266 266 266 267 267 267 268 268 268 269 269 270 270 266 266 267 267 266 266 267 266 267 266 266 265 265 265 266 266 257 258 258 259 258 259 259 259 259 259 260 261 260 260 260 261 261 260 260 261 261 260 261 261 262 263 264 263 263 263 262 263 263 262 263 264 264 264 264 264 265 265 265 265 267 267 267 268 268 268 268 269 270 269 270 271 270 266 266 267 267 266 267 267 267 267 267 266 266 265 266 266 259 259 259 259 260 260 260 260 260 261 261 261 261 262 262 262 262 262 262 262 262 262 262 263 264 264 264 263 263 263 264 264 263 263 263 263 264 264 265 266 266 266 266 268 268 268 270 270 269 270 270 271 270 266 266 266 266 266 266 266 266 266 266 265 265 266 259 260 260 260 261 261 261 261 261 262 262 262 262 262 263 263 263 263 264 264 263 263 263 263 264 264 264 264 264 263 264 264 264 264 264 263 264 264 266 266 267 268 268 269 269 269 271 266 266 266 266 266 266 266 266 266 266 265 261 261 261 261 261 262 262 261 261 262 262 263 263 263 263 263 263 263 264 264 263 263 263 264 264 265 265 264 263 264 265 265 265 264 263 263 264 265 265 266 267 269 270 270 266 266 266 266 267 267 267 266 266 266 266 262 262 262 263 262 262 262 261 261 262 262 263 263 263 263 263 263 263 263 263 263 264 264 264 264 265 265 265 264 264 265 266 265 264 264 264 265 265 266 266 267 269 266 266 266 266 267 267 267 266 266 266 266 265 262 263 263 263 263 262 262 261 262 262 262 263 263 263 263 263 263 263 263 263 264 264 264 264 264 265 265 265 264 264 264 265 266 266 266 266 266 266 267 267 268 266 266 266 266 266 267 267 267 267 267 267 266 264 264 263 262 262 262 262 262 262 262 262 263 263 263 263 263 263 263 263 263 264 264 264 265 265 266 266 266 265 265 265 266 267 268 268 268 268 268 268 268 265 266 265 266 266 267 267 267 264 264 263 262 261 261 262 262 262 262 262 263 263 263 263 263 263 263 264 264 264 264 265 266 266 267 267 267 266 266 266 267 269 265 266 266 267 265 264 265 263 262 261 261 261 262 263 262 262 263 263 263 263 263 263 264 264 264 265 265 265 266 267 268 268 268 267 267 267 268 265 265 264 263 262 262 262 262 262 263 262 263 263 263 263 264 264 264 264 265 265 266 266 266 266 268 268 264 264 263 262 262 261 261 262 262 263 263 263 263 263 264 264 264 264 264 265 266 266 267 267 267 268 269 262 262 262 261 261 262 262 263 263 263 263 263 263 264 264 264 265 265 265 266 267 268 268 267 268 261 261 262 262 262 263 263 263 263 263 263 264 264 264 264 265 266 266 267 268 269 261 262 263 263 262 262 263 263 263 264 264 264 264 264 265 265 266 266 267 268 261 262 262 263 263 262 262 263 263 264 264 264 264 265 265 266 267 267 267 268 263 263 263 263 262 262 263 263 264 265 265 265 266 266 266 268 268 268 269 264 263 263 263 263 263 263 263 264 265 265 266 266 267 267 267 268 268 268 264 264 264 264 264 264 263 263 263 264 265 266 267 267 268 267 267 268 263 264 264 264 265 264 264 264 264 264 265 266 266 267 266 267 269 264 264 264 265 265 265 265 265 265 265 265 265 265 266 266 268 269 265 264 264 265 265 265 265 266 267 266 266 265 266 266 267 268 269 265 264 264 264 265 265 266 266 267 266 266 266 267 268 268 268 269 265 264 264 265 265 265 266 267 267 266 266 266 267 267 267 269 265 265 264 265 266 266 266 268 267 267 266 267 268 267 267 268 270 265 265 265 265 266 266 267 267 267 267 267 267 268 269 269 269 270 266 265 265 265 265 265 266 266 267 268 267 267 267 268 269 270 267 266 265 265 265 265 266 266 266 266 268 269 268 267 269 269 269 266 267 266 266 266 266 266 266 268 268 267 267 269 269 268 268 269 269 269 266 266 267 267 267 267 267 267 267 267 267 268 268 267 268 269 269 269 269 269 270 270 266 266 266 267 267 267 267 267 267 267 268 268 268 268 268 268 268 269 269 269 269 269 270 266 266 267 267 267 267 267 267 267 268 268 268 269 269 268 268 268 269 269 270 269 266 266 266 266 266 267 267 267 267 268 268 268 268 269 269 269 269 269 269 270 267 267 267 267 267 268 267 267 267 267 267 267 267 268 268 268 269 270 267 267 267 268 268 267 267 267 267 267 267 268 268 268 269 269 270 267 266 267 267 267 267 268 268 268 268 269 269 266 267 267 268 268 268 269 