-12 -12 -12 -12 -12 -12 -12 -12 -13 -13 -13 -13 -13 -12 -12 -12 -12 -12 -12 -12 -12 -12 -12 -12 -12 -11 -11 -11 -11 -11 -11 -11 -11 -11 -11 -11 -11 -10 -13 -13 -13 -13 -13 -13 -13 -13 -12 -12 -12 -12 -12 -12 -12 -12 -12 -12 -12 -12 -12 -12 -12 -11 -11 -11 -11 -11 -11 -11 -11 -11 -11 -11 -11 -11 -11 -11 -10 -10 -13 -13 -13 -13 -13 -13 -13 -13 -13 -12 -12 -12 -12 -12 -12 -12 -12 -12 -12 -12 -12 -12 -12 -12 -12 -11 -11 -11 -11 -11 -11 -11 -11 -11 -11 -11 -11 -11 -11 -11 -11 -11 -11 -11 -11 -10 -10 -10 -10 -10 -13 -13 -13 -13 -13 -13 -13 -13 -13 -13 -13 -13 -13 -13 -12 -12 -12 -12 -12 -12 -12 -12 -12 -12 -12 -12 -12 -12 -12 -12 -12 -12 -12 -11 -11 -11 -11 -11 -11 -11 -11 -11 -11 -11 -11 -11 -11 -11 -11 -11 -11 -11 -11 -11 -11 -11 -11 -11 -11 -11 -10 -10 -10 -10 -10 -10 -10 -10 -10 -10 -13 -13 -13 -13 -13 -13 -13 -13 -13 -13 -13 -13 -13 -13 -13 -12 -12 -12 -12 -12 -12 -12 -12 -12 -12 -12 -12 -12 -12 -12 -12 -12 -12 -12 -12 -12 -12 -12 -12 -12 -11 -11 -11 -11 -11 -11 -11 -11 -11 -11 -11 -11 -11 -11 -11 -11 -11 -11 -11 -11 -11 -11 -11 -11 -11 -11 -11 -11 -11 -10 -10 -10 -10 -10 -10 -10 -10 -10 -10 -10 -13 -13 -13 -13 -13 -13 -13 -13 -13 -13 -13 -13 -13 -13 -13 -13 -12 -12 -12 -12 -12 -12 -12 -12 -12 -12 -12 -12 -12 -12 -12 -12 -12 -12 -12 -12 -12 -12 -12 -12 -12 -12 -12 -12 -12 -11 -11 -11 -11 -11 -11 -11 -11 -11 -11 -11 -11 -11 -11 -11 -11 -11 -11 -11 -11 -11 -11 -11 -11 -11 -11 -11 -11 -10 -10 -10 -10 -10 -10 -10 -10 -10 -10 -10 -10 -10 -13 -13 -13 -13 -13 -13 -13 -13 -13 -13 -13 -13 -13 -13 -13 -13 -12 -12 -12 -12 -12 -12 -12 -12 -12 -12 -12 -12 -12 -12 -12 -12 -12 -12 -12 -12 -12 -12 -12 -12 -12 -12 -12 -12 -12 -11 -11 -11 -11 -11 -11 -11 -11 -11 -11 -11 -11 -11 -11 -11 -11 -11 -11 -11 -11 -11 -11 -11 -11 -11 -11 -11 -11 -11 -10 -10 -10 -10 -10 -10 -10 -10 -10 -10 -10 -10 -10 -14 -13 -13 -13 -13 -13 -13 -13 -13 -13 -13 -13 -13 -13 -13 -13 -13 -13 -13 -13 -12 -12 -12 -12 -12 -12 -12 -12 -12 -12 -12 -12 -12 -12 -12 -12 -12 -12 -12 -12 -12 -12 -12 -12 -12 -12 -12 -12 -11 -11 -11 -11 -11 -11 -11 -11 -11 -11 -11 -11 -11 -11 -11 -11 -11 -11 -11 -11 -11 -11 -11 -11 -11 -11 -11 -11 -11 -10 -10 -10 -10 -10 -10 -10 -10 -10 -10 -10 -10 -10 -10 -10 -14 -14 -14 -14 -13 -13 -13 -13 -13 -13 -13 -13 -13 -13 -13 -13 -13 -13 -13 -13 -13 -13 -12 -12 -12 -12 -12 -12 -12 -12 -12 -12 -12 -12 -12 -12 -12 -12 -12 -12 -12 -12 -12 -12 -12 -12 -12 -12 -12 -11 -11 -11 -11 -11 -11 -11 -11 -11 -11 -11 -11 -11 -11 -11 -11 -11 -11 -11 -11 -11 -11 -11 -11 -11 -11 -11 -11 -11 -11 -11 -10 -10 -10 -10 -10 -10 -10 -10 -10 -10 -10 -10 -10 -14 -14 -14 -14 -14 -14 -14 -14 -13 -13 -13 -13 -13 -13 -13 -13 -13 -13 -13 -13 -13 -13 -13 -13 -13 -12 -12 -12 -12 -12 -12 -12 -12 -12 -12 -12 -12 -12 -12 -12 -12 -12 -12 -12 -12 -12 -12 -12 -12 -12 -12 -12 -12 -11 -11 -11 -11 -11 -11 -11 -11 -11 -11 -11 -11 -11 -11 -11 -11 -11 -11 -11 -11 -11 -11 -11 -11 -11 -11 -11 -11 -11 -11 -11 -10 -10 -10 -10 -10 -10 -10 -10 -10 -10 -10 -10 -10 -10 -14 -14 -14 -14 -14 -14 -14 -14 -14 -13 -13 -13 -13 -13 -13 -13 -13 -13 -13 -13 -13 -13 -13 -13 -13 -13 -13 -12 -12 -12 -12 -12 -12 -12 -12 -12 -12 -12 -12 -12 -12 -12 -12 -12 -12 -12 -12 -12 -12 -12 -12 -12 -12 -12 -11 -11 -11 -11 -11 -11 -11 -11 -11 -11 -11 -11 -11 -11 -11 -11 -11 -11 -11 -11 -11 -11 -11 -11 -11 -11 -11 -11 -11 -11 -11 -11 -10 -10 -10 -10 -10 -10 -10 -10 -10 -10 -10 -10 -10 -10 -14 -14 -14 -14 -14 -14 -14 -14 -14 -14 -14 -13 -13 -13 -13 -13 -13 -13 -13 -13 -13 -13 -13 -13 -13 -13 -13 -13 -13 -12 -12 -12 -12 -12 -12 -12 -12 -12 -12 -12 -12 -12 -12 -12 -12 -12 -12 -12 -12 -12 -12 -12 -12 -12 -12 -12 -11 -11 -11 -11 -11 -11 -11 -11 -11 -11 -11 -11 -11 -11 -11 -11 -11 -11 -11 -11 -11 -11 -11 -11 -11 -11 -11 -11 -11 -11 -11 -10 -10 -10 -10 -10 -10 -10 -10 -10 -10 -10 -10 -10 -10 -10 -14 -14 -14 -14 -14 -14 -14 -14 -14 -14 -14 -14 -14 -13 -13 -13 -13 -13 -13 -13 -13 -13 -13 -13 -13 -13 -13 -13 -13 -13 -13 -12 -12 -12 -12 -12 -12 -12 -12 -12 -12 -12 -12 -12 -12 -12 -12 -12 -12 -12 -12 -12 -12 -12 -12 -12 -12 -12 -11 -11 -11 -11 -11 -11 -11 -11 -11 -11 -11 -11 -11 -11 -11 -11 -11 -11 -11 -11 -11 -11 -11 -11 -11 -11 -11 -11 -11 -11 -11 -10 -10 -10 -10 -10 -10 -10 -10 -10 -10 -10 -10 -10 -10 -14 -14 -14 -14 -14 -14 -14 -14 -14 -14 -14 -14 -14 -14 -14 -14 -14 -13 -13 -13 -13 -13 -13 -13 -13 -13 -13 -13 -13 -13 -13 -13 -13 -12 -12 -12 -12 -12 -12 -12 -12 -12 -12 -12 -12 -12 -12 -12 -12 -12 -12 -12 -12 -12 -12 -12 -12 -12 -12 -12 -12 -11 -11 -11 -11 -11 -11 -11 -11 -11 -11 -11 -11 -11 -11 -11 -11 -11 -11 -11 -11 -11 -11 -11 -11 -11 -11 -11 -11 -11 -11 -11 -11 -10 -10 -10 -10 -10 -10 -10 -10 -10 -10 -10 -10 -10 -10 -14 -14 -14 -14 -14 -14 -14 -14 -14 -14 -14 -14 -14 -14 -14 -14 -14 -14 -14 -13 -13 -13 -13 -13 -13 -13 -13 -13 -13 -13 -13 -13 -13 -13 -13 -12 -12 -12 -12 -12 -12 -12 -12 -12 -12 -12 -12 -12 -12 -12 -12 -12 -12 -12 -12 -12 -12 -12 -12 -12 -12 -12 -12 -11 -11 -11 -11 -11 -11 -11 -11 -11 -11 -11 -11 -11 -11 -11 -11 -11 -11 -11 -11 -11 -11 -11 -11 -11 -11 -11 -11 -11 -11 -11 -11 -10 -10 -10 -10 -10 -10 -10 -10 -10 -10 -10 -10 -10 -10 -15 -15 -15 -14 -14 -14 -14 -14 -14 -14 -14 -14 -14 -14 -14 -14 -14 -14 -14 -14 -14 -14 -14 -13 -13 -13 -13 -13 -13 -13 -13 -13 -13 -13 -13 -13 -13 -13 -13 -13 -12 -12 -12 -12 -12 -12 -12 -12 -12 -12 -12 -12 -12 -12 -12 -12 -12 -12 -12 -12 -12 -12 -12 -12 -12 -12 -12 -11 -11 -11 -11 -11 -11 -11 -11 -11 -11 -11 -11 -11 -11 -11 -11 -11 -11 -11 -11 -11 -11 -11 -11 -11 -11 -11 -11 -11 -11 -11 -11 -11 -10 -10 -10 -10 -10 -10 -10 -10 -10 -10 -10 -10 -10 -10 -16 -16 -16 -15 -15 -15 -15 -15 -15 -15 -15 -14 -14 -14 -14 -14 -14 -14 -14 -14 -14 -14 -14 -14 -14 -14 -14 -14 -14 -14 -14 -14 -13 -13 -13 -13 -13 -13 -13 -13 -13 -13 -13 -13 -13 -13 -13 -13 -13 -13 -12 -12 -12 -12 -12 -12 -12 -12 -12 -12 -12 -12 -12 -12 -12 -12 -12 -12 -12 -12 -12 -12 -12 -12 -12 -12 -12 -11 -11 -11 -11 -11 -11 -11 -11 -11 -11 -11 -11 -11 -11 -11 -11 -11 -11 -11 -11 -11 -11 -11 -11 -11 -11 -11 -11 -11 -11 -11 -11 -11 -10 -10 -10 -10 -10 -10 -10 -10 -10 -10 -10 -10 -10 -16 -16 -16 -16 -16 -16 -15 -15 -15 -15 -15 -15 -15 -15 -15 -15 -15 -15 -14 -14 -14 -14 -14 -14 -14 -14 -14 -14 -14 -14 -14 -14 -14 -14 -14 -14 -14 -14 -13 -13 -13 -13 -13 -13 -13 -13 -13 -13 -13 -13 -13 -13 -13 -13 -13 -13 -12 -12 -12 -12 -12 -12 -12 -12 -12 -12 -12 -12 -12 -12 -12 -12 -12 -12 -12 -12 -12 -12 -12 -12 -12 -12 -12 -12 -11 -11 -11 -11 -11 -11 -11 -11 -11 -11 -11 -11 -11 -11 -11 -11 -11 -11 -11 -11 -11 -11 -11 -11 -11 -11 -11 -11 -11 -11 -11 -11 -11 -10 -10 -10 -10 -10 -10 -10 -10 -10 -10 -10 -10 -16 -16 -16 -16 -16 -16 -16 -15 -15 -15 -15 -15 -15 -15 -15 -15 -15 -15 -15 -15 -15 -15 -15 -14 -14 -14 -14 -14 -14 -14 -14 -14 -14 -14 -14 -14 -14 -14 -14 -14 -14 -14 -13 -13 -13 -13 -13 -13 -13 -13 -13 -13 -13 -13 -13 -13 -13 -13 -13 -13 -13 -12 -12 -12 -12 -12 -12 -12 -12 -12 -12 -12 -12 -12 -12 -12 -12 -12 -12 -12 -12 -12 -12 -12 -12 -12 -12 -12 -12 -11 -11 -11 -11 -11 -11 -11 -11 -11 -11 -11 -11 -11 -11 -11 -11 -11 -11 -11 -11 -11 -11 -11 -11 -11 -11 -11 -11 -11 -11 -11 -11 -11 -10 -10 -10 -10 -10 -10 -10 -10 -10 -10 -10 -10 -16 -16 -16 -16 -16 -16 -16 -16 -15 -15 -15 -15 -15 -15 -15 -15 -15 -15 -15 -15 -15 -15 -15 -15 -15 -15 -15 -14 -14 -14 -14 -14 -14 -14 -14 -14 -14 -14 -14 -14 -14 -14 -14 -14 -13 -13 -13 -13 -13 -13 -13 -13 -13 -13 -13 -13 -13 -13 -13 -13 -13 -13 -13 -13 -12 -12 -12 -12 -12 -12 -12 -12 -12 -12 -12 -12 -12 -12 -12 -12 -12 -12 -12 -12 -12 -12 -12 -12 -12 -12 -12 -12 -11 -11 -11 -11 -11 -11 -11 -11 -11 -11 -11 -11 -11 -11 -11 -11 -11 -11 -11 -11 -11 -11 -11 -11 -11 -11 -11 -11 -11 -11 -11 -10 -10 -10 -10 -10 -10 -10 -10 -10 -10 -10 -10 -10 -10 -17 -17 -17 -16 -16 -16 -16 -16 -16 -16 -15 -15 -15 -15 -15 -15 -15 -15 -15 -15 -15 -15 -15 -15 -15 -15 -15 -15 -15 -14 -14 -14 -14 -14 -14 -14 -14 -14 -14 -14 -14 -14 -14 -14 -14 -13 -13 -13 -13 -13 -13 -13 -13 -13 -13 -13 -13 -13 -13 -13 -13 -13 -13 -13 -13 -13 -12 -12 -12 -12 -12 -12 -12 -12 -12 -12 -12 -12 -12 -12 -12 -12 -12 -12 -12 -12 -12 -12 -12 -12 -12 -12 -12 -12 -11 -11 -11 -11 -11 -11 -11 -11 -11 -11 -11 -11 -11 -11 -11 -11 -11 -11 -11 -11 -11 -11 -11 -11 -11 -11 -11 -11 -11 -11 -11 -10 -10 -10 -10 -10 -10 -10 -10 -10 -10 -10 -10 -17 -17 -17 -17 -16 -16 -16 -16 -16 -16 -16 -16 -16 -16 -16 -16 -16 -16 -15 -15 -15 -15 -15 -15 -15 -15 -15 -15 -15 -15 -15 -15 -15 -15 -15 -15 -15 -15 -15 -14 -14 -14 -14 -14 -14 -14 -14 -14 -14 -14 -14 -14 -14 -14 -13 -13 -13 -13 -13 -13 -13 -13 -13 -13 -13 -13 -13 -13 -13 -13 -13 -13 -13 -13 -13 -13 -12 -12 -12 -12 -12 -12 -12 -12 -12 -12 -12 -12 -12 -12 -12 -12 -12 -12 -12 -12 -12 -12 -12 -12 -12 -12 -12 -12 -11 -11 -11 -11 -11 -11 -11 -11 -11 -11 -11 -11 -11 -11 -11 -11 -11 -11 -11 -11 -11 -11 -11 -11 -11 -11 -11 -11 -11 -11 -11 -10 -10 -10 -10 -10 -10 -10 -10 -10 -10 -10 -10 -17 -17 -17 -17 -17 -16 -16 -16 -16 -16 -16 -16 -16 -16 -16 -16 -16 -16 -16 -16 -16 -16 -16 -16 -15 -15 -15 -15 -15 -15 -15 -15 -15 -15 -15 -15 -15 -15 -15 -15 -15 -15 -15 -15 -15 -15 -15 -15 -14 -14 -14 -14 -14 -14 -14 -14 -14 -14 -14 -14 -14 -14 -13 -13 -13 -13 -13 -13 -13 -13 -13 -13 -13 -13 -13 -13 -13 -13 -13 -13 -13 -13 -13 -13 -13 -12 -12 -12 -12 -12 -12 -12 -12 -12 -12 -12 -12 -12 -12 -12 -12 -12 -12 -12 -12 -12 -12 -12 -12 -12 -12 -12 -12 -11 -11 -11 -11 -11 -11 -11 -11 -11 -11 -11 -11 -11 -11 -11 -11 -11 -11 -11 -11 -11 -11 -11 -11 -11 -11 -11 -11 -11 -11 -11 -11 -10 -10 -10 -10 -10 -10 -10 -10 -10 -10 -17 -17 -17 -17 -17 -17 -16 -16 -16 -16 -16 -16 -16 -16 -16 -16 -16 -16 -16 -16 -16 -16 -16 -16 -16 -16 -15 -15 -15 -15 -15 -15 -15 -15 -15 -15 -15 -15 -15 -15 -15 -15 -15 -15 -15 -15 -15 -15 -15 -14 -14 -14 -14 -14 -14 -14 -14 -14 -14 -14 -14 -14 -14 -13 -13 -13 -13 -13 -13 -13 -13 -13 -13 -13 -13 -13 -13 -13 -13 -13 -13 -13 -13 -13 -13 -12 -12 -12 -12 -12 -12 -12 -12 -12 -12 -12 -12 -12 -12 -12 -12 -12 -12 -12 -12 -12 -12 -12 -12 -12 -12 -12 -12 -12 -11 -11 -11 -11 -11 -11 -11 -11 -11 -11 -11 -11 -11 -11 -11 -11 -11 -11 -11 -11 -11 -11 -11 -11 -11 -11 -11 -11 -11 -11 -11 -11 -10 -10 -10 -10 -10 -10 -10 -10 -10 -10 -10 -17 -17 -17 -17 -17 -17 -17 -17 -16 -16 -16 -16 -16 -16 -16 -16 -16 -16 -16 -16 -16 -16 -16 -16 -16 -16 -16 -15 -15 -15 -15 -15 -15 -15 -15 -15 -15 -15 -15 -15 -15 -15 -15 -15 -15 -15 -15 -15 -15 -14 -14 -14 -14 -14 -14 -14 -14 -14 -14 -14 -14 -14 -14 -14 -13 -13 -13 -13 -13 -13 -13 -13 -13 -13 -13 -13 -13 -13 -13 -13 -13 -13 -13 -13 -13 -13 -12 -12 -12 -12 -12 -12 -12 -12 -12 -12 -12 -12 -12 -12 -12 -12 -12 -12 -12 -12 -12 -12 -12 -12 -12 -12 -12 -12 -12 -12 -11 -11 -11 -11 -11 -11 -11 -11 -11 -11 -11 -11 -11 -11 -11 -11 -11 -11 -11 -11 -11 -11 -11 -11 -11 -11 -11 -11 -11 -10 -10 -10 -10 -10 -10 -10 -10 -10 -10 -10 -10 -10 -10 -17 -17 -17 -17 -17 -17 -17 -17 -17 -17 -17 -17 -17 -17 -17 -17 -17 -16 -16 -16 -16 -16 -16 -16 -16 -16 -16 -16 -16 -16 -16 -16 -16 -16 -16 -15 -15 -15 -15 -15 -15 -15 -15 -15 -15 -15 -15 -15 -15 -15 -15 -15 -15 -15 -15 -15 -15 -15 -14 -14 -14 -14 -14 -14 -14 -14 -14 -14 -14 -14 -14 -13 -13 -13 -13 -13 -13 -13 -13 -13 -13 -13 -13 -13 -13 -13 -13 -13 -13 -13 -13 -13 -13 -13 -13 -12 -12 -12 -12 -12 -12 -12 -12 -12 -12 -12 -12 -12 -12 -12 -12 -12 -12 -12 -12 -12 -12 -12 -12 -12 -12 -12 -12 -11 -11 -11 -11 -11 -11 -11 -11 -11 -11 -11 -11 -11 -11 -11 -11 -11 -11 -11 -11 -11 -11 -11 -11 -11 -11 -11 -11 -11 -11 -10 -10 -10 -10 -10 -10 -10 -10 -10 -10 -10 -10 -10 -10 -10 -10 -10 -10 -10 -10 -10 -17 -17 -17 -17 -17 -17 -17 -17 -17 -17 -17 -17 -17 -17 -17 -17 -17 -17 -17 -17 -16 -16 -16 -16 -16 -16 -16 -16 -16 -16 -16 -16 -16 -16 -16 -16 -16 -16 -15 -15 -15 -15 -15 -15 -15 -15 -15 -15 -15 -15 -15 -15 -15 -15 -15 -15 -15 -15 -15 -15 -15 -14 -14 -14 -14 -14 -14 -14 -14 -14 -14 -14 -14 -14 -13 -13 -13 -13 -13 -13 -13 -13 -13 -13 -13 -13 -13 -13 -13 -13 -13 -13 -13 -13 -13 -13 -12 -12 -12 -12 -12 -12 -12 -12 -12 -12 -12 -12 -12 -12 -12 -12 -12 -12 -12 -12 -12 -12 -12 -12 -12 -12 -12 -12 -12 -11 -11 -11 -11 -11 -11 -11 -11 -11 -11 -11 -11 -11 -11 -11 -11 -11 -11 -11 -11 -11 -11 -11 -11 -11 -11 -11 -11 -11 -11 -11 -10 -10 -10 -10 -10 -10 -10 -10 -10 -10 -10 -10 -10 -10 -10 -10 -10 -10 -10 -10 -10 -10 -17 -17 -17 -17 -17 -17 -17 -17 -17 -17 -17 -17 -17 -17 -17 -17 -17 -17 -17 -17 -16 -16 -16 -16 -16 -16 -16 -16 -16 -16 -16 -16 -16 -16 -16 -16 -16 -16 -15 -15 -15 -15 -15 -15 -15 -15 -15 -15 -15 -15 -15 -15 -15 -15 -15 -15 -15 -15 -15 -15 -15 -15 -15 -14 -14 -14 -14 -14 -14 -14 -14 -14 -14 -14 -14 -13 -13 -13 -13 -13 -13 -13 -13 -13 -13 -13 -13 -13 -13 -13 -13 -13 -13 -13 -13 -13 -13 -12 -12 -12 -12 -12 -12 -12 -12 -12 -12 -12 -12 -12 -12 -12 -12 -12 -12 -12 -12 -12 -12 -12 -12 -12 -12 -12 -12 -12 -11 -11 -11 -11 -11 -11 -11 -11 -11 -11 -11 -11 -11 -11 -11 -11 -11 -11 -11 -11 -11 -11 -11 -11 -11 -11 -11 -11 -11 -11 -11 -10 -10 -10 -10 -10 -10 -10 -10 -10 -10 -10 -10 -10 -10 -10 -10 -10 -10 -10 -10 -10 -17 -17 -17 -17 -17 -17 -17 -17 -17 -17 -17 -17 -17 -17 -17 -17 -17 -17 -17 -17 -16 -16 -16 -16 -16 -16 -16 -16 -16 -16 -16 -16 -16 -16 -16 -16 -16 -16 -16 -15 -15 -15 -15 -15 -15 -15 -15 -15 -15 -15 -15 -15 -15 -15 -15 -15 -15 -15 -15 -15 -15 -15 -15 -15 -14 -14 -14 -14 -14 -14 -14 -14 -14 -14 -14 -14 -14 -13 -13 -13 -13 -13 -13 -13 -13 -13 -13 -13 -13 -13 -13 -13 -13 -13 -13 -13 -13 -13 -13 -13 -12 -12 -12 -12 -12 -12 -12 -12 -12 -12 -12 -12 -12 -12 -12 -12 -12 -12 -12 -12 -12 -12 -12 -12 -12 -12 -12 -12 -11 -11 -11 -11 -11 -11 -11 -11 -11 -11 -11 -11 -11 -11 -11 -11 -11 -11 -11 -11 -11 -11 -11 -11 -11 -11 -11 -11 -11 -11 -10 -10 -10 -10 -10 -10 -10 -10 -10 -10 -10 -10 -10 -10 -10 -10 -10 -10 -10 -10 -10 -18 -18 -18 -18 -18 -18 -18 -17 -17 -17 -17 -17 -17 -17 -17 -17 -17 -17 -17 -17 -17 -17 -17 -17 -17 -17 -17 -16 -16 -16 -16 -16 -16 -16 -16 -16 -16 -16 -16 -16 -16 -16 -16 -16 -16 -16 -16 -15 -15 -15 -15 -15 -15 -15 -15 -15 -15 -15 -15 -15 -15 -15 -15 -15 -15 -15 -15 -15 -15 -15 -15 -14 -14 -14 -14 -14 -14 -14 -14 -14 -14 -14 -14 -14 -13 -13 -13 -13 -13 -13 -13 -13 -13 -13 -13 -13 -13 -13 -13 -13 -13 -13 -13 -13 -13 -13 -13 -12 -12 -12 -12 -12 -12 -12 -12 -12 -12 -12 -12 -12 -12 -12 -12 -12 -12 -12 -12 -12 -12 -12 -12 -12 -12 -11 -11 -11 -11 -11 -11 -11 -11 -11 -11 -11 -11 -11 -11 -11 -11 -11 -11 -11 -11 -11 -11 -11 -11 -11 -11 -11 -11 -11 -11 -11 -11 -11 -10 -10 -10 -10 -10 -10 -10 -10 -10 -10 -10 -10 -10 -10 -10 -10 -10 -10 -10 -18 -18 -18 -18 -18 -18 -18 -18 -18 -18 -18 -18 -18 -18 -18 -18 -18 -17 -17 -17 -17 -17 -17 -17 -17 -17 -17 -17 -17 -17 -17 -17 -17 -17 -17 -17 -17 -16 -16 -16 -16 -16 -16 -16 -16 -16 -16 -16 -16 -16 -16 -16 -16 -16 -16 -16 -15 -15 -15 -15 -15 -15 -15 -15 -15 -15 -15 -15 -15 -15 -15 -15 -15 -15 -15 -15 -15 -15 -15 -14 -14 -14 -14 -14 -14 -14 -14 -14 -14 -14 -14 -14 -14 -13 -13 -13 -13 -13 -13 -13 -13 -13 -13 -13 -13 -13 -13 -13 -13 -13 -13 -13 -13 -13 -13 -13 -12 -12 -12 -12 -12 -12 -12 -12 -12 -12 -12 -12 -12 -12 -12 -12 -12 -12 -12 -12 -12 -12 -12 -12 -12 -12 -11 -11 -11 -11 -11 -11 -11 -11 -11 -11 -11 -11 -11 -11 -11 -11 -11 -11 -11 -11 -11 -11 -11 -11 -11 -11 -11 -11 -11 -11 -11 -11 -10 -10 -10 -10 -10 -10 -10 -10 -10 -10 -10 -10 -10 -10 -10 -10 -10 -10 -10 -10 -19 -18 -18 -18 -18 -18 -18 -18 -18 -18 -18 -18 -18 -18 -18 -18 -18 -18 -18 -18 -17 -17 -17 -17 -17 -17 -17 -17 -17 -17 -17 -17 -17 -17 -17 -17 -17 -17 -17 -17 -17 -16 -16 -16 -16 -16 -16 -16 -16 -16 -16 -16 -16 -16 -16 -16 -16 -16 -16 -16 -15 -15 -15 -15 -15 -15 -15 -15 -15 -15 -15 -15 -15 -15 -15 -15 -15 -15 -15 -15 -15 -15 -15 -14 -14 -14 -14 -14 -14 -14 -14 -14 -14 -14 -14 -14 -14 -13 -13 -13 -13 -13 -13 -13 -13 -13 -13 -13 -13 -13 -13 -13 -13 -13 -13 -13 -13 -13 -13 -13 -12 -12 -12 -12 -12 -12 -12 -12 -12 -12 -12 -12 -12 -12 -12 -12 -12 -12 -12 -12 -12 -12 -12 -12 -12 -11 -11 -11 -11 -11 -11 -11 -11 -11 -11 -11 -11 -11 -11 -11 -11 -11 -11 -11 -11 -11 -11 -11 -11 -11 -11 -11 -11 -11 -11 -11 -11 -11 -10 -10 -10 -10 -10 -10 -10 -10 -10 -10 -10 -10 -10 -10 -10 -10 -10 -10 -10 -19 -19 -19 -19 -19 -19 -18 -18 -18 -18 -18 -18 -18 -18 -18 -18 -18 -18 -18 -18 -18 -18 -18 -18 -18 -18 -17 -17 -17 -17 -17 -17 -17 -17 -17 -17 -17 -17 -17 -17 -17 -17 -17 -17 -17 -17 -16 -16 -16 -16 -16 -16 -16 -16 -16 -16 -16 -16 -16 -16 -16 -16 -16 -16 -16 -16 -15 -15 -15 -15 -15 -15 -15 -15 -15 -15 -15 -15 -15 -15 -15 -15 -15 -15 -15 -15 -15 -15 -14 -14 -14 -14 -14 -14 -14 -14 -14 -14 -14 -14 -14 -14 -13 -13 -13 -13 -13 -13 -13 -13 -13 -13 -13 -13 -13 -13 -13 -13 -13 -13 -13 -13 -13 -13 -13 -12 -12 -12 -12 -12 -12 -12 -12 -12 -12 -12 -12 -12 -12 -12 -12 -12 -12 -12 -12 -12 -12 -12 -12 -12 -11 -12 -11 -11 -11 -11 -11 -11 -11 -11 -11 -11 -11 -11 -11 -11 -11 -11 -11 -11 -11 -11 -11 -11 -11 -11 -11 -11 -11 -11 -11 -11 -11 -10 -10 -10 -10 -10 -10 -10 -10 -10 -10 -10 -10 -10 -10 -10 -10 -10 -10 -10 -10 -10 -10 -19 -19 -19 -19 -19 -19 -19 -19 -18 -18 -18 -18 -18 -18 -18 -18 -18 -18 -18 -18 -18 -18 -18 -18 -18 -18 -18 -17 -17 -17 -17 -17 -17 -17 -17 -17 -17 -17 -17 -17 -17 -17 -17 -17 -17 -17 -17 -16 -16 -16 -16 -16 -16 -16 -16 -16 -16 -16 -16 -16 -16 -16 -16 -16 -16 -16 -16 -15 -15 -15 -15 -15 -15 -15 -15 -15 -15 -15 -15 -15 -15 -15 -15 -15 -15 -15 -15 -15 -15 -14 -15 -14 -14 -14 -14 -14 -14 -14 -14 -14 -14 -14 -14 -13 -13 -13 -13 -13 -13 -13 -13 -13 -13 -13 -13 -13 -13 -13 -13 -13 -13 -13 -13 -13 -13 -13 -12 -12 -12 -12 -12 -12 -12 -12 -12 -12 -12 -12 -12 -12 -12 -12 -12 -12 -12 -12 -12 -12 -12 -12 -12 -11 -12 -11 -11 -11 -11 -11 -11 -11 -11 -11 -11 -11 -11 -11 -11 -11 -11 -11 -11 -11 -11 -11 -11 -11 -11 -11 -11 -11 -11 -11 -11 -11 -10 -10 -10 -10 -10 -10 -10 -10 -10 -10 -10 -10 -10 -10 -10 -10 -10 -10 -10 -10 -10 -10 -10 -10 -19 -19 -19 -19 -19 -19 -19 -19 -19 -18 -18 -18 -18 -18 -18 -18 -18 -18 -18 -18 -18 -18 -18 -18 -18 -18 -18 -18 -18 -17 -17 -17 -17 -17 -17 -17 -17 -17 -17 -17 -17 -17 -17 -17 -17 -17 -17 -17 -16 -16 -16 -16 -16 -16 -16 -16 -16 -16 -16 -16 -16 -16 -16 -16 -16 -16 -16 -16 -16 -15 -15 -15 -15 -15 -15 -15 -15 -15 -15 -15 -15 -15 -15 -15 -15 -15 -15 -15 -15 -15 -15 -14 -14 -14 -14 -14 -14 -14 -14 -14 -14 -14 -14 -14 -13 -13 -13 -13 -13 -13 -13 -13 -13 -13 -13 -13 -13 -13 -13 -13 -13 -13 -13 -13 -13 -13 -13 -12 -12 -12 -12 -12 -12 -12 -12 -12 -12 -12 -12 -12 -12 -12 -12 -12 -12 -12 -12 -12 -12 -12 -12 -12 -12 -12 -11 -11 -11 -11 -11 -11 -11 -11 -11 -11 -11 -11 -11 -11 -11 -11 -11 -11 -11 -11 -11 -11 -11 -11 -11 -11 -11 -11 -11 -11 -11 -10 -10 -10 -10 -10 -10 -10 -10 -10 -10 -10 -10 -10 -10 -10 -10 -10 -10 -10 -10 -10 -10 -10 -10 -10 -19 -19 -19 -19 -19 -19 -19 -19 -19 -18 -18 -18 -18 -18 -18 -18 -18 -18 -18 -18 -18 -18 -18 -18 -18 -18 -18 -18 -18 -18 -17 -17 -17 -17 -17 -17 -17 -17 -17 -17 -17 -17 -17 -17 -17 -17 -17 -17 -17 -16 -16 -16 -16 -16 -16 -16 -16 -16 -16 -16 -16 -16 -16 -16 -16 -16 -16 -16 -16 -15 -15 -15 -15 -15 -15 -15 -15 -15 -15 -15 -15 -15 -15 -15 -15 -15 -15 -15 -15 -15 -14 -14 -14 -14 -14 -14 -14 -14 -14 -14 -14 -14 -14 -14 -13 -13 -13 -13 -13 -13 -13 -13 -13 -13 -13 -13 -13 -13 -13 -13 -13 -13 -13 -13 -13 -13 -13 -13 -12 -12 -12 -12 -12 -12 -12 -12 -12 -12 -12 -12 -12 -12 -12 -12 -12 -12 -12 -12 -12 -12 -12 -12 -12 -12 -11 -11 -11 -11 -11 -11 -11 -11 -11 -11 -11 -11 -11 -11 -11 -11 -11 -11 -11 -11 -11 -11 -11 -11 -11 -11 -11 -11 -11 -11 -11 -10 -10 -10 -10 -10 -10 -10 -10 -10 -10 -10 -10 -10 -10 -10 -10 -10 -10 -10 -10 -10 -10 -10 -10 -19 -19 -19 -19 -19 -19 -19 -19 -19 -19 -19 -18 -18 -18 -18 -18 -18 -18 -18 -18 -18 -18 -18 -18 -18 -18 -18 -18 -18 -18 -18 -17 -17 -17 -17 -17 -17 -17 -17 -17 -17 -17 -17 -17 -17 -17 -17 -17 -17 -17 -16 -16 -16 -16 -16 -16 -16 -16 -16 -16 -16 -16 -16 -16 -16 -16 -16 -16 -16 -16 -15 -15 -15 -15 -15 -15 -15 -15 -15 -15 -15 -15 -15 -15 -15 -15 -15 -15 -15 -15 -14 -14 -14 -14 -14 -14 -14 -14 -14 -14 -14 -14 -14 -14 -14 -13 -13 -13 -13 -13 -13 -13 -13 -13 -13 -13 -13 -13 -13 -13 -13 -13 -13 -13 -13 -13 -13 -13 -12 -12 -12 -12 -12 -12 -12 -12 -12 -12 -12 -12 -12 -12 -12 -12 -12 -12 -12 -12 -12 -12 -12 -12 -12 -12 -12 -12 -11 -11 -11 -11 -11 -11 -11 -11 -11 -11 -11 -11 -11 -11 -11 -11 -11 -11 -11 -11 -11 -11 -11 -11 -11 -11 -11 -11 -11 -11 -10 -10 -10 -10 -10 -10 -10 -10 -10 -10 -10 -10 -10 -10 -10 -10 -10 -10 -10 -10 -10 -10 -10 -10 -19 -19 -19 -19 -19 -19 -19 -19 -19 -19 -18 -18 -18 -18 -18 -18 -18 -18 -18 -18 -18 -18 -18 -18 -18 -18 -18 -18 -18 -18 -18 -17 -17 -17 -17 -17 -17 -17 -17 -17 -17 -17 -17 -17 -17 -17 -17 -17 -17 -16 -16 -16 -16 -16 -16 -16 -16 -16 -16 -16 -16 -16 -16 -16 -16 -16 -16 -16 -16 -16 -15 -15 -15 -15 -15 -15 -15 -15 -15 -15 -15 -15 -15 -15 -15 -15 -15 -15 -14 -14 -14 -14 -14 -14 -14 -14 -14 -14 -14 -14 -14 -14 -14 -14 -13 -13 -13 -13 -13 -13 -13 -13 -13 -13 -13 -13 -13 -13 -13 -13 -13 -13 -13 -13 -13 -13 -13 -13 -12 -12 -12 -12 -12 -12 -12 -12 -12 -12 -12 -12 -12 -12 -12 -12 -12 -12 -12 -12 -12 -12 -12 -12 -12 -12 -12 -11 -11 -11 -11 -11 -11 -11 -11 -11 -11 -11 -11 -11 -11 -11 -11 -11 -11 -11 -11 -11 -11 -11 -11 -11 -11 -11 -11 -11 -11 -10 -10 -10 -10 -10 -10 -10 -10 -10 -10 -10 -10 -10 -10 -10 -10 -10 -10 -10 -10 -10 -10 -10 -10 -10 -10 -10 -19 -19 -19 -19 -19 -19 -19 -19 -19 -19 -19 -18 -18 -18 -18 -18 -18 -18 -18 -18 -18 -18 -18 -18 -18 -18 -18 -18 -18 -18 -18 -17 -17 -17 -17 -17 -17 -17 -17 -17 -17 -17 -17 -17 -17 -17 -17 -17 -17 -16 -16 -16 -16 -16 -16 -16 -16 -16 -16 -16 -16 -16 -16 -16 -16 -16 -16 -16 -16 -16 -15 -15 -15 -15 -15 -15 -15 -15 -15 -15 -15 -15 -15 -15 -15 -15 -15 -14 -14 -14 -14 -14 -14 -14 -14 -14 -14 -14 -14 -14 -14 -14 -14 -14 -13 -13 -13 -13 -13 -13 -13 -13 -13 -13 -13 -13 -13 -13 -13 -13 -13 -13 -13 -13 -13 -13 -13 -13 -12 -12 -12 -12 -12 -12 -12 -12 -12 -12 -12 -12 -12 -12 -12 -12 -12 -12 -12 -12 -12 -12 -12 -12 -12 -12 -11 -11 -11 -11 -11 -11 -11 -11 -11 -11 -11 -11 -11 -11 -11 -11 -11 -11 -11 -11 -11 -11 -11 -11 -11 -11 -11 -11 -11 -11 -11 -10 -10 -10 -10 -10 -10 -10 -10 -10 -10 -10 -10 -10 -10 -10 -10 -10 -10 -10 -10 -10 -10 -10 -10 -10 -10 -10 -19 -19 -19 -19 -19 -19 -19 -19 -19 -19 -19 -19 -18 -18 -18 -18 -18 -18 -18 -18 -18 -18 -18 -18 -18 -18 -18 -18 -18 -18 -18 -18 -18 -17 -17 -17 -17 -17 -17 -17 -17 -17 -17 -17 -17 -17 -17 -17 -17 -17 -16 -16 -16 -16 -16 -16 -16 -16 -16 -16 -16 -16 -16 -16 -16 -16 -16 -16 -16 -16 -16 -15 -16 -15 -15 -15 -15 -15 -15 -15 -15 -15 -15 -15 -15 -15 -15 -14 -14 -14 -14 -14 -14 -14 -14 -14 -14 -14 -14 -14 -14 -14 -14 -14 -14 -14 -13 -13 -13 -13 -13 -13 -13 -13 -13 -13 -13 -13 -13 -13 -13 -13 -13 -13 -13 -13 -13 -13 -13 -12 -12 -12 -12 -12 -12 -12 -12 -12 -12 -12 -12 -12 -12 -12 -12 -12 -12 -12 -12 -12 -12 -12 -12 -12 -12 -11 -11 -11 -11 -11 -11 -11 -11 -11 -11 -11 -11 -11 -11 -11 -11 -11 -11 -11 -11 -11 -11 -11 -11 -11 -11 -11 -11 -11 -11 -11 -10 -10 -10 -10 -10 -10 -10 -10 -10 -10 -10 -10 -10 -10 -10 -10 -10 -10 -10 -10 -10 -10 -10 -10 -10 -10 -10 -19 -19 -19 -19 -19 -19 -19 -19 -19 -19 -19 -19 -19 -19 -18 -18 -18 -18 -18 -18 -18 -18 -18 -18 -18 -18 -18 -18 -18 -18 -18 -18 -18 -18 -17 -17 -17 -17 -17 -17 -17 -17 -17 -17 -17 -17 -17 -17 -17 -17 -17 -17 -16 -16 -16 -16 -16 -16 -16 -16 -16 -16 -16 -16 -16 -16 -16 -16 -16 -16 -16 -16 -16 -16 -15 -15 -15 -15 -15 -15 -15 -15 -15 -15 -15 -15 -15 -14 -14 -14 -14 -14 -14 -14 -14 -14 -14 -14 -14 -14 -14 -14 -14 -14 -14 -14 -14 -13 -13 -13 -13 -13 -13 -13 -13 -13 -13 -13 -13 -13 -13 -13 -13 -13 -13 -13 -13 -13 -13 -13 -13 -12 -12 -12 -12 -12 -12 -12 -12 -12 -12 -12 -12 -12 -12 -12 -12 -12 -12 -12 -12 -12 -12 -12 -12 -12 -12 -11 -11 -11 -11 -11 -11 -11 -11 -11 -11 -11 -11 -11 -11 -11 -11 -11 -11 -11 -11 -11 -11 -11 -11 -11 -11 -11 -11 -11 -11 -11 -10 -10 -10 -10 -10 -10 -10 -10 -10 -10 -10 -10 -10 -10 -10 -10 -10 -10 -10 -10 -10 -10 -10 -10 -10 -10 -10 -19 -19 -19 -19 -19 -19 -19 -19 -19 -19 -18 -18 -18 -18 -18 -18 -18 -18 -18 -18 -18 -18 -18 -18 -18 -18 -18 -18 -18 -18 -18 -17 -17 -17 -17 -17 -17 -17 -17 -17 -17 -17 -17 -17 -17 -17 -17 -17 -17 -17 -17 -17 -17 -17 -17 -17 -16 -16 -16 -16 -16 -16 -16 -16 -16 -16 -16 -16 -16 -16 -16 -16 -16 -16 -16 -16 -16 -16 -16 -15 -15 -15 -15 -15 -15 -15 -15 -15 -15 -15 -15 -15 -15 -15 -15 -14 -14 -14 -14 -14 -14 -14 -14 -14 -14 -14 -14 -14 -14 -14 -14 -14 -14 -14 -14 -14 -14 -14 -13 -13 -13 -13 -13 -13 -13 -13 -13 -13 -13 -13 -13 -13 -13 -13 -13 -13 -13 -13 -13 -13 -13 -12 -12 -12 -12 -12 -12 -12 -12 -12 -12 -12 -12 -12 -12 -12 -12 -12 -12 -12 -12 -12 -12 -12 -12 -12 -12 -11 -11 -11 -11 -11 -11 -11 -11 -11 -11 -11 -11 -11 -11 -11 -11 -11 -11 -11 -11 -11 -11 -11 -11 -11 -11 -11 -11 -10 -10 -10 -10 -10 -10 -10 -10 -10 -10 -10 -10 -10 -10 -10 -10 -10 -10 -10 -10 -10 -19 -19 -19 -19 -19 -19 -19 -19 -19 -19 -19 -19 -19 -18 -18 -18 -18 -18 -18 -18 -18 -18 -18 -18 -18 -18 -18 -18 -18 -18 -18 -18 -18 -17 -17 -17 -17 -17 -17 -17 -17 -17 -17 -17 -17 -17 -17 -17 -17 -17 -17 -17 -17 -17 -17 -17 -17 -17 -16 -16 -16 -16 -16 -16 -16 -16 -16 -16 -16 -16 -16 -16 -16 -16 -16 -16 -16 -16 -16 -16 -16 -15 -15 -15 -15 -15 -15 -15 -15 -15 -15 -15 -15 -15 -15 -15 -14 -14 -14 -14 -14 -14 -14 -14 -14 -14 -14 -14 -14 -14 -14 -14 -14 -14 -14 -14 -14 -14 -14 -14 -13 -13 -13 -13 -13 -13 -13 -13 -13 -13 -13 -13 -13 -13 -13 -13 -13 -13 -13 -13 -13 -13 -13 -12 -12 -12 -12 -12 -12 -12 -12 -12 -12 -12 -12 -12 -12 -12 -12 -12 -12 -12 -12 -12 -12 -12 -12 -12 -12 -11 -11 -11 -11 -11 -11 -11 -11 -11 -11 -11 -11 -11 -11 -11 -11 -11 -11 -11 -11 -11 -11 -11 -11 -11 -11 -11 -11 -10 -10 -10 -10 -10 -10 -10 -10 -10 -10 -10 -10 -10 -10 -10 -10 -10 -10 -10 -10 -19 -19 -19 -19 -19 -19 -19 -19 -19 -19 -19 -19 -19 -19 -19 -18 -18 -18 -18 -18 -18 -18 -18 -18 -18 -18 -18 -18 -18 -18 -18 -18 -18 -18 -18 -17 -17 -17 -17 -17 -17 -17 -17 -17 -17 -17 -17 -17 -17 -17 -17 -17 -17 -17 -17 -17 -17 -17 -17 -16 -16 -16 -16 -16 -16 -16 -16 -16 -16 -16 -16 -16 -16 -16 -16 -16 -16 -16 -16 -16 -16 -16 -15 -15 -15 -15 -15 -15 -15 -15 -15 -15 -15 -15 -15 -15 -15 -14 -14 -14 -14 -14 -14 -14 -14 -14 -14 -14 -14 -14 -14 -14 -14 -14 -14 -14 -14 -14 -14 -14 -14 -13 -13 -13 -13 -13 -13 -13 -13 -13 -13 -13 -13 -13 -13 -13 -13 -13 -13 -13 -13 -13 -13 -12 -12 -12 -12 -12 -12 -12 -12 -12 -12 -12 -12 -12 -12 -12 -12 -12 -12 -12 -12 -12 -12 -12 -12 -12 -12 -12 -11 -11 -11 -11 -11 -11 -11 -11 -11 -11 -11 -11 -11 -11 -11 -11 -11 -11 -11 -11 -11 -11 -11 -11 -11 -11 -10 -10 -10 -10 -10 -10 -10 -10 -10 -10 -10 -10 -10 -10 -10 -10 -10 -10 -10 -10 -19 -19 -19 -19 -19 -19 -19 -19 -19 -19 -19 -19 -19 -19 -19 -19 -19 -18 -18 -18 -18 -18 -18 -18 -18 -18 -18 -18 -18 -18 -18 -18 -18 -18 -18 -18 -17 -17 -17 -17 -17 -17 -17 -17 -17 -17 -17 -17 -17 -17 -17 -17 -17 -17 -17 -17 -17 -17 -17 -17 -16 -16 -16 -16 -16 -16 -16 -16 -16 -16 -16 -16 -16 -16 -16 -16 -16 -16 -16 -16 -16 -16 -16 -16 -15 -15 -15 -15 -15 -15 -15 -15 -15 -15 -15 -15 -15 -15 -14 -14 -14 -14 -14 -14 -14 -14 -14 -14 -14 -14 -14 -14 -14 -14 -14 -14 -14 -14 -14 -14 -14 -14 -13 -13 -13 -13 -13 -13 -13 -13 -13 -13 -13 -13 -13 -13 -13 -13 -13 -13 -13 -13 -13 -13 -12 -12 -12 -12 -12 -12 -12 -12 -12 -12 -12 -12 -12 -12 -12 -12 -12 -12 -12 -12 -12 -12 -12 -12 -12 -12 -11 -11 -11 -11 -11 -11 -11 -11 -11 -11 -11 -11 -11 -11 -11 -11 -11 -11 -11 -11 -11 -11 -11 -11 -11 -11 -11 -10 -10 -10 -10 -10 -10 -10 -10 -10 -10 -10 -10 -10 -10 -10 -10 -10 -10 -10 -10 -19 -19 -19 -19 -19 -19 -19 -19 -19 -19 -19 -19 -19 -19 -19 -19 -19 -18 -18 -18 -18 -18 -18 -18 -18 -18 -18 -18 -18 -18 -18 -18 -18 -18 -18 -18 -18 -18 -18 -17 -17 -17 -17 -17 -17 -17 -17 -17 -17 -17 -17 -17 -17 -17 -17 -17 -17 -17 -17 -17 -17 -16 -16 -16 -16 -16 -16 -16 -16 -16 -16 -16 -16 -16 -16 -16 -16 -16 -16 -16 -16 -16 -16 -16 -16 -15 -15 -15 -15 -15 -15 -15 -15 -15 -15 -15 -15 -15 -14 -14 -14 -14 -14 -14 -14 -14 -14 -14 -14 -14 -14 -14 -14 -14 -14 -14 -14 -14 -14 -14 -14 -14 -14 -13 -13 -13 -13 -13 -13 -13 -13 -13 -13 -13 -13 -13 -13 -13 -13 -13 -13 -13 -13 -13 -13 -12 -12 -12 -12 -12 -12 -12 -12 -12 -12 -12 -12 -12 -12 -12 -12 -12 -12 -12 -12 -12 -12 -12 -12 -12 -12 -11 -11 -11 -11 -11 -11 -11 -11 -11 -11 -11 -11 -11 -11 -11 -11 -11 -11 -11 -11 -11 -11 -11 -11 -11 -11 -11 -10 -10 -10 -10 -10 -10 -10 -10 -10 -10 -10 -10 -10 -10 -10 -10 -10 -10 -10 -10 -19 -19 -19 -19 -19 -19 -19 -19 -19 -19 -19 -19 -19 -19 -19 -19 -19 -19 -18 -18 -18 -18 -18 -18 -18 -18 -18 -18 -18 -18 -18 -18 -18 -18 -18 -18 -18 -18 -18 -18 -17 -17 -17 -17 -17 -17 -17 -17 -17 -17 -17 -17 -17 -17 -17 -17 -17 -17 -17 -17 -17 -17 -16 -16 -16 -16 -16 -16 -16 -16 -16 -16 -16 -16 -16 -16 -16 -16 -16 -16 -16 -16 -16 -16 -16 -16 -15 -15 -15 -15 -15 -15 -15 -15 -15 -15 -15 -15 -14 -14 -14 -14 -14 -14 -14 -14 -14 -14 -14 -14 -14 -14 -14 -14 -14 -14 -14 -14 -14 -14 -14 -14 -14 -13 -13 -13 -13 -13 -13 -13 -13 -13 -13 -13 -13 -13 -13 -13 -13 -13 -13 -13 -13 -13 -12 -12 -12 -12 -12 -12 -12 -12 -12 -12 -12 -12 -12 -12 -12 -12 -12 -12 -12 -12 -12 -12 -12 -12 -12 -12 -12 -11 -11 -11 -11 -11 -11 -11 -11 -11 -11 -11 -11 -11 -11 -11 -11 -11 -11 -11 -11 -11 -11 -11 -11 -11 -11 -11 -10 -10 -10 -10 -10 -10 -10 -10 -10 -10 -10 -10 -10 -10 -10 -10 -10 -10 -10 -10 -10 -19 -19 -19 -19 -19 -19 -19 -19 -19 -19 -19 -19 -19 -19 -19 -19 -18 -18 -18 -18 -18 -18 -18 -18 -18 -18 -18 -18 -18 -18 -18 -18 -18 -18 -18 -18 -18 -18 -17 -17 -17 -17 -17 -17 -17 -17 -17 -17 -17 -17 -17 -17 -17 -17 -17 -17 -17 -17 -17 -17 -16 -16 -16 -16 -16 -16 -16 -16 -16 -16 -16 -16 -16 -16 -16 -16 -16 -16 -16 -16 -16 -16 -16 -16 -15 -15 -15 -15 -15 -15 -15 -15 -15 -15 -15 -15 -14 -14 -14 -14 -14 -14 -14 -14 -14 -14 -14 -14 -14 -14 -14 -14 -14 -14 -14 -14 -14 -14 -14 -14 -14 -13 -13 -13 -13 -13 -13 -13 -13 -13 -13 -13 -13 -13 -13 -13 -13 -13 -13 -13 -13 -13 -12 -12 -12 -12 -12 -12 -12 -12 -12 -12 -12 -12 -12 -12 -12 -12 -12 -12 -12 -12 -12 -12 -12 -12 -12 -12 -12 -11 -11 -11 -11 -11 -11 -11 -11 -11 -11 -11 -11 -11 -11 -11 -11 -11 -11 -11 -11 -11 -11 -11 -11 -11 -11 -10 -10 -10 -10 -10 -10 -10 -10 -10 -10 -10 -10 -10 -10 -10 -10 -10 -10 -10 -10 -10 -10 -10 -10 -10 -19 -19 -19 -19 -19 -19 -19 -19 -19 -19 -19 -19 -19 -19 -19 -19 -19 -18 -18 -18 -18 -18 -18 -18 -18 -18 -18 -18 -18 -18 -18 -18 -18 -18 -18 -18 -18 -18 -18 -17 -17 -17 -17 -17 -17 -17 -17 -17 -17 -17 -17 -17 -17 -17 -17 -17 -17 -17 -17 -17 -17 -16 -16 -16 -16 -16 -16 -16 -16 -16 -16 -16 -16 -16 -16 -16 -16 -16 -16 -16 -16 -16 -16 -15 -15 -15 -15 -15 -15 -15 -15 -15 -15 -15 -15 -15 -14 -14 -14 -14 -14 -14 -14 -14 -14 -14 -14 -14 -14 -14 -14 -14 -14 -14 -14 -14 -14 -14 -14 -14 -14 -13 -13 -13 -13 -13 -13 -13 -13 -13 -13 -13 -13 -13 -13 -13 -13 -13 -13 -13 -13 -12 -12 -12 -12 -12 -12 -12 -12 -12 -12 -12 -12 -12 -12 -12 -12 -12 -12 -12 -12 -12 -12 -12 -12 -12 -12 -12 -12 -11 -11 -11 -11 -11 -11 -11 -11 -11 -11 -11 -11 -11 -11 -11 -11 -11 -11 -11 -11 -11 -11 -11 -11 -10 -10 -10 -10 -10 -10 -10 -10 -10 -10 -10 -10 -10 -10 -10 -10 -10 -10 -10 -10 -10 -10 -10 -10 -10 -10 -10 -10 -10 -19 -19 -19 -19 -19 -19 -19 -19 -19 -19 -19 -19 -19 -19 -19 -19 -19 -19 -18 -18 -18 -18 -18 -18 -18 -18 -18 -18 -18 -18 -18 -18 -18 -18 -18 -18 -18 -18 -18 -18 -17 -17 -17 -17 -17 -17 -17 -17 -17 -17 -17 -17 -17 -17 -17 -17 -17 -17 -17 -17 -17 -17 -16 -16 -16 -16 -16 -16 -16 -16 -16 -16 -16 -16 -16 -16 -16 -16 -16 -16 -16 -16 -16 -15 -15 -15 -15 -15 -15 -15 -15 -15 -15 -15 -15 -15 -15 -14 -14 -14 -14 -14 -14 -14 -14 -14 -14 -14 -14 -14 -14 -14 -14 -14 -14 -14 -14 -14 -14 -14 -14 -14 -13 -13 -13 -13 -13 -13 -13 -13 -13 -13 -13 -13 -13 -13 -13 -13 -13 -13 -13 -13 -13 -13 -12 -12 -12 -12 -12 -12 -12 -12 -12 -12 -12 -12 -12 -12 -12 -12 -12 -12 -12 -12 -12 -12 -12 -12 -12 -12 -11 -11 -11 -11 -11 -11 -11 -11 -11 -11 -11 -11 -11 -11 -11 -11 -11 -11 -11 -11 -11 -11 -11 -11 -10 -10 -10 -10 -10 -10 -10 -10 -10 -10 -10 -10 -10 -10 -10 -10 -10 -10 -10 -10 -10 -10 -10 -10 -10 -10 -10 -19 -19 -19 -19 -19 -19 -19 -19 -19 -19 -19 -19 -19 -19 -19 -19 -19 -19 -19 -19 -18 -18 -18 -18 -18 -18 -18 -18 -18 -18 -18 -18 -18 -18 -18 -18 -18 -18 -18 -18 -18 -18 -17 -17 -17 -17 -17 -17 -17 -17 -17 -17 -17 -17 -17 -17 -17 -17 -17 -17 -17 -17 -17 -16 -16 -16 -16 -16 -16 -16 -16 -16 -16 -16 -16 -16 -16 -16 -16 -16 -16 -16 -16 -15 -15 -15 -15 -15 -15 -15 -15 -15 -15 -15 -15 -15 -15 -15 -15 -14 -14 -14 -14 -14 -14 -14 -14 -14 -14 -14 -14 -14 -14 -14 -14 -14 -14 -14 -14 -14 -14 -14 -14 -14 -13 -13 -13 -13 -13 -13 -13 -13 -13 -13 -13 -13 -13 -13 -13 -13 -13 -13 -13 -13 -13 -12 -12 -12 -12 -12 -12 -12 -12 -12 -12 -12 -12 -12 -12 -12 -12 -12 -12 -12 -12 -12 -12 -12 -12 -12 -12 -11 -11 -11 -11 -11 -11 -11 -11 -11 -11 -11 -11 -11 -11 -11 -11 -11 -11 -11 -11 -11 -11 -11 -10 -10 -10 -10 -10 -10 -10 -10 -10 -10 -10 -10 -10 -10 -10 -10 -10 -10 -10 -10 -10 -10 -10 -10 -10 -10 -10 -10 -10 -10 -10 -10 -10 -10 -19 -19 -19 -19 -19 -19 -19 -19 -19 -19 -19 -19 -19 -19 -19 -19 -19 -19 -19 -18 -18 -18 -18 -18 -18 -18 -18 -18 -18 -18 -18 -18 -18 -18 -18 -18 -18 -18 -18 -18 -18 -18 -17 -17 -17 -17 -17 -17 -17 -17 -17 -17 -17 -17 -17 -17 -17 -17 -17 -17 -17 -17 -17 -16 -16 -16 -16 -16 -16 -16 -16 -16 -16 -16 -16 -16 -16 -16 -16 -16 -16 -16 -15 -15 -15 -15 -15 -15 -15 -15 -15 -15 -15 -15 -15 -15 -15 -15 -15 -14 -14 -14 -14 -14 -14 -14 -14 -14 -14 -14 -14 -14 -14 -14 -14 -14 -14 -14 -14 -14 -14 -14 -14 -13 -13 -13 -13 -13 -13 -13 -13 -13 -13 -13 -13 -13 -13 -13 -13 -13 -13 -13 -13 -13 -12 -12 -12 -12 -12 -12 -12 -12 -12 -12 -12 -12 -12 -12 -12 -12 -12 -12 -12 -12 -12 -12 -12 -12 -12 -12 -12 -11 -11 -11 -11 -11 -11 -11 -11 -11 -11 -11 -11 -11 -11 -11 -11 -11 -11 -11 -11 -11 -11 -11 -10 -10 -10 -10 -10 -10 -10 -10 -10 -10 -10 -10 -10 -10 -10 -10 -10 -10 -10 -10 -10 -10 -10 -10 -10 -10 -10 -10 -10 -10 -10 -10 -10 -10 -10 -19 -19 -19 -19 -19 -19 -19 -19 -19 -19 -19 -19 -19 -19 -19 -19 -19 -19 -19 -19 -19 -18 -18 -18 -18 -18 -18 -18 -18 -18 -18 -18 -18 -18 -18 -18 -18 -18 -18 -18 -18 -18 -18 -18 -17 -17 -17 -17 -17 -17 -17 -17 -17 -17 -17 -17 -17 -17 -17 -17 -17 -17 -17 -17 -17 -16 -16 -16 -16 -16 -16 -16 -16 -16 -16 -16 -16 -16 -16 -16 -16 -16 -15 -15 -15 -15 -15 -15 -15 -15 -15 -15 -15 -15 -15 -15 -15 -15 -15 -15 -14 -14 -14 -14 -14 -14 -14 -14 -14 -14 -14 -14 -14 -14 -14 -14 -14 -14 -14 -14 -14 -14 -14 -14 -14 -13 -13 -13 -13 -13 -13 -13 -13 -13 -13 -13 -13 -13 -13 -13 -13 -13 -13 -13 -13 -13 -12 -12 -12 -12 -12 -12 -12 -12 -12 -12 -12 -12 -12 -12 -12 -12 -12 -12 -12 -12 -12 -12 -12 -12 -12 -11 -11 -11 -11 -11 -11 -11 -11 -11 -11 -11 -11 -11 -11 -11 -11 -11 -11 -11 -11 -11 -11 -11 -11 -10 -10 -10 -10 -10 -10 -10 -10 -10 -10 -10 -10 -10 -10 -10 -10 -10 -10 -10 -10 -10 -10 -10 -10 -10 -10 -10 -10 -10 -10 -10 -10 -10 -20 -20 -19 -19 -19 -19 -19 -19 -19 -19 -19 -19 -19 -19 -19 -19 -19 -19 -19 -19 -19 -19 -18 -18 -18 -18 -18 -18 -18 -18 -18 -18 -18 -18 -18 -18 -18 -18 -18 -18 -18 -18 -18 -18 -18 -18 -17 -17 -17 -17 -17 -17 -17 -17 -17 -17 -17 -17 -17 -17 -17 -17 -17 -17 -17 -17 -16 -16 -16 -16 -16 -16 -16 -16 -16 -16 -16 -16 -16 -16 -16 -16 -15 -15 -15 -15 -15 -15 -15 -15 -15 -15 -15 -15 -15 -15 -15 -15 -15 -15 -15 -14 -14 -14 -14 -14 -14 -14 -14 -14 -14 -14 -14 -14 -14 -14 -14 -14 -14 -14 -14 -14 -14 -14 -14 -13 -13 -13 -13 -13 -13 -13 -13 -13 -13 -13 -13 -13 -13 -13 -13 -13 -13 -13 -13 -13 -13 -12 -12 -12 -12 -12 -12 -12 -12 -12 -12 -12 -12 -12 -12 -12 -12 -12 -12 -12 -12 -12 -12 -12 -12 -12 -11 -11 -11 -11 -11 -11 -11 -11 -11 -11 -11 -11 -11 -11 -11 -11 -11 -11 -11 -11 -11 -11 -11 -11 -11 -10 -10 -10 -10 -10 -10 -10 -10 -10 -10 -10 -10 -10 -10 -10 -10 -10 -10 -10 -10 -10 -10 -10 -10 -10 -10 -10 -10 -10 -10 -10 -20 -20 -19 -19 -19 -19 -19 -19 -19 -19 -19 -19 -19 -19 -19 -19 -19 -19 -19 -19 -19 -19 -19 -19 -18 -18 -18 -18 -18 -18 -18 -18 -18 -18 -18 -18 -18 -18 -18 -18 -18 -18 -18 -18 -18 -18 -18 -17 -17 -17 -17 -17 -17 -17 -17 -17 -17 -17 -17 -17 -17 -17 -17 -17 -17 -17 -17 -16 -16 -16 -16 -16 -16 -16 -16 -16 -16 -16 -16 -16 -16 -16 -15 -15 -15 -15 -15 -15 -15 -15 -15 -15 -15 -15 -15 -15 -15 -15 -15 -15 -15 -15 -14 -14 -14 -14 -14 -14 -14 -14 -14 -14 -14 -14 -14 -14 -14 -14 -14 -14 -14 -14 -14 -14 -14 -14 -14 -13 -13 -13 -13 -13 -13 -13 -13 -13 -13 -13 -13 -13 -13 -13 -13 -13 -13 -13 -13 -13 -12 -12 -12 -12 -12 -12 -12 -12 -12 -12 -12 -12 -12 -12 -12 -12 -12 -12 -12 -12 -12 -12 -12 -12 -12 -11 -11 -11 -11 -11 -11 -11 -11 -11 -11 -11 -11 -11 -11 -11 -11 -11 -11 -11 -11 -11 -11 -11 -11 -11 -10 -10 -10 -10 -10 -10 -10 -10 -10 -10 -10 -10 -10 -10 -10 -10 -10 -10 -10 -10 -10 -10 -10 -10 -10 -10 -10 -10 -10 -10 -20 -20 -20 -19 -19 -19 -19 -19 -19 -19 -19 -19 -19 -19 -19 -19 -19 -19 -19 -19 -19 -19 -19 -19 -19 -18 -18 -18 -18 -18 -18 -18 -18 -18 -18 -18 -18 -18 -18 -18 -18 -18 -18 -18 -18 -18 -18 -17 -17 -17 -17 -17 -17 -17 -17 -17 -17 -17 -17 -17 -17 -17 -17 -17 -17 -17 -17 -17 -16 -16 -16 -16 -16 -16 -16 -16 -16 -16 -16 -16 -16 -15 -15 -15 -15 -15 -15 -15 -15 -15 -15 -15 -15 -15 -15 -15 -15 -15 -15 -15 -15 -15 -15 -14 -14 -14 -14 -14 -14 -14 -14 -14 -14 -14 -14 -14 -14 -14 -14 -14 -14 -14 -14 -14 -14 -14 -13 -13 -13 -13 -13 -13 -13 -13 -13 -13 -13 -13 -13 -13 -13 -13 -13 -13 -13 -13 -13 -12 -12 -12 -12 -12 -12 -12 -12 -12 -12 -12 -12 -12 -12 -12 -12 -12 -12 -12 -12 -12 -12 -12 -12 -12 -12 -11 -11 -11 -11 -11 -11 -11 -11 -11 -11 -11 -11 -11 -11 -11 -11 -11 -11 -11 -11 -11 -11 -11 -11 -10 -10 -10 -10 -10 -10 -10 -10 -10 -10 -10 -10 -10 -10 -10 -10 -10 -10 -10 -10 -10 -10 -10 -10 -10 -10 -10 -10 -10 -10 -20 -20 -20 -20 -20 -19 -19 -19 -19 -19 -19 -19 -19 -19 -19 -19 -19 -19 -19 -19 -19 -19 -19 -19 -19 -19 -18 -18 -18 -18 -18 -18 -18 -18 -18 -18 -18 -18 -18 -18 -18 -18 -18 -18 -18 -18 -18 -18 -18 -17 -17 -17 -17 -17 -17 -17 -17 -17 -17 -17 -17 -17 -17 -17 -17 -17 -17 -17 -17 -16 -16 -16 -16 -16 -16 -16 -16 -16 -16 -16 -16 -16 -15 -15 -15 -15 -15 -15 -15 -15 -15 -15 -15 -15 -15 -15 -15 -15 -15 -15 -15 -15 -15 -15 -14 -14 -14 -14 -14 -14 -14 -14 -14 -14 -14 -14 -14 -14 -14 -14 -14 -14 -14 -14 -14 -14 -14 -13 -13 -13 -13 -13 -13 -13 -13 -13 -13 -13 -13 -13 -13 -13 -13 -13 -13 -13 -13 -13 -13 -12 -12 -12 -12 -12 -12 -12 -12 -12 -12 -12 -12 -12 -12 -12 -12 -12 -12 -12 -12 -12 -12 -12 -12 -12 -11 -11 -11 -11 -11 -11 -11 -11 -11 -11 -11 -11 -11 -11 -11 -11 -11 -11 -11 -11 -11 -11 -11 -11 -10 -10 -10 -10 -10 -10 -10 -10 -10 -10 -10 -10 -10 -10 -10 -10 -10 -10 -10 -10 -10 -10 -10 -10 -10 -10 -10 -10 -10 -20 -20 -20 -20 -20 -20 -19 -19 -19 -19 -19 -19 -19 -19 -19 -19 -19 -19 -19 -19 -19 -19 -19 -19 -19 -19 -19 -18 -18 -18 -18 -18 -18 -18 -18 -18 -18 -18 -18 -18 -18 -18 -18 -18 -18 -18 -18 -18 -18 -18 -17 -17 -17 -17 -17 -17 -17 -17 -17 -17 -17 -17 -17 -17 -17 -17 -17 -17 -17 -16 -16 -16 -16 -16 -16 -16 -16 -16 -16 -16 -16 -15 -15 -15 -15 -15 -15 -15 -15 -15 -15 -15 -15 -15 -15 -15 -15 -15 -15 -15 -15 -15 -15 -15 -14 -14 -14 -14 -14 -14 -14 -14 -14 -14 -14 -14 -14 -14 -14 -14 -14 -14 -14 -14 -14 -14 -14 -13 -13 -13 -13 -13 -13 -13 -13 -13 -13 -13 -13 -13 -13 -13 -13 -13 -13 -13 -13 -13 -13 -12 -12 -12 -12 -12 -12 -12 -12 -12 -12 -12 -12 -12 -12 -12 -12 -12 -12 -12 -12 -12 -12 -12 -12 -12 -11 -11 -11 -11 -11 -11 -11 -11 -11 -11 -11 -11 -11 -11 -11 -11 -11 -11 -11 -11 -11 -11 -11 -10 -10 -10 -10 -10 -10 -10 -10 -10 -10 -10 -10 -10 -10 -10 -10 -10 -10 -10 -10 -10 -10 -10 -10 -10 -10 -10 -10 -10 -20 -20 -20 -20 -20 -20 -19 -19 -19 -19 -19 -19 -19 -19 -19 -19 -19 -19 -19 -19 -19 -19 -19 -19 -19 -19 -19 -18 -18 -18 -18 -18 -18 -18 -18 -18 -18 -18 -18 -18 -18 -18 -18 -18 -18 -18 -18 -18 -18 -17 -17 -17 -17 -17 -17 -17 -17 -17 -17 -17 -17 -17 -17 -17 -17 -17 -17 -17 -17 -16 -16 -16 -16 -16 -16 -16 -16 -16 -16 -16 -15 -15 -15 -15 -15 -15 -15 -15 -15 -15 -15 -15 -15 -15 -15 -15 -15 -15 -15 -15 -15 -15 -15 -14 -14 -14 -14 -14 -14 -14 -14 -14 -14 -14 -14 -14 -14 -14 -14 -14 -14 -14 -14 -14 -14 -14 -13 -13 -13 -13 -13 -13 -13 -13 -13 -13 -13 -13 -13 -13 -13 -13 -13 -13 -13 -13 -13 -13 -12 -12 -12 -12 -12 -12 -12 -12 -12 -12 -12 -12 -12 -12 -12 -12 -12 -12 -12 -12 -12 -12 -12 -12 -12 -11 -11 -11 -11 -11 -11 -11 -11 -11 -11 -11 -11 -11 -11 -11 -11 -11 -11 -11 -11 -11 -11 -11 -10 -10 -10 -10 -10 -10 -10 -10 -10 -10 -10 -10 -10 -10 -10 -10 -10 -10 -10 -10 -10 -10 -10 -10 -10 -10 -10 -10 -20 -20 -20 -20 -19 -19 -19 -19 -19 -19 -19 -19 -19 -19 -19 -19 -19 -19 -19 -19 -19 -19 -19 -19 -19 -18 -18 -18 -18 -18 -18 -18 -18 -18 -18 -18 -18 -18 -18 -18 -18 -18 -18 -18 -18 -18 -18 -18 -17 -17 -17 -17 -17 -17 -17 -17 -17 -17 -17 -17 -17 -17 -17 -17 -17 -17 -17 -16 -16 -16 -16 -16 -16 -16 -16 -16 -16 -16 -16 -15 -15 -15 -15 -15 -15 -15 -15 -15 -15 -15 -15 -15 -15 -15 -15 -15 -15 -15 -15 -15 -15 -14 -14 -14 -14 -14 -14 -14 -14 -14 -14 -14 -14 -14 -14 -14 -14 -14 -14 -14 -14 -14 -14 -14 -13 -13 -13 -13 -13 -13 -13 -13 -13 -13 -13 -13 -13 -13 -13 -13 -13 -13 -13 -13 -13 -12 -12 -12 -12 -12 -12 -12 -12 -12 -12 -12 -12 -12 -12 -12 -12 -12 -12 -12 -12 -12 -12 -12 -12 -12 -11 -11 -11 -11 -11 -11 -11 -11 -11 -11 -11 -11 -11 -11 -11 -11 -11 -11 -11 -11 -11 -11 -11 -11 -10 -10 -10 -10 -10 -10 -10 -10 -10 -10 -10 -10 -10 -10 -10 -10 -10 -10 -10 -10 -10 -10 -10 -10 -10 -10 -10 -20 -20 -20 -20 -20 -19 -19 -19 -19 -19 -19 -19 -19 -19 -19 -19 -19 -19 -19 -19 -19 -19 -19 -19 -19 -19 -18 -18 -18 -18 -18 -18 -18 -18 -18 -18 -18 -18 -18 -18 -18 -18 -18 -18 -18 -18 -18 -18 -17 -17 -17 -17 -17 -17 -17 -17 -17 -17 -17 -17 -17 -17 -17 -17 -17 -17 -17 -17 -16 -16 -16 -16 -16 -16 -16 -16 -16 -16 -16 -16 -15 -15 -15 -15 -15 -15 -15 -15 -15 -15 -15 -15 -15 -15 -15 -15 -15 -15 -15 -15 -14 -14 -14 -14 -14 -14 -14 -14 -14 -14 -14 -14 -14 -14 -14 -14 -14 -14 -14 -14 -14 -14 -14 -14 -13 -13 -13 -13 -13 -13 -13 -13 -13 -13 -13 -13 -13 -13 -13 -13 -13 -13 -13 -13 -13 -12 -12 -12 -12 -12 -12 -12 -12 -12 -12 -12 -12 -12 -12 -12 -12 -12 -12 -12 -12 -12 -12 -12 -12 -12 -11 -11 -11 -11 -11 -11 -11 -11 -11 -11 -11 -11 -11 -11 -11 -11 -11 -11 -11 -11 -11 -11 -11 -10 -10 -10 -10 -10 -10 -10 -10 -10 -10 -10 -10 -10 -10 -10 -10 -10 -10 -10 -10 -10 -10 -10 -10 -10 -10 -10 -20 -20 -20 -20 -20 -20 -19 -19 -19 -19 -19 -19 -19 -19 -19 -19 -19 -19 -19 -19 -19 -19 -19 -19 -19 -19 -19 -19 -18 -18 -18 -18 -18 -18 -18 -18 -18 -18 -18 -18 -18 -18 -18 -18 -18 -18 -18 -18 -18 -18 -17 -17 -17 -17 -17 -17 -17 -17 -17 -17 -17 -17 -17 -17 -17 -17 -17 -17 -17 -16 -16 -16 -16 -16 -16 -16 -16 -16 -16 -16 -16 -16 -15 -15 -15 -15 -15 -15 -15 -15 -15 -15 -15 -15 -15 -15 -15 -15 -15 -15 -15 -14 -14 -14 -14 -14 -14 -14 -14 -14 -14 -14 -14 -14 -14 -14 -14 -14 -14 -14 -14 -14 -14 -14 -13 -13 -13 -13 -13 -13 -13 -13 -13 -13 -13 -13 -13 -13 -13 -13 -13 -13 -13 -13 -13 -13 -12 -12 -12 -12 -12 -12 -12 -12 -12 -12 -12 -12 -12 -12 -12 -12 -12 -12 -12 -12 -12 -12 -12 -12 -12 -11 -11 -11 -11 -11 -11 -11 -11 -11 -11 -11 -11 -11 -11 -11 -11 -11 -11 -11 -11 -11 -11 -11 -10 -10 -10 -10 -10 -10 -10 -10 -10 -10 -10 -10 -10 -10 -10 -10 -10 -10 -10 -10 -10 -10 -10 -10 -10 -10 -20 -20 -20 -20 -20 -20 -20 -20 -20 -19 -19 -19 -19 -19 -19 -19 -19 -19 -19 -19 -19 -19 -19 -19 -19 -19 -19 -19 -19 -19 -19 -18 -18 -18 -18 -18 -18 -18 -18 -18 -18 -18 -18 -18 -18 -18 -18 -18 -18 -18 -18 -18 -17 -17 -17 -17 -17 -17 -17 -17 -17 -17 -17 -17 -17 -17 -17 -17 -17 -17 -16 -16 -16 -16 -16 -16 -16 -16 -16 -16 -16 -16 -16 -16 -15 -15 -15 -15 -15 -15 -15 -15 -15 -15 -15 -15 -15 -15 -15 -15 -15 -15 -15 -14 -14 -14 -14 -14 -14 -14 -14 -14 -14 -14 -14 -14 -14 -14 -14 -14 -14 -14 -14 -14 -14 -13 -13 -13 -13 -13 -13 -13 -13 -13 -13 -13 -13 -13 -13 -13 -13 -13 -13 -13 -13 -13 -13 -13 -12 -12 -12 -12 -12 -12 -12 -12 -12 -12 -12 -12 -12 -12 -12 -12 -12 -12 -12 -12 -12 -12 -12 -12 -12 -11 -11 -11 -11 -11 -11 -11 -11 -11 -11 -11 -11 -11 -11 -11 -11 -11 -11 -11 -11 -11 -11 -10 -10 -10 -10 -10 -10 -10 -10 -10 -10 -10 -10 -10 -10 -10 -10 -10 -10 -10 -10 -10 -10 -10 -10 -10 -10 -20 -20 -20 -20 -20 -20 -20 -20 -20 -20 -20 -20 -20 -19 -19 -19 -19 -19 -19 -19 -19 -19 -19 -19 -19 -19 -19 -19 -19 -19 -19 -19 -19 -19 -19 -18 -18 -18 -18 -18 -18 -18 -18 -18 -18 -18 -18 -18 -18 -18 -18 -18 -18 -18 -18 -18 -17 -17 -17 -17 -17 -17 -17 -17 -17 -17 -17 -17 -17 -17 -17 -17 -17 -17 -16 -16 -16 -16 -16 -16 -16 -16 -16 -16 -16 -16 -16 -16 -15 -15 -15 -15 -15 -15 -15 -15 -15 -15 -15 -15 -15 -15 -15 -15 -15 -15 -15 -15 -14 -14 -14 -14 -14 -14 -14 -14 -14 -14 -14 -14 -14 -14 -14 -14 -14 -14 -14 -14 -13 -13 -13 -13 -13 -13 -13 -13 -13 -13 -13 -13 -13 -13 -13 -13 -13 -13 -13 -13 -13 -13 -12 -12 -12 -12 -12 -12 -12 -12 -12 -12 -12 -12 -12 -12 -12 -12 -12 -12 -12 -12 -12 -12 -12 -12 -12 -12 -11 -11 -11 -11 -11 -11 -11 -11 -11 -11 -11 -11 -11 -11 -11 -11 -11 -11 -11 -11 -11 -11 -10 -10 -10 -10 -10 -10 -10 -10 -10 -10 -10 -10 -10 -10 -10 -10 -10 -10 -10 -10 -10 -10 -10 -10 -20 -20 -20 -20 -20 -20 -20 -20 -20 -20 -20 -20 -20 -20 -20 -20 -19 -19 -19 -19 -19 -19 -19 -19 -19 -19 -19 -19 -19 -19 -19 -19 -19 -19 -19 -19 -19 -18 -18 -18 -18 -18 -18 -18 -18 -18 -18 -18 -18 -18 -18 -18 -18 -18 -18 -18 -18 -18 -17 -17 -17 -17 -17 -17 -17 -17 -17 -17 -17 -17 -17 -17 -17 -17 -17 -17 -16 -16 -16 -16 -16 -16 -16 -16 -16 -16 -16 -16 -16 -16 -15 -15 -15 -15 -15 -15 -15 -15 -15 -15 -15 -15 -15 -15 -15 -15 -15 -15 -15 -14 -14 -14 -14 -14 -14 -14 -14 -14 -14 -14 -14 -14 -14 -14 -14 -14 -14 -14 -14 -14 -13 -13 -13 -13 -13 -13 -13 -13 -13 -13 -13 -13 -13 -13 -13 -13 -13 -13 -13 -13 -13 -13 -12 -12 -12 -12 -12 -12 -12 -12 -12 -12 -12 -12 -12 -12 -12 -12 -12 -12 -12 -12 -12 -12 -12 -12 -12 -11 -11 -11 -11 -11 -11 -11 -11 -11 -11 -11 -11 -11 -11 -11 -11 -11 -11 -11 -11 -11 -11 -10 -10 -10 -10 -10 -10 -10 -10 -10 -10 -10 -10 -10 -10 -10 -10 -10 -10 -10 -10 -10 -10 -10 -20 -20 -20 -20 -20 -20 -20 -20 -20 -20 -20 -20 -20 -20 -20 -20 -20 -20 -20 -19 -19 -19 -19 -19 -19 -19 -19 -19 -19 -19 -19 -19 -19 -19 -19 -19 -19 -19 -19 -18 -18 -18 -18 -18 -18 -18 -18 -18 -18 -18 -18 -18 -18 -18 -18 -18 -18 -18 -18 -17 -17 -17 -17 -17 -17 -17 -17 -17 -17 -17 -17 -17 -17 -17 -17 -17 -17 -17 -16 -16 -16 -16 -16 -16 -16 -16 -16 -16 -16 -16 -15 -15 -15 -15 -15 -15 -15 -15 -15 -15 -15 -15 -15 -15 -15 -15 -15 -15 -15 -15 -15 -14 -14 -14 -14 -14 -14 -14 -14 -14 -14 -14 -14 -14 -14 -14 -14 -14 -14 -14 -14 -13 -13 -13 -13 -13 -13 -13 -13 -13 -13 -13 -13 -13 -13 -13 -13 -13 -13 -13 -13 -13 -13 -13 -12 -12 -12 -12 -12 -12 -12 -12 -12 -12 -12 -12 -12 -12 -12 -12 -12 -12 -12 -12 -12 -12 -12 -12 -11 -11 -11 -11 -11 -11 -11 -11 -11 -11 -11 -11 -11 -11 -11 -11 -11 -11 -11 -11 -11 -11 -10 -10 -10 -10 -10 -10 -10 -10 -10 -10 -10 -10 -10 -10 -10 -10 -10 -10 -10 -10 -10 -10 -20 -20 -20 -20 -20 -20 -20 -20 -20 -20 -20 -20 -20 -20 -20 -20 -20 -20 -20 -20 -20 -20 -20 -19 -19 -19 -19 -19 -19 -19 -19 -19 -19 -19 -19 -19 -19 -19 -19 -19 -19 -19 -19 -19 -18 -18 -18 -18 -18 -18 -18 -18 -18 -18 -18 -18 -18 -18 -18 -18 -18 -18 -18 -18 -17 -17 -17 -17 -17 -17 -17 -17 -17 -17 -17 -17 -17 -17 -17 -17 -17 -16 -16 -16 -16 -16 -16 -16 -16 -16 -16 -16 -16 -16 -15 -15 -15 -15 -15 -15 -15 -15 -15 -15 -15 -15 -15 -15 -15 -15 -15 -15 -15 -15 -15 -14 -14 -14 -14 -14 -14 -14 -14 -14 -14 -14 -14 -14 -14 -14 -14 -14 -14 -14 -14 -13 -13 -13 -13 -13 -13 -13 -13 -13 -13 -13 -13 -13 -13 -13 -13 -13 -13 -13 -13 -13 -13 -13 -12 -12 -12 -12 -12 -12 -12 -12 -12 -12 -12 -12 -12 -12 -12 -12 -12 -12 -12 -12 -12 -12 -12 -11 -11 -11 -11 -11 -11 -11 -11 -11 -11 -11 -11 -11 -11 -11 -11 -11 -11 -11 -11 -11 -11 -11 -10 -10 -10 -10 -10 -10 -10 -10 -10 -10 -10 -10 -10 -10 -10 -10 -10 -10 -10 -10 -21 -21 -20 -20 -20 -20 -20 -20 -20 -20 -20 -20 -20 -20 -20 -20 -20 -20 -20 -20 -20 -20 -20 -20 -20 -19 -19 -19 -19 -19 -19 -19 -19 -19 -19 -19 -19 -19 -19 -19 -19 -19 -19 -19 -19 -19 -18 -18 -18 -18 -18 -18 -18 -18 -18 -18 -18 -18 -18 -18 -18 -18 -18 -18 -18 -17 -17 -17 -17 -17 -17 -17 -17 -17 -17 -17 -17 -17 -17 -17 -17 -16 -16 -16 -16 -16 -16 -16 -16 -16 -16 -16 -16 -16 -16 -15 -15 -15 -15 -15 -15 -15 -15 -15 -15 -15 -15 -15 -15 -15 -15 -15 -15 -15 -15 -14 -14 -14 -14 -14 -14 -14 -14 -14 -14 -14 -14 -14 -14 -14 -14 -14 -14 -14 -14 -14 -13 -13 -13 -13 -13 -13 -13 -13 -13 -13 -13 -13 -13 -13 -13 -13 -13 -13 -13 -13 -13 -13 -12 -12 -12 -12 -12 -12 -12 -12 -12 -12 -12 -12 -12 -12 -12 -12 -12 -12 -12 -12 -12 -12 -12 -11 -11 -11 -11 -11 -11 -11 -11 -11 -11 -11 -11 -11 -11 -11 -11 -11 -11 -11 -11 -11 -11 -11 -11 -10 -10 -10 -10 -10 -10 -10 -10 -10 -10 -10 -10 -10 -10 -10 -10 -10 -10 -21 -21 -21 -21 -21 -21 -20 -20 -20 -20 -20 -20 -20 -20 -20 -20 -20 -20 -20 -20 -20 -20 -20 -20 -20 -20 -20 -19 -19 -19 -19 -19 -19 -19 -19 -19 -19 -19 -19 -19 -19 -19 -19 -19 -19 -19 -19 -19 -18 -18 -18 -18 -18 -18 -18 -18 -18 -18 -18 -18 -18 -18 -18 -18 -18 -18 -18 -17 -17 -17 -17 -17 -17 -17 -17 -17 -17 -17 -17 -17 -17 -16 -16 -16 -16 -16 -16 -16 -16 -16 -16 -16 -16 -16 -16 -16 -16 -15 -15 -15 -15 -15 -15 -15 -15 -15 -15 -15 -15 -15 -15 -15 -15 -15 -15 -15 -15 -14 -14 -14 -14 -14 -14 -14 -14 -14 -14 -14 -14 -14 -14 -14 -14 -14 -14 -14 -14 -13 -13 -13 -13 -13 -13 -13 -13 -13 -13 -13 -13 -13 -13 -13 -13 -13 -13 -13 -13 -13 -13 -12 -12 -12 -12 -12 -12 -12 -12 -12 -12 -12 -12 -12 -12 -12 -12 -12 -12 -12 -12 -12 -12 -11 -11 -11 -11 -11 -11 -11 -11 -11 -11 -11 -11 -11 -11 -11 -11 -11 -11 -11 -11 -11 -11 -11 -11 -10 -10 -10 -10 -10 -10 -10 -10 -10 -10 -10 -10 -10 -10 -10 -10 -10 -10 -21 -21 -21 -21 -21 -21 -21 -20 -20 -20 -20 -20 -20 -20 -20 -20 -20 -20 -20 -20 -20 -20 -20 -20 -20 -20 -20 -20 -19 -19 -19 -19 -19 -19 -19 -19 -19 -19 -19 -19 -19 -19 -19 -19 -19 -19 -19 -19 -18 -18 -18 -18 -18 -18 -18 -18 -18 -18 -18 -18 -18 -18 -18 -18 -18 -18 -18 -17 -17 -17 -17 -17 -17 -17 -17 -17 -17 -17 -17 -17 -16 -16 -16 -16 -16 -16 -16 -16 -16 -16 -16 -16 -16 -16 -16 -16 -15 -15 -15 -15 -15 -15 -15 -15 -15 -15 -15 -15 -15 -15 -15 -15 -15 -15 -15 -15 -15 -14 -14 -14 -14 -14 -14 -14 -14 -14 -14 -14 -14 -14 -14 -14 -14 -14 -14 -14 -14 -13 -13 -13 -13 -13 -13 -13 -13 -13 -13 -13 -13 -13 -13 -13 -13 -13 -13 -13 -13 -13 -12 -12 -12 -12 -12 -12 -12 -12 -12 -12 -12 -12 -12 -12 -12 -12 -12 -12 -12 -12 -12 -12 -11 -11 -11 -11 -11 -11 -11 -11 -11 -11 -11 -11 -11 -11 -11 -11 -11 -11 -11 -11 -11 -11 -11 -11 -11 -10 -10 -10 -10 -10 -10 -10 -10 -10 -10 -10 -10 -10 -10 -10 -10 -10 -21 -21 -21 -21 -21 -21 -21 -21 -21 -21 -21 -20 -20 -20 -20 -20 -20 -20 -20 -20 -20 -20 -20 -20 -20 -20 -20 -20 -20 -20 -20 -20 -19 -19 -19 -19 -19 -19 -19 -19 -19 -19 -19 -19 -19 -19 -19 -19 -19 -19 -19 -19 -18 -18 -18 -18 -18 -18 -18 -18 -18 -18 -18 -18 -18 -18 -18 -18 -18 -18 -18 -17 -17 -17 -17 -17 -17 -17 -17 -17 -17 -17 -16 -16 -16 -16 -16 -16 -16 -16 -16 -16 -16 -16 -16 -16 -16 -16 -16 -15 -15 -15 -15 -15 -15 -15 -15 -15 -15 -15 -15 -15 -15 -15 -15 -15 -15 -15 -15 -15 -14 -14 -14 -14 -14 -14 -14 -14 -14 -14 -14 -14 -14 -14 -14 -14 -14 -14 -14 -14 -13 -13 -13 -13 -13 -13 -13 -13 -13 -13 -13 -13 -13 -13 -13 -13 -13 -13 -13 -13 -13 -12 -12 -12 -12 -12 -12 -12 -12 -12 -12 -12 -12 -12 -12 -12 -12 -12 -12 -12 -12 -12 -11 -11 -11 -11 -11 -11 -11 -11 -11 -11 -11 -11 -11 -11 -11 -11 -11 -11 -11 -11 -11 -11 -11 -11 -11 -10 -10 -10 -10 -10 -10 -10 -10 -10 -10 -10 -10 -10 -10 -10 -10 -10 -10 -21 -21 -21 -21 -21 -21 -21 -21 -21 -21 -21 -21 -21 -21 -21 -20 -20 -20 -20 -20 -20 -20 -20 -20 -20 -20 -20 -20 -20 -20 -20 -20 -20 -20 -20 -19 -19 -19 -19 -19 -19 -19 -19 -19 -19 -19 -19 -19 -19 -19 -19 -19 -19 -19 -19 -18 -18 -18 -18 -18 -18 -18 -18 -18 -18 -18 -18 -18 -18 -18 -18 -18 -18 -17 -17 -17 -17 -17 -17 -17 -17 -17 -17 -16 -16 -16 -16 -16 -16 -16 -16 -16 -16 -16 -16 -16 -16 -16 -16 -16 -16 -16 -15 -15 -15 -15 -15 -15 -15 -15 -15 -15 -15 -15 -15 -15 -15 -15 -15 -15 -15 -14 -14 -14 -14 -14 -14 -14 -14 -14 -14 -14 -14 -14 -14 -14 -14 -14 -14 -14 -14 -14 -14 -13 -13 -13 -13 -13 -13 -13 -13 -13 -13 -13 -13 -13 -13 -13 -13 -13 -13 -13 -13 -12 -12 -12 -12 -12 -12 -12 -12 -12 -12 -12 -12 -12 -12 -12 -12 -12 -12 -12 -12 -11 -11 -11 -11 -11 -11 -11 -11 -11 -11 -11 -11 -11 -11 -11 -11 -11 -11 -11 -11 -11 -11 -11 -11 -11 -11 -10 -10 -10 -10 -10 -10 -10 -10 -10 -10 -10 -10 -10 -10 -10 -10 -10 -10 -10 -10 -21 -21 -21 -21 -21 -21 -21 -21 -21 -21 -21 -21 -21 -21 -21 -21 -21 -20 -20 -20 -20 -20 -20 -20 -20 -20 -20 -20 -20 -20 -20 -20 -20 -20 -20 -20 -20 -19 -19 -19 -19 -19 -19 -19 -19 -19 -19 -19 -19 -19 -19 -19 -19 -19 -19 -19 -18 -18 -18 -18 -18 -18 -18 -18 -18 -18 -18 -18 -18 -18 -18 -18 -18 -18 -17 -17 -17 -17 -17 -17 -17 -17 -17 -17 -16 -16 -16 -16 -16 -16 -16 -16 -16 -16 -16 -16 -16 -16 -16 -16 -16 -16 -16 -15 -15 -15 -15 -15 -15 -15 -15 -15 -15 -15 -15 -15 -15 -15 -15 -15 -15 -15 -14 -14 -14 -14 -14 -14 -14 -14 -14 -14 -14 -14 -14 -14 -14 -14 -14 -14 -14 -14 -14 -13 -13 -13 -13 -13 -13 -13 -13 -13 -13 -13 -13 -13 -13 -13 -13 -13 -13 -13 -13 -13 -12 -12 -12 -12 -12 -12 -12 -12 -12 -12 -12 -12 -12 -12 -12 -12 -12 -12 -12 -11 -11 -11 -11 -11 -11 -11 -11 -11 -11 -11 -11 -11 -11 -11 -11 -11 -11 -11 -11 -11 -11 -11 -11 -11 -11 -11 -10 -10 -10 -10 -10 -10 -10 -10 -10 -10 -10 -10 -10 -10 -10 -10 -10 -10 -10 -10 -21 -21 -21 -21 -21 -21 -21 -21 -21 -21 -21 -21 -21 -21 -21 -21 -21 -21 -21 -20 -20 -20 -20 -20 -20 -20 -20 -20 -20 -20 -20 -20 -20 -20 -20 -20 -20 -20 -20 -19 -19 -19 -19 -19 -19 -19 -19 -19 -19 -19 -19 -19 -19 -19 -19 -19 -19 -19 -18 -18 -18 -18 -18 -18 -18 -18 -18 -18 -18 -18 -18 -18 -18 -18 -18 -18 -17 -17 -17 -17 -17 -17 -17 -17 -17 -16 -16 -16 -16 -16 -16 -16 -16 -16 -16 -16 -16 -16 -16 -16 -16 -16 -16 -16 -15 -15 -15 -15 -15 -15 -15 -15 -15 -15 -15 -15 -15 -15 -15 -15 -15 -15 -15 -14 -14 -14 -14 -14 -14 -14 -14 -14 -14 -14 -14 -14 -14 -14 -14 -14 -14 -14 -14 -14 -13 -13 -13 -13 -13 -13 -13 -13 -13 -13 -13 -13 -13 -13 -13 -13 -13 -13 -13 -13 -13 -12 -12 -12 -12 -12 -12 -12 -12 -12 -12 -12 -12 -12 -12 -12 -12 -12 -12 -12 -11 -11 -11 -11 -11 -11 -11 -11 -11 -11 -11 -11 -11 -11 -11 -11 -11 -11 -11 -11 -11 -11 -11 -11 -11 -11 -10 -10 -10 -10 -10 -10 -10 -10 -10 -10 -10 -10 -10 -10 -10 -10 -10 -10 -10 -10 -10 -21 -21 -21 -21 -21 -21 -21 -21 -21 -21 -21 -21 -21 -21 -21 -21 -20 -20 -20 -20 -20 -20 -20 -20 -20 -20 -20 -20 -20 -20 -20 -20 -20 -20 -20 -19 -19 -19 -19 -19 -19 -19 -19 -19 -19 -19 -19 -19 -19 -19 -19 -19 -19 -19 -19 -18 -18 -18 -18 -18 -18 -18 -18 -18 -18 -18 -18 -18 -18 -18 -18 -18 -17 -17 -17 -17 -17 -17 -17 -17 -17 -17 -16 -16 -16 -16 -16 -16 -16 -16 -16 -16 -16 -16 -16 -16 -16 -16 -16 -16 -15 -15 -15 -15 -15 -15 -15 -15 -15 -15 -15 -15 -15 -15 -15 -15 -15 -15 -15 -14 -14 -14 -14 -14 -14 -14 -14 -14 -14 -14 -14 -14 -14 -14 -14 -14 -14 -14 -14 -14 -13 -13 -13 -13 -13 -13 -13 -13 -13 -13 -13 -13 -13 -13 -13 -13 -13 -13 -13 -13 -13 -12 -12 -12 -12 -12 -12 -12 -12 -12 -12 -12 -12 -12 -12 -12 -12 -12 -12 -12 -11 -11 -11 -11 -11 -11 -11 -11 -11 -11 -11 -11 -11 -11 -11 -11 -11 -11 -11 -11 -11 -11 -11 -11 -11 -11 -10 -10 -10 -10 -10 -10 -10 -10 -10 -10 -10 -10 -10 -10 -10 -10 -10 -10 -10 -10 -10 -21 -21 -21 -21 -21 -21 -21 -21 -21 -21 -21 -21 -21 -21 -21 -21 -20 -20 -20 -20 -20 -20 -20 -20 -20 -20 -20 -20 -20 -20 -20 -20 -20 -20 -19 -19 -19 -19 -19 -19 -19 -19 -19 -19 -19 -19 -19 -19 -19 -19 -19 -19 -19 -18 -18 -18 -18 -18 -18 -18 -18 -18 -18 -18 -18 -18 -18 -18 -18 -18 -17 -17 -17 -17 -17 -17 -17 -17 -17 -17 -16 -16 -16 -16 -16 -16 -16 -16 -16 -16 -16 -16 -16 -16 -16 -16 -16 -16 -15 -15 -15 -15 -15 -15 -15 -15 -15 -15 -15 -15 -15 -15 -15 -15 -15 -15 -15 -14 -14 -14 -14 -14 -14 -14 -14 -14 -14 -14 -14 -14 -14 -14 -14 -14 -14 -14 -14 -14 -13 -13 -13 -13 -13 -13 -13 -13 -13 -13 -13 -13 -13 -13 -13 -13 -13 -13 -13 -13 -13 -12 -12 -12 -12 -12 -12 -12 -12 -12 -12 -12 -12 -12 -12 -12 -12 -12 -11 -11 -11 -11 -11 -11 -11 -11 -11 -11 -11 -11 -11 -11 -11 -11 -11 -11 -11 -11 -11 -11 -11 -11 -11 -11 -11 -10 -10 -10 -10 -10 -10 -10 -10 -10 -10 -10 -10 -10 -10 -10 -10 -10 -10 -10 -10 -10 -22 -22 -22 -22 -22 -21 -21 -21 -21 -21 -21 -21 -21 -21 -20 -20 -20 -20 -20 -20 -20 -20 -20 -20 -20 -20 -20 -20 -20 -20 -20 -20 -19 -19 -19 -19 -19 -19 -19 -19 -19 -19 -19 -19 -19 -19 -19 -19 -19 -19 -19 -18 -18 -18 -18 -18 -18 -18 -18 -18 -18 -18 -18 -18 -18 -18 -18 -18 -17 -17 -17 -17 -17 -17 -17 -17 -17 -16 -16 -16 -16 -16 -16 -16 -16 -16 -16 -16 -16 -16 -16 -16 -16 -16 -16 -15 -15 -15 -15 -15 -15 -15 -15 -15 -15 -15 -15 -15 -15 -15 -15 -15 -15 -15 -15 -14 -14 -14 -14 -14 -14 -14 -14 -14 -14 -14 -14 -14 -14 -14 -14 -14 -14 -14 -14 -13 -13 -13 -13 -13 -13 -13 -13 -13 -13 -13 -13 -13 -13 -13 -13 -13 -13 -13 -13 -13 -12 -12 -12 -12 -12 -12 -12 -12 -12 -12 -12 -12 -12 -12 -12 -12 -12 -11 -11 -11 -11 -11 -11 -11 -11 -11 -11 -11 -11 -11 -11 -11 -11 -11 -11 -11 -11 -11 -11 -11 -11 -11 -11 -11 -10 -10 -10 -10 -10 -10 -10 -10 -10 -10 -10 -10 -10 -10 -10 -10 -10 -10 -10 -10 -10 -21 -21 -21 -21 -21 -21 -20 -20 -20 -20 -20 -20 -20 -20 -20 -20 -20 -20 -20 -20 -20 -20 -20 -20 -19 -19 -19 -19 -19 -19 -19 -19 -19 -19 -19 -19 -19 -19 -19 -19 -19 -19 -18 -18 -18 -18 -18 -18 -18 -18 -18 -18 -18 -18 -18 -18 -18 -18 -18 -17 -17 -17 -17 -17 -17 -17 -17 -17 -16 -16 -16 -16 -16 -16 -16 -16 -16 -16 -16 -16 -16 -16 -16 -16 -16 -16 -15 -15 -15 -15 -15 -15 -15 -15 -15 -15 -15 -15 -15 -15 -15 -15 -15 -15 -15 -14 -14 -14 -14 -14 -14 -14 -14 -14 -14 -14 -14 -14 -14 -14 -14 -14 -14 -14 -14 -14 -13 -13 -13 -13 -13 -13 -13 -13 -13 -13 -13 -13 -13 -13 -13 -13 -13 -13 -13 -13 -13 -12 -12 -12 -12 -12 -12 -12 -12 -12 -12 -12 -12 -12 -12 -12 -12 -12 -12 -11 -11 -11 -11 -11 -11 -11 -11 -11 -11 -11 -11 -11 -11 -11 -11 -11 -11 -11 -11 -11 -11 -11 -11 -11 -10 -10 -10 -10 -10 -10 -10 -10 -10 -10 -10 -10 -10 -10 -10 -10 -10 -10 -10 -10 -21 -21 -21 -21 -21 -21 -20 -20 -20 -20 -20 -20 -20 -20 -20 -20 -20 -20 -20 -20 -20 -20 -20 -20 -19 -19 -19 -19 -19 -19 -19 -19 -19 -19 -19 -19 -19 -19 -19 -19 -19 -19 -18 -18 -18 -18 -18 -18 -18 -18 -18 -18 -18 -18 -18 -18 -18 -18 -17 -17 -17 -17 -17 -17 -17 -17 -17 -16 -16 -16 -16 -16 -16 -16 -16 -16 -16 -16 -16 -16 -16 -16 -16 -16 -16 -15 -15 -15 -15 -15 -15 -15 -15 -15 -15 -15 -15 -15 -15 -15 -15 -15 -15 -15 -14 -14 -14 -14 -14 -14 -14 -14 -14 -14 -14 -14 -14 -14 -14 -14 -14 -14 -14 -14 -14 -13 -13 -13 -13 -13 -13 -13 -13 -13 -13 -13 -13 -13 -13 -13 -13 -13 -13 -13 -13 -13 -12 -12 -12 -12 -12 -12 -12 -12 -12 -12 -12 -12 -12 -12 -12 -12 -12 -11 -11 -11 -11 -11 -11 -11 -11 -11 -11 -11 -11 -11 -11 -11 -11 -11 -11 -11 -11 -11 -11 -11 -11 -11 -11 -10 -10 -10 -10 -10 -10 -10 -10 -10 -10 -10 -10 -10 -10 -10 -10 -10 -10 -21 -21 -21 -21 -21 -21 -21 -20 -20 -20 -20 -20 -20 -20 -20 -20 -20 -20 -20 -20 -20 -20 -20 -20 -20 -19 -19 -19 -19 -19 -19 -19 -19 -19 -19 -19 -19 -19 -19 -19 -19 -19 -18 -18 -18 -18 -18 -18 -18 -18 -18 -18 -18 -18 -18 -18 -18 -18 -17 -17 -17 -17 -17 -17 -17 -17 -17 -16 -16 -16 -16 -16 -16 -16 -16 -16 -16 -16 -16 -16 -16 -16 -16 -16 -16 -15 -15 -15 -15 -15 -15 -15 -15 -15 -15 -15 -15 -15 -15 -15 -15 -15 -15 -15 -14 -14 -14 -14 -14 -14 -14 -14 -14 -14 -14 -14 -14 -14 -14 -14 -14 -14 -14 -14 -14 -13 -13 -13 -13 -13 -13 -13 -13 -13 -13 -13 -13 -13 -13 -13 -13 -13 -13 -13 -13 -12 -12 -12 -12 -12 -12 -12 -12 -12 -12 -12 -12 -12 -12 -12 -12 -12 -12 -11 -11 -11 -11 -11 -11 -11 -11 -11 -11 -11 -11 -11 -11 -11 -11 -11 -11 -11 -11 -11 -11 -11 -11 -11 -10 -10 -10 -10 -10 -10 -10 -10 -10 -10 -10 -10 -10 -10 -10 -10 -21 -21 -21 -21 -21 -21 -21 -21 -20 -20 -20 -20 -20 -20 -20 -20 -20 -20 -20 -20 -20 -20 -20 -20 -20 -20 -19 -19 -19 -19 -19 -19 -19 -19 -19 -19 -19 -19 -19 -19 -19 -19 -19 -19 -18 -18 -18 -18 -18 -18 -18 -18 -18 -18 -18 -18 -18 -18 -17 -17 -17 -17 -17 -17 -17 -17 -17 -17 -17 -16 -16 -16 -16 -16 -16 -16 -16 -16 -16 -16 -16 -16 -16 -16 -16 -16 -15 -15 -15 -15 -15 -15 -15 -15 -15 -15 -15 -15 -15 -15 -15 -15 -15 -15 -15 -14 -14 -14 -14 -14 -14 -14 -14 -14 -14 -14 -14 -14 -14 -14 -14 -14 -14 -14 -14 -14 -13 -13 -13 -13 -13 -13 -13 -13 -13 -13 -13 -13 -13 -13 -13 -13 -13 -13 -13 -13 -12 -12 -12 -12 -12 -12 -12 -12 -12 -12 -12 -12 -12 -12 -12 -12 -12 -12 -11 -11 -11 -11 -11 -11 -11 -11 -11 -11 -11 -11 -11 -11 -11 -11 -11 -11 -11 -11 -11 -11 -11 -11 -11 -10 -10 -10 -10 -10 -10 -10 -10 -10 -10 -10 -10 -10 -21 -21 -21 -21 -21 -21 -21 -21 -21 -21 -20 -20 -20 -20 -20 -20 -20 -20 -20 -20 -20 -20 -20 -20 -20 -20 -20 -20 -19 -19 -19 -19 -19 -19 -19 -19 -19 -19 -19 -19 -19 -19 -19 -19 -19 -18 -18 -18 -18 -18 -18 -18 -18 -18 -18 -18 -18 -18 -17 -17 -17 -17 -17 -17 -17 -17 -17 -17 -17 -17 -16 -16 -16 -16 -16 -16 -16 -16 -16 -16 -16 -16 -16 -16 -16 -16 -16 -15 -15 -15 -15 -15 -15 -15 -15 -15 -15 -15 -15 -15 -15 -15 -15 -15 -15 -15 -14 -14 -14 -14 -14 -14 -14 -14 -14 -14 -14 -14 -14 -14 -14 -14 -14 -14 -14 -14 -14 -13 -13 -13 -13 -13 -13 -13 -13 -13 -13 -13 -13 -13 -13 -13 -13 -13 -13 -13 -13 -12 -12 -12 -12 -12 -12 -12 -12 -12 -12 -12 -12 -12 -12 -12 -12 -12 -12 -11 -11 -11 -11 -11 -11 -11 -11 -11 -11 -11 -11 -11 -11 -11 -11 -11 -11 -11 -11 -11 -11 -11 -11 -10 -10 -10 -10 -10 -10 -10 -10 -10 -10 -10 -10 -22 -22 -22 -22 -22 -21 -21 -21 -21 -21 -21 -21 -21 -21 -21 -21 -21 -21 -21 -21 -20 -20 -20 -20 -20 -20 -20 -20 -20 -20 -20 -20 -20 -20 -20 -20 -20 -20 -19 -19 -19 -19 -19 -19 -19 -19 -19 -19 -19 -19 -19 -19 -19 -19 -18 -18 -18 -18 -18 -18 -18 -18 -18 -18 -18 -18 -17 -17 -17 -17 -17 -17 -17 -17 -17 -17 -17 -17 -17 -16 -16 -16 -16 -16 -16 -16 -16 -16 -16 -16 -16 -16 -16 -16 -16 -16 -15 -15 -15 -15 -15 -15 -15 -15 -15 -15 -15 -15 -15 -15 -15 -15 -15 -15 -15 -14 -14 -14 -14 -14 -14 -14 -14 -14 -14 -14 -14 -14 -14 -14 -14 -14 -14 -14 -14 -14 -13 -13 -13 -13 -13 -13 -13 -13 -13 -13 -13 -13 -13 -13 -13 -13 -13 -13 -13 -13 -12 -12 -12 -12 -12 -12 -12 -12 -12 -12 -12 -12 -12 -12 -12 -12 -12 -11 -11 -11 -11 -11 -11 -11 -11 -11 -11 -11 -11 -11 -11 -11 -11 -11 -11 -11 -11 -11 -11 -11 -11 -11 -10 -10 -10 -10 -10 -10 -10 -10 -10 -10 -10 -22 -22 -22 -22 -22 -22 -22 -22 -22 -22 -21 -21 -21 -21 -21 -21 -21 -21 -21 -21 -21 -21 -21 -21 -21 -21 -20 -20 -20 -20 -20 -20 -20 -20 -20 -20 -20 -20 -20 -20 -20 -20 -20 -20 -19 -19 -19 -19 -19 -19 -19 -19 -19 -19 -19 -19 -19 -19 -19 -19 -19 -18 -18 -18 -18 -18 -18 -18 -18 -18 -18 -17 -17 -17 -17 -17 -17 -17 -17 -17 -17 -17 -17 -17 -17 -16 -16 -16 -16 -16 -16 -16 -16 -16 -16 -16 -16 -16 -16 -16 -16 -16 -15 -15 -15 -15 -15 -15 -15 -15 -15 -15 -15 -15 -15 -15 -15 -15 -15 -15 -15 -15 -14 -14 -14 -14 -14 -14 -14 -14 -14 -14 -14 -14 -14 -14 -14 -14 -14 -14 -14 -14 -13 -13 -13 -13 -13 -13 -13 -13 -13 -13 -13 -13 -13 -13 -13 -13 -13 -13 -13 -13 -12 -12 -12 -12 -12 -12 -12 -12 -12 -12 -12 -12 -12 -12 -12 -12 -12 -11 -11 -11 -11 -11 -11 -11 -11 -11 -11 -11 -11 -11 -11 -11 -11 -11 -11 -11 -11 -11 -11 -11 -11 -10 -10 -10 -10 -10 -10 -10 -10 -10 -10 -10 -10 -10 -10 -10 -10 -10 -10 -22 -22 -22 -22 -22 -22 -22 -22 -22 -22 -22 -22 -21 -21 -21 -21 -21 -21 -21 -21 -21 -21 -21 -21 -21 -21 -21 -21 -20 -20 -20 -20 -20 -20 -20 -20 -20 -20 -20 -20 -20 -20 -20 -20 -20 -20 -19 -19 -19 -19 -19 -19 -19 -19 -19 -19 -19 -19 -19 -19 -19 -19 -18 -18 -18 -18 -18 -18 -18 -18 -18 -17 -17 -17 -17 -17 -17 -17 -17 -17 -17 -17 -17 -17 -17 -17 -16 -16 -16 -16 -16 -16 -16 -16 -16 -16 -16 -16 -16 -16 -16 -16 -16 -15 -15 -15 -15 -15 -15 -15 -15 -15 -15 -15 -15 -15 -15 -15 -15 -15 -15 -15 -15 -14 -14 -14 -14 -14 -14 -14 -14 -14 -14 -14 -14 -14 -14 -14 -14 -14 -14 -14 -14 -13 -13 -13 -13 -13 -13 -13 -13 -13 -13 -13 -13 -13 -13 -13 -13 -13 -13 -13 -13 -12 -12 -12 -12 -12 -12 -12 -12 -12 -12 -12 -12 -12 -12 -12 -12 -12 -11 -11 -11 -11 -11 -11 -11 -11 -11 -11 -11 -11 -11 -11 -11 -11 -11 -11 -11 -11 -11 -11 -11 -11 -10 -10 -10 -10 -10 -10 -10 -10 -10 -10 -10 -10 -10 -10 -10 -10 -10 -8 -8 -22 -22 -22 -22 -22 -22 -22 -22 -22 -22 -22 -22 -22 -21 -21 -21 -21 -21 -21 -21 -21 -21 -21 -21 -21 -21 -21 -21 -21 -21 -20 -20 -20 -20 -20 -20 -20 -20 -20 -20 -20 -20 -20 -20 -20 -20 -20 -20 -19 -19 -19 -19 -19 -19 -19 -19 -19 -19 -19 -19 -19 -19 -19 -19 -18 -18 -18 -18 -18 -18 -18 -17 -17 -17 -17 -17 -17 -17 -17 -17 -17 -17 -17 -17 -17 -17 -17 -16 -16 -16 -16 -16 -16 -16 -16 -16 -16 -16 -16 -16 -16 -16 -16 -16 -15 -15 -15 -15 -15 -15 -15 -15 -15 -15 -15 -15 -15 -15 -15 -15 -15 -15 -15 -15 -14 -14 -14 -14 -14 -14 -14 -14 -14 -14 -14 -14 -14 -14 -14 -14 -14 -14 -14 -14 -13 -13 -13 -13 -13 -13 -13 -13 -13 -13 -13 -13 -13 -13 -13 -13 -13 -13 -13 -13 -12 -12 -12 -12 -12 -12 -12 -12 -12 -12 -12 -12 -12 -12 -12 -12 -11 -11 -11 -11 -11 -11 -11 -11 -11 -11 -11 -11 -11 -11 -11 -11 -11 -11 -11 -11 -11 -11 -11 -11 -10 -10 -10 -10 -10 -10 -10 -10 -10 -10 -10 -10 -10 -10 -10 -10 -10 -8 -8 -8 -8 -22 -22 -22 -22 -22 -22 -22 -22 -22 -22 -22 -22 -22 -22 -22 -22 -22 -21 -21 -21 -21 -21 -21 -21 -21 -21 -21 -21 -21 -21 -21 -21 -21 -20 -20 -20 -20 -20 -20 -20 -20 -20 -20 -20 -20 -20 -20 -20 -20 -20 -19 -19 -19 -19 -19 -19 -19 -19 -19 -19 -19 -19 -19 -19 -19 -19 -18 -18 -18 -18 -18 -18 -18 -17 -17 -17 -17 -17 -17 -17 -17 -17 -17 -17 -17 -17 -17 -17 -17 -16 -16 -16 -16 -16 -16 -16 -16 -16 -16 -16 -16 -16 -16 -16 -16 -16 -15 -15 -15 -15 -15 -15 -15 -15 -15 -15 -15 -15 -15 -15 -15 -15 -15 -15 -15 -15 -14 -14 -14 -14 -14 -14 -14 -14 -14 -14 -14 -14 -14 -14 -14 -14 -14 -14 -14 -13 -13 -13 -13 -13 -13 -13 -13 -13 -13 -13 -13 -13 -13 -13 -13 -13 -13 -13 -13 -13 -12 -12 -12 -12 -12 -12 -12 -12 -12 -12 -12 -12 -12 -12 -12 -12 -11 -11 -11 -11 -11 -11 -11 -11 -11 -11 -11 -11 -11 -11 -11 -11 -11 -11 -11 -11 -11 -11 -11 -11 -10 -10 -10 -10 -10 -10 -10 -10 -10 -10 -10 -10 -10 -10 -10 -10 -8 -8 -8 -8 -8 -22 -22 -22 -22 -22 -22 -22 -22 -22 -22 -22 -22 -22 -22 -22 -22 -22 -22 -22 -21 -21 -21 -21 -21 -21 -21 -21 -21 -21 -21 -21 -21 -21 -21 -20 -20 -20 -20 -20 -20 -20 -20 -20 -20 -20 -20 -20 -20 -20 -20 -20 -19 -19 -19 -19 -19 -19 -19 -19 -19 -19 -19 -19 -19 -19 -19 -18 -18 -18 -18 -18 -18 -18 -18 -17 -17 -17 -17 -17 -17 -17 -17 -17 -17 -17 -17 -17 -17 -17 -16 -16 -16 -16 -16 -16 -16 -16 -16 -16 -16 -16 -16 -16 -16 -16 -16 -15 -15 -15 -15 -15 -15 -15 -15 -15 -15 -15 -15 -15 -15 -15 -15 -15 -15 -15 -15 -14 -14 -14 -14 -14 -14 -14 -14 -14 -14 -14 -14 -14 -14 -14 -14 -14 -14 -14 -14 -13 -13 -13 -13 -13 -13 -13 -13 -13 -13 -13 -13 -13 -13 -13 -13 -13 -13 -13 -12 -12 -12 -12 -12 -12 -12 -12 -12 -12 -12 -12 -12 -12 -12 -12 -12 -11 -11 -11 -11 -11 -11 -11 -11 -11 -11 -11 -11 -11 -11 -11 -11 -11 -11 -11 -11 -11 -11 -11 -11 -10 -10 -10 -10 -10 -10 -10 -10 -10 -10 -10 -10 -10 -10 -10 -8 -8 -8 -8 -8 -8 -23 -23 -22 -22 -22 -22 -22 -22 -22 -22 -22 -22 -22 -22 -22 -22 -22 -22 -22 -22 -21 -21 -21 -21 -21 -21 -21 -21 -21 -21 -21 -21 -21 -21 -21 -20 -20 -20 -20 -20 -20 -20 -20 -20 -20 -20 -20 -20 -20 -20 -20 -19 -19 -19 -19 -19 -19 -19 -19 -19 -19 -19 -19 -19 -19 -19 -19 -18 -18 -18 -18 -18 -18 -18 -17 -17 -17 -17 -17 -17 -17 -17 -17 -17 -17 -17 -17 -17 -17 -16 -16 -16 -16 -16 -16 -16 -16 -16 -16 -16 -16 -16 -16 -16 -16 -16 -15 -15 -15 -15 -15 -15 -15 -15 -15 -15 -15 -15 -15 -15 -15 -15 -15 -15 -15 -15 -14 -14 -14 -14 -14 -14 -14 -14 -14 -14 -14 -14 -14 -14 -14 -14 -14 -14 -14 -14 -13 -13 -13 -13 -13 -13 -13 -13 -13 -13 -13 -13 -13 -13 -13 -13 -13 -13 -13 -12 -12 -12 -12 -12 -12 -12 -12 -12 -12 -12 -12 -12 -12 -12 -12 -11 -11 -11 -11 -11 -11 -11 -11 -11 -11 -11 -11 -11 -11 -11 -11 -11 -11 -11 -11 -11 -11 -11 -11 -10 -10 -10 -10 -10 -10 -10 -10 -10 -10 -10 -10 -10 -10 -10 -8 -8 -8 -8 -8 -23 -23 -22 -22 -22 -22 -22 -22 -22 -22 -22 -22 -22 -22 -22 -22 -22 -22 -21 -21 -21 -21 -21 -21 -21 -21 -21 -21 -21 -21 -21 -21 -21 -21 -21 -20 -20 -20 -20 -20 -20 -20 -20 -20 -20 -20 -20 -20 -20 -20 -20 -19 -19 -19 -19 -19 -19 -19 -19 -19 -19 -19 -19 -19 -19 -19 -18 -18 -18 -18 -18 -18 -18 -17 -17 -17 -17 -17 -17 -17 -17 -17 -17 -17 -17 -17 -17 -17 -16 -16 -16 -16 -16 -16 -16 -16 -16 -16 -16 -16 -16 -16 -16 -16 -16 -15 -15 -15 -15 -15 -15 -15 -15 -15 -15 -15 -15 -15 -15 -15 -15 -15 -15 -15 -15 -14 -14 -14 -14 -14 -14 -14 -14 -14 -14 -14 -14 -14 -14 -14 -14 -14 -14 -14 -14 -13 -13 -13 -13 -13 -13 -13 -13 -13 -13 -13 -13 -13 -13 -13 -13 -13 -13 -13 -12 -12 -12 -12 -12 -12 -12 -12 -12 -12 -12 -12 -12 -12 -12 -12 -11 -11 -11 -11 -11 -11 -11 -11 -11 -11 -11 -11 -11 -11 -11 -11 -11 -11 -11 -11 -11 -11 -11 -10 -10 -10 -10 -10 -10 -10 -10 -10 -10 -10 -10 -10 -10 -10 -9 -8 -8 -8 -23 -23 -23 -22 -22 -22 -22 -22 -22 -22 -22 -22 -22 -22 -22 -22 -22 -22 -21 -21 -21 -21 -21 -21 -21 -21 -21 -21 -21 -21 -21 -21 -21 -21 -21 -21 -20 -20 -20 -20 -20 -20 -20 -20 -20 -20 -20 -20 -20 -20 -20 -20 -19 -19 -19 -19 -19 -19 -19 -19 -19 -19 -19 -19 -19 -19 -18 -18 -18 -18 -18 -18 -18 -17 -17 -17 -17 -17 -17 -17 -17 -17 -17 -17 -17 -17 -17 -17 -16 -16 -16 -16 -16 -16 -16 -16 -16 -16 -16 -16 -16 -16 -16 -16 -16 -15 -15 -15 -15 -15 -15 -15 -15 -15 -15 -15 -15 -15 -15 -15 -15 -15 -15 -15 -15 -14 -14 -14 -14 -14 -14 -14 -14 -14 -14 -14 -14 -14 -14 -14 -14 -14 -14 -14 -14 -13 -13 -13 -13 -13 -13 -13 -13 -13 -13 -13 -13 -13 -13 -13 -13 -13 -13 -13 -12 -12 -12 -12 -12 -12 -12 -12 -12 -12 -12 -12 -12 -12 -12 -12 -11 -11 -11 -11 -11 -11 -11 -11 -11 -11 -11 -11 -11 -11 -11 -11 -11 -11 -11 -11 -11 -11 -11 -10 -10 -10 -10 -10 -10 -10 -10 -10 -10 -10 -10 -10 -10 -8 -9 -8 -8 -8 -8 -8 -22 -22 -22 -22 -22 -22 -22 -22 -22 -22 -22 -22 -22 -22 -22 -22 -22 -21 -21 -21 -21 -21 -21 -21 -21 -21 -21 -21 -21 -21 -21 -21 -21 -21 -21 -21 -20 -20 -20 -20 -20 -20 -20 -20 -20 -20 -20 -20 -20 -20 -20 -20 -19 -19 -19 -19 -19 -19 -19 -19 -19 -19 -19 -19 -19 -19 -18 -18 -18 -18 -18 -18 -18 -18 -18 -18 -17 -17 -17 -17 -17 -17 -17 -17 -17 -17 -17 -17 -17 -17 -16 -16 -16 -16 -16 -16 -16 -16 -16 -16 -16 -16 -16 -16 -16 -16 -16 -15 -15 -15 -15 -15 -15 -15 -15 -15 -15 -15 -15 -15 -15 -15 -15 -15 -15 -15 -15 -15 -15 -14 -14 -14 -14 -14 -14 -14 -14 -14 -14 -14 -14 -14 -14 -14 -14 -14 -14 -14 -14 -13 -13 -13 -13 -13 -13 -13 -13 -13 -13 -13 -13 -13 -13 -13 -13 -13 -12 -12 -12 -12 -12 -12 -12 -12 -12 -12 -12 -12 -12 -12 -12 -11 -11 -11 -11 -11 -11 -11 -11 -11 -11 -11 -11 -11 -11 -11 -11 -11 -11 -11 -11 -11 -11 -11 -11 -10 -10 -10 -10 -10 -10 -10 -10 -10 -10 -10 -9 -9 -9 -9 -9 -9 -9 -8 -8 -8 -8 -23 -23 -23 -22 -22 -22 -22 -22 -22 -22 -22 -22 -22 -22 -22 -22 -22 -22 -22 -22 -21 -21 -21 -21 -21 -21 -21 -21 -21 -21 -21 -21 -21 -21 -21 -21 -21 -21 -21 -20 -20 -20 -20 -20 -20 -20 -20 -20 -20 -20 -20 -20 -20 -20 -20 -19 -19 -19 -19 -19 -19 -19 -19 -19 -19 -19 -19 -18 -18 -18 -18 -18 -18 -18 -18 -18 -18 -18 -17 -17 -17 -17 -17 -17 -17 -17 -17 -17 -17 -17 -17 -17 -16 -16 -16 -16 -16 -16 -16 -16 -16 -16 -16 -16 -16 -16 -16 -16 -15 -15 -15 -15 -15 -15 -15 -15 -15 -15 -15 -15 -15 -15 -15 -15 -15 -15 -15 -15 -15 -15 -14 -14 -14 -14 -14 -14 -14 -14 -14 -14 -14 -14 -14 -14 -14 -14 -14 -14 -14 -14 -14 -13 -13 -13 -13 -13 -13 -13 -13 -13 -13 -13 -13 -13 -13 -13 -13 -12 -12 -12 -12 -12 -12 -12 -12 -12 -12 -12 -12 -12 -12 -12 -12 -11 -11 -11 -11 -11 -11 -11 -11 -11 -11 -11 -11 -11 -11 -11 -11 -11 -11 -11 -11 -11 -11 -11 -11 -10 -10 -10 -10 -10 -10 -10 -10 -10 -10 -9 -9 -9 -9 -9 -9 -9 -9 -8 -8 -8 -23 -23 -23 -23 -23 -23 -23 -23 -23 -23 -23 -23 -22 -22 -22 -22 -22 -22 -22 -22 -22 -22 -22 -22 -22 -22 -22 -22 -21 -21 -21 -21 -21 -21 -21 -21 -21 -21 -21 -21 -21 -21 -21 -21 -21 -21 -20 -20 -20 -20 -20 -20 -20 -20 -20 -20 -20 -20 -20 -20 -20 -20 -19 -19 -19 -19 -19 -19 -19 -19 -19 -19 -19 -18 -18 -18 -18 -18 -18 -18 -18 -18 -18 -18 -18 -17 -17 -17 -17 -17 -17 -17 -17 -17 -17 -17 -17 -17 -17 -16 -16 -16 -16 -16 -16 -16 -16 -16 -16 -16 -16 -16 -16 -16 -16 -15 -15 -15 -15 -15 -15 -15 -15 -15 -15 -15 -15 -15 -15 -15 -15 -15 -15 -15 -15 -15 -15 -14 -14 -14 -14 -14 -14 -14 -14 -14 -14 -14 -14 -14 -14 -14 -14 -14 -14 -14 -14 -14 -13 -13 -13 -13 -13 -13 -13 -13 -13 -13 -13 -13 -13 -13 -13 -12 -12 -12 -12 -12 -12 -12 -12 -12 -12 -12 -12 -12 -12 -12 -12 -11 -11 -11 -11 -11 -11 -11 -11 -11 -11 -11 -11 -11 -11 -11 -11 -11 -11 -11 -11 -11 -11 -11 -11 -10 -10 -10 -10 -10 -10 -10 -10 -10 -10 -9 -9 -9 -9 -9 -9 -9 -9 -8 -8 -8 -8 -23 -23 -23 -23 -23 -23 -23 -23 -23 -23 -23 -23 -23 -23 -23 -23 -22 -22 -22 -22 -22 -22 -22 -22 -22 -22 -22 -22 -22 -22 -22 -21 -21 -21 -21 -21 -21 -21 -21 -21 -21 -21 -21 -21 -21 -21 -21 -21 -21 -20 -20 -20 -20 -20 -20 -20 -20 -20 -20 -20 -20 -20 -20 -20 -20 -19 -19 -19 -19 -19 -19 -19 -19 -19 -18 -18 -18 -18 -18 -18 -18 -18 -18 -18 -18 -18 -18 -17 -17 -17 -17 -17 -17 -17 -17 -17 -17 -17 -17 -17 -16 -16 -16 -16 -16 -16 -16 -16 -16 -16 -16 -16 -16 -16 -16 -16 -16 -15 -15 -15 -15 -15 -15 -15 -15 -15 -15 -15 -15 -15 -15 -15 -15 -15 -15 -15 -15 -15 -15 -14 -14 -14 -14 -14 -14 -14 -14 -14 -14 -14 -14 -14 -14 -14 -14 -14 -14 -14 -14 -13 -13 -13 -13 -13 -13 -13 -13 -13 -13 -13 -13 -13 -13 -13 -12 -12 -12 -12 -12 -12 -12 -12 -12 -12 -12 -12 -12 -12 -12 -12 -12 -11 -11 -11 -11 -11 -11 -11 -11 -11 -11 -11 -11 -11 -11 -11 -11 -11 -11 -11 -11 -11 -11 -11 -11 -10 -10 -10 -10 -10 -10 -10 -10 -10 -9 -9 -9 -9 -9 -9 -9 -9 -9 -8 -8 -8 -23 -23 -23 -23 -23 -23 -23 -23 -23 -23 -23 -23 -23 -23 -23 -23 -23 -23 -23 -22 -22 -22 -22 -22 -22 -22 -22 -22 -22 -22 -22 -22 -22 -22 -22 -21 -21 -21 -21 -21 -21 -21 -21 -21 -21 -21 -21 -21 -21 -21 -21 -20 -20 -20 -20 -20 -20 -20 -20 -20 -20 -20 -20 -20 -20 -20 -19 -19 -19 -19 -19 -19 -19 -19 -18 -18 -18 -18 -18 -18 -18 -18 -18 -18 -18 -18 -18 -18 -17 -17 -17 -17 -17 -17 -17 -17 -17 -17 -17 -17 -17 -16 -16 -16 -16 -16 -16 -16 -16 -16 -16 -16 -16 -16 -16 -16 -16 -16 -15 -15 -15 -15 -15 -15 -15 -15 -15 -15 -15 -15 -15 -15 -15 -15 -15 -15 -15 -15 -15 -15 -14 -14 -14 -14 -14 -14 -14 -14 -14 -14 -14 -14 -14 -14 -14 -14 -14 -14 -14 -14 -13 -13 -13 -13 -13 -13 -13 -13 -13 -13 -13 -13 -13 -13 -12 -12 -12 -12 -12 -12 -12 -12 -12 -12 -12 -12 -12 -12 -12 -12 -12 -12 -11 -11 -11 -11 -11 -11 -11 -11 -11 -11 -11 -11 -11 -11 -11 -11 -11 -11 -11 -11 -11 -11 -11 -10 -10 -10 -10 -10 -10 -10 -10 -10 -9 -9 -9 -9 -9 -9 -9 -9 -9 -8 -8 -8 -8 -8 -24 -23 -23 -23 -23 -23 -23 -23 -23 -23 -23 -23 -23 -23 -23 -23 -23 -23 -23 -23 -22 -22 -22 -22 -22 -22 -22 -22 -22 -22 -22 -22 -22 -22 -22 -21 -21 -21 -21 -21 -21 -21 -21 -21 -21 -21 -21 -21 -21 -21 -21 -20 -20 -20 -20 -20 -20 -20 -20 -20 -20 -20 -20 -20 -20 -20 -20 -19 -19 -19 -19 -19 -19 -19 -18 -18 -18 -18 -18 -18 -18 -18 -18 -18 -18 -18 -18 -18 -17 -17 -17 -17 -17 -17 -17 -17 -17 -17 -17 -17 -17 -16 -16 -16 -16 -16 -16 -16 -16 -16 -16 -16 -16 -16 -16 -16 -16 -16 -15 -15 -15 -15 -15 -15 -15 -15 -15 -15 -15 -15 -15 -15 -15 -15 -15 -15 -15 -15 -15 -15 -14 -14 -14 -14 -14 -14 -14 -14 -14 -14 -14 -14 -14 -14 -14 -14 -14 -14 -14 -14 -13 -13 -13 -13 -13 -13 -13 -13 -13 -13 -13 -13 -13 -12 -12 -12 -12 -12 -12 -12 -12 -12 -12 -12 -12 -12 -12 -12 -12 -12 -12 -11 -11 -11 -11 -11 -11 -11 -11 -11 -11 -11 -11 -11 -11 -11 -11 -11 -11 -11 -11 -11 -11 -11 -11 -10 -10 -10 -10 -10 -10 -10 -10 -9 -9 -9 -9 -9 -9 -9 -9 -9 -9 -8 -8 -8 -8 -8 -24 -24 -24 -23 -23 -23 -23 -23 -23 -23 -23 -23 -23 -23 -23 -23 -23 -23 -23 -23 -22 -22 -22 -22 -22 -22 -22 -22 -22 -22 -22 -22 -22 -22 -22 -21 -21 -21 -21 -21 -21 -21 -21 -21 -21 -21 -21 -21 -21 -21 -21 -20 -20 -20 -20 -20 -20 -20 -20 -20 -20 -20 -20 -20 -20 -20 -19 -19 -19 -19 -19 -19 -19 -18 -18 -18 -18 -18 -18 -18 -18 -18 -18 -18 -18 -18 -18 -17 -17 -17 -17 -17 -17 -17 -17 -17 -17 -17 -17 -17 -16 -16 -16 -16 -16 -16 -16 -16 -16 -16 -16 -16 -16 -16 -16 -16 -16 -16 -15 -15 -15 -15 -15 -15 -15 -15 -15 -15 -15 -15 -15 -15 -15 -15 -15 -15 -15 -15 -15 -14 -14 -14 -14 -14 -14 -14 -14 -14 -14 -14 -14 -14 -14 -14 -14 -14 -14 -14 -13 -13 -13 -13 -13 -13 -13 -13 -13 -13 -13 -13 -13 -12 -12 -12 -12 -12 -12 -12 -12 -12 -12 -12 -12 -12 -12 -12 -12 -12 -12 -12 -11 -11 -11 -11 -11 -11 -11 -11 -11 -11 -11 -11 -11 -11 -11 -11 -11 -11 -11 -11 -11 -11 -11 -10 -10 -10 -10 -10 -10 -10 -10 -9 -9 -9 -9 -9 -9 -9 -9 -9 -9 -8 -8 -8 -8 -8 -8 -8 -24 -24 -24 -24 -23 -23 -23 -23 -23 -23 -23 -23 -23 -23 -23 -23 -23 -23 -23 -22 -22 -22 -22 -22 -22 -22 -22 -22 -22 -22 -22 -22 -22 -22 -21 -21 -21 -21 -21 -21 -21 -21 -21 -21 -21 -21 -21 -21 -21 -21 -21 -20 -20 -20 -20 -20 -20 -20 -20 -20 -20 -20 -20 -20 -20 -19 -19 -19 -19 -19 -19 -19 -18 -18 -18 -18 -18 -18 -18 -18 -18 -18 -18 -18 -18 -18 -17 -17 -17 -17 -17 -17 -17 -17 -17 -17 -17 -17 -17 -16 -16 -16 -16 -16 -16 -16 -16 -16 -16 -16 -16 -16 -16 -16 -16 -16 -16 -15 -15 -15 -15 -15 -15 -15 -15 -15 -15 -15 -15 -15 -15 -15 -15 -15 -15 -15 -15 -15 -14 -14 -14 -14 -14 -14 -14 -14 -14 -14 -14 -14 -14 -14 -14 -14 -14 -14 -14 -13 -13 -13 -13 -13 -13 -13 -13 -13 -13 -13 -13 -12 -12 -12 -12 -12 -12 -12 -12 -12 -12 -12 -12 -12 -12 -12 -12 -12 -12 -12 -11 -11 -11 -11 -11 -11 -11 -11 -11 -11 -11 -11 -11 -11 -11 -11 -11 -11 -11 -11 -11 -11 -11 -11 -10 -10 -10 -10 -10 -10 -10 -9 -9 -9 -9 -9 -9 -9 -9 -9 -9 -9 -8 -8 -8 -8 -8 -8 -8 -24 -24 -24 -24 -24 -24 -23 -23 -23 -23 -23 -23 -23 -23 -23 -23 -23 -23 -22 -22 -22 -22 -22 -22 -22 -22 -22 -22 -22 -22 -22 -22 -22 -22 -22 -21 -21 -21 -21 -21 -21 -21 -21 -21 -21 -21 -21 -21 -21 -21 -21 -20 -20 -20 -20 -20 -20 -20 -20 -20 -20 -20 -20 -20 -20 -20 -19 -19 -19 -19 -19 -19 -18 -18 -18 -18 -18 -18 -18 -18 -18 -18 -18 -18 -18 -18 -17 -17 -17 -17 -17 -17 -17 -17 -17 -17 -17 -17 -16 -16 -16 -16 -16 -16 -16 -16 -16 -16 -16 -16 -16 -16 -16 -16 -16 -16 -16 -15 -15 -15 -15 -15 -15 -15 -15 -15 -15 -15 -15 -15 -15 -15 -15 -15 -15 -15 -15 -15 -14 -14 -14 -14 -14 -14 -14 -14 -14 -14 -14 -14 -14 -14 -14 -14 -14 -14 -14 -13 -13 -13 -13 -13 -13 -13 -13 -13 -13 -13 -13 -12 -12 -12 -12 -12 -12 -12 -12 -12 -12 -12 -12 -12 -12 -12 -12 -12 -12 -12 -11 -11 -11 -11 -11 -11 -11 -11 -11 -11 -11 -11 -11 -11 -11 -11 -11 -11 -11 -11 -11 -11 -11 -10 -10 -10 -10 -10 -10 -10 -9 -9 -9 -9 -9 -9 -9 -9 -9 -9 -8 -8 -8 -8 -8 -8 -8 -8 -8 -23 -23 -23 -23 -23 -23 -23 -23 -23 -23 -23 -23 -22 -22 -22 -22 -22 -22 -22 -22 -22 -22 -22 -22 -22 -22 -22 -22 -21 -21 -21 -21 -21 -21 -21 -21 -21 -21 -21 -21 -21 -21 -21 -21 -20 -20 -20 -20 -20 -20 -20 -20 -20 -20 -20 -20 -20 -20 -19 -19 -19 -19 -19 -19 -19 -18 -18 -18 -18 -18 -18 -18 -18 -18 -18 -18 -18 -18 -17 -17 -17 -17 -17 -17 -17 -17 -17 -17 -17 -17 -16 -16 -16 -16 -16 -16 -16 -16 -16 -16 -16 -16 -16 -16 -16 -16 -16 -16 -16 -16 -15 -15 -15 -15 -15 -15 -15 -15 -15 -15 -15 -15 -15 -15 -15 -15 -15 -15 -15 -15 -14 -14 -14 -14 -14 -14 -14 -14 -14 -14 -14 -14 -14 -14 -14 -14 -14 -14 -13 -13 -13 -13 -13 -13 -13 -13 -13 -13 -13 -13 -13 -12 -12 -12 -12 -12 -12 -12 -12 -12 -12 -12 -12 -12 -12 -12 -12 -12 -12 -12 -11 -11 -11 -11 -11 -11 -11 -11 -11 -11 -11 -11 -11 -11 -11 -11 -11 -11 -11 -11 -11 -11 -11 -10 -10 -10 -10 -10 -10 -9 -9 -9 -9 -9 -9 -9 -9 -9 -9 -9 -9 -8 -8 -8 -8 -8 -8 -8 -8 -8 -23 -23 -23 -23 -23 -23 -23 -23 -23 -23 -23 -23 -23 -23 -22 -22 -22 -22 -22 -22 -22 -22 -22 -22 -22 -22 -22 -22 -22 -21 -21 -21 -21 -21 -21 -21 -21 -21 -21 -21 -21 -21 -21 -21 -20 -20 -20 -20 -20 -20 -20 -20 -20 -20 -20 -20 -20 -20 -19 -19 -19 -19 -19 -19 -19 -18 -18 -18 -18 -18 -18 -18 -18 -18 -18 -18 -18 -18 -17 -17 -17 -17 -17 -17 -17 -17 -17 -17 -17 -17 -17 -16 -16 -16 -16 -16 -16 -16 -16 -16 -16 -16 -16 -16 -16 -16 -16 -16 -16 -15 -15 -15 -15 -15 -15 -15 -15 -15 -15 -15 -15 -15 -15 -15 -15 -15 -15 -15 -15 -15 -14 -14 -14 -14 -14 -14 -14 -14 -14 -14 -14 -14 -14 -14 -14 -14 -14 -14 -13 -13 -13 -13 -13 -13 -13 -13 -13 -13 -13 -13 -12 -12 -12 -12 -12 -12 -12 -12 -12 -12 -12 -12 -12 -12 -12 -12 -12 -12 -12 -12 -11 -11 -11 -11 -11 -11 -11 -11 -11 -11 -11 -11 -11 -11 -11 -11 -11 -11 -11 -11 -11 -11 -10 -10 -10 -10 -10 -10 -9 -9 -9 -9 -9 -9 -9 -9 -9 -9 -9 -9 -8 -8 -8 -8 -8 -8 -8 -8 -8 -8 -8 -8 -24 -23 -23 -23 -23 -23 -23 -23 -23 -23 -23 -23 -23 -23 -23 -23 -22 -22 -22 -22 -22 -22 -22 -22 -22 -22 -22 -22 -22 -22 -22 -21 -21 -21 -21 -21 -21 -21 -21 -21 -21 -21 -21 -21 -21 -21 -20 -20 -20 -20 -20 -20 -20 -20 -20 -20 -20 -20 -19 -19 -19 -19 -19 -19 -19 -19 -18 -18 -18 -18 -18 -18 -18 -18 -18 -18 -18 -18 -18 -17 -17 -17 -17 -17 -17 -17 -17 -17 -17 -17 -17 -17 -16 -16 -16 -16 -16 -16 -16 -16 -16 -16 -16 -16 -16 -16 -16 -16 -16 -16 -16 -15 -15 -15 -15 -15 -15 -15 -15 -15 -15 -15 -15 -15 -15 -15 -15 -15 -15 -15 -15 -14 -14 -14 -14 -14 -14 -14 -14 -14 -14 -14 -14 -14 -14 -14 -14 -14 -14 -13 -13 -13 -13 -13 -13 -13 -13 -13 -13 -13 -13 -12 -12 -12 -12 -12 -12 -12 -12 -12 -12 -12 -12 -12 -12 -12 -12 -12 -12 -12 -12 -11 -11 -11 -11 -11 -11 -11 -11 -11 -11 -11 -11 -11 -11 -11 -11 -11 -11 -11 -11 -11 -11 -10 -10 -10 -10 -10 -9 -9 -9 -9 -9 -9 -9 -9 -9 -9 -9 -9 -9 -8 -8 -8 -8 -8 -8 -8 -8 -8 -8 -8 -8 -8 -8 -7 -7 -7 -24 -24 -24 -23 -23 -23 -23 -23 -23 -23 -23 -23 -23 -23 -23 -23 -23 -23 -22 -22 -22 -22 -22 -22 -22 -22 -22 -22 -22 -22 -22 -22 -22 -21 -21 -21 -21 -21 -21 -21 -21 -21 -21 -21 -21 -21 -21 -20 -20 -20 -20 -20 -20 -20 -20 -20 -20 -20 -19 -19 -19 -19 -19 -19 -19 -19 -19 -18 -18 -18 -18 -18 -18 -18 -18 -18 -18 -18 -18 -18 -17 -17 -17 -17 -17 -17 -17 -17 -17 -17 -17 -17 -17 -17 -16 -16 -16 -16 -16 -16 -16 -16 -16 -16 -16 -16 -16 -16 -16 -16 -16 -16 -16 -15 -15 -15 -15 -15 -15 -15 -15 -15 -15 -15 -15 -15 -15 -15 -15 -15 -15 -15 -15 -14 -14 -14 -14 -14 -14 -14 -14 -14 -14 -14 -14 -14 -14 -14 -14 -13 -13 -13 -13 -13 -13 -13 -13 -13 -13 -13 -13 -13 -12 -12 -12 -12 -12 -12 -12 -12 -12 -12 -12 -12 -12 -12 -12 -12 -12 -12 -12 -11 -11 -11 -11 -11 -11 -11 -11 -11 -11 -11 -11 -11 -11 -11 -11 -11 -11 -11 -11 -11 -11 -10 -10 -10 -10 -10 -9 -9 -9 -9 -9 -9 -9 -9 -9 -9 -9 -9 -9 -8 -8 -8 -8 -8 -8 -8 -8 -8 -8 -8 -8 -8 -8 -8 -8 -8 -8 -7 -7 -7 -24 -24 -24 -24 -24 -23 -23 -23 -23 -23 -23 -23 -23 -23 -23 -23 -23 -23 -23 -22 -22 -22 -22 -22 -22 -22 -22 -22 -22 -22 -22 -22 -22 -22 -21 -21 -21 -21 -21 -21 -21 -21 -21 -21 -21 -21 -21 -21 -21 -20 -20 -20 -20 -20 -20 -20 -20 -20 -19 -19 -19 -19 -19 -19 -19 -19 -19 -19 -18 -18 -18 -18 -18 -18 -18 -18 -18 -18 -18 -18 -18 -17 -17 -17 -17 -17 -17 -17 -17 -17 -17 -17 -17 -17 -17 -17 -16 -16 -16 -16 -16 -16 -16 -16 -16 -16 -16 -16 -16 -16 -16 -16 -16 -16 -15 -15 -15 -15 -15 -15 -15 -15 -15 -15 -15 -15 -15 -15 -15 -15 -15 -15 -15 -15 -15 -14 -14 -14 -14 -14 -14 -14 -14 -14 -14 -14 -14 -14 -14 -14 -13 -13 -13 -13 -13 -13 -13 -13 -13 -13 -13 -13 -12 -12 -12 -12 -12 -12 -12 -12 -12 -12 -12 -12 -12 -12 -12 -12 -12 -12 -12 -12 -11 -11 -11 -11 -11 -11 -11 -11 -11 -11 -11 -11 -11 -11 -11 -11 -11 -11 -11 -11 -11 -11 -10 -10 -10 -10 -9 -9 -9 -9 -9 -9 -9 -9 -9 -9 -9 -9 -9 -8 -8 -8 -8 -8 -8 -8 -8 -8 -8 -8 -8 -8 -8 -8 -8 -8 -8 -8 -8 -8 -8 -8 -7 -7 -24 -24 -24 -24 -24 -24 -24 -23 -23 -23 -23 -23 -23 -23 -23 -23 -23 -23 -23 -23 -22 -22 -22 -22 -22 -22 -22 -22 -22 -22 -22 -22 -22 -22 -22 -21 -21 -21 -21 -21 -21 -21 -21 -21 -21 -21 -21 -21 -21 -20 -20 -20 -20 -20 -20 -20 -20 -19 -19 -19 -19 -19 -19 -19 -19 -19 -19 -19 -19 -18 -18 -18 -18 -18 -18 -18 -18 -18 -18 -18 -18 -17 -17 -17 -17 -17 -17 -17 -17 -17 -17 -17 -17 -17 -17 -17 -16 -16 -16 -16 -16 -16 -16 -16 -16 -16 -16 -16 -16 -16 -16 -16 -16 -16 -15 -15 -15 -15 -15 -15 -15 -15 -15 -15 -15 -15 -15 -15 -15 -15 -15 -15 -15 -15 -15 -15 -14 -14 -14 -14 -14 -14 -14 -14 -14 -14 -14 -14 -14 -14 -13 -13 -13 -13 -13 -13 -13 -13 -13 -13 -13 -13 -12 -12 -12 -12 -12 -12 -12 -12 -12 -12 -12 -12 -12 -12 -12 -12 -12 -12 -12 -11 -11 -11 -11 -11 -11 -11 -11 -11 -11 -11 -11 -11 -11 -11 -11 -11 -11 -11 -11 -11 -11 -10 -10 -10 -10 -9 -9 -9 -9 -9 -9 -9 -9 -9 -9 -9 -9 -9 -9 -8 -8 -8 -8 -8 -8 -8 -8 -8 -8 -8 -8 -8 -8 -8 -8 -8 -8 -8 -8 -8 -8 -8 -8 -8 -8 -7 -7 -7 -24 -24 -24 -24 -24 -23 -23 -23 -23 -23 -23 -23 -23 -23 -23 -23 -23 -23 -23 -23 -22 -22 -22 -22 -22 -22 -22 -22 -22 -22 -22 -22 -22 -22 -22 -21 -21 -21 -21 -21 -21 -21 -21 -21 -21 -21 -21 -21 -21 -20 -20 -20 -20 -20 -20 -19 -19 -19 -19 -19 -19 -19 -19 -19 -19 -19 -19 -19 -18 -18 -18 -18 -18 -18 -18 -18 -18 -18 -18 -18 -17 -17 -17 -17 -17 -17 -17 -17 -17 -17 -17 -17 -17 -17 -17 -16 -16 -16 -16 -16 -16 -16 -16 -16 -16 -16 -16 -16 -16 -16 -16 -16 -16 -15 -15 -15 -15 -15 -15 -15 -15 -15 -15 -15 -15 -15 -15 -15 -15 -15 -15 -15 -15 -15 -15 -15 -14 -14 -14 -14 -14 -14 -14 -14 -14 -14 -14 -14 -14 -14 -13 -13 -13 -13 -13 -13 -13 -13 -13 -13 -13 -12 -12 -12 -12 -12 -12 -12 -12 -12 -12 -12 -12 -12 -12 -12 -12 -12 -12 -12 -12 -12 -11 -11 -11 -11 -11 -11 -11 -11 -11 -11 -11 -11 -11 -11 -11 -11 -11 -11 -11 -10 -10 -10 -10 -9 -9 -9 -9 -9 -9 -9 -9 -9 -9 -9 -9 -9 -9 -8 -8 -8 -8 -8 -8 -8 -8 -8 -8 -8 -8 -8 -8 -8 -8 -8 -8 -8 -8 -8 -8 -8 -8 -8 -8 -7 -7 -7 -24 -24 -24 -24 -24 -23 -23 -23 -23 -23 -23 -23 -23 -23 -23 -23 -23 -23 -23 -22 -22 -22 -22 -22 -22 -22 -22 -22 -22 -22 -22 -22 -22 -22 -21 -21 -21 -21 -21 -21 -21 -21 -21 -21 -21 -21 -21 -21 -20 -20 -20 -20 -20 -19 -19 -19 -19 -19 -19 -19 -19 -19 -19 -19 -19 -19 -18 -18 -18 -18 -18 -18 -18 -18 -18 -18 -18 -18 -17 -17 -17 -17 -17 -17 -17 -17 -17 -17 -17 -17 -17 -17 -17 -17 -16 -16 -16 -16 -16 -16 -16 -16 -16 -16 -16 -16 -16 -16 -16 -16 -16 -15 -15 -15 -15 -15 -15 -15 -15 -15 -15 -15 -15 -15 -15 -15 -15 -15 -15 -15 -14 -15 -15 -15 -14 -14 -14 -14 -14 -14 -14 -14 -14 -14 -14 -14 -14 -13 -13 -13 -13 -13 -13 -13 -13 -13 -13 -13 -12 -12 -12 -12 -12 -12 -12 -12 -12 -12 -12 -12 -12 -12 -12 -12 -12 -12 -12 -12 -11 -11 -11 -11 -11 -11 -11 -11 -11 -11 -11 -11 -11 -11 -11 -11 -11 -11 -11 -11 -11 -10 -10 -10 -9 -9 -9 -9 -9 -9 -9 -9 -9 -9 -9 -9 -9 -9 -9 -8 -8 -8 -8 -8 -8 -8 -8 -8 -8 -8 -8 -8 -8 -8 -8 -8 -8 -8 -8 -8 -8 -8 -8 -8 -7 -7 -7 -7 -24 -24 -24 -24 -23 -23 -23 -23 -23 -23 -23 -23 -23 -23 -23 -23 -23 -23 -22 -22 -22 -22 -22 -22 -22 -22 -22 -22 -22 -22 -22 -22 -21 -21 -21 -21 -21 -21 -21 -21 -21 -21 -21 -21 -21 -21 -21 -20 -20 -20 -20 -20 -19 -19 -19 -19 -19 -19 -19 -19 -19 -19 -19 -19 -18 -18 -18 -18 -18 -18 -18 -18 -18 -18 -18 -18 -18 -17 -17 -17 -17 -17 -17 -17 -17 -17 -17 -17 -17 -17 -17 -17 -16 -16 -16 -16 -16 -16 -16 -16 -16 -16 -16 -16 -16 -16 -16 -16 -16 -15 -15 -15 -15 -15 -15 -15 -15 -15 -15 -15 -15 -15 -15 -15 -15 -14 -14 -14 -14 -14 -14 -15 -15 -14 -14 -14 -14 -14 -14 -14 -14 -14 -14 -14 -14 -13 -13 -13 -13 -13 -13 -13 -13 -13 -13 -12 -12 -12 -12 -12 -12 -12 -12 -12 -12 -12 -12 -12 -12 -12 -12 -12 -12 -12 -12 -12 -11 -11 -11 -11 -11 -11 -11 -11 -11 -11 -11 -11 -11 -11 -11 -11 -11 -11 -11 -11 -11 -10 -10 -9 -9 -9 -9 -9 -9 -9 -9 -9 -9 -9 -9 -9 -9 -9 -8 -8 -8 -8 -8 -8 -8 -8 -8 -8 -8 -8 -8 -8 -8 -8 -8 -8 -8 -8 -8 -8 -8 -8 -8 -8 -7 -7 -7 -7 -24 -24 -24 -23 -23 -23 -23 -23 -23 -23 -23 -23 -23 -23 -23 -23 -23 -22 -22 -22 -22 -22 -22 -22 -22 -22 -22 -22 -22 -22 -22 -21 -21 -21 -21 -21 -21 -21 -21 -21 -21 -21 -21 -21 -21 -20 -20 -20 -20 -20 -19 -19 -19 -19 -19 -19 -19 -19 -19 -19 -19 -19 -18 -18 -18 -18 -18 -18 -18 -18 -18 -18 -18 -18 -18 -17 -17 -17 -17 -17 -17 -17 -17 -17 -17 -17 -17 -17 -17 -17 -16 -16 -16 -16 -16 -16 -16 -16 -16 -16 -16 -16 -16 -16 -16 -16 -16 -15 -15 -15 -15 -15 -15 -15 -15 -15 -15 -15 -15 -15 -15 -15 -14 -14 -14 -14 -14 -14 -14 -15 -15 -14 -14 -14 -14 -14 -14 -14 -14 -14 -14 -14 -14 -13 -13 -13 -13 -13 -13 -13 -13 -13 -13 -13 -12 -12 -12 -12 -12 -12 -12 -12 -12 -12 -12 -12 -12 -12 -12 -12 -12 -12 -11 -11 -11 -11 -11 -11 -11 -11 -11 -11 -11 -11 -11 -11 -11 -11 -11 -11 -11 -11 -11 -11 -10 -10 -9 -9 -9 -9 -9 -9 -9 -9 -9 -9 -9 -9 -9 -9 -9 -9 -8 -8 -8 -8 -8 -8 -8 -8 -8 -8 -8 -8 -8 -8 -8 -8 -8 -8 -8 -8 -8 -8 -8 -8 -8 -7 -7 -7 -7 -24 -24 -24 -24 -23 -23 -23 -23 -23 -23 -23 -23 -23 -23 -23 -23 -22 -22 -22 -22 -22 -22 -22 -22 -22 -22 -22 -22 -22 -22 -21 -21 -21 -21 -21 -21 -21 -21 -21 -21 -21 -21 -21 -20 -20 -20 -20 -20 -19 -19 -19 -19 -19 -19 -19 -19 -19 -19 -19 -19 -19 -18 -18 -18 -18 -18 -18 -18 -18 -18 -18 -18 -18 -18 -17 -17 -17 -17 -17 -17 -17 -17 -17 -17 -17 -17 -17 -17 -17 -16 -16 -16 -16 -16 -16 -16 -16 -16 -16 -16 -16 -16 -16 -16 -16 -15 -15 -15 -15 -15 -15 -15 -15 -15 -15 -15 -15 -15 -15 -15 -15 -14 -14 -14 -14 -14 -14 -15 -14 -14 -14 -14 -14 -14 -14 -14 -14 -14 -14 -14 -13 -13 -13 -13 -13 -13 -13 -13 -13 -13 -13 -13 -12 -12 -12 -12 -12 -12 -12 -12 -12 -12 -12 -12 -12 -12 -12 -12 -12 -12 -11 -11 -11 -11 -11 -11 -11 -11 -11 -11 -11 -11 -11 -11 -11 -11 -11 -11 -11 -11 -11 -10 -10 -9 -9 -9 -9 -9 -9 -9 -9 -9 -9 -9 -9 -9 -9 -9 -9 -8 -8 -8 -8 -8 -8 -8 -8 -8 -8 -8 -8 -8 -8 -8 -8 -8 -8 -8 -8 -8 -8 -8 -8 -8 -7 -8 -7 -7 -7 -24 -24 -24 -24 -23 -23 -23 -23 -23 -23 -23 -23 -23 -23 -23 -22 -22 -22 -22 -22 -22 -22 -22 -22 -22 -22 -22 -22 -22 -22 -22 -21 -21 -21 -21 -21 -21 -21 -21 -21 -20 -20 -20 -20 -20 -20 -20 -19 -19 -19 -19 -19 -19 -19 -19 -19 -19 -19 -19 -18 -18 -18 -18 -18 -18 -18 -18 -18 -18 -18 -18 -18 -18 -18 -17 -18 -17 -17 -17 -17 -17 -17 -17 -17 -17 -17 -17 -16 -16 -16 -16 -16 -16 -16 -16 -16 -16 -16 -16 -16 -16 -16 -16 -15 -15 -15 -15 -15 -15 -15 -15 -15 -15 -15 -15 -15 -15 -15 -15 -14 -14 -14 -14 -14 -14 -15 -14 -14 -14 -14 -14 -14 -14 -14 -14 -14 -14 -14 -13 -13 -13 -13 -13 -13 -13 -13 -13 -13 -13 -12 -12 -12 -12 -12 -12 -12 -12 -12 -12 -12 -12 -12 -12 -12 -12 -12 -12 -12 -11 -11 -11 -11 -11 -11 -11 -11 -11 -11 -11 -11 -11 -11 -11 -11 -11 -11 -11 -11 -11 -10 -9 -9 -9 -9 -9 -9 -9 -9 -9 -9 -9 -9 -9 -9 -9 -9 -9 -8 -8 -8 -8 -8 -8 -8 -8 -8 -8 -8 -8 -8 -8 -8 -8 -8 -8 -8 -8 -8 -8 -8 -8 -8 -8 -7 -7 -7 -7 -7 -7 -24 -24 -24 -24 -23 -23 -23 -23 -23 -23 -23 -23 -23 -23 -23 -22 -22 -22 -22 -22 -22 -22 -22 -22 -22 -22 -22 -22 -22 -21 -21 -21 -21 -21 -21 -21 -20 -20 -20 -20 -20 -20 -20 -20 -20 -19 -19 -19 -19 -19 -19 -19 -19 -19 -19 -19 -19 -18 -18 -18 -18 -18 -18 -18 -18 -18 -18 -18 -18 -18 -18 -18 -18 -18 -17 -17 -17 -17 -17 -17 -17 -17 -17 -17 -16 -16 -16 -16 -16 -16 -16 -16 -16 -16 -16 -16 -16 -16 -16 -16 -15 -15 -15 -15 -15 -15 -15 -15 -15 -15 -15 -15 -15 -15 -15 -15 -15 -14 -14 -14 -14 -14 -15 -14 -14 -14 -14 -14 -14 -14 -14 -14 -14 -14 -13 -13 -13 -13 -13 -13 -13 -13 -13 -13 -13 -13 -12 -12 -12 -12 -12 -12 -12 -12 -12 -12 -12 -12 -12 -12 -12 -12 -12 -12 -11 -11 -11 -11 -11 -11 -11 -11 -11 -11 -11 -11 -11 -11 -11 -11 -11 -11 -11 -11 -11 -11 -9 -9 -9 -9 -9 -9 -9 -9 -9 -9 -9 -9 -9 -9 -9 -9 -9 -9 -8 -8 -8 -8 -8 -8 -8 -8 -8 -8 -8 -8 -8 -8 -8 -8 -8 -8 -8 -8 -8 -8 -8 -8 -8 -7 -7 -7 -7 -7 -7 -7 -7 -7 -7 -7 -7 -7 -23 -22 -22 -22 -22 -22 -22 -22 -22 -22 -22 -22 -22 -22 -21 -21 -21 -21 -21 -20 -20 -20 -20 -20 -20 -20 -20 -20 -20 -20 -20 -19 -19 -19 -19 -19 -19 -19 -19 -19 -19 -19 -18 -18 -18 -18 -18 -18 -18 -18 -18 -18 -18 -18 -18 -18 -18 -18 -17 -17 -17 -17 -17 -17 -17 -17 -17 -17 -17 -17 -16 -16 -16 -16 -16 -16 -16 -16 -16 -16 -16 -16 -16 -16 -15 -15 -15 -15 -15 -15 -15 -15 -15 -15 -15 -15 -15 -15 -15 -15 -15 -15 -14 -14 -14 -15 -14 -14 -14 -14 -14 -14 -14 -14 -14 -14 -14 -14 -13 -13 -13 -13 -13 -13 -13 -13 -13 -13 -13 -13 -13 -12 -12 -12 -12 -12 -12 -12 -12 -12 -12 -12 -12 -12 -12 -12 -12 -12 -12 -11 -11 -11 -11 -11 -11 -11 -11 -11 -11 -11 -11 -11 -11 -11 -11 -11 -11 -11 -11 -9 -9 -9 -9 -9 -9 -9 -9 -9 -9 -9 -9 -9 -9 -9 -9 -9 -9 -8 -8 -8 -8 -8 -8 -8 -8 -8 -8 -8 -8 -8 -8 -8 -8 -8 -8 -8 -8 -8 -8 -8 -8 -8 -8 -7 -7 -7 -7 -7 -7 -7 -7 -7 -7 -7 -7 -7 -7 -7 -7 -7 -7 -23 -22 -22 -22 -22 -22 -22 -22 -22 -22 -22 -22 -22 -22 -22 -22 -21 -21 -21 -21 -21 -20 -20 -20 -20 -20 -20 -20 -20 -20 -20 -20 -20 -19 -19 -19 -19 -19 -19 -19 -19 -19 -19 -19 -19 -19 -19 -19 -19 -18 -18 -18 -18 -18 -18 -18 -18 -18 -18 -18 -17 -17 -17 -17 -17 -17 -17 -17 -17 -17 -17 -16 -16 -16 -16 -16 -16 -16 -16 -16 -16 -16 -16 -16 -16 -16 -15 -15 -15 -15 -15 -15 -15 -15 -15 -15 -15 -15 -15 -15 -15 -15 -15 -15 -14 -14 -15 -14 -14 -14 -14 -14 -14 -14 -14 -14 -14 -14 -13 -13 -13 -13 -13 -13 -13 -13 -13 -13 -13 -13 -13 -13 -12 -12 -12 -12 -12 -12 -12 -12 -12 -12 -12 -12 -12 -12 -12 -12 -12 -11 -11 -11 -11 -11 -11 -11 -11 -11 -11 -11 -11 -11 -11 -11 -11 -11 -11 -11 -11 -9 -9 -9 -9 -9 -9 -9 -9 -9 -9 -9 -9 -9 -9 -9 -9 -9 -9 -9 -8 -8 -8 -8 -8 -8 -8 -8 -8 -8 -8 -8 -8 -8 -8 -8 -8 -8 -8 -8 -8 -8 -8 -8 -8 -7 -7 -7 -7 -7 -7 -7 -7 -7 -7 -7 -7 -7 -7 -7 -7 -7 -7 -7 -7 -7 -7 -7 -23 -22 -22 -22 -22 -22 -22 -22 -22 -22 -22 -22 -22 -22 -22 -22 -22 -22 -21 -21 -21 -21 -21 -20 -20 -20 -20 -20 -20 -20 -20 -20 -20 -20 -20 -20 -19 -19 -19 -19 -19 -19 -19 -19 -19 -19 -19 -19 -18 -18 -18 -18 -18 -18 -18 -18 -18 -18 -18 -18 -18 -17 -17 -17 -17 -17 -17 -17 -17 -17 -17 -16 -16 -16 -16 -16 -16 -16 -16 -16 -16 -16 -16 -16 -16 -16 -15 -15 -15 -15 -15 -15 -15 -15 -15 -15 -15 -15 -15 -15 -15 -15 -15 -15 -14 -15 -14 -14 -14 -14 -14 -14 -14 -14 -14 -14 -14 -14 -13 -13 -13 -13 -13 -13 -13 -13 -13 -13 -13 -13 -13 -12 -12 -12 -12 -12 -12 -12 -12 -12 -12 -12 -12 -12 -12 -12 -12 -12 -12 -12 -11 -11 -11 -11 -11 -11 -11 -11 -11 -11 -11 -11 -11 -11 -11 -11 -11 -11 -9 -9 -9 -9 -9 -9 -9 -9 -9 -9 -9 -9 -9 -9 -9 -9 -9 -9 -9 -8 -8 -8 -8 -8 -8 -8 -8 -8 -8 -8 -8 -8 -8 -8 -8 -8 -8 -8 -8 -8 -8 -8 -8 -8 -7 -7 -7 -7 -7 -7 -7 -7 -7 -7 -7 -7 -7 -7 -7 -7 -7 -7 -7 -7 -7 -7 -7 -7 -7 -7 -7 -7 -24 -24 -24 -24 -23 -23 -23 -23 -22 -22 -22 -22 -22 -22 -22 -22 -22 -22 -22 -22 -22 -21 -21 -21 -21 -21 -21 -20 -20 -20 -20 -20 -20 -20 -20 -20 -20 -20 -20 -20 -20 -19 -19 -19 -19 -19 -19 -19 -19 -19 -19 -19 -18 -18 -18 -18 -18 -18 -18 -18 -18 -18 -18 -18 -18 -17 -17 -17 -17 -17 -17 -17 -17 -17 -16 -16 -16 -16 -16 -16 -16 -16 -16 -16 -16 -16 -16 -16 -16 -16 -15 -15 -15 -15 -15 -15 -15 -15 -15 -15 -15 -15 -15 -15 -15 -15 -15 -15 -15 -14 -14 -14 -14 -14 -14 -14 -14 -14 -14 -14 -14 -13 -13 -13 -13 -13 -13 -13 -13 -13 -13 -13 -13 -13 -12 -12 -12 -12 -12 -12 -12 -12 -12 -12 -12 -12 -12 -12 -12 -12 -12 -12 -12 -12 -11 -11 -11 -11 -11 -11 -11 -11 -11 -11 -11 -11 -11 -11 -11 -11 -11 -9 -9 -9 -9 -9 -9 -9 -9 -9 -9 -9 -9 -9 -9 -9 -9 -9 -9 -9 -9 -8 -8 -8 -8 -8 -8 -8 -8 -8 -8 -8 -8 -8 -8 -8 -8 -8 -8 -8 -8 -8 -8 -8 -8 -7 -7 -7 -7 -7 -7 -7 -7 -7 -7 -7 -7 -7 -7 -7 -7 -7 -7 -7 -7 -7 -7 -7 -7 -7 -7 -7 -6 -25 -25 -25 -25 -24 -24 -24 -24 -23 -23 -23 -23 -22 -22 -22 -22 -22 -22 -22 -22 -22 -22 -22 -22 -21 -21 -21 -21 -21 -21 -20 -21 -20 -20 -20 -20 -20 -20 -20 -20 -20 -20 -20 -20 -19 -19 -19 -19 -19 -19 -19 -19 -19 -19 -19 -19 -18 -18 -18 -18 -18 -18 -18 -18 -18 -18 -18 -18 -18 -17 -17 -17 -17 -17 -17 -17 -17 -17 -16 -16 -16 -16 -16 -16 -16 -16 -16 -16 -16 -16 -16 -16 -16 -16 -16 -16 -15 -15 -15 -15 -15 -15 -15 -15 -15 -15 -15 -15 -15 -15 -15 -14 -14 -14 -14 -14 -14 -14 -14 -14 -14 -14 -14 -14 -13 -13 -13 -13 -13 -13 -13 -13 -13 -13 -13 -13 -13 -13 -12 -12 -12 -12 -12 -12 -12 -12 -12 -12 -12 -12 -12 -12 -12 -12 -12 -12 -12 -11 -11 -11 -11 -11 -11 -11 -11 -11 -11 -11 -11 -11 -11 -11 -11 -11 -10 -9 -9 -9 -9 -9 -9 -9 -9 -9 -9 -9 -9 -9 -9 -9 -9 -9 -9 -9 -8 -8 -8 -8 -8 -8 -8 -8 -8 -8 -8 -8 -8 -8 -8 -8 -8 -8 -8 -8 -8 -8 -8 -8 -7 -7 -7 -7 -7 -7 -7 -7 -7 -7 -7 -7 -7 -7 -7 -7 -7 -7 -7 -7 -7 -7 -7 -7 -7 -7 -7 -7 -6 -6 -6 -6 -25 -25 -25 -25 -25 -24 -24 -24 -24 -24 -24 -23 -23 -23 -23 -23 -23 -23 -23 -23 -22 -22 -22 -22 -22 -22 -22 -22 -22 -22 -21 -21 -21 -21 -21 -20 -21 -20 -20 -20 -20 -20 -20 -20 -20 -20 -20 -20 -20 -19 -20 -19 -19 -19 -19 -19 -19 -19 -19 -19 -19 -19 -18 -18 -18 -19 -18 -18 -18 -18 -18 -18 -18 -18 -18 -18 -18 -17 -17 -17 -17 -17 -17 -17 -17 -17 -17 -16 -16 -16 -16 -16 -16 -16 -16 -16 -16 -16 -16 -16 -16 -16 -16 -16 -15 -15 -15 -15 -15 -15 -15 -15 -15 -15 -15 -15 -14 -14 -14 -14 -14 -14 -14 -14 -14 -14 -14 -14 -14 -14 -13 -13 -13 -13 -13 -13 -13 -13 -13 -13 -13 -13 -13 -13 -12 -12 -12 -12 -12 -12 -12 -12 -12 -12 -12 -12 -12 -12 -12 -12 -12 -12 -12 -11 -11 -11 -11 -11 -11 -11 -11 -11 -11 -11 -11 -11 -11 -11 -11 -11 -10 -9 -9 -9 -9 -9 -9 -9 -9 -9 -9 -9 -9 -9 -9 -9 -9 -9 -9 -9 -9 -8 -8 -8 -8 -8 -8 -8 -8 -8 -8 -8 -8 -8 -8 -8 -8 -8 -8 -8 -8 -8 -8 -8 -8 -7 -7 -7 -7 -7 -7 -7 -7 -7 -7 -7 -7 -7 -7 -7 -7 -7 -7 -7 -7 -7 -7 -7 -7 -7 -7 -7 -6 -6 -6 -6 -6 -6 -25 -25 -25 -25 -25 -25 -24 -24 -24 -24 -24 -24 -23 -23 -23 -23 -23 -23 -22 -22 -22 -22 -22 -22 -22 -22 -22 -22 -22 -22 -21 -21 -21 -21 -21 -20 -21 -21 -21 -20 -20 -20 -20 -20 -20 -20 -20 -20 -20 -20 -20 -19 -20 -19 -19 -19 -19 -19 -18 -19 -19 -19 -19 -18 -18 -19 -18 -18 -18 -18 -18 -18 -18 -18 -18 -18 -18 -18 -18 -18 -17 -17 -17 -17 -17 -17 -17 -17 -17 -17 -16 -16 -16 -16 -16 -16 -16 -16 -16 -16 -16 -16 -16 -16 -16 -16 -15 -15 -15 -15 -15 -15 -15 -15 -15 -15 -14 -14 -14 -14 -14 -14 -14 -14 -14 -14 -14 -14 -14 -14 -13 -13 -13 -13 -13 -13 -13 -13 -13 -13 -13 -13 -13 -13 -13 -12 -12 -12 -12 -12 -12 -12 -12 -12 -12 -12 -12 -12 -12 -12 -12 -12 -12 -12 -11 -11 -11 -11 -11 -11 -11 -11 -11 -11 -11 -11 -11 -11 -11 -11 -10 -10 -10 -9 -9 -9 -9 -9 -9 -9 -9 -9 -9 -9 -9 -9 -9 -9 -9 -9 -9 -8 -8 -8 -8 -8 -8 -8 -8 -8 -8 -8 -8 -8 -8 -8 -8 -8 -8 -8 -8 -8 -8 -8 -8 -7 -7 -7 -7 -7 -7 -7 -7 -7 -7 -7 -7 -7 -7 -7 -7 -7 -7 -7 -7 -7 -7 -7 -7 -7 -7 -7 -7 -7 -6 -6 -6 -6 -6 -25 -25 -25 -25 -25 -25 -25 -25 -25 -25 -24 -24 -24 -24 -24 -24 -24 -24 -24 -24 -24 -24 -23 -23 -23 -23 -23 -23 -23 -23 -23 -23 -23 -22 -22 -22 -22 -22 -22 -22 -22 -22 -21 -21 -21 -21 -21 -21 -21 -21 -21 -20 -20 -20 -20 -20 -20 -20 -20 -20 -20 -20 -19 -19 -19 -19 -19 -19 -19 -19 -19 -19 -19 -19 -19 -18 -18 -18 -18 -18 -18 -18 -18 -18 -18 -18 -18 -18 -18 -18 -18 -18 -18 -17 -17 -17 -17 -17 -17 -17 -17 -17 -17 -17 -17 -17 -16 -16 -16 -16 -16 -16 -16 -16 -16 -16 -16 -16 -16 -15 -15 -15 -15 -15 -15 -15 -15 -15 -14 -14 -14 -14 -14 -14 -14 -14 -14 -14 -14 -14 -14 -13 -13 -13 -13 -13 -13 -13 -13 -13 -13 -13 -13 -13 -13 -13 -12 -12 -12 -12 -12 -12 -12 -12 -12 -12 -12 -12 -12 -12 -12 -12 -12 -12 -11 -11 -11 -11 -11 -11 -11 -11 -11 -11 -11 -11 -11 -11 -11 -11 -11 -10 -10 -9 -9 -9 -9 -9 -9 -9 -9 -9 -9 -9 -9 -9 -9 -9 -9 -9 -9 -9 -9 -8 -8 -8 -8 -8 -8 -8 -8 -8 -8 -8 -8 -8 -8 -8 -8 -8 -8 -8 -8 -8 -8 -8 -8 -7 -7 -7 -7 -7 -7 -7 -7 -7 -7 -7 -7 -7 -7 -7 -7 -7 -7 -7 -7 -7 -7 -7 -7 -7 -7 -7 -7 -7 -6 -6 -6 -6 -6 -6 -6 -26 -26 -26 -25 -25 -25 -25 -25 -25 -25 -25 -25 -25 -25 -25 -25 -25 -24 -24 -24 -24 -24 -24 -24 -24 -24 -24 -23 -23 -23 -23 -23 -23 -23 -23 -23 -23 -23 -23 -23 -23 -22 -22 -22 -22 -22 -22 -22 -22 -21 -21 -21 -21 -21 -21 -21 -21 -21 -21 -20 -20 -20 -20 -20 -20 -20 -20 -20 -19 -19 -19 -19 -19 -19 -19 -19 -19 -19 -19 -19 -18 -18 -18 -18 -18 -18 -18 -18 -18 -18 -18 -18 -18 -18 -18 -17 -17 -17 -17 -17 -17 -17 -17 -17 -17 -17 -17 -17 -17 -17 -17 -17 -16 -16 -16 -16 -16 -16 -16 -16 -16 -16 -16 -16 -16 -16 -16 -16 -15 -15 -15 -15 -15 -15 -15 -15 -14 -14 -14 -14 -14 -14 -14 -14 -14 -14 -14 -14 -13 -13 -13 -13 -13 -13 -13 -13 -13 -13 -13 -13 -13 -13 -13 -13 -12 -12 -12 -12 -12 -12 -12 -12 -12 -12 -12 -12 -12 -12 -12 -12 -12 -11 -11 -11 -11 -11 -11 -11 -11 -11 -11 -11 -11 -11 -11 -11 -11 -11 -10 -10 -9 -10 -9 -9 -9 -9 -9 -9 -9 -9 -9 -9 -9 -9 -9 -9 -9 -9 -9 -9 -8 -8 -8 -8 -8 -8 -8 -8 -8 -8 -8 -8 -8 -8 -8 -8 -8 -8 -8 -8 -8 -8 -8 -8 -7 -7 -7 -7 -7 -7 -7 -7 -7 -7 -7 -7 -7 -7 -7 -7 -7 -7 -7 -7 -7 -7 -7 -7 -7 -7 -7 -7 -7 -7 -7 -6 -6 -6 -6 -6 -6 -26 -26 -26 -26 -26 -25 -25 -25 -25 -25 -25 -25 -25 -25 -25 -25 -25 -25 -25 -25 -24 -24 -24 -24 -24 -24 -24 -24 -24 -24 -24 -23 -24 -24 -23 -23 -23 -23 -23 -23 -23 -23 -23 -22 -22 -22 -22 -22 -22 -22 -21 -21 -21 -21 -21 -21 -21 -21 -21 -20 -21 -20 -20 -20 -19 -19 -19 -19 -20 -20 -20 -19 -19 -19 -19 -19 -19 -18 -19 -18 -18 -18 -18 -18 -18 -18 -18 -18 -18 -18 -18 -18 -18 -18 -17 -17 -17 -17 -17 -17 -17 -17 -17 -17 -17 -17 -17 -17 -17 -17 -16 -16 -16 -16 -16 -16 -16 -16 -16 -16 -16 -16 -16 -16 -15 -15 -16 -16 -16 -16 -15 -15 -15 -15 -15 -15 -15 -15 -14 -14 -14 -14 -14 -14 -14 -14 -14 -14 -14 -14 -13 -13 -13 -13 -13 -13 -13 -13 -13 -13 -13 -13 -13 -13 -13 -13 -12 -12 -12 -12 -12 -12 -12 -12 -12 -12 -12 -12 -12 -12 -12 -12 -12 -11 -11 -11 -11 -11 -11 -11 -11 -11 -11 -11 -11 -11 -11 -11 -11 -10 -9 -9 -9 -9 -9 -9 -9 -9 -9 -9 -9 -9 -9 -9 -9 -9 -9 -9 -9 -9 -9 -9 -8 -8 -8 -8 -8 -8 -8 -8 -8 -8 -8 -8 -8 -8 -8 -8 -8 -8 -8 -8 -8 -8 -8 -7 -7 -7 -7 -7 -7 -7 -7 -7 -7 -7 -7 -7 -7 -7 -7 -8 -8 -8 -8 -7 -7 -7 -7 -7 -7 -7 -7 -7 -7 -7 -6 -6 -6 -6 -6 -6 -26 -26 -26 -26 -26 -26 -26 -26 -26 -25 -25 -25 -25 -25 -25 -25 -25 -25 -25 -25 -25 -24 -24 -24 -24 -24 -24 -24 -24 -24 -24 -24 -24 -24 -24 -24 -23 -23 -23 -23 -23 -23 -23 -23 -23 -22 -22 -22 -22 -22 -22 -22 -21 -21 -21 -21 -21 -21 -21 -21 -21 -20 -20 -20 -20 -20 -20 -20 -20 -20 -20 -20 -20 -20 -20 -20 -20 -19 -19 -19 -19 -19 -19 -19 -19 -19 -18 -18 -18 -18 -18 -18 -18 -18 -18 -18 -18 -18 -18 -17 -17 -17 -17 -17 -17 -17 -17 -17 -17 -17 -17 -17 -17 -17 -16 -16 -16 -16 -16 -16 -16 -16 -16 -16 -16 -16 -16 -16 -15 -15 -15 -16 -16 -15 -15 -15 -15 -15 -15 -15 -14 -14 -14 -14 -14 -14 -14 -14 -14 -14 -14 -14 -14 -13 -13 -13 -13 -13 -13 -13 -13 -13 -13 -13 -13 -13 -13 -12 -12 -12 -12 -12 -12 -12 -12 -12 -12 -12 -12 -12 -12 -12 -12 -12 -12 -12 -11 -11 -11 -11 -11 -11 -11 -11 -11 -11 -11 -11 -11 -11 -11 -10 -9 -9 -9 -9 -9 -9 -9 -9 -9 -9 -9 -9 -9 -9 -9 -9 -9 -9 -9 -9 -9 -9 -8 -8 -8 -8 -8 -8 -8 -8 -8 -8 -8 -8 -8 -8 -8 -8 -8 -8 -8 -8 -8 -8 -8 -8 -7 -7 -7 -7 -7 -7 -7 -7 -7 -7 -7 -7 -7 -8 -8 -8 -7 -7 -7 -7 -7 -7 -7 -7 -7 -7 -7 -7 -7 -7 -7 -7 -7 -7 -7 -6 -27 -27 -27 -27 -26 -26 -26 -26 -26 -26 -26 -26 -26 -26 -26 -26 -25 -25 -25 -25 -25 -25 -25 -25 -25 -25 -25 -25 -25 -24 -24 -24 -24 -24 -24 -24 -24 -24 -24 -24 -24 -24 -24 -24 -23 -23 -23 -23 -23 -23 -23 -22 -22 -22 -22 -22 -22 -21 -21 -21 -21 -21 -21 -21 -21 -20 -20 -20 -20 -20 -20 -20 -20 -20 -20 -20 -20 -20 -20 -20 -20 -20 -20 -20 -19 -19 -19 -19 -19 -19 -19 -19 -19 -19 -19 -18 -18 -18 -18 -18 -18 -18 -18 -18 -17 -17 -17 -17 -17 -17 -17 -17 -17 -17 -17 -17 -17 -17 -17 -16 -16 -16 -16 -16 -16 -16 -16 -16 -16 -16 -16 -16 -16 -16 -16 -15 -15 -16 -15 -15 -15 -15 -15 -15 -15 -15 -14 -14 -14 -14 -14 -14 -14 -14 -14 -14 -14 -14 -13 -13 -13 -13 -13 -13 -13 -13 -13 -13 -13 -13 -13 -13 -13 -13 -12 -12 -12 -12 -12 -12 -12 -12 -12 -12 -12 -12 -12 -12 -12 -12 -11 -11 -11 -11 -11 -11 -11 -11 -11 -11 -11 -11 -11 -11 -11 -11 -10 -10 -9 -9 -10 -9 -9 -9 -9 -9 -9 -9 -9 -9 -9 -9 -9 -9 -9 -9 -9 -9 -9 -9 -8 -8 -8 -8 -8 -8 -8 -8 -8 -8 -8 -8 -8 -8 -8 -8 -8 -8 -8 -8 -8 -8 -8 -8 -7 -7 -7 -7 -7 -7 -7 -7 -7 -7 -8 -8 -8 -8 -7 -6 -6 -7 -7 -7 -7 -6 -6 -7 -7 -7 -7 -7 -7 -7 -7 -7 -7 -6 -6 -27 -27 -27 -27 -27 -27 -27 -27 -27 -27 -26 -26 -26 -26 -26 -26 -26 -26 -26 -26 -26 -26 -26 -25 -25 -25 -25 -25 -25 -25 -25 -25 -25 -25 -25 -25 -24 -25 -24 -24 -24 -24 -24 -24 -24 -24 -24 -24 -24 -23 -23 -23 -23 -23 -23 -23 -23 -23 -23 -23 -22 -22 -22 -22 -21 -21 -21 -21 -21 -21 -21 -21 -21 -21 -21 -21 -20 -20 -20 -20 -20 -20 -20 -20 -20 -20 -20 -19 -19 -19 -19 -19 -19 -19 -19 -19 -19 -19 -19 -19 -18 -18 -18 -18 -18 -18 -18 -18 -18 -18 -18 -17 -17 -17 -17 -17 -17 -17 -17 -17 -17 -17 -17 -17 -16 -16 -16 -16 -16 -16 -16 -16 -16 -16 -16 -16 -16 -16 -16 -15 -15 -15 -15 -15 -15 -15 -15 -15 -15 -15 -15 -14 -14 -14 -14 -14 -14 -14 -14 -14 -14 -14 -14 -13 -13 -13 -13 -13 -13 -13 -13 -13 -13 -13 -13 -13 -13 -13 -12 -12 -12 -12 -12 -12 -12 -12 -12 -12 -12 -12 -12 -12 -12 -12 -12 -11 -11 -11 -11 -11 -11 -11 -11 -11 -11 -11 -11 -11 -11 -11 -10 -9 -9 -9 -9 -9 -9 -9 -9 -10 -9 -9 -9 -9 -9 -9 -9 -9 -9 -9 -9 -9 -9 -9 -9 -8 -8 -8 -8 -8 -8 -8 -8 -8 -8 -8 -8 -8 -8 -8 -8 -8 -8 -8 -8 -8 -8 -8 -7 -7 -7 -7 -7 -7 -7 -7 -7 -8 -8 -7 -7 -7 -7 -7 -7 -7 -7 -7 -7 -6 -6 -7 -7 -7 -7 -7 -7 -7 -6 -6 -27 -27 -27 -27 -27 -27 -27 -27 -27 -27 -27 -26 -26 -26 -26 -26 -26 -26 -26 -26 -26 -26 -26 -26 -26 -26 -25 -25 -25 -25 -25 -25 -25 -25 -25 -25 -25 -25 -25 -24 -24 -24 -24 -24 -24 -24 -24 -24 -24 -24 -24 -24 -24 -23 -23 -23 -23 -23 -23 -23 -23 -22 -22 -22 -22 -22 -22 -22 -22 -21 -21 -21 -21 -21 -21 -21 -21 -21 -20 -20 -20 -20 -20 -20 -20 -20 -20 -20 -20 -20 -19 -19 -19 -19 -19 -19 -19 -19 -19 -19 -19 -18 -18 -18 -18 -18 -18 -18 -18 -18 -18 -18 -17 -17 -17 -17 -17 -17 -17 -17 -17 -17 -17 -17 -17 -16 -16 -16 -16 -16 -16 -16 -16 -16 -16 -16 -16 -16 -16 -15 -15 -15 -15 -15 -15 -15 -15 -15 -15 -15 -15 -15 -14 -14 -14 -14 -14 -14 -14 -14 -14 -14 -14 -14 -13 -13 -13 -13 -13 -13 -13 -13 -13 -13 -13 -13 -13 -13 -13 -13 -12 -12 -12 -12 -12 -12 -12 -12 -12 -12 -12 -12 -12 -12 -12 -12 -12 -11 -11 -11 -11 -11 -11 -11 -11 -11 -11 -11 -11 -11 -11 -10 -10 -9 -9 -9 -9 -9 -9 -9 -10 -10 -9 -9 -9 -9 -9 -9 -9 -9 -9 -9 -9 -9 -9 -9 -8 -8 -8 -8 -8 -8 -8 -8 -8 -8 -8 -8 -8 -8 -8 -8 -8 -8 -8 -8 -8 -8 -8 -8 -8 -7 -7 -7 -7 -7 -7 -7 -8 -7 -7 -7 -7 -7 -7 -7 -7 -7 -7 -7 -7 -7 -7 -7 -7 -6 -6 -6 -27 -27 -27 -27 -27 -27 -27 -27 -27 -27 -26 -26 -26 -26 -26 -26 -26 -26 -26 -26 -26 -26 -26 -26 -26 -26 -26 -26 -25 -25 -25 -25 -25 -25 -25 -25 -25 -25 -25 -24 -24 -24 -24 -24 -24 -24 -24 -24 -24 -24 -24 -24 -23 -23 -23 -23 -23 -23 -23 -23 -22 -22 -22 -22 -22 -22 -22 -22 -22 -22 -21 -21 -21 -21 -21 -21 -21 -21 -20 -20 -20 -20 -20 -20 -20 -20 -20 -20 -20 -19 -19 -19 -19 -19 -19 -19 -19 -19 -19 -19 -18 -18 -18 -18 -18 -18 -18 -18 -18 -18 -18 -17 -17 -17 -17 -17 -17 -17 -17 -17 -17 -17 -17 -17 -16 -16 -16 -16 -16 -16 -16 -16 -16 -16 -16 -16 -16 -16 -16 -15 -15 -15 -15 -15 -15 -15 -15 -15 -15 -15 -15 -15 -14 -14 -14 -14 -14 -14 -14 -14 -14 -14 -14 -14 -13 -13 -13 -13 -13 -13 -13 -13 -13 -13 -13 -13 -13 -13 -13 -12 -12 -12 -12 -12 -12 -12 -12 -12 -12 -12 -12 -12 -12 -12 -12 -12 -12 -11 -11 -11 -11 -11 -11 -11 -11 -11 -11 -11 -11 -11 -10 -10 -9 -9 -9 -9 -9 -9 -9 -10 -10 -10 -9 -9 -9 -9 -9 -9 -9 -9 -9 -9 -9 -9 -9 -9 -8 -8 -8 -8 -8 -8 -8 -8 -8 -8 -8 -8 -8 -8 -8 -8 -8 -8 -8 -8 -8 -8 -8 -8 -7 -7 -7 -7 -7 -7 -7 -7 -7 -7 -7 -7 -7 -7 -7 -7 -7 -7 -7 -7 -7 -7 -7 -7 -7 -7 -6 -28 -27 -27 -27 -27 -27 -27 -27 -27 -27 -27 -26 -26 -26 -26 -26 -26 -26 -26 -26 -26 -26 -26 -26 -26 -26 -26 -26 -26 -25 -25 -25 -25 -25 -25 -25 -25 -25 -25 -24 -24 -24 -24 -24 -24 -24 -24 -24 -24 -24 -24 -24 -23 -23 -23 -23 -23 -23 -23 -22 -22 -22 -22 -22 -22 -22 -22 -22 -22 -22 -21 -21 -21 -21 -21 -21 -21 -21 -21 -21 -21 -20 -20 -20 -20 -20 -20 -20 -20 -20 -19 -19 -19 -19 -19 -19 -19 -19 -19 -19 -18 -18 -18 -18 -18 -18 -18 -18 -18 -18 -18 -18 -17 -17 -17 -17 -17 -17 -17 -17 -17 -17 -17 -17 -16 -16 -16 -16 -16 -16 -16 -16 -16 -16 -16 -16 -16 -16 -16 -15 -15 -15 -15 -15 -15 -15 -15 -15 -15 -15 -15 -15 -14 -14 -14 -14 -14 -14 -14 -14 -14 -14 -14 -14 -13 -13 -13 -13 -13 -13 -13 -13 -13 -13 -13 -13 -13 -13 -13 -12 -12 -12 -12 -12 -12 -12 -12 -12 -12 -12 -12 -12 -12 -12 -12 -12 -12 -11 -11 -11 -11 -11 -11 -11 -11 -11 -11 -11 -11 -10 -10 -10 -9 -9 -9 -9 -9 -9 -9 -10 -10 -9 -9 -9 -9 -9 -9 -9 -9 -9 -9 -9 -9 -9 -9 -9 -8 -8 -8 -8 -8 -8 -8 -8 -8 -8 -8 -8 -8 -8 -8 -8 -8 -8 -8 -8 -8 -8 -8 -7 -7 -7 -7 -7 -7 -7 -7 -7 -7 -7 -7 -7 -7 -7 -7 -7 -7 -7 -7 -7 -7 -7 -7 -7 -7 -6 -28 -28 -28 -28 -27 -27 -27 -27 -27 -27 -27 -27 -27 -26 -26 -26 -26 -26 -26 -26 -26 -26 -26 -26 -26 -26 -26 -26 -26 -25 -25 -25 -25 -25 -25 -25 -25 -25 -25 -25 -24 -24 -24 -24 -24 -24 -24 -24 -24 -24 -24 -24 -24 -23 -23 -23 -23 -23 -23 -22 -22 -22 -22 -22 -22 -22 -22 -22 -22 -22 -21 -21 -21 -21 -21 -21 -21 -21 -21 -21 -21 -20 -20 -20 -20 -20 -20 -20 -20 -20 -19 -19 -19 -19 -19 -19 -19 -19 -19 -19 -18 -18 -18 -18 -18 -18 -18 -18 -18 -18 -18 -18 -18 -17 -17 -17 -17 -17 -17 -17 -17 -17 -17 -17 -17 -17 -16 -16 -16 -16 -16 -16 -16 -16 -16 -16 -16 -16 -16 -15 -15 -15 -15 -15 -15 -15 -15 -15 -15 -15 -15 -15 -15 -14 -14 -14 -14 -14 -14 -14 -14 -14 -14 -14 -13 -13 -13 -13 -13 -13 -13 -13 -13 -13 -13 -13 -13 -13 -13 -13 -12 -12 -12 -12 -12 -12 -12 -12 -12 -12 -12 -12 -12 -12 -12 -12 -12 -12 -11 -11 -11 -11 -11 -11 -11 -11 -11 -11 -11 -10 -10 -10 -10 -10 -9 -9 -9 -9 -9 -10 -10 -10 -9 -9 -9 -9 -9 -9 -9 -9 -9 -9 -9 -9 -9 -9 -8 -8 -8 -8 -8 -8 -8 -8 -8 -8 -8 -8 -8 -8 -8 -8 -8 -8 -8 -8 -8 -8 -8 -7 -7 -7 -7 -7 -7 -7 -7 -7 -7 -7 -7 -7 -7 -7 -7 -7 -7 -7 -7 -7 -7 -7 -7 -7 -7 -7 -7 -28 -28 -28 -28 -28 -27 -27 -27 -27 -27 -27 -27 -27 -27 -27 -26 -26 -26 -26 -26 -26 -26 -26 -26 -26 -26 -26 -26 -26 -25 -25 -25 -25 -25 -25 -25 -25 -25 -25 -25 -25 -24 -24 -24 -24 -24 -24 -24 -24 -24 -24 -24 -24 -23 -23 -23 -23 -23 -22 -22 -22 -22 -22 -22 -22 -22 -22 -22 -22 -21 -21 -21 -21 -21 -21 -21 -21 -21 -21 -21 -20 -20 -20 -20 -20 -20 -20 -20 -20 -20 -19 -19 -19 -19 -19 -19 -19 -19 -19 -19 -19 -18 -18 -18 -18 -18 -18 -18 -18 -18 -18 -18 -18 -17 -17 -17 -17 -17 -17 -17 -17 -17 -17 -17 -17 -17 -16 -16 -16 -16 -16 -16 -16 -16 -16 -16 -16 -16 -16 -15 -15 -15 -15 -15 -15 -15 -15 -15 -15 -15 -15 -15 -14 -14 -14 -14 -14 -14 -14 -14 -14 -14 -14 -14 -13 -13 -13 -13 -13 -13 -13 -13 -13 -13 -13 -13 -13 -13 -13 -12 -12 -12 -12 -12 -12 -12 -12 -12 -12 -12 -12 -12 -12 -12 -12 -12 -12 -11 -11 -11 -11 -11 -11 -11 -11 -11 -11 -11 -10 -10 -10 -10 -10 -9 -9 -9 -9 -9 -9 -9 -9 -9 -9 -9 -9 -9 -9 -9 -9 -9 -9 -9 -9 -9 -9 -9 -8 -8 -8 -8 -8 -8 -8 -8 -8 -8 -8 -8 -8 -8 -8 -8 -8 -8 -8 -8 -8 -8 -7 -7 -7 -7 -7 -7 -7 -7 -7 -7 -7 -7 -7 -7 -7 -7 -7 -7 -7 -7 -7 -7 -7 -7 -7 -7 -7 -28 -28 -28 -28 -28 -28 -27 -27 -27 -27 -27 -27 -27 -27 -27 -27 -26 -26 -26 -26 -26 -26 -26 -26 -26 -26 -26 -26 -26 -25 -25 -25 -25 -25 -25 -25 -25 -25 -25 -25 -25 -24 -24 -24 -24 -24 -24 -24 -24 -24 -24 -24 -24 -24 -23 -23 -23 -23 -22 -22 -22 -22 -22 -22 -22 -22 -22 -22 -22 -21 -21 -21 -21 -21 -21 -21 -21 -21 -21 -21 -20 -20 -20 -20 -20 -20 -20 -20 -20 -19 -19 -19 -19 -19 -19 -19 -19 -19 -19 -19 -19 -18 -18 -18 -18 -18 -18 -18 -18 -18 -18 -18 -18 -17 -17 -17 -17 -17 -17 -17 -17 -17 -17 -17 -17 -16 -16 -16 -16 -16 -16 -16 -16 -16 -16 -16 -16 -16 -15 -15 -15 -15 -15 -15 -15 -15 -15 -15 -15 -15 -15 -15 -14 -14 -14 -14 -14 -14 -14 -14 -14 -14 -14 -13 -13 -13 -13 -13 -13 -13 -13 -13 -13 -13 -13 -13 -13 -13 -13 -12 -12 -12 -12 -12 -12 -12 -12 -12 -12 -12 -12 -12 -12 -12 -12 -12 -12 -11 -11 -11 -11 -11 -11 -11 -11 -11 -11 -10 -10 -10 -10 -10 -10 -10 -9 -9 -9 -9 -9 -9 -9 -9 -9 -9 -9 -9 -9 -9 -9 -9 -9 -9 -9 -9 -9 -9 -9 -8 -8 -8 -8 -8 -8 -8 -8 -8 -8 -8 -8 -8 -8 -8 -8 -8 -8 -8 -8 -7 -7 -7 -7 -7 -7 -7 -7 -7 -7 -7 -7 -7 -7 -7 -7 -7 -7 -7 -7 -7 -7 -7 -7 -7 -7 -28 -28 -28 -28 -28 -28 -28 -28 -27 -27 -27 -27 -27 -27 -27 -27 -27 -27 -27 -26 -26 -26 -26 -26 -26 -26 -26 -26 -26 -26 -26 -26 -25 -25 -25 -25 -25 -25 -25 -25 -25 -25 -25 -25 -24 -24 -24 -24 -24 -24 -24 -24 -24 -24 -24 -24 -24 -23 -23 -23 -22 -22 -22 -22 -22 -22 -22 -22 -22 -22 -22 -21 -21 -21 -21 -21 -21 -21 -21 -21 -21 -21 -20 -20 -20 -20 -20 -20 -20 -20 -20 -20 -19 -19 -19 -19 -19 -19 -19 -19 -19 -19 -19 -18 -18 -18 -18 -18 -18 -18 -18 -18 -18 -18 -18 -17 -17 -17 -17 -17 -17 -17 -17 -17 -17 -17 -17 -16 -16 -16 -16 -16 -16 -16 -16 -16 -16 -16 -16 -16 -15 -15 -15 -15 -15 -15 -15 -15 -15 -15 -15 -15 -15 -14 -14 -14 -14 -14 -14 -14 -14 -14 -14 -14 -14 -13 -13 -13 -13 -13 -13 -13 -13 -13 -13 -13 -13 -13 -13 -13 -12 -12 -12 -12 -12 -12 -12 -12 -12 -12 -12 -12 -12 -12 -12 -12 -12 -12 -12 -11 -11 -11 -11 -11 -11 -11 -11 -11 -10 -10 -10 -10 -10 -10 -9 -9 -9 -9 -9 -9 -9 -9 -9 -9 -9 -9 -9 -9 -9 -9 -9 -9 -9 -9 -9 -9 -9 -9 -9 -8 -8 -8 -8 -8 -8 -8 -8 -8 -8 -8 -8 -8 -8 -8 -8 -8 -8 -8 -7 -7 -7 -7 -7 -7 -7 -7 -7 -7 -7 -7 -7 -7 -7 -7 -7 -7 -7 -7 -7 -7 -7 -7 -7 -28 -28 -28 -28 -28 -28 -28 -28 -27 -27 -27 -27 -27 -27 -27 -27 -27 -27 -27 -27 -26 -26 -26 -26 -26 -26 -26 -26 -26 -26 -26 -26 -26 -25 -25 -25 -25 -25 -25 -25 -25 -25 -25 -25 -25 -25 -24 -24 -24 -24 -24 -24 -24 -24 -24 -24 -24 -24 -23 -23 -23 -23 -22 -22 -22 -22 -22 -22 -22 -22 -22 -22 -21 -21 -21 -21 -21 -21 -21 -21 -21 -21 -21 -20 -20 -20 -20 -20 -20 -20 -20 -20 -20 -19 -19 -19 -19 -19 -19 -19 -19 -19 -19 -19 -18 -18 -18 -18 -18 -18 -18 -18 -18 -18 -18 -18 -17 -17 -17 -17 -17 -17 -17 -17 -17 -17 -17 -17 -16 -16 -16 -16 -16 -16 -16 -16 -16 -16 -16 -16 -15 -15 -15 -15 -15 -15 -15 -15 -15 -15 -15 -15 -15 -15 -14 -14 -14 -14 -14 -14 -14 -14 -14 -14 -14 -14 -13 -13 -13 -13 -13 -13 -13 -13 -13 -13 -13 -13 -13 -13 -13 -12 -12 -12 -12 -12 -12 -12 -12 -12 -12 -12 -12 -12 -12 -12 -12 -12 -12 -12 -11 -11 -11 -11 -11 -11 -11 -11 -10 -10 -10 -10 -10 -10 -10 -9 -9 -9 -9 -9 -9 -9 -9 -9 -9 -9 -9 -9 -9 -9 -9 -9 -9 -9 -9 -9 -9 -9 -9 -8 -8 -8 -8 -8 -8 -8 -8 -8 -8 -8 -8 -8 -8 -8 -8 -8 -8 -8 -8 -7 -7 -7 -7 -7 -7 -7 -7 -7 -7 -7 -7 -7 -7 -7 -7 -7 -7 -7 -7 -7 -7 -7 -7 -29 -28 -28 -28 -28 -28 -28 -28 -28 -27 -27 -27 -27 -27 -27 -27 -27 -27 -27 -27 -27 -27 -26 -26 -26 -26 -26 -26 -26 -26 -26 -26 -26 -26 -26 -25 -25 -25 -25 -25 -25 -25 -25 -25 -25 -25 -25 -25 -24 -24 -24 -24 -24 -24 -24 -24 -24 -24 -23 -23 -23 -23 -22 -22 -22 -22 -22 -22 -22 -22 -22 -22 -22 -22 -21 -21 -21 -21 -21 -21 -21 -21 -21 -21 -20 -20 -20 -20 -20 -20 -20 -20 -20 -20 -19 -19 -19 -19 -19 -19 -19 -19 -19 -19 -19 -18 -18 -18 -18 -18 -18 -18 -18 -18 -18 -18 -18 -17 -17 -17 -17 -17 -17 -17 -17 -17 -17 -17 -17 -16 -16 -16 -16 -16 -16 -16 -16 -16 -16 -16 -16 -15 -15 -15 -15 -15 -15 -15 -15 -15 -15 -15 -15 -15 -14 -14 -14 -14 -14 -14 -14 -14 -14 -14 -14 -14 -13 -13 -13 -13 -13 -13 -13 -13 -13 -13 -13 -13 -13 -13 -13 -13 -12 -12 -12 -12 -12 -12 -12 -12 -12 -12 -12 -12 -12 -12 -12 -12 -12 -12 -11 -11 -11 -11 -11 -11 -11 -11 -10 -10 -10 -10 -10 -10 -10 -10 -9 -9 -9 -9 -9 -9 -9 -9 -9 -9 -9 -9 -9 -9 -9 -9 -9 -9 -9 -9 -9 -9 -9 -9 -9 -8 -8 -8 -8 -8 -8 -8 -8 -8 -8 -8 -8 -8 -8 -8 -8 -8 -8 -7 -7 -7 -7 -7 -7 -7 -7 -7 -7 -7 -7 -7 -7 -7 -7 -7 -7 -7 -7 -7 -7 -7 -29 -29 -29 -28 -28 -28 -28 -28 -28 -28 -28 -27 -27 -27 -27 -27 -27 -27 -27 -27 -27 -27 -27 -27 -26 -26 -26 -26 -26 -26 -26 -26 -26 -26 -26 -26 -26 -25 -25 -25 -25 -25 -25 -25 -25 -25 -25 -25 -25 -24 -24 -24 -24 -24 -24 -24 -24 -24 -23 -23 -23 -23 -23 -22 -22 -22 -22 -22 -22 -22 -22 -22 -22 -22 -21 -21 -21 -21 -21 -21 -21 -21 -21 -21 -20 -20 -20 -20 -20 -20 -20 -20 -20 -20 -20 -19 -19 -19 -19 -19 -19 -19 -19 -19 -19 -19 -18 -18 -18 -18 -18 -18 -18 -18 -18 -18 -18 -18 -17 -17 -17 -17 -17 -17 -17 -17 -17 -17 -17 -17 -16 -16 -16 -16 -16 -16 -16 -16 -16 -16 -16 -15 -15 -15 -15 -15 -15 -15 -15 -15 -15 -15 -15 -15 -15 -14 -14 -14 -14 -14 -14 -14 -14 -14 -14 -14 -14 -13 -13 -13 -13 -13 -13 -13 -13 -13 -13 -13 -13 -13 -13 -13 -12 -12 -12 -12 -12 -12 -12 -12 -12 -12 -12 -12 -12 -12 -12 -12 -12 -12 -12 -11 -11 -11 -11 -11 -11 -11 -10 -10 -10 -10 -10 -10 -10 -10 -9 -9 -9 -9 -9 -9 -9 -9 -9 -9 -9 -9 -9 -9 -9 -9 -9 -9 -9 -9 -9 -9 -9 -9 -9 -9 -8 -8 -8 -8 -8 -8 -8 -8 -8 -8 -8 -8 -8 -8 -8 -8 -8 -8 -7 -7 -7 -7 -7 -7 -7 -7 -7 -7 -7 -7 -7 -7 -7 -7 -7 -7 -7 -7 -7 -7 -29 -29 -29 -29 -29 -28 -28 -28 -28 -28 -28 -28 -28 -28 -27 -27 -27 -27 -27 -27 -27 -27 -27 -27 -27 -27 -27 -26 -26 -26 -26 -26 -26 -26 -26 -26 -26 -26 -26 -25 -25 -25 -25 -25 -25 -25 -25 -25 -25 -25 -25 -25 -24 -24 -24 -24 -24 -24 -24 -23 -23 -23 -23 -23 -23 -23 -22 -22 -22 -22 -22 -22 -22 -22 -22 -22 -21 -21 -21 -21 -21 -21 -21 -21 -21 -21 -20 -20 -20 -20 -20 -20 -20 -20 -20 -20 -20 -19 -19 -19 -19 -19 -19 -19 -19 -19 -19 -19 -18 -18 -18 -18 -18 -18 -18 -18 -18 -18 -18 -18 -17 -17 -17 -17 -17 -17 -17 -17 -17 -17 -17 -16 -16 -16 -16 -16 -16 -16 -16 -16 -16 -16 -16 -15 -15 -15 -15 -15 -15 -15 -15 -15 -15 -15 -15 -15 -14 -14 -14 -14 -14 -14 -14 -14 -14 -14 -14 -14 -13 -13 -13 -13 -13 -13 -13 -13 -13 -13 -13 -13 -13 -13 -13 -13 -12 -12 -12 -12 -12 -12 -12 -12 -12 -12 -12 -12 -12 -12 -12 -12 -12 -12 -11 -11 -11 -11 -11 -11 -11 -10 -10 -10 -10 -10 -10 -10 -10 -10 -9 -9 -9 -9 -9 -9 -9 -9 -9 -9 -9 -9 -9 -9 -9 -9 -9 -9 -9 -9 -9 -9 -9 -9 -9 -8 -8 -8 -8 -8 -8 -8 -8 -8 -8 -8 -8 -8 -8 -8 -8 -8 -8 -8 -7 -7 -7 -7 -7 -7 -7 -7 -7 -7 -7 -7 -7 -7 -7 -7 -7 -7 -7 -7 -29 -29 -29 -29 -29 -29 -29 -28 -28 -28 -28 -28 -28 -28 -28 -27 -27 -27 -27 -27 -27 -27 -27 -27 -27 -27 -27 -27 -26 -26 -26 -26 -26 -26 -26 -26 -26 -26 -26 -26 -25 -25 -25 -25 -25 -25 -25 -25 -25 -25 -25 -25 -24 -24 -24 -24 -24 -24 -23 -23 -23 -23 -23 -23 -23 -23 -22 -22 -22 -22 -22 -22 -22 -22 -22 -22 -21 -21 -21 -21 -21 -21 -21 -21 -21 -21 -21 -20 -20 -20 -20 -20 -20 -20 -20 -20 -20 -19 -19 -19 -19 -19 -19 -19 -19 -19 -19 -19 -19 -18 -18 -18 -18 -18 -18 -18 -18 -18 -18 -18 -17 -17 -17 -17 -17 -17 -17 -17 -17 -17 -17 -16 -16 -16 -16 -16 -16 -16 -16 -16 -16 -16 -16 -15 -15 -15 -15 -15 -15 -15 -15 -15 -15 -15 -15 -14 -14 -14 -14 -14 -14 -14 -14 -14 -14 -14 -14 -14 -13 -13 -13 -13 -13 -13 -13 -13 -13 -13 -13 -13 -13 -13 -13 -12 -12 -12 -12 -12 -12 -12 -12 -12 -12 -12 -12 -12 -12 -12 -12 -12 -12 -12 -12 -11 -11 -11 -11 -11 -10 -10 -10 -10 -10 -10 -10 -10 -10 -10 -9 -9 -9 -9 -9 -9 -9 -9 -9 -9 -9 -9 -9 -9 -9 -9 -9 -9 -9 -9 -9 -9 -9 -9 -9 -8 -8 -8 -8 -8 -8 -8 -8 -8 -8 -8 -8 -8 -8 -8 -8 -8 -7 -7 -7 -7 -7 -7 -7 -7 -7 -7 -7 -7 -7 -7 -7 -7 -29 -29 -29 -29 -29 -29 -29 -29 -28 -28 -28 -28 -28 -28 -28 -28 -28 -27 -27 -27 -27 -27 -27 -27 -27 -27 -27 -27 -27 -26 -26 -26 -26 -26 -26 -26 -26 -26 -26 -26 -26 -26 -25 -25 -25 -25 -25 -25 -25 -25 -25 -25 -25 -24 -24 -24 -24 -24 -23 -23 -23 -23 -23 -23 -23 -23 -23 -22 -22 -22 -22 -22 -22 -22 -22 -22 -22 -22 -21 -21 -21 -21 -21 -21 -21 -21 -21 -21 -20 -20 -20 -20 -20 -20 -20 -20 -20 -20 -19 -19 -19 -19 -19 -19 -19 -19 -19 -19 -19 -19 -18 -18 -18 -18 -18 -18 -18 -18 -18 -18 -18 -17 -17 -17 -17 -17 -17 -17 -17 -17 -17 -17 -16 -16 -16 -16 -16 -16 -16 -16 -16 -16 -16 -16 -15 -15 -15 -15 -15 -15 -15 -15 -15 -15 -15 -15 -14 -14 -14 -14 -14 -14 -14 -14 -14 -14 -14 -14 -14 -13 -13 -13 -13 -13 -13 -13 -13 -13 -13 -13 -13 -13 -13 -13 -12 -12 -12 -12 -12 -12 -12 -12 -12 -12 -12 -12 -12 -12 -12 -12 -12 -12 -12 -11 -11 -11 -11 -11 -10 -10 -10 -10 -10 -10 -10 -10 -10 -10 -10 -9 -9 -9 -9 -9 -9 -9 -9 -9 -9 -9 -9 -9 -9 -9 -9 -9 -9 -9 -9 -9 -9 -9 -9 -8 -8 -8 -8 -8 -8 -8 -8 -8 -8 -8 -8 -8 -8 -8 -8 -8 -8 -7 -7 -7 -7 -7 -7 -7 -7 -7 -7 -29 -29 -29 -29 -29 -29 -29 -29 -28 -28 -28 -28 -28 -28 -28 -28 -28 -28 -28 -28 -27 -27 -27 -27 -27 -27 -27 -27 -27 -27 -27 -26 -26 -26 -26 -26 -26 -26 -26 -26 -26 -26 -26 -25 -25 -25 -25 -25 -25 -25 -25 -25 -25 -25 -25 -24 -24 -24 -23 -23 -23 -23 -23 -23 -23 -23 -23 -23 -22 -22 -22 -22 -22 -22 -22 -22 -22 -22 -22 -21 -21 -21 -21 -21 -21 -21 -21 -21 -21 -20 -20 -20 -20 -20 -20 -20 -20 -20 -20 -19 -19 -19 -19 -19 -19 -19 -19 -19 -19 -19 -18 -18 -18 -18 -18 -18 -18 -18 -18 -18 -18 -17 -17 -17 -17 -17 -17 -17 -17 -17 -17 -17 -16 -16 -16 -16 -16 -16 -16 -16 -16 -16 -16 -16 -16 -15 -15 -15 -15 -15 -15 -15 -15 -15 -15 -15 -14 -14 -14 -14 -14 -14 -14 -14 -14 -14 -14 -14 -14 -13 -13 -13 -13 -13 -13 -13 -13 -13 -13 -13 -13 -13 -13 -13 -13 -12 -12 -12 -12 -12 -12 -12 -12 -12 -12 -12 -12 -12 -12 -12 -12 -12 -12 -12 -11 -11 -11 -11 -10 -10 -10 -10 -10 -10 -10 -10 -10 -10 -10 -9 -9 -9 -9 -9 -9 -9 -9 -9 -9 -9 -9 -9 -9 -9 -9 -9 -9 -9 -9 -9 -9 -9 -9 -9 -9 -8 -8 -8 -8 -8 -8 -8 -8 -8 -8 -8 -8 -8 -8 -8 -8 -7 -7 -7 -7 -7 -7 -7 -7 -7 -7 -7 -29 -29 -29 -29 -29 -29 -29 -29 -28 -28 -28 -28 -28 -28 -28 -28 -28 -28 -28 -28 -28 -27 -27 -27 -27 -27 -27 -27 -27 -27 -27 -27 -27 -26 -26 -26 -26 -26 -26 -26 -26 -26 -26 -26 -25 -25 -25 -25 -25 -25 -25 -25 -25 -25 -25 -25 -24 -24 -24 -23 -23 -23 -23 -23 -23 -23 -23 -23 -23 -22 -22 -22 -22 -22 -22 -22 -22 -22 -22 -22 -21 -21 -21 -21 -21 -21 -21 -21 -21 -21 -20 -20 -20 -20 -20 -20 -20 -20 -20 -20 -19 -19 -19 -19 -19 -19 -19 -19 -19 -19 -19 -18 -18 -18 -18 -18 -18 -18 -18 -18 -18 -18 -17 -17 -17 -17 -17 -17 -17 -17 -17 -17 -17 -16 -16 -16 -16 -16 -16 -16 -16 -16 -16 -16 -16 -16 -15 -15 -15 -15 -15 -15 -15 -15 -15 -15 -15 -14 -14 -14 -14 -14 -14 -14 -14 -14 -14 -14 -14 -14 -13 -13 -13 -13 -13 -13 -13 -13 -13 -13 -13 -13 -13 -13 -13 -12 -12 -12 -12 -12 -12 -12 -12 -12 -12 -12 -12 -12 -12 -12 -12 -12 -12 -12 -11 -11 -11 -11 -10 -10 -10 -10 -10 -10 -10 -10 -10 -10 -10 -10 -10 -10 -10 -9 -9 -9 -9 -9 -9 -9 -9 -9 -9 -9 -9 -9 -9 -9 -9 -9 -9 -9 -9 -9 -9 -8 -8 -8 -8 -8 -8 -8 -8 -8 -8 -8 -8 -8 -8 -8 -8 -8 -8 -7 -7 -7 -7 -7 -7 -7 -7 -7 -7 -7 -30 -29 -29 -29 -29 -29 -29 -29 -29 -29 -29 -29 -29 -28 -28 -28 -28 -28 -28 -28 -28 -28 -28 -28 -27 -27 -27 -27 -27 -27 -27 -27 -27 -27 -26 -26 -26 -26 -26 -26 -26 -26 -26 -26 -25 -25 -25 -25 -25 -25 -25 -25 -25 -25 -25 -24 -24 -24 -24 -24 -24 -24 -24 -23 -23 -23 -23 -23 -23 -23 -23 -23 -23 -22 -22 -22 -22 -22 -22 -22 -22 -22 -22 -22 -21 -21 -21 -21 -21 -21 -21 -21 -21 -21 -21 -20 -20 -20 -20 -20 -20 -20 -20 -20 -19 -19 -19 -19 -19 -19 -19 -19 -19 -19 -19 -19 -18 -18 -18 -18 -18 -18 -18 -18 -18 -18 -18 -17 -17 -17 -17 -17 -17 -17 -17 -17 -17 -17 -16 -16 -16 -16 -16 -16 -16 -16 -16 -16 -16 -16 -16 -16 -15 -15 -15 -15 -15 -15 -15 -15 -14 -14 -14 -14 -14 -14 -14 -14 -14 -14 -14 -14 -14 -14 -13 -13 -13 -13 -13 -13 -13 -13 -13 -13 -13 -13 -13 -13 -13 -13 -13 -13 -13 -13 -12 -12 -12 -12 -12 -12 -12 -12 -12 -12 -12 -12 -12 -12 -12 -9 -9 -9 -9 -9 -9 -9 -9 -9 -9 -9 -9 -9 -9 -9 -9 -9 -8 -8 -8 -8 -8 -8 -8 -8 -8 -8 -8 -8 -8 -8 -8 -8 -8 -8 -8 -8 -8 -8 -8 -8 -7 -7 -7 -7 -7 -7 -7 -7 -7 -7 -7 -7 -7 -7 -7 -7 -7 -7 -7 -7 -7 -7 -7 -7 -7 -7 -7 -7 -30 -30 -30 -30 -30 -29 -29 -29 -29 -29 -29 -29 -29 -29 -29 -29 -29 -28 -28 -28 -28 -28 -28 -28 -28 -28 -28 -27 -27 -27 -27 -27 -27 -27 -27 -27 -27 -26 -26 -26 -26 -26 -26 -26 -26 -26 -26 -26 -25 -25 -25 -25 -25 -25 -25 -25 -25 -25 -24 -24 -24 -24 -24 -24 -24 -24 -23 -23 -23 -23 -23 -23 -23 -23 -23 -23 -22 -22 -22 -22 -22 -22 -22 -22 -22 -22 -21 -21 -21 -21 -21 -21 -21 -21 -21 -21 -21 -21 -20 -20 -20 -20 -20 -20 -20 -20 -20 -20 -19 -19 -19 -19 -19 -19 -19 -19 -19 -19 -18 -18 -18 -18 -18 -18 -18 -18 -18 -18 -18 -18 -17 -17 -17 -17 -17 -17 -17 -17 -17 -17 -17 -16 -16 -16 -16 -16 -16 -16 -16 -16 -16 -16 -16 -16 -15 -15 -15 -15 -15 -15 -15 -15 -15 -14 -14 -14 -14 -14 -14 -14 -14 -14 -14 -14 -14 -14 -14 -13 -13 -13 -13 -13 -13 -13 -13 -13 -13 -13 -13 -13 -13 -13 -13 -13 -13 -12 -12 -12 -12 -12 -12 -12 -12 -12 -12 -12 -12 -12 -12 -12 -12 -10 -9 -9 -9 -9 -9 -9 -9 -9 -9 -9 -9 -9 -9 -9 -9 -9 -9 -8 -8 -8 -8 -8 -8 -8 -8 -8 -8 -8 -8 -8 -8 -8 -8 -8 -8 -8 -8 -8 -8 -8 -8 -7 -7 -7 -7 -7 -7 -7 -7 -7 -7 -7 -7 -7 -7 -7 -7 -7 -7 -7 -7 -7 -7 -7 -7 -7 -7 -7 -30 -30 -30 -30 -30 -30 -30 -30 -30 -29 -29 -29 -29 -29 -29 -29 -29 -29 -29 -29 -28 -28 -28 -28 -28 -28 -28 -28 -28 -28 -28 -27 -27 -27 -27 -27 -27 -27 -27 -27 -27 -26 -26 -26 -26 -26 -26 -26 -26 -26 -26 -25 -25 -25 -25 -25 -25 -25 -25 -25 -25 -24 -24 -24 -24 -24 -24 -24 -24 -23 -23 -23 -23 -23 -23 -23 -23 -23 -23 -23 -22 -22 -22 -22 -22 -22 -22 -22 -22 -22 -21 -21 -21 -21 -21 -21 -21 -21 -21 -21 -21 -21 -20 -20 -20 -20 -20 -20 -20 -20 -19 -19 -19 -19 -19 -19 -19 -19 -19 -19 -19 -18 -18 -18 -18 -18 -18 -18 -18 -18 -18 -18 -18 -17 -17 -17 -17 -17 -17 -17 -17 -17 -17 -17 -16 -16 -16 -16 -16 -16 -16 -16 -16 -16 -16 -16 -16 -15 -15 -15 -15 -15 -15 -15 -15 -14 -14 -14 -14 -14 -14 -14 -14 -14 -14 -14 -14 -14 -14 -14 -13 -13 -13 -13 -13 -13 -13 -13 -13 -13 -13 -13 -13 -13 -13 -13 -13 -13 -13 -12 -12 -12 -12 -12 -12 -12 -12 -12 -12 -12 -12 -12 -12 -10 -10 -9 -9 -9 -9 -9 -9 -9 -9 -9 -9 -9 -9 -9 -9 -9 -9 -8 -8 -8 -8 -8 -8 -8 -8 -8 -8 -8 -8 -8 -8 -8 -8 -8 -8 -8 -8 -8 -8 -8 -8 -7 -7 -7 -7 -7 -7 -7 -7 -7 -7 -7 -7 -7 -7 -7 -7 -7 -7 -7 -7 -7 -7 -7 -7 -7 -7 -7 -30 -30 -29 -29 -29 -29 -29 -29 -29 -29 -29 -29 -28 -28 -28 -28 -28 -28 -28 -28 -28 -28 -28 -27 -27 -27 -27 -27 -27 -27 -27 -27 -27 -26 -26 -26 -26 -26 -26 -26 -26 -26 -26 -25 -25 -25 -25 -25 -25 -25 -25 -25 -25 -24 -24 -24 -24 -24 -24 -24 -24 -24 -23 -23 -23 -23 -23 -23 -23 -23 -23 -22 -22 -22 -22 -22 -22 -22 -22 -22 -22 -21 -21 -21 -21 -21 -21 -21 -21 -21 -21 -21 -21 -21 -20 -20 -20 -20 -20 -20 -20 -20 -19 -19 -19 -19 -19 -19 -19 -19 -19 -19 -19 -18 -18 -18 -18 -18 -18 -18 -18 -18 -18 -18 -18 -17 -17 -17 -17 -17 -17 -17 -17 -17 -17 -17 -16 -16 -16 -16 -16 -16 -16 -16 -16 -16 -16 -16 -15 -15 -15 -15 -15 -15 -15 -15 -15 -14 -14 -14 -14 -14 -14 -14 -14 -14 -14 -14 -14 -14 -14 -13 -13 -13 -13 -13 -13 -13 -13 -13 -13 -13 -13 -13 -13 -13 -13 -13 -13 -13 -12 -12 -12 -12 -12 -12 -12 -12 -12 -12 -12 -12 -12 -12 -10 -10 -10 -9 -9 -9 -9 -9 -9 -9 -9 -9 -9 -9 -9 -9 -9 -9 -8 -8 -8 -8 -8 -8 -8 -8 -8 -8 -8 -8 -8 -8 -8 -8 -8 -8 -8 -8 -8 -8 -8 -8 -8 -8 -8 -7 -7 -7 -7 -7 -7 -7 -7 -7 -7 -7 -7 -7 -7 -7 -7 -7 -7 -7 -7 -7 -7 -7 -7 -30 -29 -29 -29 -29 -29 -29 -29 -29 -29 -29 -29 -28 -28 -28 -28 -28 -28 -28 -28 -28 -28 -27 -27 -27 -27 -27 -27 -27 -27 -27 -27 -27 -26 -26 -26 -26 -26 -26 -26 -26 -26 -25 -25 -25 -25 -25 -25 -25 -25 -25 -25 -24 -24 -24 -24 -24 -24 -24 -24 -24 -23 -23 -23 -23 -23 -23 -23 -23 -23 -22 -22 -22 -22 -22 -22 -22 -22 -22 -22 -21 -21 -21 -21 -21 -21 -21 -21 -21 -21 -21 -20 -20 -20 -20 -20 -20 -20 -20 -20 -20 -19 -19 -19 -19 -19 -19 -19 -19 -19 -19 -19 -18 -18 -18 -18 -18 -18 -18 -18 -18 -18 -18 -17 -17 -17 -17 -17 -17 -17 -17 -17 -17 -17 -17 -16 -16 -16 -16 -16 -16 -16 -16 -16 -16 -16 -16 -15 -15 -15 -15 -15 -15 -15 -15 -14 -14 -14 -14 -14 -14 -14 -14 -14 -14 -14 -14 -14 -14 -14 -13 -13 -13 -13 -13 -13 -13 -13 -13 -13 -13 -13 -13 -13 -13 -13 -13 -13 -12 -12 -12 -12 -12 -12 -12 -12 -12 -12 -12 -12 -12 -12 -10 -10 -10 -10 -9 -9 -9 -9 -9 -9 -9 -9 -9 -9 -9 -9 -9 -9 -9 -8 -8 -8 -8 -8 -8 -8 -8 -8 -8 -8 -8 -8 -8 -8 -8 -8 -8 -8 -8 -8 -8 -8 -8 -8 -8 -7 -7 -7 -7 -7 -8 -8 -7 -7 -7 -7 -7 -7 -7 -7 -7 -7 -7 -7 -7 -7 -7 -7 -7 -7 -7 -6 -6 -6 -30 -30 -29 -29 -29 -29 -29 -29 -29 -29 -29 -29 -29 -28 -28 -28 -28 -28 -28 -28 -28 -28 -28 -27 -27 -27 -27 -27 -27 -27 -27 -27 -27 -26 -26 -26 -26 -26 -26 -26 -26 -26 -26 -25 -25 -25 -25 -25 -25 -25 -25 -24 -24 -24 -24 -24 -24 -24 -24 -24 -24 -23 -23 -23 -23 -23 -23 -23 -23 -23 -22 -22 -22 -22 -22 -22 -22 -22 -22 -22 -21 -21 -21 -21 -21 -21 -21 -21 -21 -21 -21 -20 -20 -20 -20 -20 -20 -20 -20 -20 -20 -19 -19 -19 -19 -19 -19 -19 -19 -19 -19 -19 -18 -18 -18 -18 -18 -18 -18 -18 -18 -18 -18 -17 -17 -17 -17 -17 -17 -17 -17 -17 -17 -17 -16 -17 -16 -16 -16 -16 -16 -16 -16 -16 -16 -16 -15 -15 -15 -15 -15 -15 -15 -15 -15 -14 -14 -14 -14 -14 -14 -14 -14 -14 -14 -14 -14 -14 -14 -13 -13 -13 -13 -13 -13 -13 -13 -13 -13 -13 -13 -13 -13 -13 -13 -13 -13 -13 -12 -12 -12 -12 -12 -12 -12 -12 -12 -12 -12 -12 -12 -10 -10 -10 -10 -10 -9 -9 -9 -9 -9 -9 -9 -9 -9 -9 -9 -9 -9 -9 -8 -8 -8 -8 -8 -8 -8 -8 -8 -8 -8 -8 -8 -8 -8 -8 -8 -8 -8 -8 -8 -8 -8 -8 -8 -8 -8 -8 -7 -7 -7 -8 -8 -8 -8 -7 -7 -7 -7 -7 -7 -7 -7 -7 -7 -7 -7 -7 -7 -7 -7 -6 -6 -6 -6 -6 -6 -6 -6 -6 -30 -30 -30 -30 -30 -29 -29 -29 -29 -29 -29 -29 -29 -29 -29 -29 -28 -28 -28 -28 -28 -28 -28 -28 -28 -28 -27 -27 -27 -27 -27 -27 -27 -27 -27 -27 -26 -26 -26 -26 -26 -26 -26 -26 -26 -26 -25 -25 -25 -25 -25 -25 -25 -25 -24 -24 -24 -24 -24 -24 -24 -24 -24 -24 -23 -23 -23 -23 -23 -23 -23 -23 -23 -23 -22 -22 -22 -22 -22 -22 -22 -22 -22 -22 -21 -21 -21 -21 -21 -21 -21 -21 -21 -20 -20 -20 -20 -20 -20 -20 -20 -20 -20 -20 -19 -19 -19 -19 -19 -19 -19 -19 -19 -19 -19 -18 -18 -18 -18 -18 -18 -18 -18 -18 -18 -18 -17 -17 -17 -17 -17 -17 -17 -17 -17 -17 -17 -17 -17 -16 -16 -16 -16 -16 -16 -16 -16 -16 -16 -15 -15 -15 -15 -15 -15 -15 -15 -14 -14 -14 -14 -14 -14 -14 -14 -14 -14 -14 -14 -14 -14 -14 -14 -13 -13 -13 -13 -13 -13 -13 -13 -13 -13 -13 -13 -13 -13 -13 -13 -13 -13 -13 -12 -12 -12 -12 -12 -12 -12 -12 -12 -12 -12 -10 -10 -10 -10 -10 -9 -9 -9 -9 -9 -9 -9 -9 -9 -9 -9 -9 -9 -9 -8 -8 -8 -8 -8 -8 -8 -8 -8 -8 -8 -8 -8 -8 -8 -8 -8 -8 -8 -8 -8 -8 -7 -7 -8 -8 -8 -8 -8 -8 -7 -8 -8 -8 -7 -7 -7 -7 -7 -7 -7 -7 -7 -7 -7 -7 -7 -7 -7 -7 -7 -6 -6 -6 -6 -6 -6 -6 -6 -6 -6 -6 -6 -30 -30 -30 -30 -30 -30 -30 -30 -30 -29 -29 -29 -29 -29 -29 -29 -29 -29 -29 -28 -28 -28 -28 -28 -28 -28 -28 -28 -28 -27 -27 -27 -27 -27 -27 -27 -27 -27 -27 -26 -26 -26 -26 -26 -26 -26 -26 -26 -26 -25 -25 -25 -25 -25 -25 -25 -25 -24 -24 -24 -24 -24 -24 -24 -24 -24 -24 -23 -23 -23 -23 -23 -23 -23 -23 -23 -23 -22 -22 -22 -22 -22 -22 -22 -22 -22 -22 -21 -21 -21 -21 -21 -21 -21 -21 -21 -20 -20 -20 -20 -20 -20 -20 -20 -20 -20 -20 -19 -19 -19 -19 -19 -19 -19 -19 -19 -19 -19 -18 -18 -18 -18 -18 -18 -18 -18 -18 -18 -18 -17 -17 -17 -17 -17 -17 -17 -17 -17 -17 -17 -17 -17 -16 -16 -16 -16 -16 -16 -16 -16 -16 -15 -15 -15 -15 -15 -15 -15 -15 -15 -14 -14 -14 -14 -14 -14 -14 -14 -14 -14 -14 -14 -14 -14 -14 -13 -13 -13 -13 -13 -13 -13 -13 -13 -13 -13 -13 -13 -13 -13 -13 -13 -13 -13 -13 -13 -12 -12 -12 -12 -12 -12 -12 -12 -12 -10 -10 -10 -10 -10 -10 -9 -9 -9 -9 -9 -9 -9 -9 -9 -9 -9 -9 -9 -9 -8 -8 -8 -8 -8 -8 -8 -8 -8 -8 -8 -8 -8 -8 -8 -8 -8 -8 -8 -8 -8 -7 -7 -7 -7 -7 -8 -8 -8 -8 -8 -8 -8 -8 -7 -7 -7 -7 -7 -7 -7 -7 -7 -7 -7 -7 -7 -7 -7 -7 -6 -6 -6 -6 -6 -6 -6 -6 -6 -6 -6 -6 -6 -6 -6 -31 -31 -31 -30 -30 -30 -30 -30 -30 -30 -30 -30 -30 -30 -29 -29 -29 -29 -29 -29 -29 -29 -29 -29 -28 -28 -28 -28 -28 -28 -28 -28 -28 -28 -27 -27 -27 -27 -27 -27 -27 -27 -27 -27 -26 -26 -26 -26 -26 -26 -26 -26 -26 -25 -25 -25 -25 -25 -25 -25 -25 -24 -24 -24 -24 -24 -24 -24 -24 -24 -24 -23 -23 -23 -23 -23 -23 -23 -23 -23 -23 -22 -22 -22 -22 -22 -22 -22 -22 -22 -21 -21 -21 -21 -21 -21 -21 -21 -21 -21 -20 -20 -20 -20 -20 -20 -20 -20 -20 -20 -20 -19 -19 -19 -19 -19 -19 -19 -19 -19 -19 -19 -18 -18 -18 -18 -18 -18 -18 -18 -18 -18 -18 -17 -17 -17 -17 -17 -17 -17 -17 -17 -17 -17 -16 -16 -16 -16 -16 -16 -16 -16 -16 -16 -16 -15 -15 -15 -15 -15 -15 -15 -15 -14 -14 -14 -14 -14 -14 -14 -14 -14 -14 -14 -14 -14 -14 -14 -14 -13 -13 -13 -13 -13 -13 -13 -13 -13 -13 -13 -13 -13 -13 -13 -13 -13 -13 -13 -13 -12 -12 -12 -12 -12 -12 -12 -12 -12 -10 -10 -10 -10 -10 -10 -10 -9 -9 -9 -9 -9 -9 -9 -9 -9 -9 -9 -9 -9 -9 -8 -8 -8 -8 -8 -8 -8 -8 -8 -8 -8 -8 -8 -8 -8 -8 -8 -8 -8 -8 -8 -8 -7 -8 -8 -8 -8 -8 -8 -8 -8 -8 -8 -7 -7 -7 -7 -7 -7 -7 -7 -7 -7 -7 -7 -7 -7 -7 -7 -7 -6 -6 -6 -6 -6 -6 -6 -6 -6 -6 -6 -6 -6 -6 -6 -32 -32 -31 -31 -31 -31 -31 -31 -30 -30 -30 -30 -30 -30 -30 -30 -30 -29 -29 -29 -29 -29 -29 -29 -29 -29 -29 -28 -28 -28 -28 -28 -28 -28 -28 -28 -28 -27 -27 -27 -27 -27 -27 -27 -27 -27 -27 -26 -26 -26 -26 -26 -26 -26 -26 -26 -26 -25 -25 -25 -25 -25 -25 -25 -24 -24 -24 -24 -24 -24 -24 -24 -24 -24 -23 -23 -23 -23 -23 -23 -23 -23 -23 -23 -22 -22 -22 -22 -22 -22 -22 -22 -22 -21 -21 -21 -21 -21 -21 -21 -21 -21 -21 -20 -20 -20 -20 -20 -20 -20 -20 -20 -20 -20 -19 -19 -19 -19 -19 -19 -19 -19 -19 -19 -19 -18 -18 -18 -18 -18 -18 -18 -18 -18 -18 -17 -17 -17 -17 -17 -17 -17 -17 -17 -17 -17 -17 -16 -16 -16 -16 -16 -16 -16 -16 -16 -16 -16 -15 -15 -15 -15 -15 -15 -15 -15 -14 -14 -14 -14 -14 -14 -14 -14 -14 -14 -14 -14 -14 -14 -14 -14 -13 -13 -13 -13 -13 -13 -13 -13 -13 -13 -13 -13 -13 -13 -13 -13 -13 -13 -13 -12 -12 -12 -12 -12 -12 -12 -12 -12 -10 -10 -10 -10 -10 -10 -10 -10 -9 -9 -9 -9 -9 -9 -9 -9 -9 -9 -9 -9 -9 -9 -8 -8 -8 -8 -8 -8 -8 -8 -8 -8 -8 -8 -8 -8 -8 -8 -8 -8 -8 -8 -8 -8 -8 -8 -8 -8 -8 -8 -8 -8 -8 -8 -8 -7 -7 -7 -7 -7 -7 -7 -7 -7 -7 -7 -7 -7 -7 -7 -7 -7 -6 -6 -6 -6 -6 -6 -6 -6 -6 -6 -6 -6 -6 -6 -6 -32 -32 -32 -32 -32 -31 -31 -31 -31 -31 -31 -31 -31 -30 -30 -30 -30 -30 -30 -30 -29 -29 -29 -29 -29 -29 -29 -28 -28 -28 -28 -28 -28 -28 -28 -28 -28 -27 -27 -27 -27 -27 -27 -27 -27 -27 -27 -26 -26 -26 -26 -26 -26 -26 -26 -26 -26 -25 -25 -25 -25 -25 -25 -25 -25 -24 -24 -24 -24 -24 -24 -24 -24 -24 -23 -23 -23 -23 -23 -23 -23 -23 -23 -23 -22 -22 -22 -22 -22 -22 -22 -22 -22 -21 -21 -21 -21 -21 -21 -21 -21 -21 -21 -20 -20 -20 -20 -20 -20 -20 -20 -20 -20 -20 -19 -19 -19 -19 -19 -19 -19 -19 -19 -19 -18 -18 -18 -18 -18 -18 -18 -18 -18 -18 -18 -17 -17 -17 -17 -17 -17 -17 -17 -17 -17 -17 -16 -16 -16 -16 -16 -16 -16 -16 -16 -16 -16 -15 -15 -15 -15 -15 -15 -15 -15 -14 -14 -14 -14 -14 -14 -14 -14 -14 -14 -14 -14 -14 -14 -14 -14 -13 -13 -13 -13 -13 -13 -13 -13 -13 -13 -13 -13 -13 -13 -13 -13 -13 -13 -13 -13 -13 -12 -12 -12 -12 -12 -12 -12 -10 -10 -10 -10 -10 -10 -9 -9 -9 -9 -9 -9 -9 -9 -9 -9 -9 -9 -9 -9 -9 -9 -9 -8 -8 -8 -8 -8 -8 -8 -8 -8 -8 -8 -8 -8 -8 -8 -8 -8 -8 -8 -8 -8 -8 -8 -8 -8 -8 -8 -8 -8 -8 -8 -8 -8 -7 -7 -7 -7 -7 -7 -7 -7 -7 -7 -7 -7 -7 -7 -7 -7 -7 -7 -6 -6 -6 -6 -6 -6 -6 -6 -6 -6 -6 -6 -6 -32 -32 -32 -32 -32 -32 -32 -32 -31 -31 -31 -31 -31 -31 -31 -31 -31 -30 -30 -30 -29 -29 -28 -28 -28 -28 -28 -28 -28 -28 -28 -28 -27 -27 -27 -27 -27 -27 -27 -27 -27 -26 -26 -26 -26 -26 -26 -26 -26 -26 -26 -25 -25 -25 -25 -25 -25 -25 -25 -24 -24 -24 -24 -24 -24 -24 -24 -24 -23 -23 -23 -23 -23 -23 -23 -23 -23 -23 -22 -22 -22 -22 -22 -22 -22 -22 -22 -21 -21 -21 -21 -21 -21 -21 -21 -21 -21 -20 -20 -20 -20 -20 -20 -20 -20 -20 -20 -20 -19 -19 -19 -19 -19 -19 -19 -19 -19 -19 -18 -18 -18 -18 -18 -18 -18 -18 -18 -18 -17 -17 -17 -17 -17 -17 -17 -17 -17 -17 -17 -17 -16 -16 -16 -16 -16 -16 -16 -16 -16 -16 -15 -15 -15 -15 -15 -15 -15 -15 -15 -14 -14 -14 -14 -14 -14 -14 -14 -14 -14 -14 -14 -14 -14 -14 -14 -13 -13 -13 -13 -13 -13 -13 -13 -13 -13 -13 -13 -13 -13 -13 -13 -13 -13 -13 -13 -13 -12 -12 -12 -12 -12 -12 -10 -10 -10 -10 -10 -10 -10 -9 -9 -9 -9 -9 -9 -9 -9 -9 -9 -9 -9 -9 -9 -9 -9 -8 -8 -8 -8 -8 -8 -8 -8 -8 -8 -8 -8 -8 -8 -8 -8 -8 -8 -8 -8 -8 -8 -8 -8 -8 -8 -8 -8 -8 -8 -8 -8 -8 -7 -7 -7 -7 -7 -7 -7 -7 -7 -7 -7 -7 -7 -7 -7 -7 -7 -7 -7 -7 -7 -6 -7 -6 -6 -6 -6 -6 -6 -6 -6 -32 -32 -32 -32 -32 -32 -32 -32 -32 -32 -32 -32 -31 -31 -31 -31 -29 -28 -28 -28 -28 -28 -28 -28 -28 -28 -28 -27 -27 -27 -27 -27 -27 -27 -27 -27 -26 -26 -26 -26 -26 -26 -26 -26 -26 -25 -25 -25 -25 -25 -25 -25 -25 -25 -24 -24 -24 -24 -24 -24 -24 -24 -24 -23 -23 -23 -23 -23 -23 -23 -23 -23 -23 -22 -22 -22 -22 -22 -22 -22 -22 -22 -21 -21 -21 -21 -21 -21 -21 -21 -21 -21 -20 -20 -20 -20 -20 -20 -20 -20 -20 -20 -20 -19 -19 -19 -19 -19 -19 -19 -19 -19 -19 -18 -18 -18 -18 -18 -18 -18 -18 -18 -18 -17 -17 -17 -17 -17 -17 -17 -17 -17 -17 -17 -17 -16 -16 -16 -16 -16 -16 -16 -16 -16 -16 -15 -15 -15 -15 -15 -15 -15 -15 -14 -14 -14 -14 -14 -14 -14 -14 -14 -14 -14 -14 -14 -14 -14 -14 -14 -13 -13 -13 -13 -13 -13 -13 -13 -13 -13 -13 -13 -13 -13 -13 -13 -13 -13 -13 -13 -12 -12 -12 -12 -12 -12 -10 -10 -10 -10 -10 -10 -10 -10 -9 -9 -9 -9 -9 -9 -9 -9 -9 -9 -9 -9 -9 -9 -9 -9 -9 -8 -8 -8 -8 -8 -8 -8 -8 -8 -8 -8 -8 -8 -8 -8 -8 -8 -8 -8 -8 -8 -8 -8 -8 -8 -8 -8 -8 -8 -8 -7 -7 -7 -7 -7 -7 -7 -7 -7 -7 -7 -7 -7 -7 -7 -7 -7 -7 -7 -7 -7 -7 -7 -7 -7 -6 -6 -6 -6 -6 -6 -6 -33 -32 -32 -32 -32 -32 -32 -32 -32 -32 -32 -32 -31 -31 -29 -28 -28 -28 -28 -28 -28 -28 -28 -28 -27 -27 -27 -27 -27 -27 -27 -27 -27 -27 -26 -26 -26 -26 -26 -26 -26 -26 -25 -25 -25 -25 -25 -25 -25 -25 -25 -24 -24 -24 -24 -24 -24 -24 -24 -24 -23 -23 -23 -23 -23 -23 -23 -23 -23 -23 -22 -22 -22 -22 -22 -22 -22 -22 -22 -21 -21 -21 -21 -21 -21 -21 -21 -21 -21 -20 -20 -20 -20 -20 -20 -20 -20 -20 -20 -19 -19 -19 -19 -19 -19 -19 -19 -19 -19 -18 -18 -18 -18 -18 -18 -18 -18 -18 -18 -18 -17 -17 -17 -17 -17 -17 -17 -17 -17 -17 -17 -16 -16 -16 -16 -16 -16 -16 -16 -16 -16 -15 -15 -15 -15 -15 -15 -15 -15 -14 -14 -14 -14 -14 -14 -14 -14 -14 -14 -14 -14 -14 -14 -14 -14 -14 -14 -13 -13 -13 -13 -13 -13 -13 -13 -13 -13 -13 -13 -13 -13 -13 -13 -13 -13 -13 -13 -12 -12 -12 -12 -12 -10 -10 -10 -10 -10 -10 -10 -10 -10 -9 -9 -9 -9 -9 -9 -9 -9 -9 -9 -9 -9 -9 -9 -9 -9 -9 -8 -8 -8 -8 -8 -8 -8 -8 -8 -8 -8 -8 -8 -8 -8 -8 -8 -8 -8 -8 -8 -8 -8 -8 -8 -8 -8 -8 -8 -8 -7 -7 -8 -8 -8 -7 -7 -7 -7 -7 -7 -7 -7 -7 -7 -7 -7 -7 -7 -7 -7 -7 -7 -7 -7 -6 -6 -6 -33 -33 -32 -32 -32 -32 -32 -32 -32 -32 -28 -28 -28 -28 -28 -28 -28 -28 -28 -27 -27 -27 -27 -27 -27 -27 -27 -27 -27 -26 -26 -26 -26 -26 -26 -26 -25 -25 -25 -25 -25 -25 -25 -25 -25 -25 -24 -24 -24 -24 -24 -24 -24 -24 -24 -24 -23 -23 -23 -23 -23 -23 -23 -23 -23 -22 -22 -22 -22 -22 -22 -22 -22 -22 -21 -21 -21 -21 -21 -21 -21 -21 -21 -21 -20 -20 -20 -20 -20 -20 -20 -20 -20 -20 -19 -19 -19 -19 -19 -19 -19 -19 -19 -19 -18 -18 -18 -18 -18 -18 -18 -18 -18 -18 -18 -17 -17 -17 -17 -17 -17 -17 -17 -17 -17 -16 -16 -16 -16 -16 -16 -16 -16 -16 -16 -16 -15 -15 -15 -15 -15 -15 -15 -15 -15 -14 -14 -14 -14 -14 -14 -14 -14 -14 -14 -14 -14 -14 -14 -14 -14 -13 -13 -13 -13 -13 -13 -13 -13 -13 -13 -13 -13 -13 -13 -13 -13 -13 -13 -13 -13 -13 -13 -12 -12 -12 -10 -10 -10 -10 -10 -10 -10 -10 -10 -10 -10 -10 -10 -9 -9 -9 -9 -9 -9 -9 -9 -9 -9 -9 -9 -9 -9 -8 -8 -8 -8 -8 -8 -8 -8 -8 -8 -8 -8 -8 -8 -8 -8 -8 -8 -8 -8 -8 -8 -8 -8 -8 -8 -8 -8 -8 -8 -8 -8 -8 -7 -7 -7 -7 -7 -7 -7 -7 -7 -7 -7 -7 -7 -7 -7 -7 -7 -7 -7 -7 -6 -33 -33 -33 -32 -32 -32 -32 -32 -29 -28 -28 -28 -28 -28 -28 -28 -28 -28 -27 -27 -27 -27 -27 -27 -27 -27 -27 -26 -26 -26 -26 -26 -26 -26 -26 -25 -25 -25 -25 -25 -25 -25 -25 -25 -25 -24 -24 -24 -24 -24 -24 -24 -24 -24 -24 -23 -23 -23 -23 -23 -23 -23 -23 -22 -22 -22 -22 -22 -22 -22 -22 -22 -22 -21 -21 -21 -21 -21 -21 -21 -21 -21 -20 -20 -20 -20 -20 -20 -20 -20 -20 -20 -20 -19 -19 -19 -19 -19 -19 -19 -19 -19 -19 -18 -18 -18 -18 -18 -18 -18 -18 -18 -18 -17 -17 -17 -17 -17 -17 -17 -17 -17 -17 -17 -16 -16 -16 -16 -16 -16 -16 -16 -16 -16 -15 -15 -15 -15 -15 -15 -15 -15 -15 -14 -14 -14 -14 -14 -14 -14 -14 -14 -14 -14 -14 -14 -14 -14 -14 -14 -13 -13 -13 -13 -13 -13 -13 -13 -13 -13 -13 -13 -13 -13 -13 -13 -13 -13 -13 -13 -12 -12 -12 -12 -10 -10 -10 -10 -10 -10 -10 -10 -10 -10 -10 -10 -9 -9 -9 -9 -9 -9 -9 -9 -9 -9 -9 -9 -9 -9 -9 -9 -8 -8 -8 -8 -8 -8 -8 -8 -8 -8 -8 -8 -8 -8 -8 -8 -8 -8 -8 -8 -8 -8 -8 -8 -8 -8 -8 -8 -8 -8 -8 -8 -7 -7 -7 -7 -7 -7 -7 -7 -7 -7 -7 -7 -7 -7 -33 -33 -33 -33 -32 -32 -29 -29 -29 -28 -28 -28 -28 -28 -28 -28 -28 -28 -28 -27 -27 -27 -27 -27 -27 -27 -27 -27 -26 -26 -26 -26 -26 -26 -26 -25 -25 -25 -25 -25 -25 -25 -25 -25 -25 -24 -24 -24 -24 -24 -24 -24 -24 -24 -23 -23 -23 -23 -23 -23 -23 -23 -23 -22 -22 -22 -22 -22 -22 -22 -22 -22 -22 -21 -21 -21 -21 -21 -21 -21 -21 -21 -20 -20 -20 -20 -20 -20 -20 -20 -20 -20 -20 -19 -19 -19 -19 -19 -19 -19 -19 -19 -19 -18 -18 -18 -18 -18 -18 -18 -18 -18 -18 -17 -17 -17 -17 -17 -17 -17 -17 -17 -17 -16 -16 -16 -16 -16 -16 -16 -16 -16 -16 -15 -15 -15 -15 -15 -15 -15 -15 -15 -15 -14 -14 -14 -14 -14 -14 -14 -14 -14 -14 -14 -14 -14 -14 -14 -14 -14 -13 -13 -13 -13 -13 -13 -13 -13 -13 -13 -13 -13 -13 -13 -13 -13 -13 -13 -13 -12 -12 -12 -12 -10 -10 -10 -10 -10 -10 -10 -10 -10 -10 -10 -10 -9 -9 -9 -9 -9 -9 -9 -9 -9 -9 -9 -9 -9 -9 -9 -9 -9 -9 -8 -8 -8 -8 -8 -8 -8 -8 -8 -8 -8 -8 -8 -8 -8 -8 -8 -8 -8 -8 -8 -8 -8 -8 -8 -8 -8 -8 -8 -7 -7 -7 -7 -7 -29 -29 -29 -29 -29 -29 -28 -28 -28 -28 -28 -28 -28 -28 -28 -27 -27 -27 -27 -27 -27 -27 -27 -27 -26 -26 -26 -26 -26 -26 -26 -25 -25 -25 -25 -25 -25 -25 -25 -25 -25 -24 -24 -24 -24 -24 -24 -24 -24 -24 -23 -23 -23 -23 -23 -23 -23 -23 -23 -22 -22 -22 -22 -22 -22 -22 -22 -22 -22 -21 -21 -21 -21 -21 -21 -21 -21 -21 -21 -20 -20 -20 -20 -20 -20 -20 -20 -20 -20 -19 -19 -19 -19 -19 -19 -19 -19 -19 -19 -18 -18 -18 -18 -18 -18 -18 -18 -18 -18 -18 -17 -17 -17 -17 -17 -17 -17 -17 -17 -16 -16 -16 -16 -16 -16 -16 -16 -16 -15 -15 -15 -15 -15 -15 -15 -15 -15 -15 -14 -14 -14 -14 -14 -14 -14 -14 -14 -14 -14 -14 -14 -14 -14 -14 -14 -14 -13 -13 -13 -13 -13 -13 -13 -13 -13 -13 -13 -13 -13 -13 -13 -13 -13 -13 -13 -12 -12 -12 -10 -10 -10 -10 -10 -10 -10 -10 -10 -10 -10 -10 -9 -9 -9 -9 -9 -9 -9 -9 -9 -9 -9 -9 -9 -9 -9 -9 -9 -9 -9 -8 -8 -8 -8 -8 -8 -8 -8 -8 -8 -8 -8 -8 -8 -8 -8 -8 -8 -8 -8 -8 -8 -8 -8 -8 -8 -8 -8 -7 -7 -7 -7 -29 -29 -29 -29 -29 -29 -29 -28 -28 -28 -28 -28 -28 -28 -28 -28 -27 -27 -27 -27 -27 -27 -27 -27 -27 -26 -26 -26 -26 -26 -26 -26 -25 -25 -25 -25 -25 -25 -25 -25 -25 -25 -24 -24 -24 -24 -24 -24 -24 -24 -24 -23 -23 -23 -23 -23 -23 -23 -23 -23 -22 -22 -22 -22 -22 -22 -22 -22 -22 -22 -21 -21 -21 -21 -21 -21 -21 -21 -21 -21 -20 -20 -20 -20 -20 -20 -20 -20 -20 -20 -19 -19 -19 -19 -19 -19 -19 -19 -19 -19 -18 -18 -18 -18 -18 -18 -18 -18 -18 -18 -18 -17 -17 -17 -17 -17 -17 -17 -17 -17 -16 -16 -16 -16 -16 -16 -16 -16 -15 -15 -15 -15 -15 -15 -15 -15 -15 -15 -15 -14 -14 -14 -14 -14 -14 -14 -15 -14 -14 -14 -14 -14 -14 -14 -14 -14 -14 -13 -13 -13 -13 -13 -13 -13 -13 -13 -13 -13 -13 -13 -13 -13 -13 -13 -13 -13 -13 -12 -10 -10 -10 -10 -10 -10 -10 -10 -10 -10 -10 -10 -10 -9 -9 -9 -9 -9 -9 -9 -9 -9 -9 -9 -9 -9 -9 -9 -9 -9 -9 -9 -8 -8 -8 -8 -8 -8 -8 -8 -8 -8 -8 -8 -8 -8 -8 -8 -8 -8 -8 -8 -8 -8 -8 -8 -8 -8 -7 -7 -7 -7 -7 -29 -29 -29 -29 -29 -29 -29 -29 -28 -28 -28 -28 -28 -28 -28 -28 -28 -27 -27 -27 -27 -27 -27 -27 -27 -27 -26 -26 -26 -26 -26 -26 -26 -25 -25 -25 -25 -25 -25 -25 -25 -25 -25 -24 -24 -24 -24 -24 -24 -24 -24 -24 -23 -23 -23 -23 -23 -23 -23 -23 -23 -22 -22 -22 -22 -22 -22 -22 -22 -22 -21 -21 -21 -21 -21 -21 -21 -21 -21 -21 -21 -20 -20 -20 -20 -20 -20 -20 -20 -20 -19 -19 -19 -19 -19 -19 -19 -19 -19 -19 -19 -18 -18 -18 -18 -18 -18 -18 -18 -18 -18 -17 -17 -17 -17 -17 -17 -17 -17 -17 -17 -16 -16 -16 -16 -16 -16 -16 -15 -15 -15 -15 -15 -15 -15 -15 -15 -15 -15 -15 -14 -14 -15 -15 -15 -15 -14 -14 -15 -14 -14 -14 -14 -14 -14 -14 -14 -14 -13 -13 -13 -13 -13 -13 -13 -13 -13 -13 -13 -13 -13 -13 -13 -13 -13 -13 -13 -12 -10 -10 -10 -10 -10 -10 -10 -10 -10 -10 -10 -10 -10 -9 -9 -9 -9 -9 -9 -9 -9 -9 -9 -9 -9 -9 -9 -9 -9 -9 -9 -9 -9 -9 -9 -8 -8 -8 -8 -8 -8 -8 -8 -8 -8 -8 -8 -8 -8 -8 -8 -8 -8 -8 -8 -8 -8 -8 -7 -7 -7 -7 -7 -29 -29 -29 -29 -29 -29 -29 -29 -29 -28 -28 -28 -28 -28 -28 -28 -28 -28 -27 -27 -27 -27 -27 -27 -27 -27 -27 -26 -26 -26 -26 -26 -26 -26 -25 -25 -25 -25 -25 -25 -25 -25 -25 -25 -24 -24 -24 -24 -24 -24 -24 -24 -24 -23 -23 -23 -23 -23 -23 -23 -23 -23 -23 -22 -22 -22 -22 -22 -22 -22 -22 -21 -21 -21 -21 -21 -21 -21 -21 -21 -21 -21 -20 -20 -20 -20 -20 -20 -20 -20 -20 -19 -19 -19 -19 -19 -19 -19 -19 -19 -19 -19 -18 -18 -18 -18 -18 -18 -18 -18 -18 -17 -17 -17 -17 -17 -17 -17 -17 -17 -17 -16 -16 -16 -16 -16 -16 -16 -15 -15 -15 -15 -15 -15 -15 -15 -15 -15 -15 -15 -15 -15 -15 -15 -15 -15 -14 -14 -15 -15 -14 -14 -14 -14 -14 -14 -14 -14 -14 -14 -13 -13 -13 -13 -13 -13 -13 -13 -13 -13 -13 -13 -13 -13 -13 -13 -13 -13 -10 -10 -10 -10 -10 -10 -10 -10 -10 -10 -10 -10 -10 -10 -10 -9 -9 -9 -9 -9 -9 -9 -9 -9 -9 -9 -9 -9 -9 -9 -9 -9 -9 -9 -9 -9 -8 -8 -8 -8 -8 -8 -8 -8 -8 -8 -8 -8 -8 -8 -8 -8 -8 -8 -8 -8 -8 -8 -7 -7 -8 -8 -8 -30 -30 -30 -30 -30 -29 -29 -29 -29 -29 -29 -29 -29 -29 -28 -28 -28 -28 -28 -28 -28 -28 -28 -27 -27 -27 -27 -27 -27 -27 -27 -27 -26 -26 -26 -26 -26 -26 -26 -25 -25 -25 -25 -25 -25 -25 -25 -25 -25 -24 -24 -24 -24 -24 -24 -24 -24 -24 -23 -23 -23 -23 -23 -23 -23 -23 -23 -23 -22 -22 -22 -22 -22 -22 -22 -22 -21 -21 -21 -21 -21 -21 -21 -21 -21 -21 -20 -20 -20 -20 -20 -20 -20 -20 -20 -20 -19 -19 -19 -19 -19 -19 -19 -19 -19 -19 -18 -18 -18 -18 -18 -18 -18 -18 -18 -18 -17 -17 -17 -17 -17 -17 -17 -17 -17 -17 -16 -16 -16 -16 -16 -16 -15 -15 -15 -15 -15 -15 -15 -15 -15 -15 -15 -15 -15 -15 -15 -15 -15 -14 -14 -14 -15 -15 -15 -14 -14 -14 -14 -14 -14 -14 -14 -14 -14 -13 -13 -13 -13 -13 -13 -13 -13 -13 -13 -13 -13 -13 -13 -13 -13 -13 -10 -10 -10 -10 -10 -10 -10 -10 -10 -10 -10 -10 -10 -10 -10 -10 -10 -9 -9 -9 -9 -9 -9 -9 -9 -9 -9 -9 -9 -9 -9 -9 -9 -9 -9 -9 -9 -8 -8 -8 -8 -8 -8 -8 -8 -8 -8 -8 -8 -8 -8 -8 -8 -8 -8 -8 -8 -8 -8 -8 -8 -8 -8 -8 -30 -30 -30 -30 -30 -29 -29 -29 -29 -29 -29 -29 -29 -29 -28 -28 -28 -28 -28 -28 -28 -28 -28 -27 -27 -27 -27 -27 -27 -27 -27 -26 -26 -26 -26 -26 -26 -26 -26 -26 -25 -25 -25 -25 -25 -25 -25 -25 -25 -24 -24 -24 -24 -24 -24 -24 -24 -24 -23 -23 -23 -23 -23 -23 -23 -23 -23 -23 -22 -22 -22 -22 -22 -22 -22 -22 -21 -21 -21 -21 -21 -21 -21 -21 -21 -21 -20 -20 -20 -20 -20 -20 -20 -20 -20 -20 -19 -19 -19 -19 -19 -19 -19 -19 -19 -19 -18 -18 -18 -18 -18 -18 -18 -18 -18 -18 -17 -17 -17 -17 -17 -17 -17 -17 -17 -17 -16 -16 -16 -16 -16 -16 -15 -15 -15 -15 -15 -15 -15 -15 -15 -15 -15 -15 -15 -15 -15 -14 -14 -15 -15 -14 -15 -15 -14 -14 -14 -14 -14 -14 -14 -14 -14 -14 -13 -13 -13 -13 -13 -13 -13 -13 -13 -13 -13 -13 -13 -13 -13 -13 -13 -10 -10 -10 -10 -10 -10 -10 -10 -10 -10 -10 -10 -10 -10 -10 -10 -10 -9 -9 -9 -9 -9 -9 -9 -9 -9 -9 -9 -9 -9 -9 -9 -9 -9 -9 -9 -9 -8 -8 -8 -8 -8 -8 -8 -8 -8 -8 -8 -8 -8 -8 -8 -8 -8 -8 -8 -8 -8 -8 -8 -8 -8 -7 -8 -8 -8 -30 -30 -30 -30 -30 -30 -30 -30 -29 -29 -29 -29 -29 -29 -29 -29 -29 -28 -28 -28 -28 -28 -28 -28 -28 -28 -27 -27 -27 -27 -27 -27 -27 -27 -26 -26 -26 -26 -26 -26 -26 -26 -26 -25 -25 -25 -25 -25 -25 -25 -25 -25 -24 -24 -24 -24 -24 -24 -24 -24 -24 -23 -23 -23 -23 -23 -23 -23 -23 -23 -23 -22 -22 -22 -22 -22 -22 -22 -22 -21 -21 -21 -21 -21 -21 -21 -21 -21 -21 -20 -20 -20 -20 -20 -20 -20 -20 -20 -20 -19 -19 -19 -19 -19 -19 -19 -19 -19 -19 -18 -18 -18 -18 -18 -18 -18 -18 -18 -18 -17 -17 -17 -17 -17 -17 -17 -17 -17 -17 -16 -16 -16 -16 -16 -16 -16 -16 -15 -15 -15 -15 -15 -15 -15 -15 -15 -15 -15 -15 -15 -15 -15 -15 -15 -15 -15 -15 -14 -14 -14 -14 -14 -14 -14 -14 -14 -14 -13 -13 -13 -13 -13 -13 -13 -13 -13 -13 -13 -13 -13 -13 -13 -13 -10 -10 -10 -10 -10 -10 -10 -10 -10 -10 -10 -10 -10 -10 -10 -10 -9 -9 -9 -9 -9 -9 -9 -9 -9 -9 -9 -9 -9 -9 -9 -9 -9 -9 -9 -9 -9 -9 -8 -8 -8 -8 -8 -8 -8 -8 -8 -8 -8 -8 -8 -8 -8 -8 -8 -8 -8 -8 -8 -8 -8 -8 -8 -7 -7 -8 -30 -30 -30 -30 -30 -30 -30 -30 -30 -29 -29 -29 -29 -29 -29 -29 -29 -29 -28 -28 -28 -28 -28 -28 -28 -28 -28 -27 -27 -27 -27 -27 -27 -27 -26 -26 -26 -26 -26 -26 -26 -26 -26 -25 -25 -25 -25 -25 -25 -25 -25 -25 -24 -24 -24 -24 -24 -24 -24 -24 -24 -23 -23 -23 -23 -23 -23 -23 -23 -23 -22 -22 -22 -22 -22 -22 -22 -22 -22 -21 -21 -21 -21 -21 -21 -21 -21 -21 -21 -21 -20 -20 -20 -20 -20 -20 -20 -20 -20 -19 -19 -19 -19 -19 -19 -19 -19 -19 -19 -18 -18 -18 -18 -18 -18 -18 -18 -18 -18 -18 -17 -17 -17 -17 -17 -17 -17 -17 -16 -16 -16 -16 -16 -16 -16 -16 -16 -15 -15 -15 -15 -15 -15 -15 -15 -15 -15 -14 -15 -14 -14 -15 -15 -14 -15 -15 -15 -14 -14 -14 -14 -14 -14 -14 -14 -14 -14 -14 -13 -13 -13 -13 -13 -13 -13 -13 -13 -13 -13 -13 -13 -13 -10 -10 -10 -10 -10 -10 -10 -10 -10 -10 -10 -10 -10 -10 -10 -10 -10 -9 -9 -9 -9 -9 -9 -9 -9 -9 -9 -9 -9 -9 -9 -9 -9 -9 -9 -9 -9 -9 -9 -8 -8 -8 -8 -8 -8 -8 -8 -8 -8 -8 -8 -8 -8 -8 -8 -8 -8 -8 -8 -8 -8 -8 -8 -8 -8 -8 -8 -31 -31 -31 -30 -30 -30 -30 -30 -30 -30 -30 -30 -29 -29 -29 -29 -29 -29 -29 -29 -29 -28 -28 -28 -28 -28 -28 -28 -28 -28 -27 -27 -27 -27 -27 -27 -27 -26 -26 -26 -26 -26 -26 -26 -26 -26 -25 -25 -25 -25 -25 -25 -25 -25 -25 -24 -24 -24 -24 -24 -24 -24 -24 -23 -23 -23 -23 -23 -23 -23 -23 -23 -23 -22 -22 -22 -22 -22 -22 -22 -22 -21 -21 -21 -21 -21 -21 -21 -21 -21 -21 -21 -21 -20 -20 -20 -20 -20 -20 -20 -20 -20 -19 -19 -19 -19 -19 -19 -19 -19 -19 -18 -18 -18 -18 -18 -18 -18 -18 -18 -18 -18 -18 -17 -17 -17 -17 -17 -17 -17 -16 -16 -16 -16 -16 -16 -16 -16 -16 -16 -16 -15 -15 -15 -15 -15 -15 -15 -15 -15 -15 -15 -15 -15 -14 -15 -15 -15 -15 -14 -14 -14 -14 -14 -14 -14 -14 -14 -14 -14 -14 -13 -13 -13 -13 -13 -13 -13 -13 -13 -13 -13 -13 -13 -11 -10 -10 -10 -10 -10 -10 -10 -10 -10 -10 -10 -10 -10 -10 -10 -10 -10 -9 -9 -9 -9 -9 -9 -9 -9 -9 -9 -9 -9 -9 -9 -9 -9 -9 -9 -9 -9 -8 -8 -8 -8 -8 -8 -8 -8 -8 -8 -8 -8 -8 -8 -8 -8 -8 -8 -8 -8 -8 -8 -8 -8 -8 -8 -8 -8 -8 -31 -30 -30 -30 -30 -30 -30 -30 -30 -30 -29 -29 -29 -29 -29 -29 -29 -29 -29 -28 -28 -28 -28 -28 -28 -28 -28 -28 -27 -27 -27 -27 -27 -27 -27 -26 -26 -26 -26 -26 -26 -26 -26 -26 -25 -25 -25 -25 -25 -25 -25 -25 -25 -24 -24 -24 -24 -24 -24 -24 -24 -24 -23 -23 -23 -23 -23 -23 -23 -23 -22 -22 -22 -22 -22 -22 -22 -22 -22 -21 -21 -21 -21 -21 -21 -21 -21 -21 -21 -21 -20 -20 -20 -20 -20 -20 -20 -20 -20 -20 -19 -19 -19 -19 -19 -19 -19 -19 -19 -18 -18 -18 -18 -18 -18 -18 -18 -18 -18 -17 -17 -17 -17 -17 -17 -17 -17 -17 -17 -17 -17 -16 -16 -16 -16 -16 -16 -16 -16 -15 -15 -15 -15 -15 -15 -15 -15 -15 -15 -15 -15 -14 -14 -15 -15 -15 -15 -14 -14 -14 -14 -14 -14 -14 -14 -14 -14 -14 -14 -13 -13 -13 -13 -13 -13 -13 -13 -13 -13 -13 -13 -11 -11 -10 -10 -10 -10 -10 -10 -10 -10 -10 -10 -10 -10 -10 -10 -10 -10 -10 -10 -9 -9 -9 -9 -9 -9 -9 -9 -9 -9 -9 -9 -9 -9 -9 -9 -9 -8 -8 -8 -8 -8 -8 -8 -8 -8 -8 -8 -8 -8 -8 -8 -8 -8 -8 -8 -8 -8 -8 -8 -8 -8 -8 -8 -8 -8 -8 -8 -31 -31 -31 -31 -31 -30 -30 -30 -30 -30 -30 -30 -30 -30 -29 -29 -29 -29 -29 -29 -29 -29 -29 -28 -28 -28 -28 -28 -28 -28 -28 -28 -27 -27 -27 -27 -27 -27 -27 -26 -26 -26 -26 -26 -26 -26 -26 -26 -25 -25 -25 -25 -25 -25 -25 -25 -25 -24 -24 -24 -24 -24 -24 -24 -24 -24 -23 -23 -23 -23 -23 -23 -23 -23 -22 -22 -22 -22 -22 -22 -22 -22 -22 -21 -22 -21 -21 -21 -21 -21 -21 -21 -21 -21 -20 -20 -20 -20 -20 -20 -20 -20 -20 -20 -19 -19 -19 -19 -19 -19 -19 -19 -19 -18 -18 -18 -18 -18 -18 -18 -18 -18 -17 -17 -17 -17 -17 -17 -17 -17 -17 -17 -17 -17 -16 -16 -16 -16 -16 -16 -16 -15 -16 -15 -15 -15 -15 -15 -15 -15 -15 -15 -15 -15 -15 -15 -15 -15 -15 -15 -14 -14 -14 -14 -14 -14 -14 -14 -14 -14 -14 -14 -14 -13 -13 -13 -13 -13 -13 -13 -13 -13 -13 -13 -11 -11 -10 -10 -10 -10 -10 -10 -10 -10 -10 -10 -10 -10 -10 -10 -10 -10 -10 -10 -10 -9 -9 -9 -9 -9 -9 -9 -9 -9 -9 -9 -9 -9 -9 -9 -9 -8 -8 -8 -8 -8 -8 -8 -8 -8 -8 -8 -8 -8 -8 -8 -8 -8 -8 -8 -8 -8 -8 -8 -8 -8 -8 -8 -8 -8 -8 -8 -8 -8 -8 -8 -8 -8 -8 -8 -7 -7 -7 -7 -7 -7 -7 -7 -7 -7 -31 -31 -31 -30 -30 -30 -30 -30 -30 -30 -30 -30 -29 -29 -29 -29 -29 -29 -29 -29 -29 -28 -28 -28 -28 -28 -28 -28 -28 -28 -27 -27 -27 -27 -27 -27 -27 -26 -26 -26 -26 -26 -26 -26 -26 -26 -26 -25 -25 -25 -25 -25 -25 -25 -25 -24 -24 -24 -24 -24 -24 -24 -24 -24 -23 -23 -23 -23 -23 -23 -23 -23 -22 -22 -22 -22 -22 -22 -22 -22 -22 -22 -22 -21 -21 -21 -21 -21 -21 -21 -21 -21 -20 -20 -20 -20 -20 -20 -20 -20 -20 -20 -19 -19 -19 -19 -19 -19 -19 -19 -19 -18 -18 -18 -18 -18 -18 -18 -18 -18 -17 -17 -17 -17 -17 -17 -17 -17 -17 -17 -17 -16 -16 -16 -16 -16 -16 -16 -16 -16 -16 -15 -15 -15 -15 -15 -15 -15 -15 -15 -15 -15 -15 -15 -15 -15 -15 -15 -14 -14 -14 -14 -14 -14 -14 -14 -14 -14 -14 -14 -14 -13 -13 -13 -13 -13 -13 -13 -13 -13 -13 -11 -11 -11 -10 -10 -10 -10 -10 -10 -10 -10 -10 -10 -10 -10 -10 -10 -10 -10 -10 -10 -10 -9 -9 -9 -9 -9 -9 -9 -9 -9 -9 -9 -9 -9 -9 -9 -9 -9 -8 -8 -8 -8 -8 -8 -8 -8 -8 -8 -8 -8 -8 -8 -8 -8 -8 -8 -8 -8 -8 -8 -8 -8 -8 -8 -8 -8 -8 -8 -8 -8 -8 -7 -7 -7 -7 -7 -7 -7 -7 -7 -7 -7 -7 -7 -7 -7 -7 -7 -31 -31 -31 -31 -31 -30 -30 -30 -30 -30 -30 -30 -30 -30 -29 -29 -29 -29 -29 -29 -29 -29 -29 -28 -28 -28 -28 -28 -28 -28 -28 -28 -27 -27 -27 -27 -27 -27 -27 -26 -26 -26 -26 -26 -26 -26 -26 -26 -25 -25 -25 -25 -25 -25 -25 -25 -25 -24 -24 -24 -24 -24 -24 -24 -24 -24 -23 -23 -23 -23 -23 -23 -23 -23 -22 -22 -22 -22 -22 -22 -22 -22 -22 -22 -22 -21 -21 -21 -21 -21 -21 -21 -21 -21 -20 -20 -20 -20 -20 -20 -20 -20 -20 -19 -19 -19 -19 -19 -19 -19 -19 -19 -19 -18 -18 -18 -18 -18 -18 -18 -18 -18 -18 -17 -17 -17 -17 -17 -17 -17 -17 -17 -16 -16 -16 -16 -16 -16 -16 -16 -16 -16 -16 -15 -15 -15 -15 -15 -15 -15 -15 -15 -15 -15 -15 -15 -15 -15 -15 -15 -15 -14 -14 -14 -14 -14 -14 -14 -14 -14 -14 -14 -14 -13 -13 -13 -13 -13 -13 -13 -13 -13 -11 -11 -11 -11 -11 -10 -10 -10 -10 -10 -10 -10 -10 -10 -10 -10 -10 -10 -10 -10 -10 -10 -9 -9 -9 -9 -9 -9 -9 -9 -9 -9 -9 -9 -9 -9 -9 -9 -9 -8 -8 -8 -8 -8 -8 -8 -8 -8 -8 -8 -8 -8 -8 -8 -8 -8 -8 -8 -8 -8 -7 -8 -8 -8 -8 -8 -8 -8 -8 -8 -8 -7 -7 -7 -7 -7 -7 -7 -7 -7 -7 -7 -7 -7 -7 -7 -7 -7 -7 -7 -7 -31 -31 -31 -31 -31 -30 -30 -30 -30 -30 -30 -30 -30 -30 -29 -29 -29 -29 -29 -29 -29 -29 -29 -28 -28 -28 -28 -28 -28 -28 -28 -27 -27 -27 -27 -27 -27 -27 -27 -26 -26 -26 -26 -26 -26 -26 -26 -26 -25 -25 -25 -25 -25 -25 -25 -25 -25 -24 -24 -24 -24 -24 -24 -24 -24 -23 -23 -23 -23 -23 -23 -23 -23 -23 -22 -22 -22 -22 -22 -22 -22 -22 -22 -22 -22 -21 -21 -21 -21 -21 -21 -21 -21 -21 -20 -20 -20 -20 -20 -20 -20 -20 -20 -20 -19 -19 -19 -19 -19 -19 -19 -19 -19 -18 -18 -18 -18 -18 -18 -18 -18 -18 -18 -17 -17 -17 -17 -17 -17 -17 -17 -16 -16 -16 -16 -16 -16 -16 -16 -16 -16 -16 -15 -15 -15 -16 -15 -15 -15 -15 -15 -15 -15 -15 -15 -15 -15 -15 -15 -15 -15 -15 -14 -14 -14 -14 -14 -14 -14 -14 -14 -14 -14 -13 -13 -13 -13 -13 -13 -13 -13 -11 -11 -11 -11 -11 -11 -11 -10 -10 -10 -10 -10 -10 -10 -10 -10 -10 -10 -10 -10 -10 -10 -9 -9 -9 -9 -9 -9 -9 -9 -9 -9 -9 -9 -9 -9 -9 -9 -9 -9 -9 -9 -8 -8 -8 -8 -8 -8 -8 -8 -8 -8 -8 -8 -8 -8 -8 -8 -8 -8 -8 -8 -8 -8 -8 -8 -8 -8 -8 -8 -8 -7 -7 -7 -7 -7 -7 -7 -7 -7 -7 -7 -7 -7 -7 -7 -7 -7 -7 -7 -7 -7 -31 -31 -31 -31 -31 -31 -31 -31 -30 -30 -30 -30 -30 -30 -30 -30 -30 -29 -29 -29 -29 -29 -29 -29 -29 -29 -28 -28 -28 -28 -28 -28 -28 -27 -27 -27 -27 -27 -27 -27 -27 -27 -27 -26 -26 -26 -26 -26 -26 -26 -26 -25 -25 -25 -25 -25 -25 -25 -25 -25 -24 -24 -24 -24 -24 -24 -24 -24 -23 -23 -23 -23 -23 -23 -23 -23 -23 -22 -22 -22 -22 -22 -22 -22 -22 -22 -22 -22 -21 -21 -21 -21 -21 -21 -21 -21 -21 -20 -20 -20 -20 -20 -20 -20 -20 -20 -20 -19 -19 -19 -19 -19 -19 -19 -19 -19 -18 -18 -18 -18 -18 -18 -18 -18 -18 -18 -18 -18 -18 -17 -17 -17 -17 -16 -17 -17 -16 -16 -16 -16 -16 -16 -16 -16 -15 -16 -16 -16 -16 -16 -15 -15 -16 -15 -15 -15 -15 -15 -15 -15 -15 -15 -15 -15 -15 -14 -14 -14 -14 -14 -14 -14 -14 -14 -14 -14 -13 -13 -13 -13 -13 -13 -13 -11 -11 -11 -11 -11 -11 -11 -11 -10 -10 -10 -10 -10 -10 -10 -10 -10 -10 -10 -10 -10 -10 -10 -9 -9 -9 -9 -9 -9 -9 -9 -9 -9 -9 -9 -9 -9 -9 -9 -9 -9 -9 -9 -9 -8 -8 -8 -8 -8 -8 -8 -8 -8 -8 -8 -8 -8 -8 -8 -8 -8 -8 -8 -8 -8 -8 -8 -8 -8 -8 -8 -8 -8 -7 -7 -8 -8 -8 -8 -8 -7 -7 -7 -7 -7 -7 -7 -7 -7 -7 -7 -7 -7 -32 -32 -31 -31 -31 -31 -31 -31 -31 -31 -31 -30 -30 -30 -30 -30 -30 -30 -30 -29 -29 -29 -29 -29 -29 -29 -29 -29 -28 -28 -28 -28 -28 -28 -28 -27 -27 -27 -27 -27 -27 -27 -27 -27 -27 -26 -26 -26 -26 -26 -26 -26 -26 -26 -25 -25 -25 -25 -25 -25 -25 -25 -24 -24 -24 -24 -24 -24 -24 -24 -23 -23 -23 -23 -23 -23 -23 -23 -23 -22 -22 -22 -22 -22 -22 -22 -22 -22 -22 -22 -21 -21 -21 -21 -21 -21 -21 -21 -21 -20 -20 -20 -20 -20 -20 -20 -20 -20 -20 -19 -19 -19 -19 -19 -19 -19 -19 -19 -18 -18 -18 -18 -18 -18 -18 -18 -18 -18 -18 -18 -17 -17 -17 -17 -16 -17 -17 -16 -16 -16 -16 -16 -16 -16 -16 -16 -16 -16 -16 -16 -16 -16 -16 -16 -15 -15 -15 -15 -15 -15 -15 -15 -15 -15 -15 -15 -15 -14 -14 -14 -14 -14 -14 -14 -14 -14 -14 -14 -14 -13 -13 -13 -13 -13 -11 -11 -11 -11 -11 -11 -11 -11 -11 -10 -10 -10 -10 -10 -10 -10 -10 -10 -10 -10 -10 -10 -10 -10 -10 -9 -9 -9 -9 -9 -9 -9 -9 -9 -9 -9 -9 -9 -9 -9 -9 -9 -9 -9 -9 -8 -8 -8 -8 -8 -8 -8 -8 -8 -8 -8 -8 -8 -8 -8 -8 -8 -8 -8 -8 -8 -8 -8 -8 -8 -8 -8 -8 -8 -8 -8 -8 -8 -7 -8 -8 -7 -7 -7 -7 -7 -7 -7 -7 -7 -7 -7 -7 -32 -31 -31 -31 -31 -31 -31 -31 -31 -31 -30 -30 -30 -30 -30 -30 -30 -30 -29 -29 -29 -29 -29 -29 -29 -29 -29 -28 -28 -28 -28 -28 -28 -28 -27 -27 -27 -27 -27 -27 -27 -27 -27 -26 -26 -26 -26 -26 -26 -26 -26 -26 -25 -25 -25 -25 -25 -25 -25 -25 -25 -24 -24 -24 -24 -24 -24 -24 -24 -23 -23 -23 -23 -23 -23 -23 -23 -22 -22 -22 -22 -22 -22 -22 -22 -22 -22 -22 -21 -21 -21 -21 -21 -21 -21 -21 -21 -21 -20 -20 -20 -20 -20 -20 -20 -20 -20 -20 -19 -19 -19 -19 -19 -19 -19 -19 -19 -19 -19 -18 -18 -18 -18 -18 -18 -18 -18 -18 -18 -17 -17 -17 -17 -17 -17 -17 -17 -16 -16 -16 -16 -16 -16 -16 -16 -16 -16 -16 -16 -15 -15 -16 -15 -15 -15 -15 -15 -15 -15 -15 -15 -15 -15 -15 -15 -15 -14 -14 -14 -14 -14 -14 -14 -14 -14 -14 -14 -14 -14 -13 -13 -13 -11 -11 -11 -11 -11 -11 -11 -11 -11 -10 -10 -10 -10 -10 -10 -10 -10 -10 -10 -10 -10 -10 -10 -10 -10 -10 -9 -9 -9 -9 -9 -9 -9 -9 -9 -9 -9 -9 -9 -9 -9 -9 -9 -9 -9 -9 -8 -8 -8 -8 -9 -8 -8 -8 -8 -8 -8 -8 -8 -8 -8 -8 -8 -8 -8 -8 -8 -8 -8 -8 -8 -8 -8 -8 -8 -8 -8 -7 -7 -7 -8 -8 -7 -7 -7 -7 -7 -7 -7 -7 -7 -7 -7 -32 -32 -32 -32 -31 -31 -31 -31 -31 -31 -31 -31 -31 -30 -30 -30 -30 -30 -30 -30 -30 -29 -29 -29 -29 -29 -29 -29 -29 -29 -28 -28 -28 -28 -28 -28 -28 -27 -27 -27 -27 -27 -27 -27 -27 -27 -26 -26 -26 -26 -26 -26 -26 -26 -26 -25 -25 -25 -25 -25 -25 -25 -25 -25 -25 -24 -24 -24 -24 -24 -24 -24 -23 -23 -23 -23 -23 -23 -23 -23 -22 -22 -22 -22 -22 -22 -22 -22 -22 -22 -22 -21 -21 -21 -21 -21 -21 -21 -21 -21 -21 -20 -20 -20 -20 -20 -20 -20 -20 -20 -20 -19 -19 -19 -19 -19 -19 -19 -19 -19 -19 -19 -18 -18 -18 -18 -18 -18 -18 -18 -18 -18 -17 -17 -17 -17 -17 -17 -17 -17 -16 -16 -16 -16 -16 -16 -16 -16 -16 -16 -16 -16 -16 -16 -15 -15 -15 -15 -15 -15 -15 -15 -15 -15 -15 -15 -15 -15 -15 -14 -14 -14 -14 -14 -14 -14 -14 -14 -14 -14 -14 -13 -13 -13 -11 -11 -11 -11 -11 -11 -11 -11 -11 -11 -10 -10 -10 -10 -10 -10 -10 -10 -10 -10 -10 -10 -10 -10 -10 -10 -9 -9 -9 -9 -9 -9 -9 -9 -9 -9 -9 -9 -9 -9 -9 -9 -9 -9 -9 -9 -9 -9 -9 -8 -9 -9 -8 -8 -8 -8 -8 -8 -8 -8 -8 -8 -8 -8 -8 -8 -8 -8 -8 -8 -8 -8 -8 -8 -8 -7 -7 -7 -7 -7 -7 -8 -7 -7 -7 -7 -7 -7 -7 -7 -7 -7 -7 -7 -3 -3 -3 -3 -32 -32 -32 -32 -31 -31 -31 -31 -31 -31 -31 -31 -31 -30 -30 -30 -30 -30 -30 -30 -30 -30 -29 -29 -29 -29 -29 -29 -29 -29 -29 -28 -28 -28 -28 -28 -28 -28 -28 -27 -27 -27 -27 -27 -27 -27 -26 -26 -26 -26 -26 -26 -26 -26 -26 -25 -25 -25 -25 -25 -25 -25 -25 -25 -25 -24 -24 -24 -24 -24 -24 -24 -23 -23 -23 -23 -23 -23 -23 -23 -22 -22 -22 -22 -22 -22 -22 -22 -22 -22 -22 -21 -21 -21 -21 -21 -21 -21 -21 -21 -21 -20 -20 -20 -20 -20 -20 -20 -20 -20 -19 -19 -19 -19 -19 -19 -19 -19 -19 -19 -19 -19 -18 -18 -18 -18 -18 -18 -18 -18 -18 -17 -17 -17 -17 -17 -17 -17 -17 -17 -17 -16 -16 -16 -16 -16 -16 -16 -16 -16 -16 -16 -16 -16 -15 -15 -15 -15 -15 -15 -15 -15 -15 -15 -15 -15 -15 -15 -15 -14 -14 -14 -14 -14 -14 -14 -14 -14 -14 -14 -14 -14 -13 -11 -11 -11 -11 -11 -11 -11 -11 -11 -11 -11 -10 -10 -10 -10 -10 -10 -10 -10 -10 -10 -10 -10 -10 -10 -10 -10 -9 -9 -9 -9 -9 -9 -9 -9 -9 -9 -9 -9 -9 -9 -9 -9 -9 -9 -9 -9 -9 -8 -8 -9 -8 -8 -8 -8 -8 -8 -8 -8 -8 -8 -8 -8 -8 -8 -8 -8 -8 -8 -8 -8 -8 -7 -7 -7 -7 -7 -7 -7 -7 -7 -8 -7 -7 -7 -7 -7 -7 -7 -7 -7 -7 -7 -7 -3 -3 -3 -3 -2 -3 -3 -3 -32 -32 -32 -32 -32 -32 -31 -31 -31 -31 -31 -31 -31 -31 -31 -30 -30 -30 -30 -30 -30 -30 -30 -30 -29 -29 -29 -29 -29 -29 -29 -29 -29 -29 -28 -28 -28 -28 -28 -28 -27 -27 -27 -27 -27 -27 -27 -27 -26 -26 -26 -26 -26 -26 -26 -26 -26 -26 -25 -25 -25 -25 -25 -25 -25 -25 -25 -24 -24 -24 -24 -24 -24 -24 -23 -23 -23 -23 -23 -23 -23 -23 -22 -22 -22 -22 -22 -22 -22 -22 -22 -22 -22 -21 -21 -21 -21 -21 -21 -21 -21 -21 -21 -20 -20 -20 -20 -20 -20 -20 -20 -20 -19 -19 -19 -19 -19 -19 -19 -19 -19 -19 -19 -19 -18 -18 -18 -18 -18 -18 -18 -18 -17 -17 -17 -17 -17 -17 -17 -17 -17 -17 -17 -17 -16 -16 -16 -16 -16 -16 -16 -16 -16 -16 -16 -16 -15 -15 -15 -15 -15 -15 -15 -15 -15 -15 -15 -15 -15 -15 -15 -14 -14 -14 -14 -14 -14 -14 -14 -14 -14 -14 -14 -14 -11 -11 -11 -11 -11 -11 -11 -11 -11 -11 -11 -11 -10 -10 -10 -10 -10 -10 -10 -10 -10 -10 -10 -10 -10 -10 -10 -10 -9 -9 -9 -9 -9 -9 -9 -9 -9 -9 -9 -9 -9 -9 -9 -9 -9 -9 -9 -9 -8 -8 -8 -8 -8 -8 -8 -8 -8 -8 -8 -8 -8 -8 -8 -8 -8 -8 -8 -8 -8 -8 -8 -8 -8 -7 -7 -7 -7 -7 -7 -7 -8 -8 -8 -7 -7 -7 -7 -7 -7 -7 -7 -7 -7 -3 -3 -3 -3 -2 -2 -2 -2 -3 -3 -33 -32 -32 -32 -32 -32 -32 -32 -32 -32 -31 -31 -31 -31 -31 -31 -31 -31 -31 -30 -30 -30 -30 -30 -30 -30 -30 -30 -29 -29 -29 -29 -29 -29 -29 -29 -28 -28 -28 -28 -28 -28 -28 -27 -27 -27 -27 -27 -27 -27 -27 -26 -26 -26 -26 -26 -26 -26 -26 -26 -26 -26 -25 -25 -25 -25 -25 -25 -25 -24 -24 -24 -24 -24 -24 -24 -24 -23 -23 -23 -23 -23 -23 -23 -23 -22 -23 -22 -22 -22 -22 -22 -22 -22 -22 -22 -22 -21 -21 -21 -21 -21 -21 -21 -21 -21 -20 -20 -20 -20 -20 -20 -20 -20 -19 -19 -19 -19 -19 -19 -19 -19 -19 -19 -19 -19 -18 -18 -18 -18 -18 -18 -18 -18 -18 -17 -17 -17 -17 -17 -17 -17 -17 -17 -17 -17 -17 -16 -16 -16 -16 -16 -16 -16 -16 -16 -16 -16 -16 -16 -15 -15 -15 -15 -15 -15 -15 -15 -15 -15 -15 -15 -15 -14 -14 -14 -14 -14 -14 -14 -14 -14 -14 -14 -14 -14 -11 -11 -11 -11 -11 -11 -11 -11 -11 -11 -11 -11 -11 -10 -10 -10 -10 -10 -10 -10 -10 -10 -10 -10 -10 -10 -10 -10 -9 -9 -9 -9 -9 -9 -9 -9 -9 -9 -9 -9 -9 -9 -9 -9 -9 -9 -9 -9 -8 -8 -9 -9 -8 -8 -8 -8 -8 -8 -8 -8 -8 -8 -8 -8 -8 -8 -8 -8 -8 -8 -8 -8 -8 -8 -7 -7 -7 -7 -7 -8 -8 -8 -8 -7 -7 -7 -7 -7 -7 -7 -7 -7 -7 -3 -3 -3 -3 -3 -2 -2 -2 -2 -3 -3 -3 -4 -33 -33 -32 -32 -32 -32 -32 -32 -32 -32 -32 -32 -31 -31 -31 -31 -31 -31 -31 -31 -31 -31 -30 -30 -30 -30 -30 -30 -30 -30 -29 -29 -29 -29 -29 -29 -28 -28 -28 -28 -28 -28 -28 -27 -27 -27 -27 -27 -27 -27 -27 -27 -26 -26 -26 -26 -26 -26 -26 -26 -26 -26 -25 -25 -25 -25 -25 -25 -25 -24 -24 -24 -24 -24 -24 -24 -24 -24 -23 -23 -23 -23 -23 -23 -23 -22 -23 -23 -22 -22 -22 -22 -22 -22 -22 -22 -22 -22 -21 -21 -21 -21 -21 -21 -21 -21 -21 -20 -20 -20 -20 -20 -20 -20 -20 -20 -19 -19 -19 -19 -19 -19 -19 -19 -19 -19 -19 -18 -18 -18 -18 -18 -18 -18 -18 -18 -17 -17 -17 -17 -17 -17 -17 -17 -17 -17 -17 -17 -17 -17 -16 -16 -16 -16 -16 -16 -16 -16 -16 -16 -15 -15 -15 -15 -15 -15 -15 -15 -15 -15 -15 -15 -15 -15 -15 -14 -14 -14 -14 -14 -14 -14 -14 -14 -14 -14 -11 -11 -11 -11 -11 -11 -11 -11 -11 -11 -11 -11 -11 -11 -10 -10 -10 -10 -10 -10 -10 -10 -10 -10 -10 -10 -10 -10 -10 -9 -9 -9 -9 -9 -9 -9 -9 -9 -9 -9 -9 -9 -9 -9 -9 -9 -9 -9 -8 -8 -9 -9 -8 -8 -8 -8 -8 -8 -8 -8 -8 -8 -8 -8 -8 -8 -8 -8 -8 -8 -8 -8 -8 -8 -7 -7 -7 -7 -8 -8 -8 -8 -8 -7 -7 -7 -7 -7 -7 -7 -7 -7 -7 -7 -3 -3 -3 -2 -2 -2 -2 -2 -2 -2 -2 -2 -3 -4 -4 -33 -33 -33 -33 -32 -32 -32 -32 -32 -32 -32 -32 -32 -32 -32 -31 -31 -31 -31 -31 -31 -31 -31 -31 -31 -30 -30 -30 -30 -30 -30 -29 -29 -29 -29 -29 -29 -28 -28 -28 -28 -28 -28 -28 -28 -28 -27 -27 -27 -27 -27 -27 -27 -26 -26 -26 -26 -26 -26 -26 -26 -26 -26 -25 -25 -25 -25 -25 -25 -25 -25 -25 -24 -24 -24 -24 -24 -24 -24 -23 -23 -23 -23 -23 -23 -23 -23 -23 -23 -23 -22 -22 -22 -22 -22 -22 -22 -22 -22 -21 -21 -21 -21 -21 -21 -21 -21 -21 -21 -20 -20 -20 -20 -20 -20 -20 -20 -20 -20 -20 -19 -20 -19 -19 -19 -19 -19 -19 -18 -18 -18 -18 -18 -18 -18 -18 -18 -17 -17 -17 -17 -17 -17 -17 -17 -17 -17 -17 -17 -17 -17 -16 -16 -16 -16 -16 -16 -16 -16 -16 -16 -16 -15 -15 -15 -15 -15 -15 -15 -15 -15 -15 -15 -15 -15 -15 -15 -15 -14 -14 -14 -14 -14 -14 -14 -14 -14 -12 -12 -12 -11 -11 -11 -11 -11 -11 -11 -11 -11 -11 -11 -11 -10 -10 -10 -10 -10 -10 -10 -10 -10 -10 -10 -10 -10 -10 -10 -9 -9 -9 -9 -9 -9 -9 -9 -9 -9 -9 -9 -9 -9 -9 -9 -9 -9 -8 -8 -9 -9 -8 -8 -8 -8 -8 -8 -8 -8 -8 -8 -8 -8 -8 -8 -8 -8 -8 -8 -8 -8 -8 -8 -8 -7 -7 -8 -8 -8 -8 -8 -8 -7 -7 -7 -7 -7 -7 -7 -7 -7 -7 -7 -7 -4 -4 -4 -3 -3 -3 -3 -3 -3 -3 -3 -2 -2 -2 -2 -2 -2 -2 -2 -3 -3 -3 -3 -33 -33 -33 -33 -33 -33 -33 -33 -32 -32 -32 -32 -32 -32 -32 -32 -31 -31 -31 -31 -31 -31 -31 -30 -30 -30 -30 -30 -30 -30 -30 -29 -29 -29 -29 -29 -28 -28 -28 -28 -28 -28 -28 -28 -28 -27 -27 -27 -27 -27 -27 -27 -27 -27 -26 -26 -26 -26 -26 -26 -26 -26 -26 -25 -25 -25 -25 -25 -25 -25 -24 -24 -24 -24 -24 -24 -24 -24 -24 -23 -23 -23 -23 -23 -23 -23 -23 -23 -23 -23 -22 -22 -22 -22 -22 -22 -22 -22 -22 -21 -21 -21 -21 -21 -21 -21 -21 -21 -20 -20 -20 -20 -20 -20 -20 -20 -20 -20 -20 -20 -20 -19 -19 -19 -19 -19 -19 -19 -18 -18 -18 -18 -18 -18 -18 -18 -17 -17 -17 -17 -17 -17 -17 -17 -17 -17 -17 -17 -17 -17 -16 -16 -16 -16 -16 -16 -16 -16 -16 -16 -16 -15 -15 -15 -15 -15 -15 -15 -15 -15 -15 -15 -15 -15 -15 -15 -15 -15 -15 -15 -15 -14 -14 -14 -14 -14 -12 -12 -12 -12 -12 -12 -12 -11 -11 -11 -11 -11 -11 -11 -11 -11 -10 -10 -10 -10 -10 -10 -10 -10 -10 -10 -10 -10 -10 -10 -9 -9 -9 -9 -9 -9 -9 -9 -9 -9 -9 -9 -9 -9 -9 -9 -9 -9 -8 -8 -9 -9 -8 -8 -8 -8 -8 -8 -8 -8 -8 -8 -8 -8 -8 -8 -8 -8 -8 -8 -8 -8 -8 -8 -7 -7 -7 -8 -8 -8 -8 -8 -7 -7 -7 -7 -7 -7 -7 -7 -7 -7 -7 -7 -7 -7 -7 -7 -7 -8 -9 -9 -9 -4 -4 -3 -3 -3 -3 -3 -3 -3 -3 -3 -2 -2 -3 -2 -2 -2 -2 -1 -1 -1 -2 -2 -3 -3 -3 -3 -3 -33 -33 -33 -33 -33 -33 -33 -33 -33 -33 -33 -32 -32 -32 -32 -32 -32 -32 -32 -32 -31 -32 -32 -31 -31 -31 -31 -31 -30 -30 -30 -30 -30 -30 -29 -29 -29 -29 -29 -29 -29 -29 -28 -28 -28 -28 -28 -28 -28 -27 -27 -27 -27 -27 -27 -27 -27 -27 -26 -26 -26 -26 -26 -26 -26 -26 -26 -25 -25 -25 -25 -25 -25 -24 -24 -24 -24 -24 -24 -24 -24 -24 -24 -23 -23 -23 -23 -23 -23 -23 -23 -23 -23 -22 -22 -22 -22 -22 -22 -22 -22 -22 -22 -21 -21 -21 -21 -21 -21 -21 -21 -21 -20 -20 -20 -20 -20 -20 -20 -20 -20 -20 -20 -20 -19 -19 -19 -19 -19 -19 -19 -19 -18 -18 -18 -18 -18 -18 -18 -17 -17 -17 -17 -17 -17 -17 -17 -17 -17 -17 -17 -17 -17 -17 -16 -16 -16 -17 -16 -16 -16 -16 -16 -16 -16 -15 -15 -15 -15 -15 -15 -15 -15 -15 -15 -15 -15 -15 -15 -15 -15 -15 -15 -15 -15 -14 -14 -14 -14 -12 -12 -12 -12 -12 -12 -12 -11 -11 -11 -11 -11 -11 -11 -11 -11 -11 -10 -10 -10 -10 -10 -10 -10 -10 -10 -10 -10 -10 -10 -9 -9 -9 -9 -9 -9 -9 -9 -9 -9 -9 -9 -9 -9 -9 -9 -9 -9 -8 -8 -9 -9 -9 -8 -8 -8 -8 -8 -8 -8 -8 -8 -8 -8 -8 -8 -8 -8 -8 -8 -8 -8 -8 -8 -8 -8 -8 -8 -8 -8 -8 -8 -8 -7 -7 -7 -7 -7 -7 -7 -7 -7 -7 -7 -7 -7 -7 -7 -7 -7 -8 -8 -8 -8 -8 -9 -9 -8 -8 -8 -8 -8 -8 -8 -8 -8 -8 -7 -7 -3 -3 -3 -3 -3 -2 -3 -3 -2 -2 -3 -3 -2 -2 -2 -2 -1 -1 -1 -1 -1 -1 -2 -3 -2 -3 -3 -3 -3 -33 -33 -33 -33 -33 -33 -33 -33 -33 -33 -33 -33 -32 -32 -32 -32 -32 -32 -32 -32 -31 -31 -31 -31 -31 -31 -31 -31 -30 -30 -30 -30 -30 -29 -29 -29 -29 -29 -29 -29 -28 -28 -28 -28 -28 -28 -28 -28 -28 -28 -27 -27 -27 -27 -27 -27 -27 -27 -26 -26 -26 -26 -26 -26 -26 -26 -25 -25 -25 -25 -25 -25 -25 -25 -25 -25 -24 -24 -24 -24 -24 -24 -23 -23 -23 -23 -23 -23 -23 -23 -23 -23 -23 -23 -22 -22 -22 -22 -22 -22 -22 -22 -22 -21 -21 -21 -21 -21 -21 -21 -21 -21 -21 -21 -21 -21 -20 -20 -20 -20 -20 -20 -19 -19 -19 -19 -19 -19 -19 -19 -19 -19 -19 -18 -18 -18 -18 -18 -17 -17 -17 -17 -17 -17 -17 -17 -17 -17 -17 -17 -17 -17 -17 -16 -16 -17 -17 -17 -16 -16 -16 -16 -16 -16 -16 -16 -15 -15 -15 -15 -15 -15 -15 -15 -15 -15 -15 -15 -15 -15 -15 -15 -15 -15 -14 -14 -14 -14 -12 -12 -12 -12 -12 -11 -11 -11 -11 -11 -11 -11 -11 -11 -11 -11 -11 -11 -10 -10 -10 -10 -10 -10 -10 -10 -10 -10 -10 -10 -10 -10 -9 -9 -9 -9 -9 -9 -9 -9 -9 -9 -9 -9 -9 -9 -9 -9 -9 -8 -9 -9 -9 -8 -8 -8 -8 -8 -8 -8 -8 -8 -8 -8 -8 -8 -8 -8 -8 -8 -8 -7 -7 -7 -7 -8 -8 -8 -8 -8 -8 -8 -8 -7 -7 -7 -7 -7 -7 -7 -7 -7 -7 -7 -7 -7 -7 -7 -7 -7 -8 -8 -8 -8 -8 -8 -8 -8 -8 -7 -8 -8 -8 -8 -8 -7 -8 -8 -8 -8 -8 -7 -7 -7 -7 -7 -7 -7 -4 -3 -3 -3 -3 -2 -2 -2 -2 -2 -2 -2 -2 -2 -2 -2 -1 -1 -1 -1 -1 -1 -2 -2 -2 -2 -3 -3 -3 -3 -2 -34 -34 -33 -33 -33 -33 -33 -33 -33 -33 -33 -33 -32 -32 -33 -32 -32 -32 -32 -32 -32 -31 -31 -31 -32 -31 -31 -31 -31 -31 -30 -30 -30 -30 -30 -29 -29 -29 -29 -29 -29 -29 -29 -28 -28 -28 -28 -28 -28 -28 -28 -27 -27 -27 -27 -27 -27 -27 -27 -27 -26 -26 -26 -26 -26 -26 -26 -26 -26 -25 -25 -25 -25 -25 -25 -25 -24 -24 -24 -24 -24 -24 -24 -24 -23 -23 -23 -23 -23 -23 -23 -23 -23 -23 -23 -22 -22 -22 -22 -22 -22 -22 -22 -22 -22 -21 -21 -21 -21 -21 -21 -21 -21 -21 -21 -21 -21 -20 -20 -20 -20 -20 -20 -20 -20 -20 -20 -19 -19 -19 -19 -19 -19 -19 -18 -18 -18 -18 -18 -18 -18 -17 -17 -17 -17 -17 -17 -17 -17 -17 -17 -17 -17 -17 -16 -16 -17 -16 -16 -16 -16 -16 -16 -16 -16 -16 -16 -16 -16 -15 -15 -15 -15 -16 -15 -15 -15 -15 -15 -15 -15 -15 -15 -15 -15 -15 -14 -14 -14 -12 -12 -12 -11 -11 -11 -11 -11 -11 -11 -11 -11 -11 -11 -11 -11 -11 -11 -10 -10 -10 -10 -10 -10 -10 -10 -10 -10 -10 -10 -10 -10 -9 -9 -9 -9 -9 -9 -9 -9 -9 -9 -9 -9 -9 -9 -9 -9 -9 -8 -9 -9 -9 -9 -8 -8 -8 -8 -8 -8 -8 -8 -8 -8 -8 -8 -8 -8 -8 -8 -8 -8 -7 -7 -8 -8 -8 -8 -8 -8 -8 -8 -8 -7 -7 -7 -7 -7 -7 -7 -7 -7 -7 -7 -7 -7 -7 -7 -7 -7 -8 -8 -8 -7 -7 -7 -8 -8 -8 -8 -8 -8 -8 -8 -7 -7 -7 -7 -7 -7 -8 -7 -7 -7 -7 -7 -7 -7 -7 -7 -7 -7 -7 -7 -4 -3 -3 -3 -2 -2 -2 -2 -2 -2 -2 -2 -2 -2 -2 -2 -1 -1 -1 -1 -1 -1 -2 -1 -2 -2 -3 -3 -3 -2 -2 -2 -2 -34 -34 -34 -34 -34 -33 -33 -33 -33 -33 -33 -33 -33 -32 -33 -33 -33 -32 -32 -32 -32 -32 -31 -31 -32 -32 -31 -31 -31 -31 -31 -31 -31 -30 -30 -30 -30 -30 -30 -30 -29 -29 -29 -29 -29 -29 -29 -28 -28 -28 -28 -28 -28 -28 -27 -27 -27 -27 -27 -27 -27 -27 -27 -26 -26 -26 -26 -26 -26 -26 -26 -25 -25 -25 -25 -25 -25 -24 -24 -24 -24 -24 -24 -24 -24 -24 -24 -23 -23 -23 -23 -23 -23 -23 -23 -23 -23 -23 -22 -22 -22 -22 -22 -22 -22 -22 -22 -22 -21 -21 -21 -21 -21 -21 -21 -21 -21 -21 -21 -20 -20 -20 -20 -20 -20 -20 -20 -20 -20 -19 -19 -19 -19 -19 -19 -19 -19 -19 -18 -18 -18 -18 -18 -18 -18 -17 -17 -17 -17 -17 -17 -17 -17 -17 -17 -17 -17 -17 -17 -17 -17 -16 -16 -16 -16 -16 -16 -16 -16 -16 -16 -16 -16 -16 -16 -16 -15 -15 -15 -15 -15 -15 -15 -15 -14 -14 -15 -15 -14 -14 -14 -12 -12 -12 -11 -11 -11 -11 -11 -11 -11 -11 -11 -11 -11 -11 -11 -11 -11 -11 -10 -10 -10 -10 -10 -10 -10 -10 -10 -10 -10 -10 -10 -10 -9 -9 -9 -9 -9 -9 -9 -9 -9 -9 -9 -9 -9 -9 -9 -9 -9 -9 -9 -9 -9 -9 -8 -8 -8 -8 -8 -8 -8 -8 -8 -8 -8 -8 -8 -8 -8 -8 -8 -8 -8 -8 -8 -8 -8 -8 -8 -8 -8 -8 -8 -7 -7 -7 -7 -7 -7 -7 -7 -7 -7 -7 -7 -7 -7 -7 -6 -8 -7 -7 -7 -8 -8 -8 -8 -8 -8 -8 -8 -7 -8 -8 -7 -7 -7 -7 -8 -7 -7 -7 -7 -6 -7 -6 -6 -7 -7 -6 -6 -7 -6 -7 -7 -7 -6 -7 -7 -4 -3 -3 -3 -3 -3 -3 -2 -2 -2 -2 -2 -2 -2 -2 -2 -2 -2 -1 -1 -1 -1 -1 -1 -2 -2 -2 -2 -3 -2 -2 -2 -2 -2 -2 -2 -2 -34 -34 -34 -34 -34 -34 -34 -34 -33 -33 -33 -34 -33 -33 -33 -33 -33 -33 -33 -32 -32 -32 -32 -31 -31 -31 -31 -31 -31 -31 -31 -31 -31 -31 -31 -31 -30 -30 -30 -30 -30 -30 -29 -29 -29 -29 -29 -29 -29 -29 -28 -28 -28 -28 -28 -28 -27 -27 -27 -27 -27 -27 -27 -27 -27 -27 -27 -26 -26 -26 -26 -26 -26 -26 -25 -25 -25 -25 -25 -25 -24 -24 -24 -24 -24 -24 -24 -24 -24 -24 -23 -23 -23 -23 -23 -23 -23 -23 -23 -23 -23 -23 -22 -22 -22 -22 -22 -22 -22 -22 -22 -21 -21 -21 -21 -21 -21 -21 -21 -21 -21 -20 -20 -20 -20 -20 -20 -20 -20 -20 -20 -19 -19 -19 -19 -19 -19 -19 -19 -19 -19 -18 -18 -18 -18 -18 -18 -18 -17 -17 -17 -17 -17 -17 -17 -17 -17 -17 -17 -17 -17 -17 -17 -16 -16 -16 -16 -16 -16 -16 -16 -16 -16 -16 -16 -16 -16 -16 -15 -15 -15 -15 -15 -15 -15 -15 -14 -14 -15 -14 -14 -14 -14 -12 -12 -12 -12 -12 -11 -11 -11 -11 -11 -11 -11 -11 -11 -11 -11 -11 -11 -11 -11 -10 -10 -10 -10 -10 -10 -10 -10 -10 -10 -10 -10 -10 -9 -9 -9 -9 -9 -9 -9 -9 -9 -9 -9 -9 -9 -9 -9 -9 -9 -9 -9 -9 -9 -9 -8 -8 -8 -8 -8 -8 -8 -8 -8 -8 -8 -8 -8 -8 -8 -8 -8 -8 -8 -8 -8 -8 -8 -8 -8 -8 -8 -8 -8 -8 -7 -7 -7 -7 -8 -7 -7 -7 -7 -7 -7 -7 -7 -7 -6 -8 -7 -8 -8 -8 -8 -8 -7 -7 -7 -8 -7 -7 -7 -7 -7 -7 -7 -8 -8 -7 -7 -7 -7 -6 -6 -6 -7 -7 -6 -6 -6 -7 -6 -7 -7 -6 -6 -6 -7 -4 -4 -4 -3 -3 -3 -3 -3 -2 -2 -2 -2 -2 -2 -2 -2 -2 -2 -2 -1 -1 -1 -1 -1 -1 -2 -2 -3 -3 -2 -2 -2 -2 -2 -2 -2 -2 -2 -2 -2 -35 -34 -34 -34 -34 -34 -34 -34 -34 -33 -33 -34 -33 -33 -33 -33 -33 -33 -33 -33 -32 -32 -32 -32 -31 -31 -31 -31 -31 -31 -31 -31 -31 -31 -31 -31 -31 -30 -30 -30 -30 -29 -29 -29 -29 -29 -29 -29 -29 -29 -28 -28 -28 -28 -28 -28 -28 -28 -28 -27 -27 -27 -27 -27 -27 -27 -27 -26 -26 -26 -26 -26 -26 -26 -25 -25 -25 -25 -25 -25 -25 -25 -25 -24 -24 -24 -24 -24 -24 -24 -24 -23 -23 -24 -23 -23 -23 -23 -23 -23 -23 -23 -23 -23 -22 -22 -22 -22 -22 -22 -22 -22 -21 -21 -21 -21 -21 -21 -21 -21 -21 -21 -21 -20 -20 -20 -20 -20 -20 -20 -20 -20 -20 -20 -19 -19 -19 -19 -19 -19 -19 -19 -18 -18 -18 -18 -18 -18 -18 -18 -17 -17 -17 -17 -17 -17 -17 -17 -17 -17 -17 -17 -17 -16 -16 -16 -16 -16 -16 -16 -16 -16 -16 -16 -16 -16 -15 -15 -15 -15 -15 -15 -15 -15 -15 -15 -15 -15 -14 -14 -14 -14 -14 -12 -12 -12 -12 -12 -12 -12 -11 -11 -11 -11 -11 -11 -11 -11 -11 -11 -11 -11 -11 -11 -10 -10 -10 -10 -10 -10 -10 -10 -10 -10 -10 -10 -10 -9 -9 -9 -9 -9 -9 -9 -9 -9 -9 -9 -9 -9 -9 -9 -9 -9 -9 -9 -9 -9 -8 -8 -8 -8 -8 -8 -8 -8 -8 -8 -8 -8 -8 -8 -8 -8 -8 -8 -8 -8 -8 -8 -8 -8 -8 -8 -8 -8 -8 -8 -7 -7 -7 -7 -7 -7 -7 -7 -7 -7 -7 -7 -7 -7 -6 -8 -8 -8 -8 -8 -8 -8 -7 -7 -7 -7 -7 -7 -7 -7 -6 -6 -7 -8 -8 -7 -6 -6 -7 -7 -7 -7 -7 -7 -7 -6 -6 -7 -6 -6 -7 -7 -6 -6 -7 -4 -4 -4 -3 -3 -3 -3 -3 -2 -2 -2 -2 -2 -2 -2 -2 -2 -2 -2 -2 -2 -1 -1 -1 -2 -2 -2 -3 -3 -2 -2 -2 -2 -2 -2 -2 -2 -2 -2 -2 -1 -1 -1 -1 -1 -1 -1 -1 -1 -35 -35 -34 -34 -34 -34 -34 -34 -34 -34 -34 -34 -34 -33 -33 -33 -33 -33 -33 -33 -33 -32 -33 -32 -32 -32 -32 -32 -32 -32 -31 -31 -30 -31 -31 -31 -31 -31 -30 -30 -30 -30 -30 -29 -29 -29 -29 -29 -29 -29 -29 -29 -28 -28 -28 -28 -28 -28 -28 -28 -27 -27 -27 -27 -27 -27 -27 -27 -26 -26 -26 -26 -26 -26 -26 -25 -25 -25 -25 -25 -25 -25 -25 -24 -24 -24 -24 -24 -24 -24 -24 -24 -23 -24 -24 -23 -23 -23 -23 -23 -23 -23 -23 -23 -23 -22 -22 -22 -22 -22 -22 -22 -22 -21 -21 -21 -21 -21 -21 -21 -21 -21 -21 -21 -20 -20 -20 -20 -20 -20 -20 -20 -20 -19 -19 -19 -19 -19 -19 -19 -19 -19 -19 -18 -18 -18 -18 -18 -18 -18 -17 -17 -17 -17 -17 -17 -17 -17 -17 -17 -17 -17 -17 -17 -17 -16 -16 -16 -16 -16 -16 -16 -16 -16 -16 -16 -16 -16 -15 -15 -15 -15 -15 -15 -15 -15 -15 -15 -15 -15 -15 -15 -15 -12 -12 -12 -12 -12 -12 -12 -12 -11 -11 -11 -11 -11 -11 -11 -11 -11 -11 -11 -11 -11 -11 -10 -10 -10 -10 -10 -10 -10 -10 -10 -10 -10 -10 -10 -9 -9 -9 -9 -9 -9 -9 -9 -9 -9 -9 -9 -9 -9 -9 -9 -9 -9 -9 -9 -9 -8 -8 -8 -8 -8 -8 -8 -8 -8 -8 -8 -8 -8 -8 -8 -8 -8 -8 -8 -8 -8 -8 -8 -8 -8 -8 -8 -8 -8 -7 -7 -8 -7 -7 -7 -7 -7 -7 -7 -7 -7 -7 -7 -6 -8 -8 -8 -8 -7 -7 -7 -8 -8 -7 -7 -7 -7 -7 -7 -6 -6 -7 -8 -7 -7 -6 -7 -7 -7 -7 -7 -7 -7 -7 -6 -6 -6 -6 -7 -7 -7 -6 -6 -6 -7 -5 -4 -4 -3 -3 -3 -3 -3 -3 -2 -2 -2 -2 -2 -2 -2 -2 -2 -2 -2 -2 -2 -2 -2 -2 -2 -2 -2 -3 -2 -2 -2 -2 -2 -2 -2 -2 -2 -2 -2 -2 -2 -1 -1 -1 -1 -1 -1 -1 -1 -1 -1 -35 -35 -35 -35 -34 -34 -34 -34 -34 -34 -34 -34 -34 -34 -34 -33 -33 -33 -33 -33 -33 -33 -33 -33 -32 -32 -32 -32 -32 -32 -32 -31 -31 -31 -30 -30 -31 -31 -31 -31 -30 -30 -30 -30 -29 -29 -29 -29 -29 -29 -29 -29 -29 -28 -28 -28 -28 -28 -28 -28 -28 -28 -27 -27 -27 -27 -27 -27 -27 -26 -26 -26 -26 -26 -26 -26 -26 -25 -25 -25 -25 -25 -25 -25 -24 -24 -24 -24 -24 -24 -24 -24 -24 -24 -24 -24 -24 -23 -23 -23 -23 -23 -23 -23 -23 -22 -22 -22 -22 -22 -22 -22 -22 -22 -22 -21 -21 -21 -21 -21 -21 -21 -21 -21 -21 -21 -21 -20 -20 -20 -20 -20 -20 -19 -19 -19 -19 -19 -19 -19 -19 -19 -19 -19 -18 -19 -18 -18 -18 -18 -18 -18 -17 -17 -17 -17 -17 -17 -17 -17 -17 -17 -17 -17 -17 -17 -17 -16 -16 -16 -16 -16 -16 -16 -16 -16 -16 -16 -16 -16 -16 -16 -15 -15 -15 -15 -15 -15 -15 -15 -15 -15 -15 -15 -13 -12 -12 -12 -12 -12 -12 -12 -12 -12 -12 -12 -12 -11 -11 -11 -11 -11 -11 -11 -11 -11 -10 -10 -10 -10 -10 -10 -10 -10 -10 -10 -10 -10 -10 -10 -9 -9 -9 -9 -9 -9 -9 -9 -9 -9 -9 -9 -9 -9 -9 -9 -9 -9 -9 -9 -9 -8 -8 -8 -8 -8 -8 -8 -8 -8 -8 -8 -8 -8 -8 -8 -8 -8 -8 -8 -8 -8 -8 -8 -8 -8 -8 -8 -8 -7 -7 -7 -7 -7 -7 -7 -7 -7 -7 -7 -7 -7 -7 -6 -8 -8 -8 -7 -7 -7 -7 -8 -7 -7 -7 -7 -7 -7 -7 -7 -7 -7 -7 -7 -6 -7 -7 -7 -7 -7 -6 -6 -7 -7 -6 -6 -6 -6 -6 -6 -7 -6 -6 -5 -7 -7 -5 -4 -3 -3 -3 -3 -3 -3 -3 -2 -2 -2 -2 -2 -3 -2 -2 -2 -2 -2 -2 -2 -2 -2 -2 -2 -2 -2 -3 -2 -2 -2 -2 -2 -2 -2 -2 -2 -2 -2 -2 -2 -2 -2 -2 -2 -2 -1 -1 -1 -1 -1 -1 -1 -35 -35 -35 -35 -35 -34 -34 -34 -34 -34 -34 -34 -34 -34 -34 -34 -34 -33 -33 -33 -33 -33 -33 -33 -33 -33 -32 -33 -32 -32 -32 -32 -31 -32 -32 -31 -31 -30 -30 -31 -31 -30 -30 -30 -30 -30 -29 -30 -29 -29 -29 -29 -29 -29 -29 -28 -28 -28 -28 -28 -28 -28 -28 -27 -27 -27 -27 -27 -27 -27 -27 -26 -26 -26 -26 -26 -26 -26 -25 -25 -25 -25 -25 -25 -25 -24 -24 -24 -24 -24 -24 -24 -24 -24 -24 -24 -24 -24 -24 -23 -23 -23 -23 -23 -23 -23 -23 -22 -22 -22 -22 -22 -22 -22 -22 -22 -21 -21 -21 -21 -21 -21 -21 -21 -21 -21 -21 -20 -20 -20 -20 -20 -20 -20 -20 -19 -19 -20 -19 -19 -19 -19 -19 -19 -19 -19 -19 -19 -18 -18 -18 -18 -18 -17 -17 -17 -17 -17 -17 -17 -17 -17 -17 -17 -17 -17 -17 -17 -16 -16 -16 -17 -16 -16 -16 -16 -16 -16 -16 -16 -16 -16 -16 -16 -16 -16 -16 -15 -15 -15 -15 -15 -15 -15 -15 -13 -13 -12 -12 -12 -12 -12 -12 -12 -12 -12 -12 -12 -12 -12 -11 -11 -11 -11 -11 -11 -11 -11 -10 -10 -10 -10 -10 -10 -10 -10 -10 -10 -10 -10 -10 -10 -9 -9 -9 -9 -9 -9 -9 -9 -9 -9 -9 -9 -9 -9 -9 -9 -9 -9 -9 -9 -8 -8 -8 -8 -8 -8 -8 -8 -8 -8 -8 -8 -8 -8 -8 -8 -8 -8 -8 -7 -8 -8 -8 -8 -8 -8 -8 -8 -8 -7 -7 -7 -7 -7 -7 -7 -7 -7 -7 -7 -7 -7 -7 -8 -8 -8 -8 -8 -8 -8 -8 -8 -7 -7 -7 -7 -7 -7 -7 -7 -7 -7 -6 -6 -6 -7 -6 -7 -7 -6 -6 -7 -7 -7 -6 -6 -6 -6 -6 -6 -6 -6 -6 -6 -6 -7 -5 -4 -3 -3 -3 -3 -3 -3 -3 -3 -2 -2 -2 -2 -2 -2 -3 -3 -2 -2 -2 -2 -2 -2 -2 -2 -2 -2 -2 -3 -2 -2 -2 -2 -2 -2 -2 -2 -2 -2 -2 -2 -2 -2 -2 -2 -1 -1 -1 -1 -1 -1 -1 -1 -1 -1 -35 -35 -35 -35 -35 -35 -34 -34 -34 -34 -34 -34 -34 -34 -34 -34 -34 -34 -34 -33 -33 -33 -33 -33 -33 -33 -33 -33 -32 -32 -32 -32 -32 -32 -32 -31 -31 -31 -30 -31 -31 -31 -30 -30 -30 -30 -30 -30 -30 -30 -30 -30 -29 -29 -29 -29 -29 -29 -29 -29 -28 -28 -28 -28 -28 -28 -28 -28 -27 -27 -27 -27 -27 -27 -27 -27 -26 -26 -26 -26 -26 -26 -26 -25 -25 -25 -25 -25 -25 -25 -25 -25 -24 -24 -24 -24 -24 -24 -24 -23 -23 -23 -23 -23 -23 -23 -23 -22 -22 -22 -22 -22 -22 -22 -22 -22 -22 -21 -21 -21 -21 -21 -21 -21 -21 -21 -21 -20 -20 -20 -20 -20 -20 -20 -20 -20 -20 -20 -19 -19 -19 -19 -19 -19 -19 -18 -18 -18 -18 -18 -18 -18 -18 -17 -17 -17 -17 -17 -17 -17 -17 -17 -17 -17 -17 -17 -17 -17 -17 -16 -16 -16 -16 -16 -16 -16 -16 -16 -16 -16 -16 -16 -16 -16 -16 -16 -15 -15 -15 -15 -15 -15 -15 -15 -15 -12 -12 -12 -12 -12 -12 -12 -11 -11 -11 -11 -11 -11 -11 -11 -11 -11 -11 -10 -10 -10 -10 -10 -10 -10 -10 -10 -10 -9 -9 -9 -9 -9 -9 -9 -9 -9 -9 -9 -9 -9 -9 -9 -9 -9 -9 -9 -8 -8 -9 -8 -8 -8 -8 -8 -8 -8 -8 -7 -7 -7 -7 -7 -7 -7 -7 -7 -7 -7 -7 -7 -7 -7 -7 -7 -7 -6 -7 -7 -7 -7 -7 -7 -7 -7 -7 -7 -7 -6 -6 -6 -6 -6 -6 -6 -6 -6 -6 -6 -6 -7 -6 -6 -6 -6 -6 -6 -6 -6 -6 -6 -6 -6 -5 -5 -5 -5 -5 -5 -5 -5 -5 -5 -4 -5 -5 -5 -5 -5 -6 -5 -5 -5 -4 -4 -5 -5 -5 -5 -4 -4 -5 -6 -4 -3 -3 -3 -2 -2 -2 -2 -2 -2 -2 -2 -1 -1 -1 -2 -2 -2 -2 -2 -2 -2 -1 -1 -1 -1 -1 -1 -1 -1 -3 -2 -2 -2 -2 -2 -2 -1 -1 -1 -1 -1 -1 -1 -1 -1 -1 -1 -1 -1 -1 -1 -1 -1 -1 -1 -1 -1 -1 -36 -36 -36 -35 -35 -35 -35 -35 -35 -35 -35 -34 -34 -34 -34 -34 -34 -34 -34 -33 -33 -33 -33 -33 -33 -33 -33 -33 -33 -32 -32 -32 -32 -32 -32 -32 -32 -32 -31 -31 -31 -31 -31 -31 -31 -30 -30 -30 -30 -30 -30 -30 -30 -30 -30 -29 -29 -29 -29 -29 -29 -29 -29 -28 -28 -28 -28 -28 -28 -28 -28 -28 -27 -27 -27 -27 -27 -27 -27 -26 -26 -26 -26 -26 -26 -26 -26 -25 -25 -25 -25 -25 -25 -25 -25 -24 -24 -24 -24 -24 -24 -24 -24 -23 -23 -23 -23 -23 -23 -23 -23 -22 -22 -22 -22 -22 -22 -22 -22 -22 -21 -21 -21 -21 -21 -21 -21 -21 -21 -21 -21 -21 -21 -20 -20 -20 -20 -20 -20 -20 -20 -19 -19 -19 -19 -19 -19 -19 -19 -18 -18 -18 -18 -18 -18 -18 -17 -17 -17 -17 -17 -18 -18 -17 -17 -17 -17 -17 -17 -17 -17 -17 -17 -17 -16 -16 -16 -16 -16 -16 -16 -16 -16 -16 -16 -16 -16 -16 -16 -15 -15 -15 -15 -15 -15 -15 -15 -14 -12 -12 -12 -12 -12 -12 -12 -11 -11 -11 -11 -11 -11 -11 -11 -11 -11 -11 -11 -10 -10 -10 -10 -10 -10 -10 -10 -10 -10 -9 -9 -9 -9 -9 -9 -9 -9 -9 -9 -9 -9 -9 -9 -9 -9 -9 -8 -8 -8 -8 -9 -8 -8 -8 -8 -8 -8 -8 -8 -7 -7 -7 -7 -7 -7 -7 -7 -7 -7 -7 -7 -7 -7 -7 -7 -7 -6 -6 -7 -7 -7 -7 -7 -7 -7 -7 -7 -7 -7 -6 -6 -6 -6 -6 -6 -5 -6 -5 -5 -6 -7 -7 -7 -7 -6 -6 -6 -6 -6 -6 -6 -5 -5 -5 -5 -5 -6 -5 -5 -5 -5 -5 -5 -4 -4 -4 -4 -5 -5 -5 -5 -5 -4 -4 -4 -5 -5 -5 -5 -4 -5 -5 -6 -4 -4 -3 -3 -3 -2 -2 -2 -2 -2 -2 -2 -2 -1 -1 -1 -2 -2 -2 -2 -2 -2 -2 -2 -2 -1 -1 -1 -1 -1 -2 -2 -2 -2 -2 -2 -2 -2 -2 -2 -2 -2 -2 -1 -1 -1 -1 -1 -1 -1 -1 -1 -1 -1 -1 -1 -1 -1 -1 -1 -1 -36 -36 -36 -35 -35 -35 -35 -35 -35 -35 -35 -35 -34 -34 -34 -34 -34 -34 -34 -34 -33 -33 -33 -33 -33 -33 -33 -32 -32 -32 -32 -32 -32 -32 -32 -32 -32 -32 -31 -31 -31 -31 -31 -31 -31 -30 -30 -30 -30 -30 -30 -30 -30 -30 -30 -29 -29 -29 -29 -29 -29 -29 -29 -29 -28 -28 -28 -28 -28 -28 -28 -28 -28 -27 -27 -27 -27 -27 -26 -26 -26 -26 -26 -26 -26 -26 -26 -26 -25 -25 -25 -25 -25 -25 -25 -25 -24 -24 -24 -24 -24 -24 -24 -23 -23 -23 -23 -23 -23 -23 -23 -23 -23 -22 -22 -22 -22 -22 -22 -22 -22 -21 -21 -21 -21 -21 -21 -21 -21 -21 -21 -21 -21 -20 -20 -20 -20 -20 -20 -20 -20 -19 -19 -20 -20 -19 -19 -19 -18 -18 -18 -18 -18 -18 -18 -18 -17 -17 -17 -17 -17 -17 -17 -17 -17 -17 -17 -17 -17 -17 -17 -17 -17 -17 -17 -17 -16 -16 -16 -16 -16 -16 -16 -16 -16 -16 -15 -16 -16 -15 -15 -15 -15 -15 -15 -15 -15 -15 -12 -12 -12 -12 -12 -11 -12 -11 -11 -11 -11 -11 -11 -11 -11 -11 -11 -11 -11 -10 -10 -10 -10 -10 -10 -10 -10 -10 -10 -9 -9 -9 -9 -9 -9 -9 -9 -9 -9 -9 -9 -9 -9 -9 -9 -9 -8 -8 -8 -8 -9 -8 -8 -8 -8 -8 -8 -8 -8 -7 -7 -7 -7 -7 -7 -7 -7 -7 -7 -7 -7 -7 -7 -7 -7 -6 -6 -6 -7 -7 -7 -7 -7 -7 -7 -7 -7 -7 -7 -7 -7 -7 -6 -6 -6 -6 -6 -6 -6 -6 -8 -8 -7 -7 -6 -6 -6 -6 -6 -6 -6 -6 -6 -6 -6 -6 -5 -5 -5 -5 -5 -5 -5 -5 -5 -5 -5 -5 -5 -5 -5 -5 -5 -4 -4 -4 -5 -5 -5 -5 -5 -5 -5 -6 -4 -4 -4 -3 -3 -3 -2 -2 -2 -2 -2 -2 -2 -2 -1 -1 -1 -1 -1 -2 -2 -2 -2 -2 -2 -2 -2 -2 -2 -2 -2 -2 -2 -2 -2 -2 -2 -2 -2 -2 -2 -2 -2 -2 -2 -2 -2 -2 -1 -1 -1 -1 -1 -1 -1 -1 -1 -1 -1 -1 -1 -1 -1 -36 -36 -36 -35 -35 -35 -35 -35 -35 -35 -35 -35 -34 -34 -34 -34 -34 -34 -34 -34 -34 -34 -33 -33 -33 -33 -33 -33 -33 -32 -32 -32 -32 -32 -32 -32 -32 -32 -31 -31 -31 -31 -31 -31 -30 -30 -30 -30 -30 -30 -30 -30 -30 -30 -30 -30 -29 -29 -29 -29 -29 -29 -28 -28 -28 -28 -28 -28 -28 -28 -28 -28 -27 -27 -27 -27 -27 -27 -27 -26 -26 -26 -26 -26 -26 -26 -26 -26 -25 -25 -25 -25 -25 -25 -25 -24 -24 -24 -24 -24 -24 -24 -23 -23 -23 -23 -23 -23 -23 -23 -23 -23 -23 -22 -22 -22 -22 -22 -22 -22 -22 -21 -21 -21 -21 -21 -21 -21 -21 -21 -21 -21 -20 -20 -20 -20 -20 -20 -20 -20 -20 -20 -20 -20 -19 -19 -19 -19 -18 -18 -18 -18 -18 -18 -18 -18 -18 -17 -17 -17 -17 -17 -17 -17 -17 -17 -17 -17 -17 -17 -17 -17 -17 -17 -16 -16 -16 -16 -16 -16 -16 -16 -16 -16 -16 -16 -16 -16 -15 -15 -15 -15 -15 -15 -15 -15 -15 -12 -12 -12 -12 -11 -11 -11 -11 -11 -11 -11 -11 -11 -11 -11 -11 -11 -11 -11 -10 -10 -10 -10 -10 -10 -10 -10 -10 -10 -10 -9 -9 -9 -9 -9 -9 -9 -9 -9 -9 -9 -9 -9 -9 -9 -9 -8 -8 -8 -9 -8 -9 -8 -8 -8 -8 -8 -8 -8 -8 -7 -7 -7 -7 -7 -7 -7 -7 -7 -7 -7 -7 -7 -6 -6 -6 -6 -6 -6 -7 -7 -7 -7 -7 -7 -7 -7 -7 -7 -7 -7 -7 -6 -6 -6 -6 -6 -6 -6 -6 -8 -7 -7 -6 -6 -6 -6 -6 -6 -5 -6 -6 -6 -6 -6 -6 -5 -5 -5 -5 -5 -5 -5 -5 -5 -5 -5 -5 -4 -4 -5 -5 -5 -5 -4 -4 -4 -5 -5 -5 -6 -5 -5 -6 -4 -4 -4 -3 -3 -3 -3 -2 -2 -2 -2 -2 -2 -2 -2 -2 -2 -2 -2 -1 -1 -1 -1 -1 -1 -2 -2 -2 -2 -2 -2 -2 -2 -2 -2 -2 -2 -2 -2 -2 -2 -2 -2 -2 -2 -2 -2 -2 -2 -2 -2 -1 -1 -1 -1 -1 -1 -1 -1 -1 -1 -1 -1 -1 -36 -36 -36 -36 -36 -36 -35 -35 -35 -35 -35 -35 -34 -35 -35 -35 -34 -34 -34 -34 -34 -34 -34 -33 -33 -33 -33 -33 -33 -32 -32 -32 -32 -32 -32 -32 -32 -32 -31 -31 -31 -31 -31 -31 -31 -31 -30 -31 -31 -30 -30 -30 -30 -30 -30 -29 -29 -29 -29 -29 -29 -29 -29 -29 -29 -28 -28 -28 -28 -28 -28 -28 -28 -27 -27 -27 -27 -27 -27 -27 -27 -26 -26 -26 -26 -26 -26 -25 -25 -25 -25 -25 -25 -25 -25 -24 -24 -24 -24 -24 -24 -24 -24 -24 -23 -23 -23 -23 -23 -23 -23 -23 -23 -23 -22 -22 -22 -22 -22 -22 -22 -22 -21 -21 -21 -21 -21 -21 -21 -21 -21 -21 -21 -20 -20 -20 -20 -20 -20 -20 -20 -20 -20 -20 -19 -19 -19 -19 -19 -18 -18 -18 -18 -18 -18 -18 -18 -17 -17 -17 -17 -17 -17 -17 -17 -17 -17 -17 -17 -17 -17 -17 -17 -16 -16 -16 -16 -17 -16 -16 -16 -16 -16 -16 -16 -16 -16 -15 -15 -15 -15 -15 -15 -15 -15 -15 -14 -12 -12 -12 -12 -12 -11 -11 -11 -11 -11 -11 -11 -11 -11 -11 -11 -11 -11 -11 -11 -10 -10 -10 -10 -10 -10 -10 -10 -10 -10 -9 -9 -9 -9 -9 -9 -9 -9 -9 -9 -9 -9 -9 -9 -9 -9 -8 -8 -8 -8 -8 -9 -8 -8 -8 -8 -8 -8 -8 -8 -7 -7 -7 -7 -7 -7 -7 -7 -7 -7 -7 -7 -7 -7 -6 -7 -6 -6 -6 -7 -6 -7 -6 -6 -6 -7 -7 -7 -7 -7 -7 -7 -6 -6 -6 -6 -6 -6 -7 -6 -8 -7 -7 -6 -6 -6 -6 -6 -6 -6 -6 -6 -6 -6 -6 -6 -6 -5 -5 -5 -5 -5 -5 -5 -5 -5 -5 -5 -4 -4 -4 -4 -4 -4 -4 -4 -4 -4 -5 -5 -6 -6 -5 -6 -6 -4 -4 -3 -3 -3 -3 -2 -2 -2 -2 -2 -1 -2 -2 -2 -2 -2 -2 -2 -2 -2 -2 -2 -2 -1 -2 -2 -2 -2 -2 -2 -2 -2 -2 -2 -2 -2 -2 -2 -2 -2 -2 -2 -2 -2 -2 -1 -1 -1 -1 -1 -1 -1 -1 -1 -1 -1 -37 -37 -36 -36 -36 -36 -36 -36 -36 -36 -35 -35 -35 -35 -35 -35 -34 -34 -34 -34 -34 -34 -34 -34 -34 -33 -33 -33 -33 -33 -33 -32 -32 -32 -32 -32 -32 -32 -32 -32 -32 -31 -31 -31 -31 -31 -31 -31 -31 -31 -31 -30 -30 -30 -30 -30 -30 -30 -30 -29 -29 -29 -29 -29 -29 -29 -29 -28 -28 -28 -28 -28 -28 -28 -28 -27 -27 -27 -27 -27 -27 -27 -27 -26 -26 -26 -26 -26 -26 -26 -25 -25 -25 -25 -25 -25 -25 -25 -24 -24 -24 -24 -24 -24 -24 -24 -24 -23 -23 -23 -23 -23 -23 -23 -23 -23 -23 -22 -22 -22 -22 -22 -22 -22 -22 -21 -21 -21 -21 -21 -21 -21 -21 -21 -21 -20 -20 -20 -20 -20 -20 -20 -20 -20 -20 -20 -19 -19 -19 -19 -18 -18 -18 -18 -18 -18 -18 -18 -18 -17 -17 -17 -17 -17 -17 -17 -17 -17 -17 -17 -17 -17 -17 -17 -17 -17 -16 -16 -16 -16 -16 -16 -16 -16 -16 -16 -16 -16 -16 -15 -15 -15 -15 -15 -15 -15 -15 -15 -14 -12 -12 -12 -12 -12 -12 -11 -11 -11 -11 -11 -11 -11 -11 -11 -11 -11 -11 -11 -11 -10 -10 -10 -10 -10 -10 -10 -10 -10 -10 -10 -9 -9 -9 -9 -9 -9 -9 -9 -9 -9 -9 -9 -9 -9 -9 -9 -8 -8 -8 -8 -8 -9 -8 -8 -8 -8 -8 -8 -8 -8 -7 -7 -7 -7 -7 -7 -7 -7 -7 -7 -7 -7 -7 -7 -7 -6 -6 -6 -6 -6 -6 -6 -6 -7 -7 -7 -7 -7 -7 -7 -7 -7 -6 -6 -6 -6 -7 -6 -7 -7 -7 -7 -6 -6 -6 -6 -6 -6 -6 -6 -6 -6 -6 -6 -5 -6 -5 -5 -5 -5 -5 -5 -5 -5 -5 -5 -5 -5 -4 -4 -4 -4 -4 -4 -5 -4 -4 -4 -5 -5 -5 -5 -5 -5 -5 -5 -4 -4 -3 -3 -3 -3 -2 -2 -2 -2 -2 -2 -2 -2 -2 -2 -2 -2 -2 -2 -2 -2 -2 -2 -1 -1 -2 -2 -2 -2 -2 -2 -2 -3 -2 -2 -2 -2 -2 -2 -2 -2 -2 -2 -1 -1 -1 -1 -1 -1 -1 -1 -1 -1 -37 -37 -37 -37 -36 -36 -36 -36 -36 -35 -35 -35 -35 -35 -35 -35 -34 -34 -34 -34 -34 -34 -34 -34 -34 -34 -33 -33 -33 -33 -33 -33 -32 -32 -32 -32 -32 -32 -32 -32 -32 -32 -31 -31 -31 -31 -30 -30 -31 -31 -31 -30 -30 -30 -30 -30 -30 -30 -30 -29 -29 -29 -29 -29 -29 -29 -28 -28 -28 -28 -28 -28 -28 -28 -27 -27 -27 -27 -27 -27 -27 -27 -26 -26 -26 -26 -26 -26 -26 -26 -26 -26 -25 -25 -25 -25 -25 -25 -25 -24 -24 -24 -24 -24 -24 -24 -24 -24 -23 -23 -23 -23 -23 -23 -23 -23 -23 -22 -22 -22 -22 -22 -22 -22 -22 -21 -21 -21 -21 -21 -21 -21 -21 -21 -21 -20 -20 -20 -20 -20 -20 -20 -20 -20 -20 -20 -20 -20 -19 -19 -19 -19 -19 -18 -18 -18 -18 -18 -18 -18 -17 -18 -17 -17 -17 -18 -17 -18 -18 -17 -17 -17 -17 -17 -17 -17 -17 -16 -16 -16 -16 -16 -16 -16 -16 -16 -16 -16 -15 -15 -15 -15 -15 -15 -15 -15 -15 -15 -15 -12 -12 -12 -12 -12 -12 -12 -12 -11 -11 -11 -11 -11 -11 -11 -11 -11 -11 -11 -11 -11 -10 -10 -10 -10 -10 -10 -10 -10 -10 -10 -9 -9 -9 -9 -9 -9 -9 -9 -9 -9 -9 -9 -9 -9 -9 -9 -8 -8 -8 -8 -8 -8 -8 -8 -8 -8 -8 -8 -8 -8 -7 -7 -7 -7 -7 -7 -7 -7 -7 -7 -7 -7 -7 -7 -7 -6 -6 -6 -6 -6 -6 -6 -7 -7 -7 -7 -7 -7 -7 -7 -7 -7 -7 -7 -7 -7 -6 -7 -7 -8 -7 -7 -6 -6 -6 -7 -7 -7 -6 -6 -6 -6 -6 -6 -6 -5 -5 -5 -5 -5 -5 -6 -5 -5 -5 -5 -5 -5 -5 -5 -4 -4 -4 -5 -5 -5 -5 -4 -4 -5 -5 -5 -5 -5 -4 -5 -5 -4 -4 -3 -3 -3 -3 -2 -2 -2 -2 -2 -2 -2 -2 -2 -2 -2 -2 -2 -2 -2 -2 -2 -2 -2 -2 -2 -2 -2 -2 -2 -2 -2 -2 -3 -3 -2 -2 -2 -2 -2 -2 -2 -2 -2 -1 -1 -1 -1 -1 -1 -38 -38 -38 -38 -38 -37 -37 -37 -37 -37 -36 -36 -36 -36 -36 -35 -35 -35 -35 -35 -35 -35 -34 -34 -34 -34 -34 -34 -34 -34 -34 -34 -34 -33 -33 -33 -33 -33 -33 -33 -33 -32 -32 -32 -32 -32 -32 -32 -31 -31 -31 -31 -31 -30 -30 -31 -31 -30 -30 -30 -30 -30 -30 -30 -29 -29 -29 -29 -29 -29 -29 -29 -29 -29 -28 -28 -28 -28 -28 -28 -28 -27 -27 -27 -27 -27 -27 -27 -27 -27 -26 -26 -26 -26 -26 -26 -26 -26 -25 -25 -25 -25 -25 -25 -25 -25 -24 -24 -24 -24 -24 -24 -24 -24 -24 -23 -23 -23 -23 -23 -23 -23 -23 -23 -23 -22 -22 -22 -22 -22 -22 -22 -21 -21 -21 -21 -21 -21 -21 -21 -21 -21 -21 -21 -20 -20 -20 -20 -20 -20 -20 -20 -20 -20 -20 -19 -19 -19 -18 -18 -18 -18 -18 -18 -18 -18 -18 -18 -17 -17 -17 -18 -18 -18 -18 -17 -17 -17 -17 -17 -17 -17 -17 -17 -17 -17 -17 -16 -16 -16 -16 -16 -16 -16 -15 -15 -15 -15 -15 -15 -15 -15 -15 -15 -15 -12 -12 -12 -12 -12 -12 -12 -12 -11 -11 -11 -11 -11 -11 -11 -11 -11 -11 -11 -11 -11 -11 -10 -10 -10 -10 -10 -10 -10 -10 -10 -10 -9 -9 -9 -9 -9 -9 -9 -9 -9 -9 -9 -9 -9 -9 -9 -9 -8 -8 -8 -8 -8 -8 -8 -8 -8 -8 -8 -8 -8 -8 -8 -8 -7 -7 -7 -7 -7 -7 -7 -7 -7 -7 -7 -7 -7 -7 -6 -6 -6 -6 -6 -6 -6 -6 -6 -7 -6 -6 -7 -7 -7 -7 -6 -7 -7 -7 -7 -7 -8 -7 -7 -7 -7 -7 -7 -7 -6 -6 -6 -6 -6 -6 -6 -5 -5 -5 -6 -5 -5 -6 -6 -5 -5 -5 -5 -5 -5 -5 -5 -4 -4 -4 -4 -5 -5 -5 -5 -5 -5 -5 -5 -5 -5 -5 -5 -5 -5 -5 -4 -4 -4 -3 -3 -2 -2 -2 -2 -2 -2 -2 -2 -2 -2 -2 -2 -3 -2 -2 -2 -2 -2 -2 -2 -2 -2 -2 -2 -2 -2 -2 -2 -2 -3 -3 -2 -2 -2 -2 -2 -2 -2 -2 -2 -38 -38 -38 -38 -38 -38 -37 -37 -37 -37 -37 -36 -36 -36 -36 -36 -36 -35 -35 -35 -35 -35 -35 -34 -34 -34 -34 -34 -34 -34 -34 -34 -34 -34 -33 -33 -33 -33 -33 -33 -33 -32 -32 -32 -32 -32 -32 -32 -32 -31 -31 -31 -31 -30 -30 -31 -31 -31 -30 -30 -30 -30 -30 -30 -30 -30 -29 -29 -29 -29 -29 -29 -29 -28 -28 -28 -28 -28 -28 -28 -28 -28 -28 -27 -27 -27 -27 -27 -27 -27 -27 -26 -26 -26 -26 -26 -26 -26 -26 -25 -25 -25 -25 -25 -25 -25 -25 -24 -24 -24 -24 -24 -24 -24 -24 -24 -23 -23 -23 -23 -23 -23 -23 -23 -23 -22 -22 -22 -22 -22 -22 -22 -22 -21 -21 -21 -21 -21 -21 -21 -21 -21 -21 -21 -21 -20 -20 -20 -20 -20 -20 -20 -20 -20 -20 -19 -19 -19 -19 -18 -18 -18 -18 -18 -18 -18 -18 -18 -18 -18 -18 -18 -18 -17 -17 -17 -17 -17 -17 -17 -17 -17 -17 -17 -17 -17 -17 -17 -16 -16 -16 -16 -16 -16 -16 -15 -15 -15 -15 -15 -15 -15 -15 -15 -15 -12 -12 -12 -12 -12 -12 -12 -12 -11 -11 -11 -11 -11 -11 -11 -11 -11 -11 -11 -11 -11 -11 -11 -10 -10 -10 -10 -10 -10 -10 -10 -10 -9 -9 -9 -9 -9 -9 -9 -9 -9 -9 -9 -9 -9 -9 -9 -9 -8 -8 -8 -8 -8 -8 -8 -8 -8 -8 -8 -8 -8 -8 -8 -8 -8 -8 -8 -8 -8 -8 -7 -7 -7 -7 -7 -7 -7 -7 -7 -6 -6 -6 -6 -6 -6 -6 -6 -6 -6 -6 -7 -7 -6 -6 -6 -7 -7 -7 -6 -6 -7 -7 -7 -7 -7 -6 -7 -6 -6 -6 -6 -6 -6 -6 -6 -6 -6 -5 -6 -6 -6 -6 -5 -5 -5 -5 -5 -5 -4 -4 -4 -4 -4 -4 -5 -5 -5 -5 -5 -5 -5 -5 -4 -4 -5 -5 -5 -5 -5 -5 -4 -4 -3 -4 -3 -2 -2 -2 -2 -2 -2 -2 -2 -2 -2 -2 -2 -2 -3 -3 -3 -2 -3 -2 -2 -2 -2 -2 -2 -2 -2 -2 -2 -2 -2 -3 -2 -2 -2 -2 -2 -2 -38 -38 -38 -38 -38 -38 -38 -38 -38 -37 -37 -36 -36 -36 -36 -36 -36 -36 -35 -35 -35 -35 -35 -35 -35 -35 -35 -35 -34 -34 -34 -34 -34 -34 -34 -34 -33 -33 -33 -33 -33 -32 -32 -32 -32 -32 -32 -32 -32 -32 -31 -31 -31 -31 -31 -31 -31 -31 -31 -30 -30 -30 -30 -30 -30 -30 -30 -29 -29 -29 -29 -29 -29 -29 -29 -29 -28 -28 -28 -28 -28 -28 -28 -28 -28 -27 -27 -27 -27 -27 -27 -27 -26 -26 -26 -26 -26 -26 -26 -26 -25 -25 -25 -25 -25 -25 -25 -24 -24 -24 -24 -24 -24 -24 -24 -24 -23 -23 -23 -23 -23 -23 -23 -23 -23 -22 -22 -22 -22 -22 -22 -22 -22 -22 -22 -21 -21 -21 -21 -21 -21 -21 -21 -21 -21 -21 -21 -20 -20 -20 -20 -20 -20 -20 -19 -19 -19 -19 -19 -19 -19 -18 -18 -18 -18 -18 -18 -18 -18 -18 -18 -18 -17 -17 -17 -17 -18 -18 -17 -17 -17 -17 -17 -17 -17 -17 -17 -17 -16 -16 -16 -16 -16 -16 -15 -15 -15 -15 -15 -15 -15 -15 -15 -15 -15 -12 -12 -12 -12 -12 -12 -12 -12 -11 -11 -11 -11 -11 -11 -11 -11 -11 -11 -11 -11 -11 -11 -11 -10 -10 -10 -10 -10 -10 -10 -10 -10 -10 -9 -9 -9 -9 -9 -9 -9 -9 -9 -9 -9 -9 -9 -9 -9 -8 -8 -8 -8 -8 -8 -8 -8 -8 -8 -8 -8 -8 -8 -8 -8 -7 -7 -7 -7 -7 -8 -8 -8 -7 -7 -7 -7 -7 -7 -7 -6 -6 -6 -6 -6 -6 -6 -6 -6 -6 -6 -6 -6 -6 -6 -7 -7 -7 -6 -6 -5 -7 -7 -7 -7 -7 -6 -6 -6 -6 -6 -6 -6 -6 -6 -6 -6 -5 -6 -6 -6 -5 -5 -5 -5 -4 -5 -5 -5 -5 -4 -4 -4 -4 -5 -5 -5 -5 -5 -5 -5 -5 -4 -4 -4 -5 -4 -5 -6 -5 -5 -4 -4 -3 -3 -3 -2 -2 -2 -2 -2 -2 -2 -2 -2 -2 -2 -2 -3 -3 -3 -3 -2 -3 -3 -2 -2 -2 -2 -2 -2 -2 -2 -2 -2 -2 -3 -2 -2 -2 -2 -2 -2 -39 -39 -38 -38 -38 -38 -37 -38 -38 -37 -37 -37 -36 -36 -36 -36 -36 -36 -35 -35 -35 -35 -35 -35 -35 -35 -35 -35 -34 -34 -34 -34 -34 -34 -34 -34 -34 -33 -33 -33 -33 -33 -32 -33 -32 -32 -32 -32 -32 -32 -31 -31 -31 -31 -31 -31 -31 -31 -31 -31 -31 -30 -30 -30 -30 -30 -30 -30 -30 -29 -29 -29 -29 -29 -29 -29 -28 -28 -28 -28 -28 -28 -28 -28 -28 -28 -28 -27 -27 -27 -27 -27 -27 -27 -26 -26 -26 -26 -26 -26 -25 -25 -25 -25 -25 -25 -25 -25 -24 -24 -24 -24 -24 -24 -24 -24 -24 -23 -23 -23 -23 -23 -23 -23 -23 -23 -22 -22 -22 -22 -22 -22 -22 -22 -22 -21 -21 -21 -21 -21 -21 -21 -21 -21 -21 -21 -20 -20 -20 -20 -20 -20 -20 -20 -20 -19 -19 -19 -19 -18 -18 -19 -19 -19 -18 -18 -18 -18 -18 -18 -18 -18 -18 -18 -18 -18 -18 -18 -18 -18 -17 -17 -17 -17 -17 -17 -17 -17 -17 -16 -16 -16 -16 -16 -16 -16 -15 -15 -15 -15 -15 -15 -15 -15 -15 -12 -12 -12 -12 -12 -12 -12 -12 -11 -11 -11 -11 -11 -11 -11 -11 -11 -11 -11 -11 -11 -11 -11 -11 -10 -10 -10 -10 -10 -10 -10 -10 -10 -9 -9 -9 -9 -9 -9 -9 -9 -9 -9 -9 -9 -9 -9 -9 -9 -8 -8 -8 -8 -8 -8 -8 -8 -8 -8 -8 -8 -8 -8 -8 -8 -7 -7 -7 -7 -7 -7 -7 -7 -8 -7 -7 -7 -7 -7 -7 -7 -7 -7 -6 -6 -6 -6 -6 -6 -6 -6 -6 -6 -7 -7 -7 -6 -6 -6 -6 -7 -7 -7 -7 -7 -6 -6 -6 -6 -6 -6 -6 -6 -6 -6 -6 -6 -6 -6 -6 -5 -5 -5 -5 -5 -4 -5 -5 -5 -4 -4 -4 -4 -5 -5 -5 -5 -5 -5 -5 -5 -4 -5 -5 -5 -4 -5 -5 -6 -5 -5 -5 -5 -4 -4 -4 -3 -3 -2 -2 -2 -2 -2 -2 -2 -2 -2 -2 -2 -2 -2 -2 -2 -2 -2 -3 -3 -3 -2 -2 -2 -2 -2 -2 -2 -2 -2 -2 -3 -3 -2 -2 -2 -2 -2 -39 -39 -38 -37 -37 -36 -37 -37 -37 -37 -37 -37 -36 -36 -36 -36 -36 -36 -35 -35 -35 -35 -35 -35 -35 -35 -35 -34 -34 -34 -34 -34 -34 -34 -34 -34 -34 -33 -33 -33 -33 -33 -33 -32 -32 -32 -32 -32 -31 -31 -31 -31 -31 -31 -32 -31 -31 -31 -31 -31 -31 -30 -30 -30 -30 -30 -30 -30 -30 -29 -29 -29 -29 -29 -29 -29 -29 -29 -28 -28 -28 -28 -28 -28 -28 -28 -28 -27 -27 -27 -27 -27 -27 -27 -26 -26 -26 -26 -26 -26 -25 -25 -25 -25 -25 -25 -25 -25 -24 -24 -24 -24 -24 -24 -24 -24 -24 -24 -24 -23 -23 -23 -23 -23 -23 -23 -22 -22 -22 -22 -22 -22 -22 -22 -22 -21 -21 -21 -21 -21 -21 -21 -21 -21 -21 -20 -20 -20 -20 -20 -20 -20 -20 -20 -19 -19 -19 -19 -19 -18 -18 -18 -18 -18 -18 -18 -18 -18 -18 -18 -18 -18 -18 -18 -18 -18 -18 -18 -18 -17 -17 -17 -17 -17 -17 -17 -17 -17 -16 -16 -16 -16 -16 -16 -16 -16 -15 -15 -15 -15 -15 -15 -15 -15 -12 -12 -12 -12 -12 -12 -12 -12 -12 -12 -11 -11 -11 -11 -11 -11 -11 -11 -11 -11 -11 -11 -11 -11 -11 -10 -10 -10 -10 -10 -10 -10 -10 -10 -9 -9 -9 -9 -9 -9 -9 -9 -9 -9 -9 -9 -9 -9 -9 -8 -9 -8 -8 -8 -8 -9 -8 -8 -8 -8 -8 -8 -8 -8 -8 -8 -8 -7 -7 -7 -7 -7 -7 -8 -7 -7 -7 -7 -7 -7 -7 -7 -6 -6 -6 -6 -6 -6 -6 -6 -6 -6 -6 -7 -7 -7 -7 -6 -6 -6 -7 -7 -7 -7 -7 -6 -6 -6 -6 -6 -6 -6 -6 -6 -6 -6 -6 -6 -6 -6 -6 -6 -5 -5 -5 -5 -5 -5 -5 -5 -4 -4 -5 -5 -5 -5 -4 -4 -5 -5 -5 -5 -5 -4 -4 -4 -4 -4 -5 -5 -5 -5 -5 -5 -5 -4 -4 -4 -4 -3 -3 -2 -2 -2 -2 -2 -2 -2 -2 -2 -2 -2 -2 -2 -2 -2 -2 -2 -2 -2 -3 -3 -3 -2 -2 -2 -2 -2 -2 -2 -2 -3 -3 -3 -3 -3 -3 -39 -39 -38 -38 -38 -37 -36 -36 -37 -37 -37 -37 -37 -36 -36 -36 -36 -36 -36 -36 -35 -35 -35 -35 -35 -35 -35 -35 -35 -34 -34 -34 -34 -34 -34 -34 -34 -34 -33 -33 -33 -33 -33 -32 -32 -32 -32 -32 -32 -31 -31 -31 -31 -31 -32 -32 -31 -31 -31 -31 -30 -30 -30 -30 -30 -30 -30 -30 -30 -30 -30 -29 -29 -29 -29 -29 -29 -29 -29 -28 -28 -28 -28 -28 -28 -28 -28 -27 -27 -27 -27 -27 -27 -27 -26 -26 -26 -26 -26 -26 -26 -25 -25 -25 -25 -25 -25 -25 -25 -24 -24 -24 -24 -24 -24 -24 -24 -24 -24 -23 -23 -23 -23 -23 -23 -23 -23 -22 -22 -22 -22 -22 -22 -22 -22 -22 -21 -21 -21 -21 -21 -21 -21 -21 -21 -21 -21 -21 -20 -20 -20 -20 -20 -20 -19 -19 -19 -19 -19 -19 -19 -18 -18 -18 -18 -18 -18 -18 -18 -18 -18 -18 -18 -17 -18 -18 -18 -18 -18 -18 -18 -17 -17 -17 -17 -17 -17 -17 -17 -16 -16 -16 -16 -16 -16 -16 -16 -15 -15 -15 -15 -15 -15 -15 -12 -12 -12 -12 -12 -12 -12 -12 -12 -12 -12 -11 -11 -11 -11 -11 -11 -11 -11 -11 -11 -11 -11 -11 -11 -11 -10 -10 -10 -10 -10 -10 -10 -10 -9 -9 -9 -9 -9 -9 -9 -9 -9 -9 -9 -9 -9 -9 -9 -9 -8 -9 -8 -8 -8 -9 -8 -8 -8 -8 -8 -8 -8 -8 -7 -7 -7 -7 -7 -7 -7 -7 -7 -7 -8 -7 -7 -7 -7 -7 -7 -7 -6 -6 -6 -6 -6 -6 -6 -6 -6 -6 -7 -7 -6 -6 -6 -6 -6 -6 -7 -7 -7 -7 -6 -6 -6 -6 -6 -6 -6 -6 -6 -6 -6 -6 -6 -6 -6 -6 -6 -5 -6 -5 -5 -5 -5 -5 -5 -5 -4 -4 -4 -5 -5 -4 -4 -4 -4 -5 -5 -4 -5 -5 -4 -4 -4 -5 -5 -5 -5 -5 -5 -5 -5 -5 -5 -4 -4 -3 -3 -3 -2 -2 -2 -2 -2 -2 -2 -2 -2 -2 -2 -2 -2 -2 -2 -2 -2 -2 -2 -2 -2 -2 -2 -2 -2 -2 -2 -2 -2 -3 -3 -3 -3 -3 -39 -39 -39 -38 -38 -37 -37 -37 -37 -37 -37 -37 -36 -36 -36 -36 -36 -36 -36 -35 -35 -35 -35 -35 -35 -35 -35 -35 -34 -34 -34 -34 -34 -34 -34 -34 -34 -34 -33 -33 -33 -33 -33 -32 -32 -32 -32 -32 -32 -31 -31 -31 -31 -32 -32 -32 -31 -31 -31 -31 -31 -30 -30 -30 -30 -30 -30 -30 -30 -30 -30 -30 -30 -29 -29 -29 -29 -29 -29 -29 -28 -28 -28 -28 -28 -28 -27 -27 -27 -27 -27 -27 -27 -26 -26 -26 -26 -26 -26 -26 -26 -25 -25 -25 -25 -25 -25 -25 -25 -24 -24 -24 -24 -24 -24 -24 -24 -23 -23 -23 -23 -23 -23 -23 -23 -23 -23 -22 -22 -22 -22 -22 -22 -22 -22 -22 -22 -22 -21 -21 -21 -21 -21 -21 -21 -21 -21 -20 -20 -20 -20 -20 -20 -19 -19 -19 -19 -19 -19 -19 -19 -18 -18 -18 -18 -18 -18 -18 -18 -18 -17 -17 -17 -18 -18 -18 -18 -18 -18 -17 -17 -17 -17 -17 -17 -17 -17 -17 -16 -16 -16 -16 -16 -16 -16 -16 -16 -16 -16 -16 -15 -15 -15 -12 -12 -12 -12 -12 -12 -12 -12 -12 -12 -11 -11 -11 -11 -11 -11 -11 -11 -11 -11 -11 -11 -11 -11 -11 -11 -10 -10 -10 -10 -10 -10 -10 -10 -10 -9 -9 -9 -9 -9 -9 -9 -9 -9 -9 -9 -9 -9 -9 -9 -9 -8 -9 -9 -8 -8 -8 -8 -8 -8 -8 -8 -8 -8 -8 -7 -7 -7 -7 -7 -7 -7 -7 -7 -8 -7 -7 -7 -7 -7 -7 -7 -6 -6 -6 -6 -6 -6 -6 -6 -6 -6 -7 -7 -6 -6 -6 -6 -6 -6 -7 -7 -7 -7 -7 -7 -7 -6 -6 -7 -7 -7 -6 -6 -6 -6 -6 -5 -5 -6 -6 -5 -5 -6 -5 -5 -5 -5 -5 -5 -5 -4 -4 -4 -4 -4 -4 -4 -4 -4 -4 -4 -4 -5 -5 -5 -5 -5 -5 -5 -5 -5 -5 -5 -5 -5 -5 -5 -5 -5 -5 -5 -4 -4 -4 -4 -3 -3 -3 -3 -2 -2 -2 -2 -2 -2 -2 -2 -2 -2 -2 -2 -2 -2 -2 -2 -2 -2 -3 -3 -3 -3 -2 -2 -2 -39 -39 -39 -38 -38 -38 -37 -37 -37 -37 -37 -37 -36 -36 -36 -36 -36 -36 -36 -36 -35 -35 -35 -35 -35 -35 -35 -35 -35 -34 -34 -34 -34 -34 -34 -34 -34 -34 -34 -33 -33 -33 -33 -32 -32 -32 -32 -32 -32 -31 -31 -31 -31 -32 -32 -32 -32 -31 -31 -31 -31 -31 -30 -30 -30 -30 -30 -30 -30 -30 -30 -30 -30 -30 -30 -29 -29 -29 -29 -29 -29 -29 -28 -28 -28 -27 -27 -27 -27 -27 -27 -27 -26 -26 -26 -26 -26 -26 -26 -26 -26 -25 -25 -25 -25 -25 -25 -25 -25 -25 -24 -24 -24 -24 -24 -24 -24 -24 -23 -23 -23 -23 -23 -23 -23 -23 -23 -22 -22 -22 -22 -23 -22 -22 -22 -22 -22 -22 -21 -21 -21 -21 -21 -21 -21 -21 -21 -21 -20 -20 -20 -20 -20 -19 -19 -19 -19 -19 -19 -19 -18 -19 -18 -18 -18 -18 -18 -18 -18 -18 -17 -18 -18 -18 -18 -18 -18 -18 -17 -17 -17 -17 -17 -17 -17 -17 -17 -17 -17 -16 -16 -16 -16 -16 -16 -16 -16 -16 -16 -16 -15 -15 -15 -12 -12 -12 -12 -12 -12 -12 -12 -12 -12 -11 -11 -11 -11 -11 -11 -11 -11 -11 -11 -11 -11 -11 -11 -11 -11 -10 -10 -10 -10 -10 -10 -10 -10 -10 -9 -9 -9 -9 -9 -9 -9 -9 -9 -9 -9 -9 -9 -9 -9 -9 -9 -9 -9 -8 -8 -8 -8 -8 -8 -8 -8 -8 -8 -8 -7 -7 -7 -7 -7 -7 -7 -7 -7 -7 -7 -7 -7 -7 -7 -7 -7 -7 -6 -6 -6 -6 -6 -6 -6 -6 -6 -6 -6 -6 -6 -6 -6 -6 -6 -7 -7 -7 -7 -7 -7 -6 -6 -7 -7 -7 -7 -6 -6 -6 -6 -6 -6 -5 -6 -6 -6 -5 -5 -5 -5 -5 -5 -5 -5 -4 -4 -4 -4 -4 -4 -4 -4 -3 -4 -4 -4 -4 -4 -5 -5 -5 -5 -4 -4 -5 -5 -5 -5 -5 -5 -5 -5 -5 -4 -5 -5 -4 -5 -4 -4 -3 -3 -3 -3 -3 -3 -3 -2 -2 -2 -2 -2 -2 -2 -2 -2 -2 -2 -2 -2 -2 -2 -3 -3 -3 -3 -3 -2 -2 -39 -39 -39 -38 -38 -38 -38 -38 -37 -37 -37 -37 -37 -36 -36 -36 -36 -36 -36 -36 -36 -36 -35 -35 -35 -35 -34 -34 -34 -34 -34 -34 -34 -33 -34 -34 -34 -34 -34 -33 -33 -33 -33 -33 -32 -32 -32 -32 -32 -32 -32 -32 -31 -32 -31 -31 -32 -32 -31 -31 -31 -31 -31 -30 -30 -30 -30 -30 -30 -30 -30 -30 -30 -30 -30 -29 -29 -29 -29 -29 -29 -28 -28 -28 -28 -27 -27 -27 -27 -27 -27 -27 -27 -26 -26 -26 -26 -26 -26 -26 -26 -26 -25 -25 -25 -25 -25 -25 -25 -25 -25 -25 -24 -24 -24 -24 -24 -24 -23 -23 -23 -23 -23 -23 -23 -23 -23 -23 -22 -22 -22 -23 -22 -22 -22 -22 -22 -22 -21 -21 -21 -21 -21 -21 -21 -21 -21 -21 -21 -20 -20 -20 -20 -20 -20 -19 -19 -19 -19 -19 -19 -19 -19 -18 -18 -18 -18 -18 -18 -18 -18 -18 -18 -18 -18 -18 -18 -18 -18 -17 -17 -17 -17 -17 -17 -17 -17 -17 -17 -16 -16 -16 -16 -16 -16 -16 -16 -16 -16 -16 -15 -15 -15 -12 -12 -12 -12 -12 -12 -12 -12 -12 -12 -11 -11 -12 -11 -11 -11 -11 -11 -11 -11 -11 -11 -11 -11 -11 -11 -11 -10 -10 -10 -10 -10 -10 -10 -10 -10 -9 -9 -9 -9 -9 -9 -9 -9 -9 -9 -9 -9 -9 -9 -8 -8 -8 -8 -8 -9 -8 -8 -8 -8 -8 -8 -8 -8 -8 -7 -7 -7 -7 -7 -7 -7 -7 -7 -7 -7 -7 -7 -7 -7 -7 -7 -7 -6 -6 -6 -6 -6 -6 -6 -6 -6 -6 -6 -6 -6 -6 -6 -6 -6 -7 -7 -7 -7 -7 -7 -7 -7 -7 -7 -7 -7 -6 -6 -6 -6 -6 -5 -5 -5 -6 -7 -7 -6 -5 -5 -5 -5 -5 -5 -4 -4 -4 -5 -5 -4 -4 -4 -4 -4 -4 -4 -3 -4 -4 -5 -5 -5 -5 -5 -5 -5 -5 -5 -5 -5 -5 -5 -5 -5 -5 -5 -4 -4 -4 -4 -3 -3 -3 -3 -3 -3 -3 -3 -3 -2 -2 -2 -2 -2 -2 -2 -2 -2 -2 -2 -2 -2 -2 -3 -3 -3 -3 -3 -3 -2 -39 -39 -39 -38 -38 -38 -38 -38 -38 -37 -37 -37 -37 -37 -36 -36 -35 -35 -36 -36 -36 -35 -35 -35 -35 -34 -34 -34 -35 -34 -34 -34 -34 -34 -34 -34 -34 -34 -34 -33 -33 -33 -33 -33 -33 -32 -32 -32 -32 -32 -32 -32 -31 -32 -31 -31 -31 -32 -31 -31 -31 -31 -31 -30 -30 -30 -30 -30 -30 -30 -29 -29 -29 -29 -29 -29 -29 -29 -29 -29 -29 -28 -28 -28 -28 -27 -27 -27 -27 -27 -27 -27 -27 -27 -26 -26 -26 -26 -26 -26 -26 -26 -25 -25 -25 -25 -25 -25 -25 -25 -25 -25 -24 -24 -24 -24 -24 -24 -24 -24 -24 -23 -23 -23 -23 -23 -23 -23 -23 -22 -22 -22 -22 -22 -22 -22 -22 -22 -22 -21 -22 -22 -22 -21 -21 -21 -21 -21 -21 -21 -20 -20 -20 -20 -20 -19 -19 -19 -19 -19 -19 -19 -19 -19 -18 -19 -18 -18 -18 -18 -18 -18 -18 -18 -18 -18 -18 -18 -18 -17 -17 -17 -17 -17 -17 -17 -17 -17 -17 -17 -17 -16 -16 -16 -16 -16 -16 -16 -16 -16 -16 -15 -15 -13 -12 -12 -12 -12 -12 -12 -12 -12 -12 -12 -12 -12 -12 -11 -11 -11 -11 -11 -11 -11 -11 -11 -11 -11 -11 -11 -10 -10 -10 -10 -10 -10 -10 -10 -10 -9 -9 -9 -9 -9 -9 -9 -9 -9 -9 -9 -9 -9 -9 -8 -8 -8 -8 -8 -8 -9 -8 -8 -8 -8 -8 -8 -8 -8 -8 -7 -7 -7 -7 -7 -7 -7 -7 -7 -7 -7 -7 -7 -7 -7 -7 -7 -7 -7 -7 -7 -6 -6 -6 -6 -6 -6 -6 -6 -6 -6 -6 -6 -6 -7 -7 -7 -7 -7 -7 -7 -7 -7 -7 -6 -7 -7 -6 -6 -6 -6 -6 -5 -5 -6 -7 -6 -6 -6 -5 -5 -5 -5 -4 -4 -4 -4 -5 -5 -4 -4 -4 -4 -4 -4 -4 -4 -4 -5 -5 -5 -5 -5 -5 -5 -5 -5 -5 -5 -5 -5 -5 -4 -5 -5 -5 -5 -4 -4 -4 -3 -3 -3 -3 -3 -3 -3 -3 -3 -3 -2 -2 -2 -2 -2 -2 -2 -2 -3 -2 -2 -2 -2 -3 -3 -3 -3 -3 -3 -2 -39 -39 -39 -39 -39 -38 -38 -38 -37 -37 -37 -37 -36 -36 -36 -35 -36 -36 -36 -35 -36 -35 -35 -35 -35 -35 -35 -35 -34 -34 -34 -34 -34 -34 -34 -34 -34 -34 -33 -33 -33 -33 -33 -33 -33 -32 -32 -32 -32 -32 -32 -31 -32 -32 -31 -31 -31 -31 -31 -31 -31 -31 -31 -31 -30 -30 -30 -30 -29 -29 -29 -29 -29 -29 -29 -29 -28 -28 -28 -28 -28 -28 -28 -27 -27 -27 -27 -27 -27 -27 -27 -27 -27 -27 -26 -26 -26 -26 -26 -26 -26 -26 -25 -25 -25 -25 -25 -25 -25 -25 -24 -24 -24 -24 -24 -24 -24 -24 -24 -24 -24 -23 -23 -23 -23 -23 -23 -23 -23 -23 -22 -22 -22 -22 -22 -22 -22 -22 -22 -22 -22 -22 -22 -21 -21 -21 -21 -21 -21 -21 -20 -20 -20 -20 -19 -19 -19 -19 -19 -19 -19 -19 -19 -19 -19 -19 -18 -18 -18 -18 -18 -18 -18 -18 -18 -18 -18 -18 -17 -17 -17 -17 -17 -17 -17 -17 -17 -17 -17 -17 -16 -16 -16 -16 -16 -16 -16 -16 -16 -16 -16 -16 -13 -13 -12 -12 -12 -12 -12 -12 -12 -12 -12 -12 -12 -12 -11 -11 -11 -11 -11 -11 -11 -11 -11 -11 -11 -11 -11 -11 -10 -10 -10 -10 -10 -10 -10 -10 -10 -9 -9 -9 -9 -9 -9 -9 -9 -9 -9 -9 -9 -9 -9 -9 -9 -8 -8 -8 -9 -9 -8 -8 -8 -8 -8 -8 -8 -8 -8 -7 -7 -7 -7 -7 -7 -7 -7 -7 -7 -7 -7 -7 -7 -7 -7 -7 -7 -7 -7 -6 -6 -6 -6 -6 -6 -6 -6 -6 -6 -6 -6 -6 -7 -7 -7 -7 -7 -7 -7 -7 -7 -7 -6 -6 -7 -7 -6 -6 -6 -6 -6 -5 -6 -6 -7 -6 -5 -5 -5 -5 -5 -4 -4 -4 -5 -5 -4 -4 -4 -4 -4 -4 -4 -4 -4 -4 -5 -4 -5 -5 -5 -4 -4 -5 -5 -5 -5 -5 -5 -5 -5 -5 -5 -5 -4 -4 -4 -3 -3 -3 -3 -3 -3 -3 -3 -3 -3 -3 -3 -3 -2 -2 -2 -2 -2 -3 -3 -2 -2 -2 -2 -2 -2 -2 -3 -3 -3 -3 -2 -39 -39 -39 -38 -38 -38 -38 -38 -38 -37 -37 -37 -37 -36 -36 -35 -35 -35 -36 -36 -36 -35 -35 -35 -35 -35 -35 -35 -34 -34 -34 -34 -34 -34 -34 -34 -34 -33 -33 -33 -33 -33 -33 -33 -32 -32 -33 -32 -32 -32 -32 -31 -32 -31 -31 -31 -31 -32 -31 -31 -31 -31 -31 -30 -30 -30 -30 -30 -29 -29 -29 -29 -29 -29 -29 -29 -28 -28 -28 -28 -28 -28 -28 -28 -28 -27 -27 -27 -27 -27 -27 -27 -27 -27 -27 -27 -26 -26 -26 -26 -26 -26 -26 -26 -25 -25 -25 -25 -25 -25 -25 -24 -24 -24 -24 -24 -24 -24 -24 -24 -23 -23 -23 -23 -23 -23 -23 -23 -23 -23 -22 -22 -22 -22 -22 -22 -22 -22 -22 -22 -22 -22 -22 -21 -21 -21 -21 -21 -21 -21 -21 -21 -20 -20 -20 -19 -19 -19 -19 -19 -19 -19 -19 -19 -19 -19 -19 -18 -19 -18 -18 -18 -18 -18 -18 -18 -18 -17 -17 -17 -17 -17 -17 -17 -17 -17 -17 -17 -17 -16 -16 -16 -16 -16 -16 -16 -16 -16 -16 -16 -16 -16 -13 -13 -12 -12 -12 -12 -12 -12 -12 -12 -12 -12 -12 -12 -12 -11 -11 -11 -11 -11 -11 -11 -11 -11 -11 -11 -11 -11 -10 -10 -10 -10 -10 -10 -10 -10 -10 -9 -9 -9 -9 -9 -9 -9 -9 -9 -9 -9 -9 -9 -9 -9 -9 -9 -9 -9 -9 -9 -8 -8 -8 -8 -8 -8 -8 -8 -8 -8 -7 -7 -7 -7 -7 -7 -7 -7 -7 -7 -7 -7 -7 -7 -7 -7 -7 -7 -7 -6 -6 -6 -6 -6 -5 -6 -6 -6 -6 -6 -6 -6 -7 -7 -7 -7 -7 -6 -7 -7 -7 -6 -6 -6 -6 -7 -6 -6 -6 -6 -6 -5 -5 -6 -7 -7 -6 -6 -5 -5 -5 -5 -5 -5 -5 -5 -4 -4 -4 -4 -4 -5 -4 -4 -4 -4 -4 -4 -5 -5 -4 -4 -4 -4 -5 -4 -4 -4 -5 -5 -5 -5 -5 -5 -4 -4 -4 -3 -3 -3 -3 -3 -3 -3 -3 -3 -3 -3 -3 -3 -3 -2 -2 -3 -2 -3 -3 -3 -3 -3 -3 -2 -2 -2 -2 -3 -3 -3 -2 -2 -39 -39 -39 -38 -38 -38 -38 -38 -37 -37 -37 -37 -37 -37 -36 -36 -36 -36 -35 -36 -36 -35 -35 -35 -35 -35 -35 -35 -35 -34 -34 -34 -34 -34 -34 -34 -34 -33 -34 -33 -33 -33 -33 -33 -32 -32 -33 -32 -32 -32 -32 -31 -32 -32 -32 -31 -31 -31 -32 -31 -31 -31 -31 -30 -30 -30 -30 -30 -29 -29 -29 -29 -29 -29 -29 -29 -29 -29 -29 -29 -28 -28 -28 -28 -28 -28 -28 -27 -27 -27 -27 -27 -27 -27 -27 -27 -27 -26 -26 -26 -26 -26 -26 -26 -25 -25 -25 -25 -25 -25 -25 -25 -24 -24 -24 -24 -24 -24 -24 -24 -24 -23 -23 -23 -23 -23 -23 -23 -23 -23 -22 -22 -22 -22 -22 -22 -22 -22 -22 -22 -22 -22 -22 -22 -21 -21 -21 -21 -21 -21 -21 -21 -20 -20 -20 -20 -20 -19 -19 -19 -19 -19 -19 -19 -19 -19 -19 -19 -18 -19 -18 -18 -18 -18 -18 -18 -18 -18 -17 -17 -17 -17 -17 -17 -17 -17 -17 -17 -17 -17 -17 -17 -16 -16 -16 -16 -16 -16 -16 -16 -16 -16 -13 -13 -13 -12 -12 -12 -12 -12 -12 -12 -12 -12 -12 -12 -12 -11 -11 -11 -11 -11 -11 -11 -11 -11 -11 -11 -11 -11 -11 -10 -10 -10 -10 -10 -10 -10 -10 -10 -9 -9 -9 -9 -9 -9 -9 -9 -9 -9 -9 -9 -9 -9 -9 -9 -9 -9 -9 -9 -8 -8 -8 -8 -8 -8 -8 -8 -8 -8 -8 -8 -7 -7 -7 -7 -7 -7 -7 -7 -7 -7 -7 -7 -7 -7 -7 -7 -6 -6 -6 -6 -6 -6 -6 -6 -6 -6 -6 -6 -6 -5 -7 -7 -7 -7 -7 -7 -7 -7 -7 -6 -6 -6 -6 -7 -6 -6 -6 -6 -6 -6 -5 -6 -7 -7 -6 -6 -6 -5 -5 -5 -5 -5 -5 -5 -5 -4 -4 -5 -5 -5 -4 -4 -4 -4 -4 -4 -4 -4 -4 -4 -4 -4 -4 -4 -4 -5 -4 -5 -5 -5 -5 -5 -4 -4 -4 -3 -3 -3 -3 -3 -3 -3 -3 -3 -3 -3 -3 -3 -3 -3 -2 -3 -2 -2 -3 -3 -3 -3 -2 -2 -2 -2 -2 -3 -3 -3 -2 -2 -2 -40 -39 -39 -38 -38 -38 -38 -38 -38 -38 -37 -37 -37 -37 -37 -36 -36 -36 -36 -36 -36 -36 -35 -35 -35 -35 -35 -35 -35 -34 -34 -34 -34 -34 -34 -34 -34 -34 -34 -34 -33 -33 -33 -33 -33 -33 -33 -33 -32 -32 -32 -32 -32 -32 -32 -32 -32 -31 -31 -31 -31 -31 -31 -31 -31 -30 -30 -30 -30 -30 -30 -29 -29 -29 -29 -29 -29 -29 -29 -29 -28 -28 -28 -28 -28 -28 -28 -28 -28 -28 -28 -27 -27 -27 -27 -27 -27 -26 -26 -26 -26 -26 -26 -26 -26 -25 -25 -25 -25 -25 -25 -25 -25 -25 -24 -24 -24 -24 -24 -24 -24 -24 -23 -23 -23 -23 -23 -23 -23 -23 -23 -22 -22 -22 -22 -22 -22 -22 -22 -22 -22 -22 -22 -22 -22 -21 -21 -21 -21 -21 -21 -21 -21 -20 -20 -20 -20 -20 -20 -20 -20 -19 -19 -19 -19 -19 -19 -19 -19 -18 -18 -18 -18 -18 -18 -18 -18 -18 -18 -18 -18 -17 -17 -17 -17 -17 -17 -17 -17 -17 -17 -17 -17 -17 -16 -16 -16 -16 -16 -16 -16 -16 -16 -13 -13 -13 -13 -12 -12 -12 -12 -12 -12 -12 -12 -12 -12 -12 -11 -11 -11 -11 -11 -11 -11 -11 -11 -11 -11 -11 -11 -11 -10 -10 -10 -10 -10 -10 -10 -10 -10 -9 -9 -9 -9 -9 -9 -9 -10 -9 -9 -9 -9 -9 -9 -9 -9 -9 -9 -9 -8 -8 -8 -8 -8 -8 -8 -8 -8 -8 -8 -8 -8 -8 -7 -7 -7 -7 -7 -7 -7 -7 -7 -7 -7 -7 -7 -7 -6 -6 -6 -6 -6 -6 -6 -5 -6 -6 -6 -6 -6 -6 -6 -7 -7 -7 -7 -7 -6 -7 -7 -7 -7 -6 -6 -6 -6 -6 -6 -6 -6 -6 -6 -6 -6 -7 -7 -6 -6 -6 -5 -5 -5 -5 -6 -5 -5 -5 -5 -5 -5 -5 -4 -4 -4 -4 -4 -4 -4 -4 -4 -4 -4 -4 -5 -5 -4 -4 -4 -4 -4 -5 -5 -5 -5 -4 -4 -4 -4 -4 -3 -3 -3 -3 -3 -3 -3 -3 -3 -3 -3 -3 -3 -3 -3 -3 -3 -3 -3 -3 -3 -2 -2 -2 -2 -3 -3 -3 -3 -2 -2 -2 -2 -40 -40 -40 -40 -39 -39 -39 -39 -38 -38 -38 -38 -38 -38 -37 -37 -36 -36 -36 -36 -35 -35 -36 -36 -35 -35 -35 -35 -35 -35 -35 -35 -34 -35 -35 -34 -34 -34 -34 -34 -34 -34 -34 -33 -33 -33 -33 -33 -33 -33 -33 -33 -32 -32 -32 -32 -32 -32 -32 -32 -31 -31 -31 -31 -31 -31 -30 -30 -30 -30 -30 -30 -30 -30 -29 -29 -29 -29 -29 -29 -29 -29 -28 -28 -28 -28 -28 -28 -28 -28 -28 -28 -28 -27 -27 -27 -27 -27 -27 -27 -27 -26 -26 -26 -26 -26 -26 -26 -25 -25 -25 -25 -25 -25 -25 -25 -24 -24 -24 -24 -24 -24 -24 -24 -23 -23 -23 -23 -23 -23 -23 -23 -23 -23 -22 -22 -22 -22 -22 -22 -22 -22 -22 -22 -22 -22 -22 -22 -22 -22 -22 -21 -21 -21 -21 -20 -20 -20 -20 -20 -20 -20 -20 -20 -19 -19 -19 -19 -19 -19 -19 -19 -19 -19 -18 -18 -18 -18 -18 -18 -18 -18 -18 -18 -17 -17 -17 -17 -17 -17 -17 -17 -17 -17 -17 -17 -16 -16 -16 -16 -16 -16 -16 -16 -16 -13 -13 -13 -13 -12 -12 -12 -12 -12 -12 -12 -12 -12 -12 -12 -12 -11 -11 -11 -11 -11 -11 -11 -11 -11 -11 -11 -11 -11 -10 -10 -10 -10 -10 -10 -10 -10 -10 -10 -9 -9 -9 -9 -9 -9 -10 -9 -9 -9 -9 -9 -9 -9 -9 -9 -9 -9 -9 -8 -8 -8 -8 -8 -8 -8 -8 -8 -8 -8 -8 -8 -8 -7 -7 -7 -7 -7 -7 -7 -7 -7 -7 -7 -7 -7 -7 -7 -6 -6 -6 -6 -6 -6 -6 -6 -6 -6 -6 -6 -6 -7 -7 -7 -7 -7 -7 -7 -7 -7 -7 -7 -6 -6 -6 -6 -6 -6 -6 -6 -5 -5 -5 -6 -6 -6 -6 -6 -6 -5 -5 -6 -6 -5 -4 -5 -5 -5 -5 -5 -5 -4 -4 -4 -4 -4 -4 -4 -4 -4 -4 -4 -5 -5 -5 -5 -4 -4 -4 -5 -5 -5 -5 -4 -4 -4 -4 -3 -3 -3 -3 -3 -3 -3 -3 -3 -3 -3 -3 -3 -3 -3 -2 -3 -3 -3 -3 -3 -3 -3 -3 -3 -3 -3 -3 -3 -3 -2 -2 -2 -2 -40 -40 -40 -40 -40 -40 -40 -39 -39 -39 -38 -38 -38 -38 -38 -38 -37 -37 -36 -36 -36 -36 -36 -35 -36 -36 -36 -35 -35 -35 -35 -35 -35 -35 -35 -35 -35 -34 -34 -34 -34 -34 -34 -34 -34 -34 -33 -33 -33 -33 -33 -33 -32 -32 -33 -32 -32 -32 -32 -32 -32 -32 -31 -31 -31 -31 -31 -31 -30 -30 -30 -30 -30 -30 -30 -30 -29 -29 -29 -29 -29 -29 -29 -29 -29 -29 -29 -29 -28 -28 -28 -28 -28 -28 -28 -28 -27 -27 -27 -27 -27 -27 -27 -27 -26 -26 -26 -26 -26 -26 -26 -25 -25 -25 -25 -25 -25 -25 -25 -24 -24 -24 -24 -24 -24 -24 -24 -24 -23 -23 -23 -23 -23 -23 -23 -23 -23 -23 -23 -22 -22 -22 -22 -22 -22 -22 -22 -22 -22 -22 -22 -22 -22 -22 -21 -21 -21 -20 -20 -20 -20 -20 -20 -20 -20 -20 -19 -19 -19 -19 -19 -19 -19 -19 -19 -19 -18 -18 -18 -18 -18 -18 -18 -18 -18 -18 -17 -17 -17 -17 -17 -17 -17 -17 -17 -17 -17 -17 -16 -16 -16 -16 -16 -16 -16 -16 -16 -13 -13 -13 -13 -13 -12 -12 -12 -12 -12 -12 -12 -12 -12 -12 -12 -11 -11 -11 -11 -11 -11 -11 -11 -11 -11 -11 -11 -11 -11 -10 -10 -10 -10 -10 -10 -10 -10 -10 -9 -9 -9 -9 -9 -9 -10 -9 -9 -9 -9 -9 -9 -9 -9 -9 -9 -8 -8 -8 -8 -8 -8 -8 -8 -8 -8 -8 -8 -8 -8 -8 -8 -7 -7 -7 -7 -7 -7 -7 -7 -7 -7 -7 -7 -7 -7 -7 -7 -6 -6 -6 -6 -6 -6 -6 -6 -6 -6 -6 -6 -7 -7 -7 -7 -7 -7 -7 -7 -7 -7 -7 -7 -6 -6 -6 -6 -6 -6 -6 -5 -5 -5 -6 -6 -6 -6 -6 -5 -5 -6 -5 -5 -5 -5 -5 -5 -5 -5 -5 -5 -4 -4 -4 -4 -4 -4 -4 -4 -4 -4 -4 -5 -5 -5 -5 -5 -5 -5 -5 -5 -5 -5 -4 -4 -4 -4 -3 -3 -3 -3 -3 -3 -3 -3 -3 -3 -3 -3 -3 -3 -3 -3 -3 -3 -3 -3 -3 -3 -3 -3 -3 -2 -2 -3 -3 -3 -3 -2 -2 -2 -40 -40 -40 -40 -40 -40 -40 -39 -39 -39 -39 -38 -38 -38 -37 -38 -37 -37 -37 -36 -36 -36 -36 -36 -36 -36 -35 -36 -36 -35 -35 -35 -35 -35 -35 -35 -35 -35 -35 -34 -34 -34 -34 -34 -34 -34 -33 -33 -33 -33 -33 -33 -32 -32 -32 -32 -32 -32 -32 -32 -32 -32 -32 -31 -31 -31 -31 -31 -30 -30 -30 -30 -30 -30 -30 -30 -30 -30 -29 -29 -29 -29 -29 -29 -29 -29 -29 -28 -28 -28 -28 -28 -28 -28 -28 -28 -27 -27 -27 -27 -27 -27 -27 -27 -26 -26 -26 -26 -26 -26 -26 -26 -26 -25 -25 -25 -25 -25 -25 -24 -24 -24 -24 -24 -24 -24 -24 -24 -24 -24 -23 -23 -23 -23 -23 -23 -23 -23 -23 -22 -22 -22 -22 -22 -22 -22 -22 -22 -22 -22 -21 -21 -21 -22 -21 -21 -21 -20 -20 -20 -20 -20 -20 -20 -20 -20 -20 -19 -19 -19 -19 -19 -19 -19 -19 -18 -18 -18 -18 -18 -18 -18 -18 -18 -18 -18 -17 -17 -17 -17 -17 -17 -17 -17 -17 -17 -17 -17 -17 -16 -16 -16 -16 -16 -16 -16 -16 -13 -13 -13 -13 -13 -12 -12 -12 -12 -12 -12 -12 -12 -12 -12 -12 -11 -12 -11 -11 -11 -11 -11 -11 -11 -11 -11 -11 -11 -11 -10 -10 -10 -10 -10 -10 -10 -10 -10 -10 -9 -9 -9 -9 -9 -10 -9 -9 -9 -9 -9 -9 -9 -9 -9 -9 -9 -9 -8 -8 -8 -8 -8 -8 -8 -8 -8 -8 -8 -8 -8 -8 -8 -8 -7 -7 -7 -7 -7 -7 -7 -7 -7 -7 -7 -7 -6 -6 -6 -6 -6 -6 -6 -6 -6 -6 -6 -6 -6 -6 -7 -7 -7 -8 -7 -7 -7 -7 -7 -7 -7 -7 -7 -6 -6 -6 -6 -6 -6 -5 -5 -6 -5 -6 -6 -6 -6 -6 -6 -6 -5 -5 -5 -5 -4 -4 -5 -5 -5 -5 -4 -4 -4 -4 -4 -4 -4 -5 -4 -4 -4 -4 -4 -5 -5 -4 -4 -4 -4 -5 -5 -5 -4 -4 -4 -4 -3 -3 -3 -3 -3 -3 -3 -3 -3 -3 -3 -3 -3 -3 -3 -3 -3 -3 -3 -3 -3 -3 -3 -3 -3 -2 -2 -2 -3 -3 -3 -2 -2 -2 -4 -40 -40 -40 -40 -40 -40 -39 -39 -39 -39 -39 -39 -38 -38 -38 -37 -37 -36 -36 -36 -36 -37 -37 -37 -36 -36 -36 -36 -36 -36 -35 -35 -35 -35 -35 -34 -35 -35 -34 -34 -34 -34 -34 -34 -33 -34 -33 -33 -33 -33 -33 -33 -33 -33 -32 -32 -32 -33 -32 -32 -32 -32 -32 -31 -31 -31 -31 -31 -31 -30 -30 -30 -30 -30 -30 -30 -30 -29 -29 -29 -29 -29 -29 -29 -28 -28 -28 -28 -28 -28 -28 -28 -28 -28 -27 -27 -27 -27 -27 -27 -27 -27 -27 -27 -27 -26 -26 -26 -26 -26 -26 -26 -26 -26 -25 -25 -25 -25 -25 -24 -24 -24 -24 -24 -24 -24 -24 -24 -24 -24 -23 -23 -23 -23 -23 -23 -23 -23 -23 -23 -22 -22 -22 -22 -22 -22 -22 -22 -22 -22 -21 -21 -21 -21 -22 -21 -21 -20 -20 -20 -20 -20 -20 -20 -20 -20 -20 -20 -19 -19 -19 -19 -19 -19 -18 -18 -18 -18 -18 -18 -18 -18 -18 -18 -18 -18 -18 -17 -17 -17 -17 -17 -17 -17 -17 -17 -17 -17 -17 -17 -16 -16 -16 -16 -16 -16 -16 -13 -13 -13 -13 -13 -12 -12 -12 -12 -12 -12 -12 -12 -12 -12 -12 -12 -12 -11 -11 -11 -11 -11 -11 -11 -11 -11 -11 -11 -11 -10 -10 -10 -10 -10 -10 -10 -10 -10 -10 -9 -9 -9 -9 -9 -10 -10 -9 -9 -9 -9 -9 -9 -9 -9 -9 -9 -9 -9 -9 -8 -8 -8 -8 -8 -8 -8 -8 -8 -8 -8 -8 -7 -7 -7 -7 -7 -7 -7 -7 -7 -7 -7 -7 -7 -7 -7 -6 -6 -6 -6 -6 -6 -6 -6 -6 -6 -6 -6 -6 -7 -7 -7 -7 -8 -7 -7 -6 -6 -6 -7 -7 -7 -6 -6 -6 -6 -6 -6 -5 -5 -6 -5 -5 -5 -5 -6 -6 -6 -5 -5 -5 -5 -5 -5 -4 -4 -5 -5 -5 -5 -5 -4 -5 -5 -4 -5 -5 -4 -4 -4 -4 -4 -5 -4 -5 -5 -5 -5 -5 -5 -5 -4 -4 -5 -4 -4 -4 -3 -3 -3 -3 -3 -3 -3 -3 -3 -3 -3 -3 -3 -3 -3 -3 -3 -3 -3 -3 -3 -3 -2 -2 -2 -2 -3 -3 -3 -3 -2 -2 -4 -41 -41 -41 -40 -40 -40 -39 -39 -39 -39 -39 -38 -38 -38 -38 -38 -37 -37 -37 -36 -36 -36 -37 -37 -37 -36 -36 -36 -36 -36 -36 -36 -35 -35 -35 -35 -35 -35 -34 -34 -34 -34 -34 -34 -34 -33 -34 -34 -33 -33 -33 -33 -33 -33 -32 -32 -32 -32 -33 -33 -33 -32 -32 -32 -32 -32 -31 -31 -31 -31 -31 -30 -30 -30 -30 -30 -30 -29 -29 -29 -29 -29 -29 -29 -29 -28 -28 -28 -28 -28 -28 -28 -28 -28 -28 -27 -27 -27 -27 -27 -27 -27 -27 -26 -26 -26 -26 -26 -26 -26 -26 -25 -25 -25 -25 -25 -25 -25 -25 -25 -25 -25 -24 -24 -24 -24 -24 -24 -24 -24 -24 -24 -24 -24 -24 -23 -23 -23 -23 -23 -23 -23 -23 -22 -22 -22 -22 -22 -22 -22 -22 -22 -22 -21 -21 -21 -21 -21 -20 -20 -20 -20 -20 -20 -20 -20 -20 -20 -20 -19 -19 -19 -19 -19 -19 -19 -19 -18 -18 -18 -18 -18 -18 -18 -18 -18 -18 -18 -18 -17 -17 -17 -17 -17 -17 -17 -17 -17 -17 -17 -17 -16 -16 -16 -16 -16 -16 -16 -13 -13 -13 -13 -13 -13 -13 -12 -12 -12 -12 -12 -12 -12 -12 -12 -12 -12 -11 -11 -11 -11 -11 -11 -11 -11 -11 -11 -11 -11 -10 -10 -10 -10 -10 -10 -10 -10 -10 -10 -10 -9 -9 -9 -9 -10 -10 -9 -9 -9 -9 -9 -9 -9 -9 -9 -9 -9 -9 -9 -8 -8 -8 -8 -8 -8 -8 -8 -8 -8 -8 -8 -8 -7 -7 -7 -7 -7 -7 -7 -7 -7 -7 -7 -7 -7 -7 -7 -7 -6 -6 -6 -6 -6 -6 -6 -6 -6 -6 -6 -7 -7 -7 -7 -7 -7 -7 -6 -6 -7 -7 -7 -7 -6 -6 -6 -6 -6 -6 -5 -6 -6 -6 -5 -6 -5 -5 -6 -6 -6 -5 -5 -5 -5 -5 -5 -4 -5 -5 -5 -5 -5 -4 -5 -5 -5 -5 -4 -4 -4 -4 -4 -4 -4 -4 -5 -4 -4 -4 -5 -5 -5 -5 -5 -5 -4 -4 -4 -3 -3 -3 -3 -3 -3 -3 -3 -3 -3 -3 -3 -3 -3 -3 -3 -3 -3 -3 -3 -3 -2 -3 -3 -2 -3 -3 -3 -3 -3 -3 -3 -4 -41 -41 -40 -39 -39 -39 -38 -38 -38 -38 -38 -38 -38 -37 -37 -37 -37 -36 -36 -36 -36 -37 -37 -37 -37 -36 -36 -36 -36 -36 -36 -36 -35 -35 -35 -35 -34 -34 -34 -34 -34 -34 -34 -33 -33 -33 -33 -33 -33 -33 -33 -33 -33 -32 -32 -32 -33 -32 -33 -33 -32 -32 -32 -32 -32 -31 -31 -31 -31 -31 -30 -30 -30 -30 -29 -29 -29 -29 -29 -29 -29 -29 -29 -29 -28 -28 -28 -28 -28 -28 -28 -28 -28 -28 -27 -27 -27 -27 -27 -27 -27 -26 -26 -26 -26 -26 -26 -26 -26 -26 -25 -25 -25 -26 -25 -25 -25 -25 -25 -25 -25 -24 -24 -24 -24 -24 -24 -24 -24 -24 -24 -23 -23 -23 -23 -23 -23 -23 -23 -23 -23 -22 -22 -22 -22 -22 -22 -22 -22 -22 -22 -21 -21 -21 -21 -21 -20 -20 -20 -20 -20 -20 -20 -19 -19 -19 -19 -19 -19 -19 -19 -19 -19 -19 -19 -19 -19 -19 -18 -18 -18 -18 -18 -18 -18 -18 -18 -17 -17 -17 -17 -17 -17 -17 -17 -17 -17 -17 -17 -16 -16 -16 -16 -16 -16 -16 -13 -13 -13 -13 -13 -13 -13 -13 -12 -12 -12 -12 -12 -12 -12 -12 -12 -12 -12 -12 -11 -11 -11 -11 -11 -11 -11 -11 -11 -11 -10 -10 -10 -10 -10 -10 -10 -10 -10 -10 -10 -9 -9 -9 -10 -10 -10 -9 -9 -9 -9 -9 -9 -9 -9 -9 -9 -9 -8 -9 -9 -8 -8 -8 -8 -8 -8 -8 -8 -8 -8 -8 -8 -8 -8 -7 -7 -7 -7 -7 -7 -7 -7 -7 -7 -6 -6 -7 -7 -6 -7 -6 -6 -5 -5 -5 -5 -6 -6 -7 -7 -7 -7 -7 -7 -7 -6 -7 -7 -7 -7 -7 -7 -7 -6 -6 -6 -5 -5 -5 -6 -6 -6 -6 -6 -6 -6 -6 -6 -6 -5 -5 -6 -5 -5 -5 -5 -5 -5 -5 -5 -5 -5 -5 -5 -5 -4 -4 -4 -4 -4 -4 -4 -4 -4 -4 -4 -5 -5 -5 -5 -5 -5 -4 -4 -4 -4 -4 -3 -3 -3 -3 -3 -3 -3 -3 -3 -3 -3 -3 -3 -3 -3 -3 -3 -3 -3 -3 -3 -3 -3 -3 -3 -3 -3 -3 -3 -3 -3 -3 -4 -4 -41 -41 -41 -40 -40 -40 -39 -39 -38 -38 -39 -38 -38 -38 -38 -38 -38 -37 -37 -36 -36 -36 -36 -37 -37 -37 -36 -36 -36 -36 -36 -36 -36 -35 -35 -35 -34 -34 -34 -34 -34 -34 -34 -34 -34 -33 -33 -33 -33 -33 -33 -33 -33 -33 -33 -32 -32 -33 -32 -32 -32 -32 -32 -32 -32 -32 -31 -31 -31 -31 -31 -31 -30 -30 -30 -30 -30 -30 -30 -29 -29 -29 -29 -29 -29 -29 -28 -28 -28 -28 -28 -28 -28 -28 -28 -28 -28 -27 -27 -27 -27 -27 -27 -27 -26 -26 -26 -26 -26 -26 -26 -25 -26 -25 -25 -25 -26 -25 -25 -25 -25 -25 -25 -24 -24 -24 -24 -24 -24 -24 -24 -24 -23 -23 -23 -23 -23 -23 -23 -23 -23 -23 -22 -22 -22 -22 -22 -22 -22 -22 -22 -22 -22 -22 -21 -22 -21 -21 -21 -20 -20 -20 -20 -20 -20 -20 -19 -19 -19 -19 -19 -19 -19 -19 -19 -19 -19 -19 -19 -18 -18 -18 -18 -18 -18 -18 -18 -18 -17 -17 -17 -17 -17 -17 -17 -17 -17 -17 -17 -17 -17 -17 -17 -16 -16 -16 -16 -13 -13 -13 -13 -13 -13 -13 -13 -12 -12 -12 -12 -12 -12 -12 -12 -12 -12 -12 -12 -12 -12 -11 -11 -11 -11 -11 -11 -11 -11 -10 -10 -10 -10 -10 -10 -10 -10 -10 -10 -10 -10 -9 -9 -10 -10 -10 -9 -9 -9 -9 -9 -9 -9 -9 -9 -9 -9 -9 -9 -9 -8 -8 -8 -8 -8 -8 -8 -8 -8 -8 -8 -8 -8 -8 -8 -7 -7 -7 -7 -7 -7 -7 -7 -7 -7 -7 -6 -6 -6 -6 -7 -6 -6 -6 -5 -5 -6 -6 -6 -7 -6 -7 -7 -7 -7 -6 -6 -7 -7 -7 -7 -7 -7 -7 -7 -6 -6 -5 -6 -6 -6 -6 -6 -6 -5 -5 -5 -5 -6 -5 -5 -5 -5 -5 -5 -5 -5 -5 -5 -5 -5 -5 -5 -5 -5 -5 -5 -5 -4 -4 -5 -4 -4 -4 -4 -4 -4 -4 -5 -5 -5 -5 -5 -4 -4 -4 -4 -3 -3 -3 -3 -3 -3 -3 -3 -3 -3 -3 -3 -3 -3 -3 -3 -3 -3 -3 -3 -3 -3 -3 -3 -3 -2 -2 -3 -3 -3 -3 -3 -4 -4 -41 -41 -41 -40 -40 -40 -40 -40 -39 -39 -39 -38 -38 -38 -38 -38 -38 -37 -37 -36 -36 -36 -37 -37 -37 -36 -36 -36 -36 -36 -36 -36 -36 -35 -35 -34 -34 -34 -34 -34 -34 -34 -34 -34 -34 -33 -33 -33 -33 -33 -33 -33 -33 -33 -33 -32 -33 -33 -32 -32 -32 -32 -32 -32 -32 -31 -31 -31 -31 -31 -31 -30 -30 -30 -30 -30 -30 -30 -30 -30 -29 -29 -29 -29 -29 -28 -28 -28 -28 -28 -28 -28 -28 -28 -28 -27 -27 -27 -27 -27 -27 -27 -27 -27 -26 -26 -26 -26 -26 -26 -26 -26 -25 -26 -26 -26 -26 -25 -25 -25 -25 -25 -25 -24 -24 -24 -24 -24 -24 -24 -24 -24 -23 -23 -23 -23 -23 -23 -23 -23 -22 -22 -22 -22 -22 -22 -22 -22 -22 -22 -22 -22 -22 -22 -22 -21 -21 -21 -20 -20 -20 -20 -20 -20 -20 -20 -20 -19 -19 -19 -19 -19 -19 -19 -19 -19 -19 -19 -18 -18 -18 -18 -18 -18 -18 -18 -18 -18 -17 -17 -17 -17 -17 -17 -17 -17 -17 -17 -17 -17 -17 -17 -16 -16 -16 -16 -13 -13 -13 -13 -13 -13 -13 -13 -12 -12 -12 -12 -12 -12 -12 -12 -12 -12 -12 -12 -12 -11 -11 -11 -11 -11 -11 -11 -11 -11 -11 -10 -10 -10 -10 -10 -10 -10 -10 -10 -10 -10 -10 -10 -10 -10 -10 -9 -9 -9 -9 -9 -9 -9 -9 -9 -9 -9 -9 -8 -9 -8 -8 -8 -8 -8 -8 -8 -8 -8 -8 -8 -8 -8 -8 -7 -7 -7 -7 -7 -7 -7 -7 -7 -6 -7 -7 -6 -6 -6 -6 -7 -6 -6 -6 -6 -6 -6 -6 -6 -7 -6 -6 -6 -6 -6 -6 -6 -7 -6 -7 -6 -7 -7 -6 -7 -7 -6 -6 -6 -6 -6 -6 -6 -6 -5 -6 -6 -6 -5 -5 -5 -5 -5 -5 -4 -4 -4 -5 -5 -5 -5 -5 -5 -5 -5 -6 -5 -5 -5 -5 -5 -4 -4 -4 -4 -4 -4 -4 -5 -5 -5 -5 -5 -4 -4 -4 -4 -3 -3 -3 -3 -3 -3 -3 -3 -3 -3 -3 -3 -3 -3 -3 -3 -3 -3 -3 -3 -3 -3 -3 -3 -2 -3 -3 -3 -3 -3 -3 -3 -4 -4 -4 -41 -40 -39 -40 -40 -40 -39 -39 -39 -38 -38 -38 -38 -38 -37 -37 -37 -37 -37 -36 -37 -36 -36 -36 -35 -35 -35 -35 -35 -35 -35 -35 -35 -35 -34 -34 -34 -34 -34 -34 -34 -34 -34 -33 -34 -34 -34 -33 -33 -33 -33 -33 -33 -32 -33 -33 -33 -33 -32 -32 -32 -32 -32 -32 -32 -31 -31 -31 -31 -30 -30 -30 -30 -30 -30 -30 -30 -30 -30 -30 -29 -29 -29 -29 -28 -29 -28 -28 -28 -28 -28 -28 -28 -27 -27 -27 -27 -27 -27 -27 -27 -27 -26 -26 -26 -26 -26 -26 -26 -26 -26 -26 -26 -26 -26 -25 -25 -25 -25 -25 -25 -25 -24 -24 -24 -24 -24 -24 -24 -24 -24 -23 -23 -23 -23 -23 -23 -23 -22 -22 -22 -22 -22 -22 -22 -22 -22 -21 -21 -21 -21 -21 -22 -22 -21 -21 -21 -21 -21 -21 -20 -20 -20 -20 -20 -20 -20 -19 -19 -19 -19 -19 -19 -19 -19 -19 -19 -18 -18 -18 -18 -18 -18 -18 -18 -18 -17 -17 -17 -17 -17 -17 -17 -17 -17 -17 -17 -17 -17 -16 -16 -16 -16 -16 -13 -13 -13 -13 -13 -13 -13 -13 -13 -13 -13 -12 -12 -12 -12 -12 -12 -12 -12 -12 -12 -12 -11 -11 -11 -11 -11 -11 -11 -11 -11 -10 -10 -10 -10 -10 -10 -10 -10 -10 -10 -10 -10 -10 -10 -10 -10 -10 -9 -9 -9 -9 -9 -9 -9 -9 -9 -9 -9 -9 -9 -9 -8 -8 -8 -8 -8 -8 -8 -8 -8 -8 -8 -8 -8 -7 -7 -7 -7 -7 -8 -7 -7 -7 -7 -6 -7 -6 -6 -6 -6 -7 -6 -6 -6 -6 -6 -6 -6 -5 -6 -7 -6 -6 -6 -6 -6 -6 -6 -6 -6 -6 -7 -7 -7 -6 -7 -6 -6 -6 -6 -6 -6 -6 -6 -6 -6 -6 -5 -5 -5 -5 -5 -5 -5 -5 -4 -4 -5 -4 -4 -5 -5 -5 -5 -5 -5 -5 -5 -5 -5 -5 -4 -4 -5 -4 -4 -5 -5 -5 -5 -5 -5 -5 -4 -4 -4 -4 -3 -3 -3 -3 -4 -3 -3 -3 -3 -3 -3 -3 -3 -3 -3 -3 -3 -3 -3 -3 -3 -3 -3 -3 -3 -2 -2 -3 -3 -3 -3 -3 -4 -4 -4 -4 -41 -40 -40 -41 -40 -40 -40 -40 -39 -39 -38 -37 -38 -38 -38 -38 -38 -37 -36 -36 -36 -36 -36 -36 -36 -35 -35 -35 -35 -35 -35 -35 -35 -35 -34 -34 -34 -34 -34 -34 -34 -34 -34 -33 -33 -34 -34 -34 -33 -33 -32 -32 -32 -32 -33 -33 -33 -33 -32 -32 -32 -32 -32 -32 -32 -32 -31 -31 -31 -31 -30 -30 -30 -30 -30 -30 -30 -30 -30 -30 -29 -29 -29 -29 -29 -29 -28 -28 -28 -28 -28 -28 -28 -28 -28 -27 -27 -27 -27 -27 -27 -27 -27 -27 -26 -26 -26 -26 -26 -26 -26 -26 -26 -25 -25 -25 -25 -25 -25 -25 -25 -25 -24 -24 -24 -24 -24 -24 -24 -24 -24 -24 -23 -23 -23 -23 -23 -23 -23 -22 -22 -22 -22 -22 -22 -22 -22 -22 -21 -21 -21 -21 -21 -21 -21 -21 -21 -21 -21 -21 -21 -20 -20 -20 -20 -20 -20 -20 -20 -19 -19 -19 -19 -19 -19 -19 -19 -18 -18 -18 -18 -18 -18 -18 -18 -18 -17 -17 -17 -17 -17 -17 -17 -17 -17 -17 -17 -17 -17 -16 -16 -16 -16 -16 -13 -13 -13 -13 -13 -13 -13 -13 -13 -13 -13 -12 -12 -12 -12 -12 -12 -12 -12 -12 -12 -12 -11 -11 -11 -11 -11 -11 -11 -11 -11 -11 -10 -10 -10 -10 -10 -10 -10 -10 -10 -10 -10 -10 -10 -10 -10 -10 -9 -9 -9 -9 -9 -9 -9 -9 -9 -9 -9 -9 -8 -8 -8 -8 -8 -8 -8 -8 -8 -8 -8 -8 -8 -8 -8 -7 -7 -7 -7 -8 -7 -7 -7 -7 -7 -7 -6 -6 -6 -7 -7 -7 -6 -6 -6 -6 -6 -6 -6 -5 -7 -7 -6 -6 -6 -6 -7 -7 -6 -6 -6 -6 -6 -6 -6 -6 -6 -6 -5 -5 -5 -6 -5 -5 -5 -5 -6 -6 -5 -5 -5 -5 -5 -5 -4 -4 -4 -4 -4 -4 -4 -4 -5 -5 -6 -5 -5 -5 -5 -5 -6 -5 -5 -4 -5 -5 -5 -5 -5 -5 -5 -5 -5 -5 -5 -4 -4 -4 -4 -3 -3 -3 -3 -4 -4 -3 -3 -3 -3 -3 -3 -3 -3 -3 -3 -3 -3 -3 -3 -3 -3 -3 -3 -2 -2 -3 -3 -3 -3 -3 -4 -4 -4 -4 -4 -41 -41 -41 -40 -40 -39 -39 -39 -39 -39 -38 -38 -38 -38 -38 -38 -38 -37 -37 -36 -36 -36 -36 -36 -36 -36 -36 -35 -35 -34 -34 -34 -35 -35 -35 -34 -34 -35 -34 -34 -34 -34 -34 -34 -34 -34 -34 -34 -33 -33 -32 -32 -32 -32 -33 -33 -33 -33 -32 -32 -32 -32 -32 -32 -32 -32 -31 -31 -31 -31 -31 -30 -30 -30 -30 -30 -30 -30 -30 -30 -30 -29 -29 -29 -29 -29 -28 -28 -28 -28 -28 -28 -28 -28 -28 -28 -27 -27 -27 -27 -27 -27 -27 -27 -27 -26 -26 -26 -26 -26 -26 -26 -26 -25 -25 -25 -25 -25 -25 -25 -25 -24 -24 -24 -24 -24 -24 -24 -24 -24 -24 -24 -24 -23 -23 -23 -23 -23 -23 -23 -22 -22 -22 -22 -22 -22 -22 -22 -22 -22 -21 -21 -21 -21 -20 -20 -20 -21 -21 -20 -20 -20 -20 -20 -20 -20 -20 -20 -20 -20 -19 -19 -19 -19 -18 -19 -18 -18 -18 -18 -18 -18 -18 -18 -18 -18 -18 -18 -18 -18 -18 -17 -17 -17 -17 -17 -17 -17 -16 -16 -16 -16 -16 -16 -13 -13 -13 -13 -13 -13 -13 -13 -13 -13 -12 -12 -12 -12 -12 -12 -12 -12 -12 -12 -12 -11 -11 -11 -11 -11 -11 -11 -11 -11 -11 -11 -10 -10 -10 -10 -10 -10 -10 -10 -10 -10 -10 -10 -10 -10 -10 -10 -10 -9 -9 -9 -9 -9 -9 -9 -9 -9 -9 -9 -9 -9 -8 -8 -8 -8 -8 -8 -8 -8 -8 -8 -8 -8 -8 -8 -7 -7 -7 -7 -8 -7 -7 -7 -7 -7 -6 -6 -6 -7 -7 -7 -6 -7 -6 -6 -6 -6 -6 -5 -7 -7 -6 -7 -6 -6 -6 -7 -6 -6 -6 -6 -6 -6 -6 -5 -6 -6 -5 -5 -6 -5 -5 -5 -5 -5 -6 -6 -5 -5 -5 -5 -5 -5 -5 -4 -4 -4 -4 -4 -4 -4 -5 -5 -5 -5 -5 -5 -5 -5 -6 -6 -5 -5 -5 -4 -5 -5 -5 -5 -5 -5 -4 -5 -5 -4 -4 -4 -4 -4 -3 -3 -3 -3 -3 -3 -3 -3 -3 -3 -3 -3 -3 -3 -3 -3 -3 -3 -3 -3 -3 -3 -2 -2 -3 -3 -3 -3 -3 -3 -4 -4 -4 -4 -4 -4 -41 -40 -40 -39 -39 -39 -39 -39 -39 -38 -38 -38 -39 -39 -38 -37 -37 -37 -37 -37 -37 -36 -36 -37 -37 -36 -36 -35 -35 -35 -34 -34 -34 -34 -34 -34 -35 -35 -35 -34 -34 -34 -34 -34 -34 -34 -34 -33 -33 -32 -33 -32 -32 -33 -33 -33 -33 -33 -32 -32 -32 -32 -32 -32 -32 -31 -31 -31 -31 -31 -31 -30 -30 -30 -30 -30 -30 -30 -30 -30 -30 -29 -29 -29 -29 -29 -28 -28 -28 -28 -28 -28 -28 -28 -28 -28 -27 -27 -27 -27 -27 -27 -27 -27 -27 -27 -26 -26 -26 -26 -26 -26 -26 -25 -25 -25 -25 -25 -25 -25 -24 -24 -24 -24 -24 -24 -24 -24 -24 -24 -24 -24 -23 -23 -23 -23 -23 -23 -23 -23 -22 -22 -22 -22 -22 -22 -22 -22 -22 -22 -21 -21 -21 -20 -20 -20 -20 -20 -20 -20 -20 -20 -20 -20 -20 -20 -20 -20 -20 -20 -19 -19 -19 -19 -19 -19 -18 -18 -18 -18 -18 -18 -18 -18 -18 -18 -18 -18 -18 -17 -17 -17 -17 -17 -17 -17 -17 -16 -16 -16 -16 -16 -16 -13 -13 -13 -13 -13 -13 -13 -13 -13 -13 -12 -12 -12 -12 -12 -12 -12 -12 -12 -12 -12 -12 -12 -11 -11 -11 -11 -11 -11 -11 -11 -11 -11 -10 -10 -10 -10 -10 -10 -10 -10 -10 -10 -10 -10 -10 -10 -10 -10 -9 -9 -9 -9 -9 -9 -9 -9 -9 -9 -9 -9 -9 -8 -8 -8 -8 -8 -8 -8 -8 -8 -8 -8 -8 -8 -8 -7 -7 -7 -8 -8 -8 -8 -8 -7 -7 -7 -6 -7 -7 -7 -7 -7 -7 -7 -6 -6 -6 -6 -6 -7 -7 -6 -7 -7 -6 -7 -7 -7 -6 -6 -6 -6 -6 -6 -5 -5 -5 -5 -5 -5 -6 -6 -6 -6 -6 -5 -6 -5 -5 -5 -5 -5 -5 -5 -5 -5 -4 -4 -4 -4 -4 -5 -5 -5 -5 -5 -5 -5 -5 -5 -5 -6 -5 -5 -5 -5 -5 -5 -5 -5 -5 -4 -4 -4 -4 -4 -4 -4 -4 -4 -3 -3 -3 -4 -4 -3 -3 -3 -3 -3 -3 -3 -3 -3 -3 -3 -3 -3 -3 -3 -2 -2 -3 -3 -3 -3 -3 -3 -3 -4 -4 -4 -4 -4 -4 -4 -40 -40 -39 -40 -39 -39 -39 -39 -38 -38 -39 -38 -38 -38 -37 -38 -37 -37 -38 -37 -36 -36 -37 -37 -36 -35 -35 -35 -35 -34 -34 -34 -34 -34 -34 -34 -34 -35 -34 -34 -34 -34 -34 -34 -34 -33 -33 -33 -32 -32 -32 -33 -33 -33 -33 -33 -32 -32 -32 -32 -32 -32 -32 -31 -31 -31 -31 -31 -31 -31 -30 -30 -30 -30 -30 -30 -30 -30 -30 -29 -29 -29 -29 -29 -29 -29 -28 -28 -28 -28 -28 -28 -28 -28 -28 -28 -27 -27 -27 -27 -27 -27 -27 -27 -26 -26 -26 -26 -26 -26 -26 -25 -25 -25 -25 -25 -25 -25 -24 -24 -24 -24 -24 -24 -24 -24 -24 -24 -24 -24 -24 -23 -23 -23 -23 -23 -23 -23 -23 -23 -22 -22 -22 -22 -22 -22 -22 -22 -21 -21 -21 -20 -20 -20 -20 -20 -20 -20 -20 -20 -20 -20 -20 -20 -19 -20 -20 -20 -20 -19 -19 -19 -19 -19 -19 -19 -18 -18 -18 -18 -18 -18 -18 -18 -18 -18 -18 -17 -17 -17 -17 -17 -17 -17 -17 -17 -17 -17 -16 -16 -16 -13 -13 -13 -13 -13 -13 -13 -13 -13 -13 -12 -12 -12 -12 -12 -12 -12 -12 -12 -12 -12 -12 -12 -11 -11 -11 -11 -11 -11 -11 -11 -11 -11 -10 -10 -10 -10 -10 -10 -10 -10 -10 -10 -10 -10 -10 -10 -10 -10 -9 -9 -9 -9 -9 -9 -9 -9 -9 -9 -9 -9 -8 -8 -8 -8 -8 -8 -8 -8 -8 -8 -8 -8 -8 -8 -8 -8 -7 -8 -8 -8 -8 -8 -7 -7 -7 -7 -7 -7 -8 -7 -7 -7 -7 -6 -6 -5 -6 -6 -6 -7 -7 -7 -7 -6 -7 -7 -7 -6 -6 -6 -6 -6 -6 -6 -6 -6 -5 -5 -5 -5 -5 -6 -6 -6 -6 -5 -6 -5 -5 -5 -5 -5 -5 -5 -5 -5 -4 -4 -4 -4 -4 -5 -5 -5 -5 -6 -6 -6 -5 -5 -5 -5 -5 -5 -5 -5 -5 -5 -4 -5 -5 -4 -4 -4 -4 -4 -4 -4 -4 -4 -4 -4 -4 -4 -4 -4 -4 -4 -3 -3 -3 -3 -3 -3 -3 -3 -3 -3 -3 -3 -3 -3 -3 -3 -3 -3 -3 -3 -3 -5 -4 -4 -4 -4 -4 -4 -4 -41 -41 -40 -40 -40 -40 -40 -39 -39 -39 -39 -39 -38 -37 -37 -38 -37 -37 -38 -37 -36 -36 -37 -37 -36 -36 -36 -35 -35 -35 -34 -34 -34 -34 -34 -34 -34 -35 -34 -34 -34 -34 -33 -33 -33 -34 -33 -33 -33 -32 -32 -33 -33 -33 -33 -33 -32 -32 -32 -32 -32 -31 -31 -31 -31 -31 -31 -31 -31 -31 -30 -30 -30 -30 -30 -30 -30 -30 -30 -29 -29 -29 -29 -29 -29 -29 -29 -28 -28 -28 -28 -28 -28 -28 -28 -28 -27 -27 -27 -27 -27 -27 -27 -27 -27 -26 -26 -26 -26 -26 -26 -26 -25 -25 -25 -25 -25 -25 -25 -24 -24 -24 -24 -24 -24 -24 -24 -24 -24 -24 -24 -23 -23 -23 -23 -23 -23 -23 -23 -23 -23 -23 -22 -22 -22 -22 -22 -22 -21 -21 -21 -20 -20 -20 -20 -20 -20 -20 -20 -20 -20 -20 -20 -19 -19 -19 -20 -20 -20 -20 -19 -19 -19 -19 -19 -19 -18 -18 -18 -18 -18 -18 -18 -18 -18 -18 -18 -17 -17 -17 -17 -17 -17 -17 -17 -17 -17 -17 -17 -16 -16 -13 -13 -13 -13 -13 -13 -13 -13 -13 -13 -13 -12 -12 -12 -12 -12 -12 -12 -12 -12 -12 -12 -12 -11 -11 -11 -11 -11 -11 -11 -11 -11 -11 -10 -10 -10 -10 -10 -10 -10 -10 -10 -10 -10 -10 -10 -10 -10 -10 -10 -9 -9 -9 -9 -9 -9 -9 -9 -9 -9 -9 -8 -8 -9 -9 -9 -9 -8 -8 -8 -8 -8 -8 -8 -8 -8 -8 -8 -8 -8 -8 -8 -8 -7 -6 -8 -7 -7 -8 -8 -7 -7 -7 -7 -6 -6 -6 -6 -6 -6 -8 -7 -7 -7 -7 -7 -7 -7 -7 -6 -6 -6 -6 -6 -6 -6 -6 -6 -6 -6 -5 -5 -5 -6 -6 -6 -5 -5 -5 -5 -5 -5 -5 -5 -5 -5 -5 -4 -4 -4 -4 -4 -4 -5 -5 -5 -6 -6 -6 -5 -5 -5 -5 -5 -5 -5 -5 -5 -4 -5 -5 -4 -4 -4 -4 -4 -4 -4 -4 -4 -4 -4 -4 -4 -3 -3 -3 -4 -4 -4 -4 -4 -4 -3 -3 -3 -3 -3 -3 -3 -3 -3 -3 -3 -3 -3 -3 -3 -3 -3 -5 -5 -4 -4 -4 -4 -4 -4 -4 -4 -4 -4 -41 -41 -41 -41 -40 -39 -39 -39 -38 -38 -38 -38 -38 -38 -38 -38 -37 -36 -36 -37 -37 -36 -36 -36 -35 -35 -35 -34 -35 -34 -34 -34 -33 -34 -34 -34 -34 -34 -34 -34 -33 -33 -34 -33 -33 -33 -32 -32 -33 -33 -33 -33 -33 -32 -32 -32 -32 -32 -31 -32 -31 -31 -31 -31 -31 -31 -31 -31 -31 -30 -30 -30 -30 -30 -30 -30 -30 -29 -29 -29 -29 -29 -29 -29 -29 -29 -28 -28 -28 -28 -28 -28 -28 -27 -27 -27 -27 -27 -27 -27 -27 -27 -26 -26 -26 -26 -26 -26 -26 -25 -26 -25 -25 -25 -25 -25 -24 -24 -24 -24 -24 -24 -24 -24 -24 -24 -24 -24 -23 -23 -23 -23 -23 -23 -23 -23 -23 -23 -22 -22 -22 -22 -22 -22 -21 -21 -21 -21 -20 -20 -21 -21 -21 -20 -20 -20 -20 -20 -20 -20 -20 -19 -19 -20 -20 -20 -20 -20 -19 -19 -19 -19 -19 -19 -19 -19 -18 -18 -18 -18 -18 -18 -18 -18 -18 -17 -17 -17 -17 -17 -17 -17 -17 -17 -17 -17 -16 -16 -14 -13 -13 -13 -13 -13 -13 -13 -13 -13 -13 -12 -12 -12 -12 -12 -12 -12 -12 -12 -11 -12 -11 -11 -11 -11 -11 -11 -11 -11 -11 -11 -11 -10 -10 -10 -10 -10 -10 -10 -10 -10 -10 -10 -10 -10 -10 -10 -10 -10 -9 -9 -9 -9 -9 -9 -9 -9 -9 -9 -8 -8 -8 -8 -8 -9 -9 -8 -8 -8 -8 -8 -8 -8 -8 -8 -8 -8 -8 -8 -8 -8 -8 -7 -7 -7 -8 -8 -8 -7 -7 -7 -7 -7 -6 -6 -6 -6 -6 -6 -8 -8 -7 -7 -7 -7 -7 -7 -7 -7 -6 -6 -6 -6 -6 -6 -6 -6 -6 -6 -5 -5 -5 -5 -5 -5 -5 -5 -5 -5 -5 -5 -5 -5 -5 -5 -4 -4 -4 -5 -4 -3 -4 -4 -4 -4 -6 -6 -6 -5 -5 -5 -5 -5 -5 -5 -5 -5 -4 -5 -5 -5 -4 -4 -4 -4 -4 -4 -4 -4 -4 -4 -4 -3 -3 -3 -3 -4 -4 -4 -4 -4 -4 -4 -3 -3 -3 -3 -3 -3 -3 -3 -3 -3 -3 -3 -3 -3 -3 -3 -5 -5 -4 -4 -4 -4 -4 -4 -4 -4 -4 -4 -4 -4 -4 -4 -3 -3 -3 -3 -40 -40 -39 -39 -38 -38 -38 -39 -39 -38 -38 -38 -37 -37 -37 -37 -37 -36 -35 -36 -36 -36 -35 -35 -35 -35 -34 -34 -33 -33 -33 -34 -34 -34 -34 -34 -34 -34 -33 -33 -33 -33 -33 -33 -33 -33 -33 -33 -32 -32 -32 -32 -32 -32 -31 -31 -31 -31 -31 -31 -31 -31 -31 -31 -31 -30 -30 -30 -30 -30 -30 -30 -30 -29 -29 -29 -29 -29 -29 -29 -29 -29 -29 -28 -28 -28 -28 -28 -28 -28 -28 -27 -27 -27 -27 -27 -27 -27 -26 -26 -26 -26 -26 -26 -26 -26 -26 -26 -25 -25 -25 -25 -25 -24 -24 -24 -24 -24 -24 -24 -24 -24 -24 -24 -24 -23 -23 -23 -23 -23 -23 -23 -23 -23 -22 -22 -22 -22 -22 -22 -22 -22 -21 -21 -21 -20 -21 -21 -21 -20 -20 -20 -20 -20 -20 -20 -20 -19 -19 -19 -19 -19 -20 -20 -19 -19 -19 -19 -19 -19 -19 -19 -19 -18 -18 -18 -18 -18 -18 -18 -17 -17 -17 -17 -17 -17 -17 -17 -17 -17 -17 -17 -16 -16 -14 -13 -13 -13 -13 -13 -13 -13 -13 -12 -12 -12 -12 -12 -12 -12 -12 -12 -12 -12 -12 -11 -11 -11 -11 -11 -11 -11 -11 -11 -11 -11 -11 -11 -10 -10 -10 -10 -10 -10 -10 -10 -10 -10 -10 -10 -10 -10 -10 -9 -9 -9 -9 -9 -9 -9 -9 -9 -9 -9 -9 -9 -9 -8 -9 -9 -9 -8 -8 -8 -8 -8 -8 -8 -8 -8 -8 -8 -8 -8 -8 -8 -8 -8 -8 -7 -8 -8 -8 -7 -7 -7 -7 -7 -6 -6 -6 -6 -6 -6 -8 -8 -7 -7 -7 -7 -7 -7 -7 -7 -7 -7 -7 -6 -7 -6 -6 -6 -6 -6 -6 -5 -5 -5 -5 -5 -5 -5 -5 -5 -5 -5 -5 -5 -5 -5 -5 -5 -5 -5 -4 -4 -4 -4 -4 -5 -6 -6 -6 -5 -5 -5 -5 -5 -5 -5 -5 -5 -5 -5 -4 -4 -5 -4 -4 -4 -4 -4 -4 -4 -4 -4 -4 -3 -3 -3 -3 -3 -3 -3 -3 -4 -3 -3 -3 -3 -3 -3 -3 -3 -3 -3 -3 -3 -3 -3 -3 -3 -3 -3 -5 -5 -4 -4 -4 -4 -4 -4 -4 -4 -4 -4 -4 -4 -4 -4 -4 -4 -3 -3 -4 -40 -39 -39 -39 -39 -39 -39 -39 -38 -37 -37 -37 -36 -36 -36 -36 -35 -36 -36 -35 -36 -35 -35 -34 -34 -34 -33 -33 -33 -33 -33 -34 -33 -33 -33 -33 -33 -33 -33 -33 -33 -33 -32 -32 -32 -32 -32 -32 -32 -32 -32 -31 -31 -31 -31 -31 -31 -31 -31 -31 -30 -30 -30 -30 -30 -30 -30 -30 -30 -29 -29 -29 -29 -29 -29 -29 -29 -29 -28 -28 -28 -28 -28 -28 -28 -28 -27 -27 -27 -27 -27 -27 -27 -26 -26 -26 -26 -26 -26 -26 -26 -25 -26 -26 -25 -25 -25 -25 -24 -24 -24 -24 -24 -24 -24 -24 -24 -24 -24 -24 -24 -23 -23 -23 -23 -23 -23 -23 -23 -22 -22 -22 -22 -22 -22 -22 -22 -22 -22 -21 -21 -21 -21 -21 -20 -20 -20 -20 -20 -20 -20 -19 -19 -19 -19 -19 -19 -19 -19 -19 -19 -19 -19 -19 -19 -18 -18 -19 -19 -18 -18 -18 -18 -18 -18 -17 -17 -17 -17 -17 -17 -17 -17 -17 -17 -17 -17 -17 -16 -14 -14 -13 -14 -14 -13 -13 -13 -13 -13 -13 -12 -12 -12 -12 -12 -12 -12 -12 -12 -12 -11 -11 -11 -11 -11 -11 -11 -11 -11 -11 -11 -11 -11 -10 -10 -10 -10 -10 -10 -10 -10 -10 -10 -10 -10 -10 -10 -10 -10 -9 -9 -9 -9 -9 -9 -9 -9 -9 -9 -9 -8 -9 -9 -9 -9 -9 -8 -8 -8 -8 -8 -8 -8 -8 -8 -8 -8 -8 -8 -8 -8 -8 -8 -8 -8 -8 -8 -8 -7 -7 -7 -7 -7 -7 -7 -6 -6 -6 -6 -8 -7 -7 -7 -7 -7 -7 -7 -7 -7 -7 -7 -7 -6 -7 -6 -6 -6 -6 -6 -6 -6 -5 -5 -5 -5 -5 -6 -5 -5 -5 -5 -5 -5 -5 -5 -5 -5 -5 -5 -5 -4 -4 -4 -4 -5 -6 -6 -5 -5 -5 -5 -5 -5 -5 -5 -5 -5 -5 -5 -5 -4 -4 -4 -4 -4 -5 -5 -5 -4 -4 -4 -4 -3 -3 -3 -3 -3 -3 -3 -3 -3 -3 -3 -3 -3 -3 -3 -3 -3 -3 -4 -3 -3 -4 -4 -3 -3 -3 -3 -5 -5 -5 -5 -4 -4 -4 -4 -4 -4 -4 -4 -4 -4 -4 -4 -4 -4 -4 -4 -4 -4 -40 -40 -38 -38 -38 -37 -36 -36 -36 -36 -36 -36 -36 -36 -35 -35 -35 -34 -34 -34 -34 -34 -34 -33 -33 -33 -33 -32 -32 -32 -32 -32 -33 -33 -33 -33 -33 -32 -32 -32 -32 -32 -32 -32 -32 -32 -32 -32 -31 -31 -31 -30 -30 -30 -30 -30 -30 -30 -30 -30 -30 -30 -30 -30 -30 -30 -29 -29 -29 -29 -29 -29 -29 -28 -28 -28 -28 -28 -28 -27 -27 -27 -27 -27 -27 -27 -27 -27 -26 -26 -26 -26 -26 -26 -26 -26 -25 -25 -25 -25 -25 -25 -25 -24 -24 -24 -24 -24 -24 -24 -24 -24 -24 -24 -24 -23 -23 -23 -23 -23 -23 -23 -23 -22 -22 -22 -22 -22 -22 -22 -22 -22 -22 -21 -21 -21 -21 -21 -21 -20 -20 -20 -20 -20 -20 -19 -19 -19 -19 -19 -19 -19 -18 -18 -18 -19 -19 -19 -19 -18 -19 -19 -19 -19 -18 -18 -18 -18 -18 -18 -17 -17 -17 -17 -17 -17 -17 -17 -17 -17 -17 -17 -16 -14 -14 -14 -14 -13 -13 -13 -13 -13 -13 -13 -12 -12 -12 -12 -12 -12 -12 -12 -12 -12 -12 -12 -12 -11 -11 -11 -11 -11 -11 -11 -11 -11 -11 -10 -10 -10 -10 -10 -10 -10 -10 -10 -10 -10 -10 -10 -10 -10 -10 -9 -9 -9 -9 -9 -9 -9 -9 -9 -9 -9 -9 -9 -9 -9 -8 -8 -8 -8 -8 -8 -8 -8 -8 -8 -8 -8 -8 -8 -8 -8 -7 -7 -7 -8 -8 -8 -8 -8 -7 -7 -7 -8 -7 -7 -7 -6 -6 -6 -6 -8 -7 -7 -7 -7 -7 -7 -7 -7 -7 -7 -7 -7 -6 -7 -7 -6 -6 -6 -6 -6 -6 -5 -5 -5 -5 -5 -5 -5 -5 -5 -5 -5 -5 -5 -5 -5 -5 -5 -5 -5 -5 -4 -4 -5 -5 -6 -5 -5 -5 -5 -5 -5 -5 -5 -5 -5 -5 -5 -5 -5 -4 -4 -4 -4 -4 -5 -5 -4 -4 -4 -4 -4 -4 -4 -4 -4 -4 -4 -3 -3 -3 -3 -3 -3 -3 -3 -3 -3 -3 -3 -4 -4 -4 -4 -4 -3 -3 -3 -3 -5 -5 -5 -5 -4 -4 -4 -4 -4 -4 -4 -4 -4 -4 -4 -4 -4 -4 -4 -4 -4 -4 -38 -38 -38 -37 -36 -36 -36 -36 -36 -36 -36 -35 -35 -34 -34 -34 -35 -35 -34 -34 -34 -34 -34 -34 -33 -32 -31 -31 -31 -32 -32 -33 -33 -33 -33 -32 -32 -32 -32 -32 -32 -32 -32 -32 -32 -31 -31 -31 -31 -30 -30 -31 -31 -31 -30 -30 -30 -30 -30 -30 -30 -30 -30 -30 -30 -29 -29 -29 -29 -29 -28 -28 -28 -28 -28 -28 -28 -28 -27 -27 -27 -27 -27 -27 -27 -26 -26 -26 -26 -26 -26 -26 -26 -26 -25 -25 -25 -25 -25 -25 -25 -25 -24 -24 -24 -24 -24 -24 -24 -24 -24 -24 -24 -24 -23 -23 -23 -23 -23 -23 -22 -22 -22 -22 -22 -22 -22 -22 -22 -22 -22 -21 -21 -21 -21 -21 -21 -20 -20 -20 -20 -20 -20 -20 -20 -19 -19 -19 -19 -19 -19 -19 -18 -19 -19 -19 -19 -18 -18 -18 -19 -19 -18 -18 -18 -18 -18 -18 -18 -18 -17 -17 -17 -17 -17 -17 -17 -17 -17 -17 -17 -14 -14 -14 -13 -13 -13 -13 -13 -13 -13 -13 -13 -13 -12 -12 -12 -12 -12 -12 -12 -12 -11 -11 -11 -11 -11 -11 -11 -11 -11 -11 -11 -11 -11 -10 -10 -10 -10 -10 -10 -10 -10 -10 -10 -10 -10 -10 -10 -10 -9 -9 -9 -9 -9 -9 -9 -9 -9 -9 -9 -9 -9 -9 -9 -8 -8 -8 -8 -8 -8 -8 -8 -8 -8 -8 -8 -8 -8 -8 -8 -8 -7 -7 -8 -8 -8 -8 -8 -8 -7 -7 -7 -8 -8 -7 -7 -7 -6 -6 -6 -8 -7 -7 -7 -7 -7 -7 -7 -7 -7 -7 -7 -7 -7 -7 -7 -6 -6 -6 -6 -6 -5 -5 -5 -5 -5 -5 -5 -5 -5 -5 -5 -5 -5 -5 -5 -5 -4 -4 -5 -5 -5 -5 -4 -5 -6 -6 -5 -5 -5 -5 -5 -5 -5 -5 -5 -5 -5 -5 -5 -5 -5 -4 -4 -3 -4 -4 -5 -4 -4 -4 -4 -4 -4 -4 -3 -4 -4 -4 -4 -4 -4 -4 -3 -3 -3 -3 -3 -3 -3 -3 -3 -4 -4 -4 -4 -3 -3 -3 -3 -5 -5 -5 -5 -5 -4 -4 -4 -4 -4 -4 -4 -4 -4 -4 -4 -4 -4 -4 -4 -4 -4 -38 -37 -36 -36 -36 -36 -36 -36 -36 -35 -35 -34 -34 -34 -34 -35 -35 -35 -35 -34 -34 -34 -34 -33 -32 -33 -32 -31 -31 -33 -33 -33 -32 -32 -32 -32 -32 -32 -32 -32 -32 -32 -32 -31 -31 -31 -30 -30 -30 -31 -31 -30 -30 -30 -30 -30 -30 -29 -29 -29 -29 -29 -29 -29 -29 -29 -29 -29 -28 -28 -28 -28 -28 -28 -28 -28 -27 -27 -27 -27 -27 -27 -27 -27 -27 -27 -27 -26 -26 -26 -26 -26 -26 -26 -25 -25 -25 -25 -25 -25 -24 -24 -24 -24 -24 -24 -24 -24 -24 -24 -24 -24 -24 -23 -23 -23 -23 -23 -23 -23 -22 -22 -22 -22 -22 -22 -22 -22 -22 -21 -21 -21 -21 -21 -21 -21 -20 -20 -20 -20 -20 -20 -20 -20 -19 -19 -19 -19 -19 -19 -19 -19 -19 -19 -19 -18 -18 -18 -18 -18 -18 -18 -18 -18 -18 -18 -18 -18 -18 -18 -17 -17 -17 -17 -17 -17 -17 -17 -17 -14 -14 -14 -13 -13 -13 -13 -13 -13 -13 -13 -13 -13 -13 -13 -12 -12 -12 -12 -12 -12 -12 -12 -11 -11 -11 -11 -11 -11 -11 -11 -11 -11 -11 -11 -10 -10 -10 -10 -10 -10 -10 -10 -10 -10 -10 -10 -10 -10 -9 -9 -9 -9 -9 -9 -9 -9 -9 -9 -9 -9 -9 -9 -9 -8 -8 -8 -9 -8 -8 -8 -8 -8 -8 -8 -8 -8 -8 -7 -8 -8 -8 -8 -8 -8 -8 -8 -8 -8 -7 -7 -8 -8 -8 -8 -7 -7 -7 -6 -6 -7 -8 -8 -7 -7 -7 -7 -7 -7 -7 -7 -7 -7 -7 -7 -7 -7 -7 -6 -6 -6 -6 -5 -5 -5 -5 -5 -5 -5 -5 -4 -4 -5 -5 -5 -5 -5 -5 -5 -5 -5 -5 -5 -4 -5 -6 -6 -5 -5 -5 -5 -5 -5 -5 -5 -5 -5 -5 -5 -4 -4 -5 -4 -4 -4 -3 -4 -4 -5 -5 -5 -4 -4 -4 -4 -4 -4 -4 -4 -4 -4 -4 -3 -3 -4 -4 -3 -3 -3 -3 -3 -3 -3 -4 -4 -4 -3 -3 -3 -4 -5 -5 -5 -5 -5 -5 -4 -4 -4 -4 -4 -4 -4 -4 -4 -4 -4 -4 -4 -4 -4 -4 -37 -37 -37 -37 -37 -36 -36 -35 -35 -35 -35 -35 -35 -35 -35 -35 -34 -34 -33 -33 -33 -33 -33 -33 -33 -33 -32 -31 -32 -32 -32 -32 -31 -31 -32 -32 -32 -32 -32 -32 -32 -31 -31 -31 -31 -31 -31 -31 -31 -30 -30 -30 -30 -30 -30 -30 -29 -29 -29 -29 -29 -29 -29 -29 -29 -29 -29 -28 -28 -28 -28 -28 -28 -28 -27 -27 -27 -27 -27 -27 -27 -27 -27 -27 -27 -27 -27 -26 -26 -26 -26 -26 -26 -25 -25 -25 -25 -25 -25 -25 -24 -24 -24 -24 -24 -24 -24 -24 -24 -24 -24 -23 -23 -23 -23 -23 -23 -23 -23 -22 -23 -22 -22 -22 -22 -22 -22 -22 -21 -21 -21 -21 -21 -21 -21 -21 -20 -20 -20 -20 -20 -20 -20 -19 -19 -19 -19 -19 -19 -19 -19 -19 -19 -18 -19 -19 -18 -18 -18 -18 -18 -18 -18 -18 -18 -18 -18 -18 -18 -18 -17 -17 -17 -17 -17 -17 -17 -17 -14 -14 -14 -13 -13 -13 -13 -13 -13 -13 -13 -13 -13 -13 -13 -13 -12 -12 -12 -12 -12 -12 -12 -12 -12 -12 -11 -11 -11 -11 -11 -11 -11 -11 -11 -10 -10 -10 -10 -10 -10 -10 -10 -10 -10 -10 -10 -10 -10 -10 -10 -10 -9 -9 -9 -9 -9 -9 -9 -9 -9 -9 -9 -9 -8 -8 -8 -9 -9 -8 -8 -8 -8 -8 -8 -8 -8 -7 -7 -7 -8 -8 -8 -8 -8 -8 -7 -8 -8 -8 -8 -8 -7 -7 -7 -7 -6 -6 -7 -7 -8 -8 -8 -8 -7 -7 -7 -7 -7 -7 -7 -7 -7 -7 -7 -7 -7 -7 -7 -7 -6 -6 -6 -6 -6 -6 -5 -5 -5 -5 -5 -5 -5 -5 -5 -5 -5 -5 -5 -5 -5 -5 -5 -4 -4 -5 -5 -5 -5 -5 -5 -5 -5 -5 -5 -5 -5 -5 -5 -5 -5 -5 -5 -5 -4 -4 -4 -5 -5 -4 -5 -5 -4 -4 -4 -4 -4 -4 -4 -4 -4 -4 -4 -4 -4 -4 -4 -4 -3 -3 -3 -3 -3 -3 -4 -3 -3 -3 -3 -4 -6 -6 -5 -5 -5 -5 -5 -4 -4 -4 -4 -4 -4 -4 -4 -4 -4 -4 -4 -4 -4 -37 -37 -37 -36 -36 -36 -36 -36 -35 -35 -35 -35 -35 -35 -35 -34 -34 -34 -33 -33 -32 -32 -32 -32 -33 -33 -32 -31 -32 -31 -31 -31 -31 -31 -32 -32 -32 -32 -32 -31 -31 -31 -31 -31 -31 -31 -31 -31 -30 -30 -30 -30 -30 -30 -30 -29 -29 -29 -29 -29 -29 -30 -29 -29 -29 -29 -29 -28 -28 -28 -28 -28 -28 -28 -28 -28 -27 -27 -27 -27 -27 -27 -27 -27 -27 -27 -27 -26 -26 -26 -26 -26 -26 -26 -25 -25 -25 -25 -25 -25 -25 -25 -24 -24 -24 -24 -24 -24 -24 -24 -23 -23 -23 -23 -23 -23 -23 -23 -23 -23 -23 -22 -22 -22 -22 -22 -22 -22 -21 -21 -21 -21 -21 -21 -21 -21 -21 -20 -20 -20 -20 -20 -20 -19 -19 -19 -19 -19 -19 -19 -19 -19 -18 -18 -18 -18 -19 -19 -18 -18 -18 -18 -18 -18 -18 -18 -18 -18 -18 -18 -17 -17 -17 -17 -17 -17 -17 -17 -14 -14 -14 -14 -13 -13 -13 -13 -13 -13 -13 -13 -13 -13 -13 -13 -13 -12 -12 -12 -12 -12 -12 -12 -12 -12 -12 -12 -11 -11 -11 -11 -11 -11 -11 -10 -10 -10 -10 -10 -10 -10 -10 -10 -10 -10 -10 -10 -10 -10 -10 -10 -10 -10 -9 -9 -9 -9 -9 -9 -9 -9 -9 -9 -8 -8 -8 -8 -8 -9 -8 -8 -8 -8 -8 -8 -8 -7 -7 -7 -7 -7 -7 -8 -8 -8 -7 -7 -7 -8 -8 -8 -8 -7 -7 -7 -6 -6 -6 -7 -8 -8 -8 -8 -8 -8 -8 -7 -7 -7 -7 -7 -7 -7 -7 -7 -7 -7 -7 -7 -7 -6 -6 -6 -5 -5 -5 -5 -5 -5 -5 -5 -5 -5 -5 -5 -5 -5 -5 -5 -5 -5 -5 -4 -4 -5 -6 -6 -6 -5 -5 -5 -5 -5 -5 -5 -5 -5 -5 -4 -5 -5 -4 -4 -4 -4 -3 -4 -4 -4 -4 -4 -5 -4 -4 -4 -4 -4 -4 -4 -4 -4 -4 -4 -4 -4 -4 -4 -3 -3 -3 -3 -4 -4 -4 -4 -3 -3 -4 -4 -6 -6 -5 -5 -5 -5 -5 -5 -5 -5 -4 -4 -4 -4 -4 -4 -4 -4 -4 -4 -4 -38 -37 -37 -36 -36 -36 -36 -36 -36 -36 -36 -36 -35 -35 -35 -35 -34 -34 -34 -34 -33 -33 -32 -32 -32 -32 -33 -33 -32 -33 -32 -32 -32 -32 -32 -32 -32 -32 -32 -32 -31 -31 -31 -32 -32 -32 -31 -31 -31 -30 -30 -30 -30 -30 -30 -30 -30 -29 -29 -29 -29 -30 -29 -29 -29 -29 -29 -29 -29 -28 -28 -28 -28 -28 -28 -28 -28 -27 -27 -27 -27 -27 -27 -27 -27 -26 -26 -26 -26 -26 -26 -26 -26 -26 -26 -26 -26 -26 -25 -25 -25 -25 -25 -25 -25 -24 -24 -24 -24 -24 -24 -24 -24 -24 -23 -23 -24 -23 -23 -23 -22 -22 -22 -22 -22 -22 -22 -22 -22 -21 -21 -21 -21 -21 -21 -21 -20 -21 -20 -20 -20 -20 -20 -20 -19 -19 -19 -19 -19 -19 -19 -19 -18 -18 -18 -19 -19 -19 -19 -18 -19 -18 -18 -18 -18 -18 -18 -18 -18 -18 -17 -17 -17 -17 -17 -17 -17 -17 -17 -14 -14 -14 -14 -13 -13 -13 -13 -13 -13 -13 -13 -13 -13 -13 -13 -13 -13 -12 -12 -12 -12 -12 -12 -12 -12 -12 -12 -11 -11 -11 -11 -11 -11 -11 -11 -10 -10 -10 -10 -10 -10 -10 -10 -10 -10 -10 -10 -10 -10 -10 -10 -10 -10 -9 -9 -9 -9 -9 -9 -9 -9 -9 -9 -8 -8 -8 -8 -8 -8 -8 -8 -8 -8 -8 -8 -7 -7 -7 -7 -7 -7 -7 -7 -8 -8 -8 -7 -8 -8 -8 -8 -8 -8 -7 -7 -7 -6 -6 -6 -8 -8 -8 -8 -8 -8 -8 -8 -7 -7 -7 -7 -7 -7 -7 -7 -7 -7 -7 -6 -6 -6 -6 -6 -5 -5 -5 -5 -5 -5 -5 -5 -5 -5 -5 -5 -4 -5 -5 -5 -5 -5 -5 -5 -4 -5 -6 -6 -6 -6 -5 -5 -5 -5 -5 -5 -5 -5 -5 -5 -5 -5 -5 -4 -4 -3 -3 -4 -4 -4 -4 -4 -4 -4 -4 -4 -4 -4 -4 -4 -4 -4 -4 -4 -4 -4 -4 -3 -3 -3 -3 -3 -4 -3 -3 -3 -3 -3 -4 -4 -6 -6 -5 -5 -5 -5 -5 -5 -5 -5 -5 -4 -4 -4 -4 -4 -4 -4 -4 -4 -4 -37 -36 -36 -36 -36 -37 -36 -36 -36 -35 -35 -35 -35 -35 -35 -34 -34 -34 -34 -34 -34 -33 -32 -32 -32 -33 -32 -33 -33 -33 -33 -32 -31 -31 -31 -32 -32 -31 -31 -31 -31 -32 -32 -32 -31 -31 -31 -31 -31 -30 -30 -29 -29 -30 -30 -30 -29 -29 -30 -30 -29 -29 -29 -29 -29 -29 -29 -29 -28 -28 -28 -28 -28 -27 -27 -27 -27 -27 -27 -27 -27 -27 -26 -26 -26 -26 -26 -26 -26 -26 -26 -26 -26 -26 -26 -26 -25 -25 -25 -25 -25 -25 -25 -25 -24 -24 -24 -24 -24 -24 -24 -23 -23 -23 -23 -23 -23 -23 -23 -23 -23 -23 -22 -22 -22 -22 -22 -21 -21 -21 -21 -21 -21 -21 -20 -20 -20 -20 -20 -20 -20 -20 -20 -19 -19 -19 -19 -19 -19 -19 -19 -18 -19 -19 -19 -19 -19 -19 -19 -19 -18 -18 -18 -18 -18 -17 -18 -17 -17 -17 -17 -17 -17 -17 -17 -17 -17 -14 -14 -14 -13 -13 -13 -13 -14 -13 -13 -13 -13 -13 -13 -13 -13 -13 -13 -12 -12 -12 -12 -12 -12 -12 -12 -12 -11 -11 -11 -11 -11 -11 -11 -11 -11 -10 -10 -10 -10 -10 -10 -10 -10 -10 -10 -10 -10 -10 -10 -10 -10 -10 -10 -10 -9 -9 -9 -9 -9 -9 -9 -9 -9 -8 -8 -8 -8 -8 -8 -8 -8 -8 -8 -8 -8 -7 -7 -7 -7 -7 -7 -7 -7 -7 -8 -8 -7 -7 -8 -8 -8 -8 -8 -8 -7 -7 -6 -6 -6 -8 -8 -8 -8 -8 -8 -8 -8 -8 -8 -7 -7 -7 -7 -7 -7 -7 -7 -7 -7 -7 -6 -6 -6 -6 -5 -5 -5 -5 -5 -5 -5 -5 -5 -5 -5 -4 -4 -5 -5 -5 -5 -5 -5 -5 -5 -6 -6 -6 -6 -6 -5 -5 -5 -5 -5 -5 -5 -5 -5 -5 -5 -5 -5 -4 -4 -3 -4 -5 -5 -4 -4 -4 -4 -4 -4 -4 -4 -4 -4 -4 -4 -4 -4 -4 -3 -3 -3 -3 -3 -3 -3 -3 -3 -3 -3 -3 -4 -4 -4 -6 -6 -6 -5 -5 -5 -5 -5 -5 -5 -5 -5 -5 -5 -5 -4 -4 -4 -4 -4 -37 -36 -37 -37 -36 -36 -36 -35 -35 -35 -35 -35 -35 -34 -34 -34 -34 -34 -34 -34 -34 -33 -33 -31 -32 -32 -32 -33 -33 -32 -32 -32 -32 -31 -30 -31 -31 -32 -32 -31 -31 -32 -31 -31 -31 -31 -31 -30 -30 -30 -30 -30 -29 -29 -29 -30 -30 -30 -30 -30 -30 -29 -29 -29 -29 -29 -29 -29 -28 -28 -28 -28 -27 -27 -27 -27 -27 -27 -27 -27 -27 -27 -26 -26 -26 -26 -26 -26 -26 -25 -26 -26 -26 -26 -26 -25 -25 -25 -25 -25 -25 -25 -24 -25 -25 -24 -24 -24 -24 -24 -24 -23 -23 -23 -23 -23 -23 -23 -23 -23 -22 -22 -22 -22 -22 -22 -22 -21 -21 -21 -21 -20 -21 -21 -21 -20 -20 -20 -20 -20 -20 -19 -19 -19 -19 -19 -19 -19 -19 -19 -19 -18 -19 -19 -19 -19 -19 -19 -19 -19 -18 -18 -18 -18 -18 -18 -17 -17 -17 -18 -17 -17 -17 -17 -17 -17 -17 -14 -14 -14 -13 -13 -14 -14 -14 -13 -13 -13 -13 -13 -13 -13 -13 -12 -12 -12 -12 -12 -12 -12 -12 -12 -11 -11 -11 -11 -11 -11 -11 -11 -11 -11 -11 -11 -10 -10 -10 -10 -10 -10 -10 -10 -10 -10 -10 -10 -10 -10 -10 -10 -10 -10 -9 -9 -9 -9 -9 -9 -9 -9 -9 -8 -8 -8 -8 -8 -8 -8 -8 -8 -8 -8 -7 -7 -7 -7 -7 -7 -7 -7 -7 -7 -8 -8 -7 -7 -8 -8 -8 -8 -8 -8 -7 -7 -6 -6 -6 -8 -8 -8 -8 -8 -8 -8 -8 -8 -8 -8 -8 -8 -7 -7 -7 -7 -7 -7 -7 -7 -6 -6 -6 -6 -6 -6 -6 -6 -5 -5 -5 -5 -5 -5 -5 -5 -5 -5 -5 -5 -5 -5 -5 -5 -4 -5 -6 -6 -6 -6 -6 -5 -5 -5 -5 -5 -5 -5 -5 -5 -5 -5 -5 -5 -4 -4 -4 -4 -4 -4 -4 -4 -4 -4 -4 -4 -4 -4 -4 -4 -4 -4 -4 -4 -4 -4 -4 -4 -3 -3 -4 -3 -4 -3 -4 -4 -4 -4 -4 -6 -6 -6 -6 -5 -5 -5 -5 -5 -5 -5 -5 -5 -5 -5 -5 -4 -4 -37 -36 -37 -36 -36 -36 -36 -36 -36 -35 -35 -34 -34 -34 -34 -34 -34 -33 -33 -34 -34 -33 -32 -31 -31 -31 -31 -33 -33 -32 -32 -32 -31 -31 -31 -31 -32 -32 -32 -32 -32 -31 -30 -31 -31 -31 -30 -31 -30 -30 -30 -30 -30 -29 -29 -29 -29 -29 -30 -30 -30 -29 -29 -29 -29 -28 -28 -29 -29 -29 -28 -28 -28 -27 -27 -27 -27 -27 -27 -27 -27 -26 -26 -26 -26 -26 -26 -26 -26 -26 -26 -25 -26 -26 -26 -25 -25 -25 -25 -25 -25 -25 -25 -25 -25 -24 -24 -24 -24 -24 -24 -24 -24 -24 -23 -23 -23 -23 -23 -22 -22 -22 -22 -22 -22 -22 -22 -21 -21 -21 -21 -20 -20 -21 -21 -20 -20 -20 -20 -20 -20 -20 -20 -19 -19 -19 -19 -19 -19 -19 -19 -19 -18 -19 -19 -19 -19 -19 -18 -19 -19 -18 -18 -18 -18 -18 -17 -17 -18 -18 -17 -17 -17 -17 -17 -17 -17 -14 -14 -14 -14 -14 -13 -14 -13 -13 -13 -13 -13 -13 -13 -13 -13 -13 -12 -12 -12 -12 -12 -12 -12 -12 -12 -11 -11 -11 -11 -11 -11 -11 -11 -11 -11 -11 -11 -11 -11 -11 -10 -11 -10 -10 -10 -10 -10 -10 -10 -10 -10 -10 -10 -10 -9 -9 -9 -9 -9 -9 -9 -9 -9 -9 -9 -9 -8 -8 -8 -8 -8 -8 -8 -8 -7 -7 -7 -7 -7 -7 -7 -7 -7 -7 -8 -7 -7 -7 -8 -8 -8 -8 -7 -7 -7 -6 -6 -6 -6 -8 -7 -7 -8 -7 -7 -8 -8 -8 -8 -8 -8 -8 -8 -8 -8 -8 -7 -7 -7 -7 -6 -6 -6 -6 -6 -6 -6 -6 -6 -6 -6 -5 -5 -5 -5 -5 -5 -5 -5 -5 -5 -5 -5 -5 -5 -4 -5 -6 -6 -6 -6 -6 -5 -5 -5 -5 -5 -6 -5 -5 -5 -5 -5 -5 -5 -4 -4 -3 -4 -4 -4 -4 -4 -4 -4 -4 -4 -4 -4 -4 -4 -4 -4 -4 -4 -4 -4 -4 -4 -4 -4 -4 -4 -4 -4 -4 -4 -4 -4 -6 -6 -6 -6 -6 -5 -5 -5 -5 -5 -5 -5 -5 -5 -5 -5 -5 -37 -37 -37 -37 -36 -36 -36 -36 -35 -34 -34 -35 -34 -35 -35 -35 -34 -34 -33 -33 -34 -33 -33 -32 -32 -31 -30 -32 -33 -33 -32 -32 -31 -31 -31 -31 -31 -31 -32 -32 -32 -31 -30 -31 -30 -30 -30 -30 -30 -30 -30 -30 -30 -29 -30 -30 -30 -30 -30 -30 -30 -30 -29 -29 -29 -28 -28 -28 -28 -29 -29 -28 -28 -28 -27 -27 -27 -27 -27 -27 -27 -27 -26 -26 -26 -26 -26 -26 -26 -26 -26 -26 -26 -26 -25 -25 -25 -25 -25 -25 -25 -25 -25 -25 -25 -24 -24 -24 -23 -24 -24 -24 -24 -23 -23 -23 -23 -23 -23 -23 -23 -23 -22 -22 -22 -22 -22 -21 -21 -21 -21 -21 -20 -21 -21 -20 -20 -20 -20 -20 -20 -20 -20 -20 -20 -20 -20 -19 -19 -19 -19 -19 -19 -19 -19 -19 -18 -18 -18 -19 -19 -19 -18 -18 -18 -18 -18 -18 -18 -18 -17 -17 -17 -17 -17 -17 -17 -14 -14 -14 -14 -13 -13 -14 -13 -13 -13 -13 -13 -13 -13 -13 -13 -13 -12 -12 -12 -12 -12 -12 -12 -12 -11 -11 -12 -12 -11 -12 -11 -11 -11 -11 -11 -11 -11 -11 -11 -11 -10 -10 -10 -10 -10 -10 -10 -10 -10 -10 -10 -10 -10 -10 -10 -9 -9 -9 -9 -9 -9 -9 -9 -9 -9 -9 -8 -8 -9 -8 -8 -8 -8 -8 -8 -8 -7 -7 -7 -7 -7 -7 -7 -8 -8 -7 -7 -7 -7 -8 -8 -8 -8 -7 -7 -6 -6 -6 -6 -7 -8 -8 -8 -8 -7 -7 -8 -8 -8 -7 -7 -7 -8 -8 -8 -7 -7 -7 -7 -7 -7 -6 -6 -5 -6 -6 -6 -6 -6 -6 -6 -5 -5 -5 -5 -5 -5 -5 -6 -5 -5 -5 -5 -5 -5 -5 -4 -5 -6 -6 -6 -6 -5 -5 -4 -5 -5 -5 -5 -5 -5 -5 -5 -5 -5 -4 -4 -4 -4 -4 -5 -5 -5 -4 -4 -4 -4 -4 -4 -4 -4 -4 -4 -4 -4 -4 -4 -4 -4 -4 -4 -4 -4 -4 -4 -4 -4 -4 -4 -6 -6 -6 -6 -6 -6 -6 -5 -5 -5 -5 -5 -5 -5 -5 -5 -5 -37 -37 -37 -37 -36 -35 -35 -35 -35 -35 -35 -35 -34 -34 -33 -33 -32 -32 -32 -32 -33 -32 -32 -31 -31 -32 -32 -32 -32 -32 -31 -31 -30 -30 -30 -31 -31 -31 -32 -31 -30 -30 -30 -30 -30 -30 -30 -30 -30 -30 -29 -30 -30 -30 -30 -30 -30 -30 -30 -29 -29 -28 -28 -28 -28 -28 -28 -28 -29 -28 -28 -28 -27 -27 -27 -27 -27 -27 -26 -26 -26 -26 -27 -26 -26 -26 -26 -25 -25 -25 -25 -25 -25 -26 -26 -26 -26 -26 -25 -25 -25 -25 -25 -24 -24 -24 -24 -24 -24 -24 -24 -23 -23 -23 -23 -23 -23 -23 -23 -23 -23 -22 -22 -22 -21 -21 -21 -21 -21 -21 -21 -20 -20 -20 -20 -20 -20 -20 -20 -20 -20 -20 -20 -19 -19 -19 -19 -19 -19 -19 -19 -19 -19 -18 -18 -18 -18 -18 -19 -18 -18 -18 -18 -18 -18 -18 -18 -17 -17 -17 -17 -17 -17 -17 -14 -14 -14 -14 -13 -13 -13 -13 -13 -13 -13 -13 -13 -13 -13 -13 -12 -12 -12 -12 -12 -12 -12 -12 -12 -12 -11 -12 -11 -11 -12 -11 -11 -11 -11 -11 -11 -11 -11 -11 -11 -10 -10 -10 -10 -10 -10 -10 -10 -10 -10 -10 -10 -10 -10 -10 -9 -9 -9 -9 -9 -9 -9 -9 -9 -9 -9 -9 -9 -9 -8 -9 -9 -8 -8 -8 -8 -7 -7 -7 -8 -8 -8 -7 -8 -8 -7 -7 -8 -8 -8 -8 -8 -8 -7 -7 -6 -6 -6 -6 -8 -8 -8 -7 -8 -8 -8 -8 -8 -8 -8 -7 -7 -7 -7 -7 -7 -7 -7 -7 -6 -6 -6 -6 -6 -5 -6 -6 -6 -6 -5 -5 -5 -5 -5 -6 -5 -6 -5 -5 -6 -5 -5 -5 -5 -5 -5 -5 -4 -4 -5 -6 -5 -5 -5 -4 -4 -5 -6 -6 -5 -5 -5 -5 -5 -5 -5 -5 -4 -4 -4 -4 -4 -5 -5 -4 -4 -4 -4 -4 -4 -4 -4 -4 -4 -4 -4 -4 -4 -4 -4 -4 -4 -4 -4 -4 -4 -4 -4 -4 -5 -6 -6 -6 -6 -6 -5 -6 -6 -5 -5 -5 -5 -5 -5 -5 -37 -37 -36 -36 -36 -36 -35 -35 -35 -34 -34 -34 -33 -33 -33 -32 -32 -33 -32 -32 -31 -31 -31 -31 -31 -31 -32 -32 -31 -31 -30 -30 -30 -31 -31 -32 -31 -31 -30 -30 -30 -30 -30 -30 -30 -30 -30 -30 -29 -29 -29 -29 -30 -30 -30 -30 -30 -29 -29 -29 -28 -28 -28 -28 -28 -27 -28 -28 -28 -28 -27 -27 -27 -27 -27 -27 -27 -27 -27 -27 -27 -26 -26 -26 -26 -25 -25 -25 -26 -26 -26 -26 -26 -25 -26 -26 -25 -25 -25 -25 -25 -25 -25 -24 -24 -24 -24 -24 -24 -24 -23 -23 -23 -23 -22 -23 -23 -23 -23 -23 -22 -22 -22 -22 -21 -21 -21 -20 -21 -20 -20 -20 -20 -20 -21 -20 -20 -20 -20 -20 -20 -19 -20 -20 -19 -19 -19 -19 -19 -19 -19 -19 -18 -18 -18 -19 -19 -18 -18 -18 -18 -18 -18 -17 -17 -17 -17 -17 -17 -17 -17 -17 -14 -14 -14 -14 -13 -13 -13 -13 -13 -13 -13 -13 -13 -13 -13 -13 -13 -12 -12 -12 -12 -12 -12 -12 -12 -12 -12 -11 -12 -12 -11 -11 -11 -11 -11 -11 -11 -11 -11 -11 -11 -10 -11 -10 -10 -10 -10 -10 -10 -10 -10 -10 -10 -10 -10 -10 -9 -9 -9 -9 -9 -9 -9 -9 -9 -9 -9 -9 -9 -9 -9 -8 -8 -8 -8 -8 -8 -7 -7 -7 -8 -8 -8 -7 -7 -7 -7 -8 -8 -8 -8 -8 -8 -8 -7 -6 -6 -6 -6 -6 -8 -8 -8 -8 -8 -8 -8 -8 -8 -8 -8 -8 -8 -7 -7 -7 -7 -7 -7 -6 -6 -6 -6 -6 -6 -6 -6 -6 -6 -6 -6 -5 -5 -5 -5 -5 -5 -6 -6 -6 -6 -6 -5 -6 -6 -5 -5 -5 -5 -4 -4 -5 -5 -5 -5 -5 -4 -5 -6 -6 -5 -5 -5 -5 -5 -5 -5 -5 -5 -4 -4 -4 -4 -5 -5 -5 -4 -4 -4 -4 -4 -4 -4 -4 -4 -4 -4 -4 -4 -4 -4 -4 -4 -4 -4 -4 -4 -4 -4 -4 -6 -6 -6 -6 -6 -5 -6 -6 -5 -6 -5 -5 -5 -5 -37 -37 -37 -36 -35 -36 -35 -35 -35 -35 -35 -34 -33 -33 -33 -34 -33 -32 -31 -31 -31 -31 -31 -31 -31 -31 -30 -30 -30 -30 -30 -30 -30 -31 -31 -31 -30 -30 -30 -30 -30 -30 -30 -30 -30 -29 -29 -29 -29 -29 -29 -29 -29 -29 -29 -29 -29 -29 -28 -28 -27 -27 -27 -27 -27 -27 -27 -28 -28 -28 -28 -28 -28 -27 -27 -27 -27 -27 -26 -27 -26 -26 -26 -25 -25 -25 -25 -26 -26 -26 -26 -26 -25 -25 -26 -25 -25 -25 -25 -25 -25 -25 -24 -24 -24 -24 -24 -24 -24 -24 -23 -23 -23 -23 -22 -23 -22 -22 -22 -22 -22 -22 -22 -22 -22 -21 -21 -21 -21 -21 -21 -20 -21 -21 -20 -20 -21 -20 -20 -20 -20 -20 -20 -20 -20 -20 -20 -20 -20 -19 -19 -19 -19 -19 -19 -19 -19 -19 -18 -18 -18 -18 -18 -18 -18 -18 -18 -18 -18 -17 -17 -17 -17 -17 -16 -16 -16 -16 -16 -16 -16 -16 -16 -16 -16 -16 -16 -15 -15 -15 -15 -15 -15 -15 -15 -15 -15 -15 -14 -14 -14 -14 -14 -14 -14 -14 -14 -14 -14 -14 -14 -13 -14 -13 -13 -13 -13 -13 -13 -13 -13 -10 -10 -10 -10 -10 -9 -9 -9 -9 -9 -9 -9 -9 -9 -9 -9 -9 -9 -9 -9 -9 -9 -9 -8 -8 -8 -8 -8 -8 -8 -8 -8 -8 -8 -8 -7 -7 -8 -8 -8 -8 -8 -8 -8 -7 -7 -6 -6 -6 -6 -7 -7 -7 -7 -6 -6 -6 -6 -6 -6 -6 -6 -6 -6 -6 -5 -5 -5 -5 -5 -5 -5 -5 -5 -4 -5 -5 -4 -4 -5 -5 -4 -4 -4 -4 -4 -5 -5 -5 -5 -5 -5 -5 -4 -4 -4 -4 -4 -4 -4 -3 -3 -3 -4 -4 -3 -3 -4 -4 -4 -4 -3 -3 -3 -3 -3 -3 -3 -3 -3 -3 -2 -3 -3 -3 -3 -3 -3 -3 -3 -3 -3 -2 -2 -2 -2 -2 -2 -2 -2 -2 -2 -2 -2 -3 -3 -3 -3 -3 -3 -4 -4 -4 -4 -4 -4 -4 -4 -4 -4 -4 -4 -3 -3 -37 -36 -36 -35 -36 -35 -35 -35 -35 -35 -34 -33 -32 -32 -33 -33 -32 -32 -31 -31 -32 -31 -31 -31 -31 -30 -30 -30 -30 -30 -30 -30 -30 -30 -30 -30 -30 -30 -30 -30 -30 -30 -30 -29 -29 -29 -29 -28 -28 -28 -28 -28 -29 -29 -29 -29 -29 -29 -28 -28 -27 -27 -27 -27 -27 -27 -28 -28 -28 -28 -27 -27 -27 -27 -27 -27 -27 -27 -27 -27 -26 -26 -25 -25 -25 -25 -25 -26 -26 -26 -25 -25 -26 -26 -25 -25 -25 -25 -25 -25 -25 -24 -24 -24 -23 -24 -24 -24 -24 -24 -23 -23 -23 -23 -22 -22 -23 -23 -22 -22 -22 -22 -22 -22 -22 -21 -21 -21 -21 -20 -21 -21 -20 -20 -20 -21 -20 -19 -19 -20 -20 -20 -20 -20 -20 -20 -20 -19 -19 -19 -19 -19 -19 -19 -19 -19 -19 -19 -18 -18 -18 -18 -18 -18 -18 -18 -18 -17 -17 -17 -17 -17 -16 -16 -16 -16 -16 -16 -16 -16 -16 -16 -16 -16 -15 -15 -15 -15 -15 -15 -15 -15 -15 -15 -15 -15 -15 -15 -15 -15 -14 -14 -14 -14 -14 -14 -14 -14 -14 -14 -14 -13 -13 -13 -13 -13 -13 -13 -13 -13 -10 -10 -10 -10 -10 -10 -10 -9 -9 -9 -9 -9 -9 -9 -9 -9 -9 -9 -9 -9 -9 -9 -9 -8 -8 -8 -8 -8 -8 -8 -8 -8 -8 -8 -8 -8 -7 -8 -8 -8 -8 -8 -8 -7 -7 -7 -6 -6 -6 -6 -6 -6 -6 -6 -6 -6 -6 -6 -6 -6 -6 -6 -6 -6 -6 -6 -5 -5 -5 -5 -5 -5 -5 -4 -4 -5 -5 -4 -4 -4 -4 -4 -4 -4 -4 -4 -5 -5 -5 -4 -5 -4 -5 -5 -5 -5 -4 -5 -4 -4 -4 -4 -4 -4 -4 -4 -3 -3 -3 -4 -4 -3 -3 -3 -3 -3 -3 -3 -3 -3 -3 -3 -2 -3 -3 -3 -3 -3 -3 -3 -3 -3 -3 -3 -3 -2 -2 -2 -2 -3 -3 -2 -2 -2 -2 -3 -3 -3 -3 -3 -4 -4 -4 -4 -4 -4 -4 -4 -4 -4 -4 -4 -4 -3 -3 -37 -37 -36 -36 -36 -35 -35 -34 -34 -34 -34 -33 -34 -33 -32 -32 -31 -32 -31 -31 -31 -30 -30 -30 -30 -30 -30 -30 -30 -30 -30 -30 -29 -29 -29 -29 -29 -29 -29 -29 -29 -29 -28 -29 -28 -28 -28 -28 -28 -29 -29 -29 -29 -28 -28 -29 -28 -29 -28 -28 -28 -27 -27 -28 -27 -27 -27 -26 -26 -27 -27 -26 -27 -27 -27 -27 -26 -26 -26 -26 -25 -26 -25 -25 -25 -25 -25 -25 -24 -25 -24 -24 -24 -24 -25 -24 -24 -24 -24 -23 -23 -23 -23 -23 -23 -24 -24 -24 -23 -23 -23 -22 -22 -23 -23 -22 -22 -22 -22 -22 -22 -22 -22 -21 -21 -20 -21 -21 -21 -21 -20 -20 -20 -20 -19 -19 -20 -20 -20 -20 -20 -20 -20 -20 -20 -20 -20 -19 -19 -19 -19 -19 -19 -19 -19 -18 -18 -18 -18 -18 -18 -18 -18 -17 -17 -17 -17 -17 -17 -16 -16 -16 -16 -16 -16 -16 -16 -16 -16 -16 -16 -16 -16 -16 -15 -15 -15 -15 -15 -15 -15 -15 -15 -15 -15 -15 -15 -14 -14 -14 -14 -14 -14 -14 -14 -14 -14 -14 -14 -14 -13 -13 -13 -13 -13 -13 -13 -10 -10 -10 -10 -10 -10 -10 -9 -9 -9 -9 -9 -9 -9 -9 -9 -9 -9 -9 -9 -9 -9 -9 -8 -8 -8 -8 -8 -8 -8 -8 -8 -8 -8 -8 -8 -8 -8 -8 -8 -8 -8 -8 -8 -7 -7 -6 -6 -6 -5 -5 -5 -5 -5 -6 -6 -6 -6 -6 -6 -6 -6 -6 -6 -5 -5 -6 -5 -5 -5 -5 -5 -5 -5 -4 -4 -5 -5 -4 -4 -4 -4 -4 -4 -4 -4 -5 -5 -5 -4 -4 -4 -4 -5 -5 -5 -5 -5 -4 -4 -4 -4 -4 -4 -4 -4 -4 -3 -3 -3 -4 -4 -4 -3 -3 -3 -3 -3 -3 -3 -3 -3 -3 -3 -3 -3 -3 -3 -3 -3 -3 -3 -3 -3 -3 -3 -3 -3 -3 -3 -3 -3 -3 -3 -3 -3 -3 -3 -3 -3 -4 -4 -4 -4 -4 -4 -4 -4 -4 -4 -4 -4 -4 -4 -37 -36 -35 -35 -34 -35 -35 -34 -34 -33 -33 -33 -33 -32 -32 -32 -31 -31 -31 -31 -30 -30 -30 -30 -30 -30 -29 -29 -29 -29 -29 -29 -29 -28 -29 -29 -29 -29 -29 -29 -29 -29 -29 -29 -29 -28 -29 -29 -29 -29 -28 -28 -29 -28 -28 -28 -28 -27 -27 -27 -27 -27 -27 -26 -26 -26 -26 -26 -26 -26 -27 -26 -26 -26 -26 -26 -26 -26 -26 -25 -25 -25 -25 -25 -24 -24 -24 -24 -23 -23 -23 -23 -24 -24 -23 -23 -23 -23 -23 -23 -23 -23 -23 -24 -24 -23 -23 -23 -22 -22 -23 -22 -22 -22 -22 -22 -22 -21 -21 -21 -21 -21 -21 -20 -20 -20 -20 -20 -19 -20 -19 -19 -19 -20 -19 -19 -20 -20 -20 -20 -20 -20 -20 -20 -20 -19 -19 -18 -19 -19 -18 -18 -18 -18 -18 -18 -18 -18 -17 -17 -17 -17 -17 -17 -16 -16 -16 -16 -16 -16 -16 -16 -16 -16 -16 -16 -15 -16 -16 -16 -16 -16 -15 -15 -15 -15 -15 -15 -15 -15 -15 -15 -15 -15 -14 -14 -14 -14 -14 -14 -14 -14 -14 -14 -14 -14 -14 -14 -13 -13 -13 -13 -13 -13 -10 -10 -10 -10 -10 -10 -9 -10 -9 -9 -9 -9 -9 -9 -9 -9 -9 -9 -9 -9 -9 -9 -9 -9 -8 -8 -8 -8 -8 -8 -8 -8 -8 -8 -8 -8 -7 -7 -7 -7 -7 -7 -7 -7 -7 -6 -6 -6 -5 -5 -5 -5 -5 -5 -6 -6 -5 -5 -5 -5 -5 -5 -5 -5 -5 -5 -6 -5 -5 -5 -5 -5 -5 -5 -5 -4 -5 -5 -5 -4 -4 -4 -4 -4 -4 -4 -4 -5 -5 -4 -4 -4 -4 -4 -5 -5 -5 -5 -5 -5 -5 -5 -4 -4 -4 -4 -4 -4 -4 -3 -3 -4 -4 -4 -4 -3 -3 -3 -3 -3 -3 -3 -3 -3 -3 -3 -3 -3 -3 -3 -3 -3 -3 -3 -3 -3 -3 -3 -2 -2 -3 -3 -3 -3 -3 -3 -3 -3 -3 -3 -4 -4 -4 -4 -4 -4 -4 -4 -4 -4 -4 -4 -4 -4 -35 -35 -34 -34 -35 -34 -34 -33 -32 -32 -32 -32 -31 -32 -32 -31 -31 -31 -31 -31 -30 -30 -30 -30 -30 -30 -30 -29 -29 -29 -29 -29 -28 -29 -29 -29 -29 -29 -29 -29 -29 -29 -29 -29 -29 -29 -29 -28 -28 -28 -28 -28 -28 -28 -28 -28 -28 -27 -27 -27 -27 -26 -26 -26 -26 -26 -26 -26 -26 -26 -26 -26 -26 -26 -26 -26 -26 -26 -25 -25 -25 -24 -24 -24 -24 -24 -24 -24 -23 -23 -23 -23 -23 -23 -23 -23 -24 -24 -23 -23 -23 -23 -23 -24 -23 -23 -23 -23 -23 -22 -22 -22 -22 -22 -22 -22 -22 -21 -21 -21 -21 -21 -20 -20 -20 -19 -19 -19 -19 -19 -20 -20 -20 -20 -20 -20 -20 -20 -19 -20 -20 -20 -20 -20 -19 -19 -18 -18 -18 -18 -18 -18 -18 -18 -18 -18 -18 -18 -18 -17 -17 -17 -17 -16 -16 -16 -16 -16 -16 -16 -16 -16 -16 -16 -16 -16 -16 -16 -16 -16 -16 -16 -16 -15 -15 -15 -15 -15 -15 -15 -15 -15 -15 -14 -14 -14 -14 -14 -14 -14 -14 -14 -14 -14 -14 -14 -14 -13 -13 -13 -13 -13 -13 -10 -10 -10 -10 -10 -10 -9 -10 -10 -9 -9 -9 -9 -9 -9 -9 -9 -9 -9 -9 -9 -9 -9 -9 -8 -8 -9 -8 -8 -8 -8 -8 -8 -8 -8 -8 -8 -7 -7 -7 -7 -7 -7 -7 -7 -6 -6 -5 -5 -5 -6 -5 -5 -5 -5 -5 -5 -5 -5 -5 -5 -5 -5 -5 -5 -6 -5 -5 -5 -5 -5 -5 -5 -5 -5 -5 -5 -5 -5 -5 -4 -4 -4 -4 -4 -4 -4 -5 -5 -5 -5 -4 -4 -5 -5 -5 -5 -5 -4 -5 -4 -5 -5 -5 -4 -4 -4 -4 -4 -4 -3 -3 -4 -4 -4 -3 -3 -3 -3 -3 -3 -3 -3 -3 -3 -3 -3 -3 -3 -3 -3 -3 -3 -3 -3 -3 -3 -3 -2 -3 -3 -3 -3 -3 -3 -3 -3 -3 -3 -3 -4 -4 -4 -4 -4 -4 -4 -4 -4 -4 -4 -4 -4 -4 -36 -35 -35 -35 -35 -34 -34 -34 -34 -33 -32 -32 -31 -31 -31 -31 -31 -31 -31 -31 -31 -31 -30 -30 -30 -31 -31 -30 -31 -30 -29 -29 -29 -29 -29 -29 -29 -28 -29 -29 -29 -29 -29 -29 -29 -29 -29 -29 -28 -28 -28 -27 -28 -28 -27 -28 -28 -28 -27 -27 -26 -26 -26 -25 -25 -25 -25 -25 -25 -25 -25 -25 -25 -26 -26 -26 -26 -26 -26 -25 -25 -24 -24 -24 -24 -23 -24 -24 -24 -23 -24 -23 -23 -23 -24 -23 -23 -23 -23 -24 -24 -23 -23 -23 -23 -23 -23 -23 -23 -23 -22 -22 -22 -22 -22 -22 -22 -22 -21 -21 -21 -21 -21 -21 -20 -20 -20 -20 -20 -19 -19 -20 -20 -20 -20 -20 -20 -20 -19 -19 -19 -20 -20 -19 -19 -20 -19 -18 -18 -18 -18 -18 -18 -18 -18 -18 -18 -18 -18 -18 -18 -18 -17 -17 -16 -16 -16 -16 -16 -16 -16 -16 -16 -16 -16 -16 -16 -16 -16 -16 -16 -15 -15 -15 -15 -16 -16 -15 -15 -15 -15 -15 -15 -15 -15 -14 -14 -14 -14 -14 -14 -14 -14 -14 -14 -14 -14 -14 -14 -13 -13 -13 -13 -13 -10 -10 -10 -10 -10 -9 -9 -10 -9 -9 -9 -9 -9 -9 -9 -9 -9 -9 -9 -9 -9 -9 -9 -9 -8 -8 -9 -9 -9 -8 -8 -8 -8 -8 -8 -8 -8 -8 -7 -7 -7 -7 -7 -7 -6 -6 -6 -5 -5 -5 -5 -5 -5 -5 -5 -5 -5 -5 -5 -5 -5 -6 -5 -5 -6 -5 -5 -5 -5 -5 -5 -5 -5 -5 -5 -5 -5 -5 -5 -5 -5 -4 -4 -4 -4 -5 -5 -5 -5 -5 -5 -5 -4 -5 -5 -5 -5 -5 -4 -4 -4 -4 -5 -5 -5 -4 -4 -4 -4 -4 -4 -3 -3 -4 -4 -4 -3 -3 -3 -3 -3 -3 -3 -3 -3 -3 -3 -3 -3 -3 -3 -3 -3 -3 -3 -3 -3 -3 -3 -3 -3 -3 -3 -3 -3 -3 -3 -3 -3 -3 -5 -4 -4 -4 -4 -4 -4 -4 -4 -4 -4 -4 -4 -4 -35 -35 -34 -33 -33 -34 -33 -33 -33 -33 -32 -31 -31 -31 -31 -31 -31 -30 -30 -30 -30 -30 -31 -31 -31 -31 -31 -30 -29 -29 -29 -29 -29 -29 -28 -28 -28 -29 -29 -29 -29 -29 -29 -29 -29 -28 -28 -28 -27 -27 -27 -28 -27 -27 -27 -27 -27 -26 -26 -26 -25 -25 -25 -25 -25 -25 -25 -25 -25 -25 -25 -25 -25 -25 -25 -25 -25 -25 -24 -24 -24 -24 -24 -24 -24 -24 -24 -24 -23 -23 -23 -23 -24 -23 -23 -23 -23 -24 -23 -23 -23 -22 -23 -23 -23 -23 -23 -22 -22 -22 -22 -22 -22 -21 -21 -21 -21 -20 -20 -21 -20 -20 -20 -20 -20 -20 -19 -19 -19 -19 -20 -20 -20 -20 -20 -19 -19 -19 -20 -19 -18 -19 -19 -19 -18 -18 -18 -18 -18 -18 -18 -18 -18 -18 -18 -18 -18 -18 -18 -18 -17 -17 -16 -16 -16 -16 -16 -16 -16 -16 -16 -16 -16 -16 -16 -16 -16 -16 -16 -15 -15 -15 -15 -15 -15 -15 -15 -15 -15 -15 -15 -15 -14 -14 -14 -14 -14 -14 -14 -14 -14 -14 -14 -14 -14 -14 -13 -13 -13 -13 -13 -10 -10 -10 -10 -10 -10 -9 -9 -9 -9 -9 -9 -9 -9 -9 -9 -9 -9 -9 -9 -9 -9 -9 -9 -9 -9 -9 -8 -8 -8 -8 -8 -8 -8 -8 -8 -8 -8 -8 -8 -8 -8 -8 -7 -7 -7 -7 -6 -6 -6 -6 -6 -5 -5 -5 -5 -4 -5 -4 -4 -5 -6 -5 -5 -5 -5 -5 -5 -5 -5 -5 -4 -4 -5 -5 -5 -5 -5 -5 -5 -5 -5 -5 -5 -5 -5 -5 -5 -5 -5 -5 -5 -5 -4 -5 -5 -5 -5 -5 -5 -4 -4 -4 -5 -5 -4 -4 -4 -4 -4 -4 -4 -3 -4 -4 -4 -4 -3 -3 -3 -3 -3 -3 -3 -3 -3 -3 -3 -4 -3 -3 -3 -3 -3 -3 -3 -3 -3 -3 -3 -3 -3 -3 -4 -4 -4 -4 -4 -3 -3 -5 -5 -4 -4 -4 -4 -4 -4 -4 -4 -4 -4 -4 -35 -35 -35 -34 -34 -34 -34 -34 -34 -33 -32 -33 -32 -31 -31 -31 -30 -30 -30 -30 -30 -30 -30 -31 -31 -31 -30 -30 -29 -29 -29 -29 -29 -29 -29 -29 -28 -28 -29 -29 -28 -28 -28 -28 -28 -28 -28 -28 -28 -27 -28 -28 -28 -27 -27 -27 -26 -26 -26 -26 -26 -25 -25 -26 -25 -25 -26 -25 -25 -25 -25 -25 -25 -25 -24 -25 -25 -25 -24 -24 -24 -24 -24 -24 -23 -23 -23 -24 -24 -24 -24 -24 -24 -24 -23 -23 -23 -23 -23 -23 -23 -22 -22 -23 -23 -23 -22 -22 -22 -22 -22 -22 -22 -21 -21 -21 -21 -21 -21 -20 -20 -20 -21 -20 -20 -20 -19 -19 -20 -19 -19 -19 -19 -19 -19 -19 -19 -19 -19 -19 -18 -19 -19 -19 -19 -18 -18 -18 -18 -18 -18 -18 -18 -18 -18 -18 -18 -17 -17 -17 -17 -17 -17 -16 -16 -16 -16 -16 -16 -16 -16 -16 -16 -16 -16 -16 -16 -16 -16 -16 -16 -15 -15 -15 -15 -15 -15 -15 -15 -15 -15 -14 -14 -14 -14 -14 -14 -14 -14 -14 -14 -14 -14 -14 -14 -14 -13 -13 -13 -13 -13 -10 -10 -10 -10 -10 -10 -10 -10 -9 -9 -9 -9 -9 -9 -9 -9 -9 -9 -9 -9 -9 -9 -9 -9 -9 -8 -9 -8 -9 -8 -8 -8 -8 -8 -8 -8 -8 -8 -8 -8 -8 -8 -8 -8 -8 -8 -8 -8 -8 -7 -7 -7 -7 -6 -6 -5 -6 -6 -6 -5 -5 -5 -5 -5 -5 -5 -4 -4 -4 -4 -4 -4 -4 -4 -4 -4 -4 -5 -5 -5 -5 -6 -6 -6 -5 -5 -5 -5 -5 -5 -5 -5 -5 -5 -5 -5 -5 -5 -5 -5 -4 -4 -4 -5 -5 -5 -4 -4 -4 -4 -4 -4 -4 -4 -4 -4 -4 -3 -3 -3 -3 -3 -3 -3 -3 -4 -4 -4 -4 -4 -3 -3 -3 -3 -3 -3 -3 -3 -3 -3 -3 -3 -3 -4 -4 -4 -4 -4 -4 -3 -5 -5 -5 -4 -4 -4 -4 -4 -5 -4 -4 -4 -4 -35 -35 -35 -35 -34 -34 -33 -33 -33 -33 -34 -33 -33 -33 -32 -32 -31 -31 -30 -31 -31 -31 -31 -31 -30 -30 -30 -29 -29 -29 -29 -29 -29 -29 -29 -29 -29 -28 -28 -28 -28 -28 -28 -28 -28 -29 -28 -28 -28 -28 -28 -28 -27 -27 -27 -26 -26 -26 -26 -25 -25 -26 -26 -26 -26 -26 -25 -25 -25 -25 -25 -25 -25 -25 -25 -25 -25 -24 -24 -24 -24 -24 -24 -23 -24 -23 -24 -23 -23 -23 -24 -24 -24 -23 -23 -23 -23 -23 -23 -23 -23 -22 -22 -22 -22 -22 -22 -22 -22 -22 -21 -21 -21 -21 -21 -21 -21 -21 -21 -20 -20 -20 -20 -20 -20 -20 -20 -20 -20 -20 -19 -19 -19 -19 -19 -19 -19 -19 -19 -19 -19 -19 -19 -19 -18 -18 -18 -19 -18 -18 -18 -18 -18 -18 -18 -18 -18 -17 -17 -17 -17 -17 -17 -16 -16 -16 -16 -16 -16 -16 -16 -16 -16 -16 -16 -16 -16 -16 -16 -16 -16 -15 -15 -15 -15 -15 -15 -15 -15 -15 -14 -14 -14 -14 -14 -14 -14 -14 -14 -14 -14 -14 -14 -14 -14 -14 -14 -13 -13 -13 -10 -10 -10 -10 -10 -10 -10 -10 -10 -10 -9 -9 -9 -9 -9 -9 -9 -9 -9 -9 -9 -9 -9 -9 -9 -9 -8 -8 -8 -9 -9 -9 -9 -8 -8 -8 -8 -8 -8 -8 -8 -7 -7 -8 -8 -8 -8 -8 -7 -7 -7 -7 -7 -6 -6 -6 -6 -7 -6 -5 -5 -5 -6 -5 -5 -5 -5 -4 -4 -4 -4 -4 -4 -4 -4 -4 -4 -4 -4 -5 -5 -6 -6 -6 -6 -5 -5 -5 -5 -5 -5 -5 -5 -5 -5 -5 -4 -5 -5 -5 -5 -5 -4 -4 -5 -5 -4 -5 -4 -4 -4 -4 -4 -4 -4 -4 -4 -4 -3 -3 -3 -3 -3 -3 -3 -3 -4 -4 -4 -4 -4 -3 -3 -3 -3 -3 -3 -3 -3 -3 -3 -3 -3 -4 -4 -4 -4 -4 -4 -3 -5 -5 -5 -5 -4 -4 -5 -5 -5 -4 -4 -4 -4 -4 -36 -35 -34 -34 -33 -34 -34 -33 -33 -35 -34 -33 -33 -33 -33 -32 -32 -32 -31 -31 -31 -31 -31 -31 -31 -30 -30 -30 -29 -29 -29 -28 -28 -29 -29 -29 -29 -29 -29 -29 -28 -28 -28 -28 -28 -28 -28 -28 -28 -28 -28 -27 -26 -27 -27 -27 -27 -26 -26 -26 -26 -26 -26 -26 -26 -25 -25 -25 -25 -25 -25 -25 -25 -25 -25 -25 -24 -24 -24 -24 -24 -24 -24 -24 -24 -23 -23 -23 -23 -23 -24 -24 -24 -23 -23 -23 -23 -23 -23 -23 -22 -22 -22 -22 -22 -22 -22 -22 -22 -21 -21 -21 -21 -21 -21 -20 -21 -20 -20 -21 -20 -20 -20 -20 -19 -20 -20 -20 -19 -19 -19 -20 -19 -19 -20 -19 -19 -19 -19 -19 -19 -19 -19 -18 -18 -19 -18 -18 -18 -18 -18 -18 -18 -18 -18 -18 -18 -17 -17 -17 -17 -17 -16 -16 -16 -16 -16 -16 -16 -16 -16 -16 -16 -16 -16 -16 -16 -16 -16 -16 -15 -15 -15 -15 -15 -15 -15 -15 -15 -14 -14 -14 -14 -14 -14 -14 -14 -14 -14 -14 -14 -14 -14 -14 -14 -14 -14 -13 -13 -10 -10 -10 -10 -10 -10 -10 -10 -10 -10 -10 -9 -9 -9 -9 -9 -9 -9 -9 -9 -9 -9 -9 -9 -9 -9 -8 -8 -8 -8 -9 -9 -9 -9 -9 -8 -8 -8 -8 -8 -8 -8 -8 -7 -7 -7 -8 -8 -8 -8 -8 -7 -7 -7 -7 -7 -7 -6 -6 -5 -5 -5 -6 -5 -5 -6 -5 -5 -4 -4 -4 -4 -4 -4 -4 -4 -4 -4 -4 -4 -5 -6 -6 -6 -6 -5 -5 -5 -5 -5 -5 -5 -5 -5 -5 -5 -5 -4 -5 -5 -5 -5 -5 -4 -4 -4 -5 -4 -4 -4 -4 -4 -4 -4 -4 -4 -4 -4 -3 -3 -3 -3 -3 -3 -3 -3 -4 -4 -4 -4 -4 -4 -4 -4 -3 -3 -3 -3 -3 -3 -3 -3 -4 -4 -4 -4 -4 -4 -4 -4 -5 -5 -5 -5 -5 -5 -5 -5 -5 -5 -4 -4 -4 -4 -36 -35 -35 -35 -35 -34 -33 -34 -35 -34 -34 -33 -34 -34 -33 -33 -32 -31 -31 -31 -31 -32 -31 -31 -31 -31 -30 -29 -29 -29 -29 -29 -29 -29 -29 -29 -29 -29 -29 -29 -28 -28 -28 -28 -28 -28 -28 -28 -28 -28 -27 -27 -27 -28 -27 -27 -26 -26 -27 -26 -26 -26 -26 -26 -25 -25 -25 -25 -25 -25 -25 -25 -24 -25 -25 -25 -24 -24 -24 -24 -24 -24 -24 -24 -23 -23 -23 -23 -23 -23 -24 -24 -24 -23 -23 -23 -23 -23 -23 -22 -23 -22 -22 -22 -22 -22 -22 -21 -21 -21 -21 -21 -20 -21 -21 -20 -21 -21 -20 -21 -21 -20 -20 -19 -20 -20 -20 -20 -19 -19 -19 -19 -19 -20 -20 -20 -19 -19 -19 -19 -19 -18 -18 -18 -18 -18 -18 -18 -18 -18 -18 -18 -18 -18 -18 -18 -18 -18 -17 -17 -17 -17 -16 -16 -16 -16 -16 -16 -16 -16 -16 -16 -16 -16 -16 -16 -16 -16 -16 -16 -15 -15 -15 -15 -15 -15 -15 -15 -15 -14 -14 -14 -14 -14 -14 -14 -14 -14 -14 -14 -14 -14 -14 -14 -13 -14 -13 -13 -10 -10 -10 -10 -10 -10 -10 -10 -10 -10 -10 -9 -9 -9 -9 -9 -9 -9 -9 -9 -9 -9 -9 -9 -9 -9 -8 -8 -8 -8 -8 -8 -9 -8 -9 -9 -8 -8 -8 -8 -8 -8 -8 -8 -7 -7 -7 -7 -7 -6 -7 -7 -7 -7 -7 -7 -7 -6 -6 -6 -6 -6 -6 -6 -6 -5 -5 -5 -4 -4 -4 -4 -4 -4 -4 -4 -4 -4 -4 -4 -4 -5 -6 -7 -6 -5 -5 -5 -5 -5 -5 -5 -6 -5 -5 -5 -5 -5 -5 -5 -5 -5 -5 -5 -4 -4 -4 -4 -4 -5 -5 -4 -4 -4 -4 -4 -4 -4 -3 -4 -4 -3 -3 -3 -3 -3 -4 -4 -4 -4 -4 -4 -4 -4 -4 -3 -3 -3 -3 -3 -4 -4 -4 -4 -4 -4 -4 -4 -4 -4 -5 -5 -5 -5 -5 -5 -5 -5 -5 -5 -4 -4 -4 -4 -34 -34 -34 -34 -33 -34 -33 -33 -33 -32 -31 -31 -30 -31 -31 -31 -31 -31 -30 -30 -29 -30 -29 -29 -29 -29 -29 -29 -29 -29 -29 -29 -29 -29 -28 -28 -28 -28 -28 -28 -28 -28 -28 -27 -27 -27 -27 -27 -27 -27 -26 -26 -26 -26 -26 -26 -26 -25 -25 -25 -25 -25 -25 -25 -25 -24 -25 -25 -25 -25 -25 -24 -24 -24 -24 -24 -24 -24 -23 -23 -23 -23 -23 -23 -23 -23 -24 -23 -23 -23 -23 -23 -23 -23 -22 -22 -22 -22 -22 -22 -21 -21 -21 -21 -21 -21 -21 -21 -21 -21 -21 -21 -21 -21 -20 -20 -20 -20 -20 -20 -20 -20 -20 -20 -19 -19 -19 -19 -20 -19 -19 -19 -19 -19 -18 -19 -18 -18 -18 -18 -18 -18 -18 -18 -18 -18 -18 -18 -18 -18 -18 -17 -17 -17 -17 -16 -16 -16 -16 -16 -16 -16 -16 -16 -16 -16 -16 -16 -16 -16 -16 -16 -16 -15 -15 -15 -15 -15 -15 -15 -15 -14 -14 -14 -14 -14 -14 -14 -14 -14 -14 -14 -14 -14 -14 -14 -14 -14 -14 -14 -14 -11 -11 -11 -11 -10 -10 -10 -10 -10 -10 -10 -10 -9 -9 -9 -9 -9 -9 -9 -9 -9 -9 -9 -9 -9 -9 -9 -9 -9 -8 -8 -8 -9 -8 -8 -8 -8 -8 -8 -7 -7 -7 -7 -7 -8 -8 -8 -7 -7 -6 -6 -6 -7 -7 -7 -7 -6 -6 -6 -6 -6 -6 -6 -5 -5 -6 -6 -5 -4 -5 -4 -4 -5 -4 -4 -4 -4 -4 -4 -4 -4 -5 -6 -7 -6 -6 -6 -5 -5 -5 -5 -5 -5 -5 -5 -5 -5 -5 -5 -5 -4 -5 -5 -5 -4 -4 -4 -4 -4 -5 -5 -5 -4 -4 -5 -4 -4 -4 -4 -3 -4 -4 -4 -4 -3 -3 -4 -4 -4 -4 -4 -4 -3 -3 -3 -4 -3 -3 -3 -3 -4 -4 -4 -4 -4 -4 -4 -4 -4 -4 -5 -5 -5 -5 -5 -5 -5 -5 -5 -4 -4 -4 -4 -4 -4 -34 -34 -35 -34 -33 -33 -32 -32 -32 -32 -31 -31 -31 -31 -31 -31 -30 -30 -29 -29 -30 -30 -29 -29 -29 -29 -29 -28 -28 -29 -29 -29 -28 -28 -28 -28 -28 -28 -28 -28 -28 -28 -27 -27 -27 -27 -27 -27 -27 -26 -26 -26 -26 -26 -26 -26 -26 -25 -25 -25 -25 -25 -25 -24 -24 -24 -25 -25 -25 -25 -25 -24 -24 -24 -24 -24 -24 -24 -23 -23 -23 -23 -23 -23 -23 -23 -23 -23 -23 -23 -23 -23 -23 -22 -22 -22 -22 -22 -22 -21 -21 -21 -21 -21 -21 -21 -21 -21 -21 -21 -21 -20 -20 -20 -20 -20 -20 -20 -20 -20 -19 -19 -20 -20 -19 -19 -19 -19 -19 -19 -19 -19 -19 -19 -19 -18 -18 -18 -18 -18 -18 -18 -18 -18 -18 -18 -18 -17 -18 -18 -17 -17 -17 -17 -17 -16 -16 -16 -16 -16 -16 -16 -16 -16 -16 -16 -16 -16 -16 -16 -15 -16 -16 -15 -15 -15 -15 -15 -15 -14 -14 -15 -15 -15 -15 -15 -15 -15 -14 -14 -14 -14 -14 -14 -14 -14 -14 -14 -14 -14 -11 -11 -11 -11 -11 -11 -10 -10 -10 -10 -10 -10 -10 -9 -9 -9 -9 -9 -9 -9 -9 -9 -9 -9 -9 -9 -9 -9 -9 -8 -8 -8 -9 -8 -8 -8 -8 -8 -8 -8 -7 -7 -7 -8 -8 -7 -7 -7 -7 -7 -7 -7 -7 -6 -6 -6 -6 -5 -5 -5 -6 -6 -6 -6 -5 -5 -5 -5 -5 -5 -5 -5 -4 -4 -4 -4 -4 -4 -4 -4 -4 -5 -6 -7 -6 -6 -6 -6 -5 -5 -5 -5 -5 -5 -5 -5 -5 -5 -5 -5 -4 -4 -5 -4 -4 -5 -5 -4 -4 -4 -5 -5 -5 -4 -5 -4 -4 -4 -4 -3 -4 -4 -4 -4 -4 -4 -4 -4 -4 -4 -4 -3 -3 -3 -3 -3 -4 -4 -4 -4 -4 -4 -4 -4 -4 -3 -4 -4 -4 -4 -5 -5 -5 -5 -5 -5 -5 -5 -4 -4 -4 -4 -4 -34 -34 -34 -34 -34 -33 -33 -33 -33 -32 -31 -31 -30 -31 -31 -32 -31 -30 -30 -30 -29 -29 -30 -29 -29 -29 -29 -29 -29 -28 -28 -29 -29 -28 -28 -28 -28 -28 -28 -28 -28 -28 -27 -27 -27 -27 -27 -27 -27 -26 -26 -26 -26 -26 -26 -26 -26 -25 -25 -25 -25 -25 -25 -24 -24 -24 -25 -25 -25 -25 -25 -24 -24 -24 -24 -24 -24 -24 -24 -23 -23 -23 -23 -23 -23 -23 -23 -23 -23 -23 -23 -23 -23 -23 -22 -22 -22 -22 -22 -22 -21 -21 -21 -21 -21 -21 -21 -21 -21 -21 -20 -20 -20 -20 -20 -20 -20 -20 -20 -20 -20 -20 -20 -20 -20 -19 -19 -19 -19 -19 -19 -19 -18 -18 -18 -18 -18 -18 -18 -18 -18 -18 -18 -18 -17 -18 -17 -17 -17 -18 -17 -17 -17 -17 -17 -17 -17 -16 -16 -16 -16 -16 -16 -16 -16 -16 -16 -16 -16 -16 -15 -15 -15 -15 -15 -15 -15 -15 -15 -15 -15 -15 -15 -14 -15 -14 -15 -14 -14 -14 -14 -14 -14 -14 -14 -14 -14 -14 -14 -14 -11 -11 -11 -11 -11 -10 -10 -10 -10 -10 -10 -10 -10 -10 -9 -9 -10 -9 -9 -9 -9 -9 -9 -9 -9 -9 -9 -9 -9 -9 -9 -8 -9 -8 -8 -8 -8 -8 -8 -8 -7 -7 -7 -7 -7 -7 -7 -7 -6 -6 -7 -7 -7 -7 -6 -6 -6 -6 -5 -5 -5 -5 -6 -6 -6 -5 -4 -5 -5 -5 -5 -4 -4 -4 -4 -4 -4 -4 -4 -4 -4 -5 -6 -7 -7 -6 -6 -5 -5 -5 -5 -5 -5 -5 -5 -5 -5 -5 -5 -5 -5 -5 -4 -4 -4 -4 -5 -5 -4 -4 -5 -5 -5 -5 -4 -5 -4 -4 -4 -4 -4 -4 -4 -4 -4 -4 -4 -5 -4 -4 -4 -4 -4 -3 -3 -3 -3 -4 -4 -4 -4 -4 -4 -4 -4 -3 -4 -3 -4 -4 -5 -5 -5 -5 -5 -5 -4 -33 -33 -33 -32 -32 -32 -32 -31 -30 -31 -31 -31 -31 -31 -30 -29 -29 -29 -30 -29 -29 -29 -29 -29 -29 -29 -29 -29 -28 -28 -28 -28 -28 -28 -28 -27 -27 -27 -27 -27 -27 -27 -27 -27 -26 -26 -26 -26 -26 -26 -26 -26 -26 -25 -25 -25 -25 -25 -25 -25 -24 -24 -25 -25 -24 -24 -24 -24 -24 -24 -24 -24 -24 -23 -23 -23 -23 -23 -23 -23 -23 -23 -23 -23 -23 -23 -23 -23 -23 -23 -22 -22 -22 -22 -22 -21 -21 -21 -21 -21 -21 -21 -21 -21 -21 -21 -20 -20 -20 -20 -20 -20 -20 -20 -20 -20 -20 -20 -20 -20 -20 -19 -19 -19 -19 -19 -19 -19 -19 -18 -18 -18 -18 -18 -18 -18 -18 -18 -18 -18 -17 -17 -17 -17 -18 -17 -17 -17 -17 -16 -16 -17 -17 -17 -16 -16 -16 -16 -16 -16 -16 -16 -16 -16 -16 -16 -15 -15 -15 -15 -15 -15 -15 -15 -15 -15 -15 -15 -14 -14 -14 -14 -14 -14 -14 -14 -14 -14 -14 -14 -14 -14 -14 -14 -14 -11 -11 -11 -10 -10 -10 -10 -10 -10 -10 -10 -10 -10 -10 -10 -10 -10 -9 -9 -9 -9 -9 -9 -9 -9 -9 -9 -9 -9 -9 -9 -8 -8 -9 -8 -8 -8 -8 -8 -8 -8 -8 -7 -7 -7 -7 -7 -7 -6 -6 -6 -6 -7 -6 -7 -6 -6 -6 -6 -5 -5 -5 -5 -5 -6 -5 -4 -4 -4 -4 -4 -4 -4 -4 -4 -4 -4 -4 -4 -4 -4 -5 -6 -6 -7 -7 -6 -6 -6 -5 -5 -5 -5 -5 -5 -5 -5 -5 -5 -5 -5 -5 -4 -4 -4 -4 -5 -5 -5 -5 -5 -4 -4 -5 -5 -4 -4 -4 -4 -4 -4 -4 -4 -4 -4 -4 -4 -4 -4 -4 -4 -4 -4 -4 -4 -4 -4 -4 -4 -4 -4 -4 -4 -4 -3 -3 -3 -3 -4 -4 -5 -5 -5 -5 -34 -34 -34 -34 -33 -32 -32 -33 -32 -31 -31 -32 -31 -31 -30 -30 -29 -29 -29 -29 -29 -29 -29 -29 -29 -29 -29 -29 -29 -28 -28 -28 -28 -28 -28 -28 -27 -28 -27 -27 -27 -27 -27 -27 -26 -26 -26 -26 -26 -26 -26 -25 -25 -26 -26 -25 -25 -25 -25 -25 -25 -25 -25 -25 -25 -25 -24 -24 -24 -24 -24 -24 -24 -24 -24 -24 -23 -23 -23 -23 -22 -22 -22 -22 -23 -23 -23 -23 -22 -23 -23 -22 -22 -22 -22 -22 -21 -21 -21 -21 -21 -21 -21 -21 -21 -21 -21 -21 -21 -20 -20 -20 -20 -20 -20 -20 -20 -20 -20 -20 -20 -20 -19 -19 -19 -19 -19 -19 -19 -19 -19 -19 -19 -18 -18 -18 -18 -18 -18 -18 -18 -18 -17 -17 -18 -18 -17 -17 -17 -17 -16 -16 -16 -16 -16 -16 -16 -16 -16 -16 -16 -16 -16 -16 -16 -16 -16 -15 -15 -15 -15 -15 -15 -15 -15 -15 -15 -15 -15 -14 -14 -14 -14 -14 -14 -14 -14 -14 -14 -14 -14 -14 -14 -14 -14 -14 -11 -11 -10 -10 -10 -10 -10 -10 -10 -10 -10 -10 -10 -10 -10 -10 -10 -10 -10 -9 -9 -9 -9 -9 -9 -9 -9 -9 -9 -9 -9 -8 -8 -9 -9 -9 -8 -8 -8 -8 -8 -8 -8 -8 -7 -7 -7 -6 -6 -6 -6 -6 -6 -6 -6 -6 -6 -6 -6 -6 -6 -5 -5 -5 -5 -4 -4 -5 -5 -5 -4 -4 -4 -5 -5 -4 -4 -4 -4 -4 -4 -5 -5 -6 -7 -7 -6 -6 -6 -6 -5 -5 -5 -5 -5 -5 -5 -5 -5 -5 -5 -5 -5 -4 -4 -4 -5 -5 -5 -5 -5 -5 -4 -5 -5 -5 -4 -4 -4 -4 -4 -4 -4 -4 -4 -4 -5 -4 -4 -4 -4 -4 -4 -4 -4 -4 -5 -5 -4 -4 -4 -3 -3 -3 -3 -3 -3 -3 -4 -3 -5 -5 -5 -5 -5 -34 -33 -32 -33 -33 -33 -33 -32 -32 -31 -31 -32 -31 -30 -30 -30 -30 -30 -29 -29 -29 -29 -29 -29 -29 -29 -29 -29 -29 -29 -28 -28 -28 -28 -28 -28 -28 -27 -27 -27 -27 -27 -27 -27 -26 -26 -26 -26 -26 -26 -25 -25 -26 -26 -26 -26 -26 -25 -25 -25 -25 -25 -25 -25 -25 -25 -24 -24 -24 -24 -24 -24 -24 -24 -24 -24 -24 -23 -23 -23 -23 -23 -22 -22 -23 -23 -23 -23 -23 -23 -22 -22 -22 -22 -21 -22 -22 -22 -22 -21 -21 -21 -21 -21 -21 -21 -21 -21 -21 -21 -21 -21 -21 -21 -20 -20 -20 -20 -20 -20 -20 -19 -19 -19 -19 -19 -19 -19 -19 -19 -19 -19 -18 -18 -18 -18 -18 -18 -18 -18 -18 -18 -18 -18 -18 -18 -17 -17 -17 -17 -16 -17 -16 -16 -16 -16 -16 -16 -16 -16 -16 -16 -16 -16 -16 -16 -16 -15 -15 -15 -15 -15 -15 -15 -15 -15 -15 -15 -14 -14 -14 -14 -14 -14 -14 -14 -14 -14 -14 -14 -14 -14 -14 -14 -14 -14 -11 -11 -10 -10 -10 -10 -10 -10 -10 -10 -10 -10 -10 -10 -10 -10 -10 -10 -10 -10 -9 -9 -9 -9 -9 -9 -9 -9 -9 -9 -8 -8 -8 -8 -8 -8 -8 -7 -8 -8 -8 -8 -8 -8 -7 -7 -7 -7 -6 -6 -7 -7 -6 -6 -6 -6 -6 -6 -6 -6 -6 -6 -5 -5 -4 -5 -4 -5 -5 -5 -5 -5 -5 -5 -5 -4 -4 -4 -4 -4 -5 -5 -6 -6 -7 -7 -7 -6 -6 -6 -5 -5 -5 -5 -5 -5 -5 -5 -5 -5 -5 -5 -5 -5 -4 -4 -4 -5 -5 -5 -5 -5 -5 -5 -5 -5 -5 -4 -5 -5 -5 -4 -4 -4 -4 -4 -4 -4 -4 -4 -4 -4 -4 -4 -4 -4 -4 -4 -4 -4 -3 -3 -3 -3 -3 -3 -3 -3 -3 -3 -5 -5 -5 -5 -5 -33 -32 -32 -32 -33 -33 -33 -32 -31 -31 -32 -31 -31 -31 -31 -30 -30 -29 -29 -29 -29 -29 -29 -29 -29 -29 -28 -28 -29 -29 -28 -28 -28 -28 -28 -28 -28 -27 -27 -27 -27 -27 -27 -26 -26 -26 -26 -26 -26 -26 -26 -26 -26 -26 -26 -26 -26 -25 -25 -25 -25 -25 -25 -25 -24 -24 -24 -24 -24 -24 -24 -24 -24 -24 -24 -24 -23 -23 -23 -23 -23 -22 -22 -22 -23 -23 -23 -23 -23 -22 -22 -22 -22 -22 -21 -21 -22 -22 -21 -21 -21 -21 -21 -20 -20 -20 -20 -20 -20 -20 -21 -21 -21 -21 -20 -20 -20 -20 -20 -20 -19 -19 -19 -19 -19 -19 -19 -19 -19 -19 -19 -18 -18 -18 -18 -18 -18 -18 -18 -18 -18 -18 -18 -18 -18 -17 -17 -17 -16 -16 -16 -16 -16 -16 -16 -16 -16 -16 -16 -16 -16 -16 -16 -16 -16 -15 -15 -15 -15 -15 -15 -15 -15 -14 -15 -15 -14 -14 -14 -15 -15 -14 -14 -14 -14 -14 -14 -14 -14 -14 -14 -14 -15 -14 -14 -11 -11 -10 -10 -10 -10 -10 -10 -10 -10 -10 -10 -10 -10 -10 -10 -10 -10 -10 -9 -9 -9 -9 -9 -9 -9 -9 -9 -9 -9 -9 -8 -8 -8 -8 -8 -8 -8 -8 -8 -8 -8 -8 -7 -7 -7 -7 -7 -7 -6 -6 -6 -6 -6 -6 -6 -6 -6 -6 -5 -5 -6 -5 -5 -5 -5 -5 -5 -5 -5 -4 -5 -5 -5 -5 -5 -5 -5 -5 -5 -5 -6 -6 -6 -6 -7 -6 -6 -6 -6 -6 -5 -5 -5 -5 -5 -5 -5 -5 -5 -5 -5 -5 -5 -5 -4 -4 -4 -4 -5 -5 -5 -5 -4 -5 -5 -5 -4 -4 -5 -5 -5 -4 -4 -4 -4 -4 -4 -4 -4 -4 -4 -4 -4 -5 -4 -4 -4 -4 -3 -3 -3 -3 -3 -3 -3 -3 -3 -3 -3 -5 -5 -5 -5 -39 -39 -34 -33 -32 -33 -33 -32 -33 -33 -33 -32 -32 -32 -31 -31 -31 -31 -30 -29 -29 -29 -29 -29 -29 -29 -29 -29 -29 -29 -29 -29 -29 -29 -29 -28 -28 -28 -28 -28 -27 -27 -27 -27 -26 -26 -26 -26 -26 -26 -26 -26 -26 -25 -25 -25 -25 -25 -26 -26 -26 -26 -26 -26 -25 -25 -25 -24 -24 -24 -24 -24 -24 -24 -24 -24 -24 -24 -23 -23 -23 -23 -23 -23 -22 -22 -22 -22 -22 -23 -23 -23 -22 -22 -22 -22 -22 -22 -21 -22 -22 -21 -21 -21 -21 -21 -21 -21 -21 -20 -20 -20 -20 -20 -20 -20 -20 -20 -20 -20 -20 -20 -20 -20 -19 -19 -19 -19 -19 -19 -19 -19 -19 -19 -18 -18 -18 -18 -18 -18 -18 -18 -18 -18 -18 -18 -18 -18 -17 -17 -17 -17 -16 -16 -17 -16 -16 -16 -16 -16 -16 -16 -16 -16 -16 -16 -16 -15 -15 -15 -15 -15 -15 -15 -15 -14 -14 -14 -14 -14 -14 -14 -14 -15 -15 -15 -14 -14 -14 -14 -14 -14 -14 -14 -14 -14 -14 -14 -11 -11 -11 -10 -10 -10 -10 -10 -10 -10 -10 -10 -10 -10 -10 -10 -10 -10 -10 -10 -9 -9 -9 -9 -9 -9 -9 -9 -9 -9 -9 -9 -9 -8 -8 -8 -8 -8 -8 -7 -7 -7 -7 -7 -7 -7 -7 -7 -7 -7 -7 -7 -6 -6 -6 -6 -5 -5 -6 -6 -5 -5 -5 -5 -5 -5 -6 -5 -5 -5 -5 -5 -5 -5 -5 -5 -5 -5 -5 -6 -6 -5 -5 -6 -6 -7 -7 -6 -6 -6 -6 -6 -5 -5 -5 -5 -5 -5 -5 -5 -4 -5 -5 -5 -5 -5 -4 -4 -4 -4 -5 -5 -4 -4 -5 -5 -5 -4 -4 -4 -5 -5 -5 -5 -4 -4 -4 -4 -4 -4 -4 -4 -4 -4 -4 -4 -4 -4 -3 -3 -3 -3 -3 -39 -37 -38 -34 -34 -34 -34 -33 -32 -32 -32 -32 -32 -32 -33 -32 -32 -32 -32 -31 -31 -30 -30 -30 -29 -29 -30 -29 -29 -30 -30 -29 -29 -29 -29 -28 -28 -28 -29 -29 -29 -28 -28 -28 -27 -27 -27 -27 -27 -27 -27 -26 -26 -26 -26 -26 -26 -26 -25 -25 -25 -25 -25 -25 -25 -25 -25 -25 -25 -25 -25 -25 -24 -24 -24 -24 -24 -24 -24 -24 -24 -24 -23 -23 -23 -23 -23 -23 -22 -23 -22 -22 -22 -23 -23 -23 -22 -22 -22 -23 -22 -22 -21 -22 -22 -22 -22 -22 -21 -21 -21 -21 -21 -21 -20 -20 -20 -20 -19 -20 -20 -20 -19 -20 -20 -20 -20 -20 -20 -19 -19 -19 -19 -19 -19 -19 -19 -19 -18 -18 -18 -18 -18 -18 -18 -18 -18 -18 -18 -18 -18 -18 -17 -17 -17 -17 -17 -17 -17 -17 -16 -16 -16 -16 -16 -16 -16 -16 -16 -16 -16 -15 -15 -15 -15 -15 -15 -15 -15 -15 -15 -14 -14 -14 -14 -14 -14 -15 -15 -15 -15 -15 -14 -14 -14 -14 -14 -14 -14 -14 -14 -14 -11 -11 -11 -10 -10 -10 -10 -10 -10 -10 -10 -10 -10 -10 -10 -10 -10 -10 -10 -10 -9 -9 -9 -10 -9 -9 -10 -9 -9 -9 -9 -9 -9 -9 -9 -8 -8 -8 -7 -7 -7 -7 -7 -7 -7 -7 -7 -7 -6 -6 -7 -7 -6 -7 -6 -6 -6 -6 -6 -6 -6 -6 -5 -5 -5 -6 -5 -5 -5 -5 -5 -5 -5 -5 -4 -5 -5 -5 -5 -5 -5 -5 -5 -6 -7 -7 -7 -7 -6 -6 -6 -6 -5 -5 -5 -5 -5 -5 -5 -5 -5 -5 -5 -5 -5 -5 -5 -4 -4 -4 -4 -4 -4 -4 -4 -4 -4 -4 -4 -4 -5 -5 -5 -5 -5 -4 -4 -4 -4 -4 -5 -4 -5 -4 -4 -4 -4 -4 -3 -39 -37 -36 -37 -38 -39 -38 -38 -39 -34 -34 -34 -34 -33 -34 -33 -33 -32 -32 -32 -32 -32 -32 -32 -32 -32 -32 -32 -32 -31 -31 -30 -29 -29 -30 -30 -30 -30 -29 -29 -29 -29 -29 -29 -28 -28 -28 -28 -28 -29 -29 -28 -28 -27 -27 -27 -27 -27 -27 -27 -27 -26 -26 -26 -26 -26 -26 -26 -25 -25 -25 -25 -25 -25 -25 -25 -24 -25 -25 -25 -25 -25 -24 -24 -24 -24 -24 -24 -24 -24 -24 -24 -23 -23 -23 -23 -23 -22 -23 -23 -22 -22 -22 -22 -22 -22 -22 -22 -22 -22 -22 -22 -22 -22 -22 -21 -21 -21 -21 -21 -21 -21 -21 -20 -20 -20 -19 -20 -20 -20 -19 -19 -20 -19 -19 -19 -20 -20 -20 -19 -19 -19 -19 -19 -18 -18 -18 -18 -18 -18 -18 -18 -18 -18 -18 -18 -18 -18 -18 -18 -18 -17 -17 -17 -17 -17 -17 -17 -17 -17 -17 -16 -16 -16 -16 -16 -16 -16 -16 -16 -15 -15 -15 -15 -15 -15 -15 -14 -15 -15 -15 -15 -15 -15 -14 -14 -14 -15 -15 -15 -15 -15 -14 -14 -14 -14 -14 -14 -14 -14 -14 -11 -11 -11 -11 -10 -10 -10 -10 -10 -10 -10 -10 -10 -10 -10 -10 -10 -10 -10 -10 -10 -10 -10 -10 -10 -10 -9 -9 -9 -9 -9 -9 -9 -9 -9 -8 -8 -8 -8 -7 -7 -7 -7 -7 -7 -7 -7 -7 -6 -6 -6 -6 -6 -6 -6 -6 -6 -6 -6 -6 -6 -5 -5 -5 -5 -5 -6 -5 -5 -5 -5 -5 -5 -4 -5 -5 -5 -5 -5 -4 -4 -5 -5 -6 -7 -7 -7 -7 -6 -6 -6 -6 -6 -5 -6 -5 -5 -5 -5 -5 -5 -5 -5 -5 -5 -5 -5 -5 -5 -5 -4 -4 -4 -4 -4 -4 -4 -4 -4 -4 -5 -5 -5 -5 -5 -4 -4 -4 -5 -5 -5 -5 -4 -4 -4 -4 -4 -4 -3 -39 -37 -36 -35 -36 -38 -36 -36 -36 -37 -38 -34 -33 -33 -33 -33 -33 -33 -32 -32 -32 -32 -32 -32 -33 -32 -32 -31 -31 -31 -32 -32 -31 -30 -30 -29 -29 -29 -29 -29 -29 -28 -28 -28 -28 -28 -28 -28 -28 -28 -28 -28 -28 -28 -28 -28 -27 -27 -27 -27 -27 -27 -27 -27 -26 -27 -26 -26 -26 -26 -26 -25 -25 -25 -25 -25 -25 -25 -25 -24 -24 -25 -25 -25 -25 -24 -24 -24 -24 -24 -24 -24 -24 -24 -24 -23 -23 -23 -23 -23 -23 -23 -23 -22 -22 -22 -22 -22 -22 -22 -22 -22 -22 -22 -21 -21 -21 -21 -21 -21 -21 -21 -21 -21 -21 -20 -20 -20 -20 -20 -20 -20 -20 -20 -19 -19 -19 -19 -19 -20 -19 -19 -19 -19 -19 -19 -19 -18 -18 -18 -18 -19 -18 -18 -18 -18 -18 -18 -18 -18 -18 -18 -17 -17 -17 -17 -17 -17 -17 -17 -17 -16 -16 -17 -16 -16 -16 -16 -16 -16 -16 -15 -15 -16 -15 -15 -15 -15 -15 -15 -15 -15 -15 -15 -15 -15 -15 -15 -14 -15 -15 -15 -15 -15 -14 -14 -14 -14 -14 -14 -14 -14 -14 -11 -11 -11 -11 -11 -10 -10 -10 -10 -10 -10 -10 -10 -10 -10 -10 -10 -10 -10 -10 -10 -10 -10 -10 -10 -10 -9 -9 -9 -9 -9 -9 -8 -8 -8 -8 -8 -8 -8 -7 -7 -8 -8 -8 -7 -7 -7 -6 -6 -6 -7 -6 -6 -6 -6 -6 -6 -6 -6 -6 -6 -5 -5 -5 -5 -5 -5 -5 -5 -5 -5 -5 -5 -5 -5 -5 -5 -5 -5 -4 -5 -5 -5 -6 -7 -7 -7 -7 -6 -6 -6 -6 -6 -6 -6 -5 -6 -5 -5 -5 -5 -5 -5 -5 -5 -5 -5 -5 -5 -5 -5 -4 -4 -4 -4 -5 -4 -4 -5 -4 -5 -5 -5 -5 -5 -5 -4 -4 -5 -5 -5 -5 -4 -4 -4 -4 -4 -4 -3 -39 -37 -36 -36 -36 -37 -35 -35 -35 -36 -37 -37 -37 -38 -34 -34 -34 -33 -34 -34 -33 -33 -32 -32 -32 -31 -32 -32 -32 -32 -32 -32 -31 -31 -31 -31 -32 -31 -31 -31 -30 -29 -29 -29 -29 -29 -28 -28 -28 -28 -28 -28 -28 -28 -28 -28 -28 -28 -27 -28 -28 -28 -28 -27 -27 -27 -27 -27 -27 -26 -26 -26 -26 -26 -26 -26 -26 -25 -25 -25 -25 -25 -25 -25 -25 -24 -24 -25 -25 -25 -24 -24 -24 -24 -24 -24 -24 -24 -24 -24 -24 -23 -23 -23 -23 -23 -23 -23 -23 -23 -22 -22 -22 -22 -22 -22 -22 -22 -22 -22 -21 -21 -21 -20 -21 -21 -21 -20 -20 -20 -20 -20 -20 -20 -20 -20 -20 -20 -20 -20 -19 -20 -20 -19 -20 -20 -19 -19 -19 -19 -19 -19 -19 -19 -19 -19 -19 -18 -18 -18 -18 -18 -18 -18 -18 -18 -18 -18 -17 -17 -17 -17 -17 -17 -17 -17 -16 -16 -16 -17 -16 -16 -16 -16 -16 -16 -15 -15 -15 -15 -15 -15 -15 -15 -15 -15 -15 -15 -15 -15 -15 -15 -15 -15 -15 -15 -15 -15 -14 -14 -14 -14 -14 -14 -14 -14 -14 -14 -11 -11 -11 -11 -11 -10 -10 -10 -10 -10 -10 -10 -10 -10 -10 -10 -10 -10 -10 -10 -10 -10 -10 -10 -10 -9 -9 -9 -9 -9 -9 -9 -8 -8 -8 -8 -8 -8 -8 -8 -7 -8 -8 -8 -7 -7 -7 -7 -6 -6 -6 -6 -6 -6 -6 -6 -5 -6 -5 -5 -5 -5 -5 -5 -5 -5 -5 -5 -5 -5 -5 -5 -5 -5 -5 -5 -5 -5 -5 -5 -5 -6 -6 -6 -6 -7 -7 -7 -6 -6 -6 -6 -6 -6 -6 -5 -6 -5 -5 -5 -5 -5 -5 -5 -5 -5 -5 -5 -5 -5 -5 -4 -4 -4 -4 -4 -5 -5 -5 -5 -5 -5 -5 -4 -5 -5 -4 -4 -4 -4 -4 -4 -4 -4 -4 -4 -4 -4 -3 -38 -37 -37 -36 -36 -35 -34 -34 -35 -36 -36 -35 -36 -37 -34 -34 -34 -34 -34 -33 -34 -33 -33 -33 -33 -33 -33 -32 -32 -32 -32 -32 -32 -31 -31 -30 -31 -31 -31 -30 -31 -30 -30 -30 -30 -29 -29 -29 -29 -29 -29 -29 -29 -29 -29 -28 -28 -28 -28 -27 -27 -27 -28 -28 -28 -28 -27 -27 -27 -27 -26 -26 -26 -26 -26 -26 -26 -26 -26 -26 -26 -25 -25 -25 -25 -25 -25 -25 -25 -25 -25 -25 -25 -24 -24 -24 -24 -24 -24 -24 -24 -24 -24 -24 -23 -23 -23 -23 -23 -23 -23 -23 -22 -22 -22 -22 -22 -22 -22 -22 -22 -22 -21 -21 -21 -20 -20 -21 -20 -20 -20 -20 -20 -20 -20 -20 -20 -20 -20 -20 -20 -20 -20 -20 -20 -20 -20 -19 -19 -19 -19 -19 -19 -19 -19 -19 -19 -19 -18 -18 -18 -18 -18 -18 -18 -18 -18 -18 -18 -18 -17 -17 -17 -17 -17 -17 -17 -17 -17 -16 -16 -17 -17 -16 -16 -16 -16 -15 -15 -15 -15 -15 -15 -15 -15 -15 -15 -15 -15 -15 -15 -15 -15 -15 -14 -15 -15 -15 -15 -15 -15 -15 -14 -14 -14 -14 -14 -14 -14 -14 -11 -11 -11 -11 -11 -11 -10 -10 -10 -10 -10 -10 -10 -10 -10 -10 -10 -10 -10 -10 -10 -10 -10 -10 -10 -10 -9 -10 -10 -10 -9 -9 -9 -9 -8 -8 -8 -8 -8 -8 -8 -8 -8 -8 -8 -7 -7 -7 -7 -6 -7 -6 -7 -6 -6 -6 -6 -6 -6 -5 -5 -5 -5 -5 -5 -5 -5 -5 -5 -5 -5 -5 -5 -5 -5 -5 -5 -6 -6 -6 -6 -6 -6 -6 -7 -7 -7 -6 -6 -6 -6 -6 -6 -6 -6 -5 -6 -6 -6 -5 -5 -5 -5 -5 -5 -5 -5 -5 -5 -5 -4 -4 -4 -4 -5 -5 -5 -5 -5 -5 -5 -4 -4 -4 -5 -5 -5 -4 -4 -4 -4 -4 -4 -5 -4 -4 -4 -4 -4 -3 -37 -36 -36 -36 -35 -35 -34 -35 -35 -35 -36 -37 -37 -37 -37 -37 -34 -34 -33 -33 -33 -33 -33 -33 -33 -33 -33 -33 -32 -32 -32 -32 -32 -32 -31 -31 -31 -30 -31 -31 -30 -30 -30 -30 -30 -29 -29 -29 -29 -30 -30 -30 -29 -29 -29 -29 -29 -29 -29 -28 -28 -28 -27 -27 -27 -27 -28 -28 -28 -27 -27 -27 -27 -26 -26 -26 -26 -26 -26 -26 -26 -26 -26 -25 -25 -25 -25 -25 -25 -25 -25 -26 -25 -25 -25 -24 -24 -24 -23 -24 -24 -24 -24 -24 -24 -23 -23 -23 -23 -23 -23 -23 -22 -22 -22 -22 -22 -22 -22 -22 -22 -22 -22 -22 -21 -21 -21 -21 -21 -21 -21 -20 -20 -20 -20 -20 -20 -20 -20 -20 -20 -20 -20 -20 -20 -20 -20 -20 -19 -19 -19 -19 -19 -19 -19 -19 -19 -19 -19 -19 -18 -18 -18 -18 -18 -18 -18 -18 -18 -18 -18 -18 -17 -17 -17 -17 -17 -17 -17 -17 -17 -16 -16 -16 -17 -17 -16 -16 -16 -16 -15 -15 -15 -15 -15 -15 -15 -15 -15 -15 -16 -16 -15 -15 -15 -15 -15 -15 -15 -15 -15 -15 -15 -15 -14 -14 -14 -14 -14 -14 -14 -14 -11 -11 -11 -11 -11 -11 -11 -11 -10 -10 -10 -10 -10 -10 -10 -10 -10 -10 -10 -10 -10 -10 -10 -10 -10 -10 -10 -10 -10 -9 -9 -9 -8 -8 -8 -9 -9 -9 -8 -9 -8 -8 -8 -8 -8 -7 -7 -7 -6 -6 -6 -6 -6 -6 -6 -6 -6 -6 -6 -6 -6 -6 -6 -5 -5 -5 -6 -6 -6 -6 -5 -5 -6 -5 -5 -5 -5 -5 -6 -6 -6 -6 -6 -7 -7 -7 -6 -6 -6 -6 -6 -6 -6 -6 -6 -6 -6 -6 -6 -6 -5 -5 -5 -5 -5 -5 -5 -5 -5 -5 -5 -5 -4 -4 -5 -5 -5 -5 -5 -5 -5 -5 -5 -4 -4 -4 -4 -4 -4 -4 -4 -5 -5 -4 -4 -4 -4 -4 -4 -38 -36 -36 -36 -35 -35 -35 -34 -34 -35 -36 -36 -37 -36 -35 -35 -35 -35 -35 -35 -36 -36 -36 -36 -36 -36 -36 -36 -36 -35 -35 -35 -35 -34 -34 -34 -33 -33 -33 -33 -34 -33 -33 -33 -33 -33 -32 -32 -32 -32 -32 -32 -31 -31 -31 -31 -31 -30 -30 -30 -30 -29 -29 -29 -29 -29 -29 -29 -29 -30 -30 -29 -29 -29 -29 -29 -28 -28 -28 -28 -28 -27 -27 -27 -27 -27 -27 -28 -27 -27 -27 -27 -27 -26 -26 -26 -26 -26 -26 -26 -26 -25 -25 -25 -25 -24 -25 -25 -25 -25 -26 -26 -25 -25 -24 -24 -24 -24 -24 -24 -23 -24 -24 -24 -23 -23 -23 -23 -23 -23 -23 -22 -22 -22 -22 -22 -22 -22 -22 -22 -22 -21 -21 -21 -21 -21 -21 -21 -21 -21 -20 -20 -19 -20 -20 -20 -20 -20 -20 -20 -20 -20 -20 -20 -20 -20 -19 -19 -19 -19 -19 -19 -19 -19 -19 -19 -19 -19 -18 -18 -18 -18 -18 -18 -18 -18 -18 -18 -18 -17 -17 -17 -17 -17 -17 -17 -17 -16 -17 -16 -16 -16 -16 -16 -16 -16 -16 -16 -16 -16 -15 -15 -15 -15 -15 -15 -15 -15 -15 -15 -15 -15 -15 -15 -15 -15 -15 -15 -15 -15 -15 -15 -15 -14 -14 -14 -14 -14 -14 -14 -11 -11 -11 -11 -11 -11 -11 -11 -11 -10 -10 -10 -10 -10 -10 -10 -10 -10 -10 -10 -10 -10 -10 -10 -10 -10 -10 -10 -10 -9 -9 -9 -9 -9 -9 -9 -9 -9 -9 -9 -9 -9 -8 -8 -7 -7 -7 -7 -7 -6 -7 -6 -6 -6 -6 -6 -6 -6 -6 -6 -6 -6 -5 -5 -5 -6 -6 -6 -6 -6 -5 -6 -6 -6 -6 -6 -6 -6 -6 -6 -7 -7 -6 -7 -7 -7 -6 -6 -6 -6 -6 -6 -6 -6 -6 -6 -6 -6 -6 -6 -5 -5 -5 -5 -5 -5 -5 -5 -5 -5 -5 -5 -5 -5 -5 -5 -5 -5 -5 -5 -5 -5 -5 -5 -5 -4 -4 -4 -4 -5 -5 -5 -4 -4 -4 -4 -4 -4 -4 -36 -35 -35 -35 -35 -35 -35 -35 -36 -37 -37 -36 -35 -34 -34 -34 -34 -34 -34 -35 -35 -35 -34 -34 -35 -35 -35 -35 -35 -34 -34 -34 -33 -34 -33 -33 -33 -33 -34 -34 -33 -33 -33 -32 -32 -32 -32 -32 -32 -32 -32 -31 -31 -31 -31 -31 -31 -31 -30 -29 -29 -29 -29 -29 -29 -29 -29 -29 -29 -29 -29 -29 -29 -28 -28 -28 -28 -28 -28 -28 -27 -27 -27 -27 -27 -27 -27 -27 -26 -27 -27 -26 -26 -26 -26 -26 -26 -26 -25 -25 -25 -25 -25 -24 -24 -24 -24 -24 -25 -25 -25 -25 -25 -25 -24 -24 -24 -24 -24 -23 -23 -23 -23 -23 -23 -23 -23 -22 -23 -22 -22 -22 -22 -22 -22 -22 -22 -22 -21 -21 -21 -21 -21 -21 -21 -21 -21 -21 -20 -20 -20 -19 -19 -19 -20 -20 -20 -20 -19 -20 -20 -20 -20 -20 -19 -19 -19 -19 -19 -19 -19 -19 -19 -19 -19 -18 -18 -18 -18 -18 -18 -18 -18 -18 -18 -18 -18 -17 -17 -17 -17 -17 -17 -17 -17 -16 -16 -16 -16 -16 -16 -16 -16 -16 -16 -16 -16 -16 -16 -15 -15 -15 -15 -15 -15 -15 -15 -15 -15 -15 -15 -15 -15 -15 -15 -15 -15 -15 -15 -15 -15 -14 -14 -14 -14 -14 -14 -14 -11 -11 -11 -11 -11 -11 -11 -11 -11 -11 -10 -10 -10 -10 -10 -10 -10 -10 -10 -10 -10 -10 -10 -10 -10 -10 -9 -9 -9 -9 -9 -9 -9 -9 -9 -8 -8 -8 -8 -8 -9 -9 -9 -8 -8 -8 -7 -7 -7 -6 -7 -7 -6 -6 -6 -6 -6 -6 -6 -6 -6 -6 -6 -6 -6 -6 -6 -7 -6 -6 -6 -6 -6 -7 -6 -6 -5 -5 -6 -6 -7 -7 -7 -7 -7 -7 -6 -6 -6 -6 -6 -6 -6 -6 -6 -6 -6 -6 -6 -6 -5 -5 -5 -5 -5 -5 -5 -5 -5 -5 -5 -5 -5 -5 -5 -5 -5 -5 -5 -5 -5 -5 -5 -5 -5 -5 -5 -5 -5 -5 -5 -5 -5 -4 -4 -4 -4 -4 -4 -36 -35 -35 -35 -35 -35 -36 -36 -36 -36 -36 -36 -34 -34 -33 -33 -33 -33 -34 -33 -33 -33 -33 -33 -33 -33 -34 -34 -34 -34 -33 -33 -34 -33 -33 -33 -32 -33 -33 -33 -33 -33 -33 -33 -32 -32 -32 -32 -32 -32 -31 -31 -31 -31 -31 -30 -30 -30 -29 -29 -29 -29 -29 -29 -29 -29 -29 -29 -29 -29 -29 -29 -29 -28 -28 -28 -28 -27 -27 -27 -27 -27 -27 -27 -27 -28 -27 -27 -27 -26 -26 -26 -26 -26 -26 -26 -26 -25 -25 -25 -25 -25 -25 -25 -25 -25 -24 -24 -25 -25 -25 -25 -25 -25 -24 -24 -23 -24 -23 -23 -23 -23 -23 -23 -23 -23 -23 -23 -22 -22 -22 -22 -22 -22 -22 -22 -22 -21 -21 -21 -21 -21 -21 -21 -21 -21 -20 -20 -20 -20 -20 -20 -20 -19 -20 -20 -19 -19 -20 -20 -20 -20 -20 -19 -19 -19 -19 -19 -19 -19 -19 -19 -19 -18 -19 -19 -19 -18 -18 -18 -18 -18 -18 -18 -18 -18 -17 -17 -17 -17 -17 -17 -17 -17 -17 -16 -16 -16 -16 -16 -16 -16 -16 -16 -16 -16 -16 -16 -15 -15 -15 -15 -15 -15 -15 -15 -15 -15 -15 -15 -15 -15 -15 -15 -15 -15 -15 -15 -15 -15 -14 -14 -14 -14 -14 -14 -14 -11 -11 -11 -11 -11 -11 -11 -11 -11 -11 -11 -10 -10 -10 -10 -10 -10 -10 -10 -10 -10 -10 -10 -10 -10 -10 -9 -9 -9 -9 -9 -9 -9 -9 -9 -8 -8 -8 -8 -8 -8 -8 -8 -8 -8 -7 -7 -7 -7 -7 -7 -7 -7 -7 -6 -6 -6 -6 -6 -6 -6 -6 -6 -6 -6 -7 -7 -6 -6 -6 -6 -6 -7 -7 -7 -6 -6 -6 -6 -6 -7 -7 -7 -7 -7 -6 -6 -6 -6 -6 -6 -6 -6 -6 -6 -6 -6 -6 -6 -6 -5 -5 -5 -5 -5 -5 -5 -5 -5 -5 -5 -5 -5 -5 -5 -5 -5 -5 -5 -5 -5 -5 -5 -4 -4 -5 -5 -5 -5 -5 -5 -5 -4 -4 -4 -4 -4 -4 -4 -36 -35 -34 -34 -34 -35 -36 -35 -36 -36 -35 -34 -33 -33 -32 -33 -33 -33 -32 -32 -33 -33 -33 -32 -32 -33 -33 -33 -33 -33 -34 -34 -33 -33 -32 -32 -34 -33 -33 -33 -33 -33 -32 -32 -32 -32 -32 -32 -32 -32 -31 -31 -31 -31 -31 -31 -30 -30 -30 -29 -29 -29 -29 -29 -29 -29 -29 -29 -29 -29 -28 -28 -28 -28 -28 -28 -28 -27 -27 -27 -28 -27 -27 -27 -28 -27 -27 -26 -26 -26 -26 -26 -26 -26 -26 -26 -25 -26 -26 -25 -25 -25 -25 -25 -25 -24 -24 -25 -25 -25 -24 -24 -24 -24 -24 -24 -24 -24 -23 -23 -23 -23 -23 -23 -23 -23 -23 -22 -22 -22 -22 -22 -22 -22 -22 -22 -21 -21 -21 -21 -21 -21 -21 -21 -21 -21 -21 -20 -20 -20 -20 -20 -19 -19 -19 -19 -19 -19 -19 -20 -20 -20 -19 -19 -19 -19 -19 -19 -19 -19 -18 -18 -18 -19 -19 -18 -18 -18 -18 -18 -18 -18 -18 -18 -18 -17 -17 -17 -17 -17 -17 -17 -17 -17 -16 -16 -16 -16 -16 -16 -16 -16 -16 -16 -16 -16 -15 -15 -15 -16 -15 -15 -15 -15 -15 -15 -15 -15 -15 -15 -15 -15 -15 -15 -15 -15 -15 -15 -15 -15 -15 -15 -14 -14 -14 -14 -11 -11 -11 -11 -11 -11 -11 -11 -11 -11 -11 -10 -10 -10 -10 -10 -10 -10 -10 -10 -10 -10 -10 -10 -10 -9 -9 -9 -9 -9 -9 -9 -10 -9 -9 -9 -8 -8 -8 -8 -8 -8 -8 -8 -8 -7 -7 -7 -7 -7 -7 -7 -7 -7 -7 -6 -6 -6 -6 -6 -6 -6 -6 -7 -7 -7 -7 -6 -6 -6 -6 -6 -7 -7 -7 -6 -6 -7 -7 -7 -7 -7 -7 -7 -7 -6 -6 -6 -6 -6 -6 -6 -6 -6 -6 -6 -6 -6 -6 -6 -5 -5 -5 -5 -5 -5 -5 -5 -5 -5 -5 -6 -5 -5 -5 -5 -5 -5 -5 -5 -5 -5 -5 -5 -5 -5 -5 -5 -5 -5 -5 -4 -4 -4 -4 -4 -4 -35 -34 -33 -33 -34 -34 -34 -34 -35 -34 -34 -33 -32 -32 -33 -33 -32 -32 -32 -32 -32 -32 -32 -32 -32 -33 -33 -33 -34 -33 -33 -33 -33 -32 -33 -34 -33 -33 -33 -32 -33 -33 -33 -32 -32 -31 -32 -32 -32 -31 -31 -31 -31 -31 -30 -30 -30 -29 -29 -29 -29 -29 -29 -29 -29 -29 -29 -29 -29 -29 -28 -28 -28 -28 -28 -28 -28 -27 -27 -27 -27 -28 -28 -27 -27 -27 -27 -26 -26 -26 -26 -26 -26 -26 -25 -25 -26 -26 -26 -25 -25 -26 -25 -25 -24 -24 -24 -24 -24 -25 -25 -25 -24 -24 -24 -24 -24 -23 -23 -23 -23 -23 -23 -23 -23 -22 -22 -22 -22 -22 -22 -22 -22 -22 -22 -21 -21 -21 -21 -21 -21 -21 -21 -21 -21 -21 -21 -20 -20 -20 -20 -20 -19 -20 -19 -19 -19 -19 -19 -19 -19 -19 -19 -19 -19 -19 -19 -19 -18 -18 -18 -18 -19 -19 -19 -18 -18 -18 -18 -18 -18 -18 -18 -17 -17 -17 -17 -17 -17 -17 -17 -17 -17 -17 -17 -16 -16 -16 -16 -16 -16 -16 -16 -16 -15 -15 -15 -15 -16 -16 -15 -15 -15 -15 -15 -15 -15 -15 -15 -15 -15 -15 -15 -15 -15 -15 -15 -15 -15 -15 -14 -14 -14 -14 -14 -11 -11 -11 -11 -11 -11 -11 -11 -11 -11 -11 -10 -10 -10 -10 -10 -10 -10 -10 -10 -10 -10 -10 -10 -10 -10 -9 -9 -9 -9 -9 -9 -9 -10 -9 -9 -9 -8 -8 -8 -8 -8 -8 -8 -7 -7 -7 -8 -7 -7 -7 -7 -7 -7 -7 -6 -6 -6 -6 -6 -7 -7 -7 -7 -7 -6 -6 -6 -6 -6 -7 -7 -7 -7 -7 -7 -7 -7 -7 -7 -7 -7 -7 -7 -7 -7 -6 -6 -6 -7 -6 -6 -6 -6 -6 -6 -6 -6 -6 -6 -6 -5 -5 -5 -5 -5 -6 -5 -5 -5 -6 -6 -5 -6 -6 -5 -5 -5 -5 -5 -5 -5 -5 -5 -5 -5 -5 -5 -5 -5 -5 -5 -4 -4 -4 -4 -4 -33 -33 -34 -34 -34 -34 -34 -34 -34 -34 -33 -33 -32 -32 -32 -32 -31 -32 -32 -31 -31 -31 -32 -32 -32 -32 -32 -32 -32 -31 -32 -32 -32 -32 -33 -34 -33 -32 -32 -33 -32 -32 -32 -31 -31 -31 -31 -31 -31 -30 -30 -30 -30 -30 -30 -29 -29 -29 -29 -29 -28 -28 -29 -29 -29 -29 -29 -29 -28 -28 -28 -28 -28 -28 -28 -28 -28 -27 -27 -27 -27 -27 -27 -27 -27 -26 -26 -26 -26 -26 -26 -26 -26 -25 -25 -25 -26 -26 -26 -26 -26 -25 -24 -25 -25 -24 -24 -24 -25 -26 -25 -25 -24 -24 -23 -24 -24 -23 -23 -23 -23 -23 -23 -23 -22 -22 -22 -22 -22 -22 -22 -22 -22 -22 -21 -21 -21 -21 -21 -21 -21 -21 -20 -20 -20 -20 -20 -20 -20 -20 -20 -20 -20 -20 -20 -20 -19 -19 -19 -19 -19 -19 -19 -19 -19 -19 -19 -19 -19 -19 -18 -19 -19 -19 -19 -18 -18 -18 -18 -18 -18 -18 -18 -18 -17 -17 -17 -17 -17 -17 -17 -17 -17 -17 -16 -16 -16 -16 -16 -16 -16 -16 -16 -16 -16 -15 -15 -16 -16 -16 -15 -15 -15 -15 -15 -15 -15 -15 -15 -15 -15 -15 -15 -15 -15 -15 -15 -15 -14 -14 -14 -14 -14 -15 -11 -11 -11 -11 -11 -11 -11 -11 -11 -11 -11 -10 -10 -10 -10 -10 -10 -10 -10 -10 -10 -10 -10 -10 -10 -10 -9 -9 -9 -9 -9 -10 -10 -10 -9 -9 -9 -8 -8 -8 -9 -8 -8 -8 -7 -7 -8 -8 -7 -7 -7 -7 -7 -7 -6 -6 -6 -6 -6 -6 -7 -7 -8 -7 -7 -6 -6 -6 -6 -7 -7 -7 -7 -7 -6 -7 -7 -7 -7 -7 -7 -7 -7 -7 -7 -7 -6 -7 -7 -7 -6 -6 -6 -6 -6 -6 -6 -6 -6 -6 -5 -5 -5 -5 -5 -6 -6 -5 -5 -6 -6 -6 -6 -6 -6 -5 -5 -5 -5 -5 -5 -5 -5 -5 -5 -5 -5 -5 -5 -5 -5 -5 -4 -4 -4 -4 -4 -33 -33 -33 -33 -33 -33 -33 -34 -33 -34 -33 -33 -32 -32 -32 -31 -31 -32 -31 -31 -31 -31 -31 -31 -32 -32 -32 -31 -31 -31 -31 -31 -31 -31 -32 -33 -33 -32 -32 -31 -31 -31 -31 -30 -30 -30 -30 -30 -30 -29 -29 -29 -30 -30 -30 -30 -30 -29 -29 -29 -29 -28 -28 -28 -28 -28 -29 -28 -28 -28 -28 -28 -28 -28 -28 -28 -28 -27 -27 -27 -27 -26 -27 -27 -27 -26 -26 -26 -26 -25 -25 -25 -25 -25 -25 -25 -25 -25 -26 -26 -26 -25 -25 -25 -26 -26 -25 -26 -25 -24 -25 -24 -24 -24 -24 -24 -24 -24 -23 -23 -23 -23 -23 -23 -22 -22 -22 -22 -22 -22 -22 -22 -22 -22 -21 -21 -21 -21 -21 -21 -21 -21 -20 -21 -20 -20 -20 -20 -20 -20 -20 -20 -20 -20 -20 -20 -20 -19 -19 -19 -19 -19 -19 -19 -19 -19 -19 -19 -19 -19 -18 -19 -19 -19 -19 -18 -18 -18 -18 -18 -18 -18 -18 -18 -17 -17 -17 -17 -17 -16 -16 -16 -16 -17 -17 -16 -16 -16 -16 -16 -16 -16 -16 -16 -16 -16 -15 -15 -15 -15 -15 -15 -15 -15 -15 -15 -15 -15 -15 -15 -15 -15 -15 -14 -15 -14 -14 -14 -14 -14 -14 -14 -14 -15 -12 -11 -11 -11 -11 -11 -11 -12 -11 -11 -11 -10 -10 -10 -10 -10 -10 -10 -10 -10 -10 -10 -10 -10 -9 -10 -9 -9 -9 -10 -9 -9 -9 -9 -9 -9 -9 -9 -8 -8 -9 -9 -8 -8 -8 -8 -8 -8 -8 -7 -7 -7 -7 -7 -7 -7 -6 -6 -6 -6 -7 -7 -8 -8 -7 -7 -6 -7 -7 -7 -7 -7 -7 -7 -7 -7 -7 -7 -7 -7 -7 -7 -7 -7 -7 -7 -7 -7 -7 -7 -7 -7 -7 -7 -7 -6 -6 -6 -6 -6 -5 -5 -5 -5 -5 -5 -5 -5 -5 -6 -6 -6 -6 -6 -6 -6 -6 -6 -6 -5 -5 -5 -5 -5 -5 -5 -5 -5 -5 -5 -5 -5 -4 -4 -4 -4 -4 -33 -33 -34 -34 -33 -33 -33 -33 -33 -33 -33 -33 -33 -32 -31 -31 -31 -31 -31 -31 -31 -31 -31 -31 -31 -31 -31 -31 -30 -30 -30 -30 -31 -31 -32 -32 -31 -31 -30 -30 -30 -30 -30 -30 -30 -30 -29 -29 -29 -29 -29 -30 -30 -29 -30 -30 -29 -29 -29 -29 -29 -28 -28 -28 -28 -28 -28 -28 -28 -28 -28 -28 -28 -28 -28 -28 -27 -27 -27 -27 -27 -27 -27 -26 -26 -26 -26 -26 -25 -25 -25 -25 -25 -25 -26 -26 -26 -26 -26 -26 -26 -26 -26 -25 -26 -26 -25 -24 -23 -23 -24 -24 -24 -24 -24 -24 -24 -24 -23 -23 -23 -23 -23 -22 -22 -22 -22 -22 -22 -22 -22 -22 -21 -21 -21 -21 -21 -21 -21 -21 -21 -21 -21 -20 -20 -20 -20 -20 -20 -20 -20 -20 -19 -20 -20 -19 -19 -19 -19 -19 -19 -19 -19 -19 -19 -19 -19 -19 -19 -19 -18 -19 -19 -19 -19 -18 -18 -18 -18 -18 -18 -18 -18 -17 -17 -17 -17 -16 -16 -16 -16 -16 -17 -16 -16 -16 -16 -16 -16 -16 -16 -16 -16 -16 -16 -16 -16 -15 -15 -15 -15 -15 -15 -15 -15 -15 -15 -15 -15 -15 -15 -15 -15 -15 -15 -15 -14 -14 -14 -14 -14 -15 -15 -12 -11 -11 -11 -11 -11 -11 -12 -11 -11 -11 -10 -10 -10 -10 -10 -10 -10 -10 -10 -10 -10 -10 -10 -9 -9 -9 -10 -10 -10 -9 -9 -9 -9 -9 -9 -9 -9 -9 -8 -9 -9 -8 -8 -8 -8 -9 -9 -8 -8 -8 -7 -7 -7 -7 -7 -6 -6 -6 -6 -6 -7 -7 -8 -8 -8 -7 -7 -8 -8 -7 -7 -7 -7 -7 -7 -7 -7 -7 -7 -7 -7 -7 -7 -7 -7 -7 -7 -7 -7 -7 -7 -7 -7 -7 -6 -6 -6 -6 -6 -6 -5 -5 -5 -5 -5 -5 -5 -5 -5 -6 -6 -6 -5 -6 -6 -6 -6 -6 -5 -5 -5 -5 -5 -5 -5 -5 -5 -5 -5 -5 -5 -4 -4 -4 -4 -4 -33 -33 -34 -34 -33 -33 -33 -33 -33 -33 -33 -33 -32 -32 -31 -31 -31 -31 -31 -31 -31 -31 -30 -30 -31 -30 -30 -30 -30 -30 -30 -30 -31 -31 -30 -31 -30 -30 -30 -30 -30 -30 -30 -30 -30 -29 -29 -29 -29 -29 -29 -29 -29 -29 -30 -30 -29 -29 -29 -29 -29 -28 -28 -28 -28 -28 -28 -28 -28 -28 -28 -28 -28 -28 -28 -27 -27 -27 -27 -27 -27 -27 -26 -26 -26 -26 -26 -26 -25 -25 -25 -25 -25 -25 -25 -26 -26 -25 -25 -25 -25 -24 -24 -25 -25 -25 -24 -24 -24 -24 -24 -24 -24 -24 -24 -24 -24 -23 -23 -23 -23 -23 -23 -22 -22 -22 -22 -22 -22 -22 -21 -21 -21 -21 -21 -21 -21 -21 -21 -21 -21 -20 -20 -20 -20 -20 -20 -20 -20 -20 -20 -20 -19 -19 -19 -19 -19 -19 -19 -19 -19 -19 -19 -19 -19 -19 -19 -19 -19 -19 -19 -19 -19 -19 -18 -18 -18 -18 -18 -18 -18 -18 -17 -17 -17 -17 -17 -16 -16 -16 -16 -16 -16 -16 -16 -16 -16 -16 -16 -16 -16 -16 -16 -16 -16 -16 -16 -16 -16 -15 -15 -15 -15 -15 -15 -15 -15 -15 -15 -15 -15 -15 -15 -15 -15 -15 -15 -15 -15 -15 -14 -14 -12 -11 -11 -11 -11 -11 -11 -11 -12 -11 -11 -10 -10 -10 -10 -10 -10 -10 -10 -10 -10 -10 -10 -10 -9 -9 -9 -10 -10 -9 -9 -9 -9 -9 -9 -9 -9 -9 -9 -9 -9 -9 -9 -8 -8 -8 -9 -8 -8 -8 -8 -8 -8 -8 -7 -7 -7 -7 -7 -6 -6 -6 -7 -7 -8 -8 -8 -7 -7 -8 -8 -8 -8 -7 -7 -7 -7 -7 -7 -7 -7 -7 -7 -7 -7 -7 -7 -7 -7 -7 -7 -7 -7 -7 -7 -6 -6 -6 -6 -6 -6 -6 -5 -5 -5 -5 -5 -5 -6 -6 -6 -6 -6 -5 -5 -6 -6 -6 -5 -5 -5 -5 -5 -5 -5 -5 -5 -5 -5 -5 -5 -5 -5 -5 -4 -4 -4 -33 -34 -33 -33 -33 -33 -33 -33 -33 -33 -33 -33 -32 -31 -31 -31 -30 -30 -31 -31 -31 -31 -30 -30 -30 -30 -30 -30 -30 -30 -30 -30 -30 -30 -30 -30 -30 -30 -30 -30 -30 -30 -30 -30 -30 -29 -29 -29 -29 -29 -29 -29 -29 -30 -30 -29 -29 -29 -29 -29 -29 -28 -29 -28 -28 -28 -28 -28 -28 -28 -28 -28 -28 -28 -27 -27 -27 -27 -27 -27 -27 -27 -26 -26 -26 -26 -26 -26 -25 -26 -25 -25 -25 -26 -26 -25 -25 -25 -25 -25 -24 -24 -24 -25 -25 -25 -24 -24 -24 -24 -23 -23 -23 -23 -23 -23 -23 -23 -23 -23 -23 -23 -23 -22 -22 -22 -22 -22 -22 -21 -21 -21 -21 -21 -21 -21 -21 -21 -21 -20 -20 -20 -20 -20 -20 -20 -20 -20 -20 -20 -20 -19 -19 -19 -19 -19 -19 -19 -19 -19 -19 -19 -19 -19 -19 -19 -19 -19 -19 -19 -19 -19 -19 -18 -18 -18 -18 -18 -18 -18 -18 -17 -17 -17 -17 -17 -16 -16 -16 -16 -16 -16 -16 -16 -16 -16 -16 -16 -16 -16 -16 -16 -16 -16 -15 -16 -16 -16 -16 -16 -16 -16 -15 -15 -15 -15 -15 -15 -15 -15 -15 -15 -15 -15 -15 -15 -15 -14 -15 -15 -15 -11 -11 -11 -11 -11 -11 -11 -12 -12 -11 -11 -10 -10 -10 -10 -10 -10 -10 -10 -10 -10 -10 -10 -10 -10 -10 -10 -10 -10 -9 -9 -9 -9 -9 -9 -9 -9 -9 -9 -9 -9 -9 -8 -8 -8 -9 -9 -9 -8 -8 -8 -8 -7 -8 -8 -7 -7 -7 -7 -7 -7 -7 -7 -7 -7 -7 -8 -8 -8 -8 -8 -8 -8 -7 -7 -7 -7 -7 -7 -7 -7 -7 -7 -7 -7 -7 -7 -7 -7 -7 -7 -7 -7 -6 -7 -6 -6 -6 -6 -6 -6 -6 -6 -5 -5 -5 -5 -5 -5 -6 -6 -5 -5 -5 -5 -5 -5 -5 -5 -5 -5 -5 -5 -5 -5 -5 -5 -5 -5 -5 -5 -5 -4 -5 -4 -4 -4 -34 -34 -33 -33 -33 -33 -33 -33 -33 -32 -33 -32 -31 -31 -31 -31 -31 -31 -31 -31 -31 -30 -30 -30 -30 -30 -31 -30 -30 -30 -31 -30 -30 -30 -31 -30 -30 -30 -30 -30 -30 -30 -30 -30 -29 -29 -29 -29 -29 -29 -29 -29 -29 -29 -29 -29 -29 -29 -29 -29 -29 -29 -29 -28 -28 -28 -28 -28 -28 -28 -28 -27 -27 -27 -27 -27 -27 -27 -27 -27 -27 -26 -26 -26 -26 -26 -26 -26 -26 -26 -26 -26 -26 -26 -26 -25 -25 -25 -25 -25 -25 -24 -24 -24 -25 -24 -24 -24 -24 -24 -23 -23 -23 -23 -23 -23 -23 -23 -23 -23 -23 -23 -22 -22 -22 -22 -22 -22 -22 -21 -21 -21 -21 -21 -21 -21 -20 -20 -20 -20 -20 -20 -20 -20 -20 -20 -20 -20 -20 -19 -19 -19 -19 -19 -19 -19 -19 -19 -18 -18 -19 -19 -18 -18 -18 -18 -19 -19 -19 -19 -19 -19 -18 -18 -18 -18 -18 -18 -18 -18 -17 -17 -17 -17 -16 -16 -16 -16 -16 -16 -16 -16 -16 -16 -16 -15 -15 -16 -16 -16 -16 -16 -15 -15 -15 -15 -15 -15 -16 -16 -16 -15 -15 -15 -15 -15 -15 -15 -15 -15 -15 -15 -15 -15 -15 -14 -15 -15 -15 -15 -11 -11 -11 -11 -11 -12 -12 -12 -11 -11 -11 -11 -10 -10 -10 -10 -10 -10 -10 -10 -10 -10 -10 -10 -10 -10 -10 -10 -10 -9 -9 -9 -9 -9 -9 -9 -9 -9 -9 -9 -9 -9 -9 -8 -8 -9 -8 -8 -8 -8 -8 -8 -7 -7 -8 -8 -7 -7 -7 -7 -7 -7 -7 -7 -7 -7 -7 -8 -8 -8 -8 -8 -8 -8 -7 -7 -7 -8 -7 -7 -8 -7 -7 -7 -7 -7 -7 -7 -7 -7 -7 -6 -6 -7 -7 -6 -6 -6 -6 -6 -6 -6 -5 -5 -5 -5 -5 -5 -5 -5 -6 -6 -6 -6 -6 -5 -5 -5 -5 -5 -5 -5 -5 -5 -5 -5 -5 -5 -5 -5 -5 -5 -5 -5 -4 -4 -33 -32 -32 -32 -32 -32 -32 -33 -33 -33 -32 -32 -31 -31 -31 -31 -31 -31 -31 -31 -31 -31 -31 -31 -31 -31 -31 -30 -30 -31 -31 -31 -30 -31 -30 -30 -30 -31 -31 -31 -30 -30 -30 -30 -29 -29 -29 -29 -29 -29 -29 -29 -29 -29 -29 -29 -30 -29 -29 -29 -29 -29 -29 -28 -28 -28 -28 -28 -27 -27 -27 -27 -27 -27 -27 -27 -27 -27 -26 -26 -26 -26 -26 -26 -26 -26 -26 -26 -26 -26 -26 -26 -26 -25 -26 -25 -25 -25 -25 -25 -25 -24 -24 -24 -24 -24 -24 -24 -24 -24 -23 -23 -23 -23 -23 -23 -23 -23 -23 -23 -22 -22 -22 -22 -22 -22 -22 -22 -21 -21 -21 -21 -21 -21 -20 -20 -20 -20 -20 -20 -20 -20 -20 -20 -20 -20 -20 -20 -19 -19 -19 -19 -19 -19 -19 -19 -19 -18 -18 -18 -18 -18 -18 -18 -19 -19 -19 -19 -19 -19 -18 -18 -18 -18 -18 -18 -18 -18 -18 -17 -16 -16 -16 -16 -16 -16 -16 -15 -15 -16 -16 -16 -16 -16 -16 -15 -15 -15 -15 -15 -15 -15 -15 -15 -15 -16 -16 -16 -16 -16 -15 -15 -15 -15 -15 -15 -15 -15 -15 -15 -15 -15 -15 -15 -15 -15 -14 -15 -15 -11 -11 -11 -11 -12 -12 -12 -11 -11 -11 -11 -11 -10 -10 -10 -10 -10 -10 -10 -10 -10 -10 -10 -10 -10 -10 -10 -10 -10 -10 -9 -9 -9 -9 -9 -9 -9 -9 -9 -9 -9 -9 -9 -9 -9 -9 -8 -8 -8 -8 -8 -8 -8 -7 -8 -8 -7 -7 -7 -7 -7 -7 -7 -7 -7 -7 -7 -7 -7 -8 -8 -8 -8 -8 -8 -8 -8 -8 -8 -7 -8 -7 -7 -7 -7 -7 -7 -7 -7 -7 -7 -7 -6 -6 -7 -6 -6 -6 -7 -7 -6 -5 -5 -5 -5 -5 -6 -6 -6 -6 -6 -6 -6 -6 -6 -6 -6 -6 -6 -6 -6 -5 -5 -5 -5 -5 -5 -5 -5 -5 -5 -5 -5 -5 -4 -4 -33 -33 -33 -33 -32 -32 -33 -33 -32 -32 -32 -32 -31 -30 -31 -30 -30 -31 -31 -31 -31 -31 -31 -31 -31 -30 -30 -30 -31 -30 -30 -30 -30 -30 -30 -30 -30 -31 -31 -30 -30 -30 -30 -30 -30 -30 -30 -29 -29 -29 -29 -29 -29 -29 -29 -29 -29 -29 -29 -29 -29 -29 -28 -28 -28 -28 -28 -27 -27 -27 -27 -27 -27 -27 -27 -27 -27 -26 -26 -26 -26 -26 -26 -26 -26 -26 -26 -26 -26 -26 -25 -25 -25 -25 -26 -26 -25 -25 -25 -25 -24 -24 -24 -24 -24 -24 -24 -24 -24 -23 -23 -22 -23 -23 -23 -23 -23 -23 -23 -23 -22 -22 -22 -22 -22 -22 -22 -22 -21 -21 -21 -21 -21 -20 -20 -20 -20 -20 -20 -20 -20 -20 -20 -20 -20 -20 -19 -19 -19 -19 -19 -19 -19 -19 -19 -19 -19 -18 -18 -18 -18 -18 -19 -19 -19 -19 -19 -19 -19 -19 -18 -18 -18 -18 -18 -18 -18 -18 -17 -17 -17 -17 -17 -16 -17 -16 -16 -16 -16 -16 -16 -16 -16 -16 -15 -15 -15 -15 -15 -15 -15 -15 -15 -15 -16 -16 -16 -16 -16 -16 -15 -15 -15 -15 -15 -15 -15 -15 -15 -15 -15 -15 -15 -15 -15 -15 -15 -14 -11 -11 -11 -11 -11 -11 -11 -11 -11 -11 -11 -11 -10 -10 -10 -10 -10 -10 -10 -10 -10 -10 -10 -10 -10 -9 -10 -10 -10 -10 -10 -10 -10 -10 -9 -10 -10 -10 -10 -10 -9 -9 -9 -9 -9 -9 -9 -9 -9 -9 -9 -8 -8 -8 -8 -8 -8 -7 -7 -8 -7 -7 -7 -7 -7 -7 -7 -7 -7 -8 -8 -8 -8 -8 -8 -8 -8 -8 -8 -8 -7 -7 -7 -7 -7 -7 -7 -7 -7 -7 -7 -7 -7 -6 -6 -6 -6 -6 -7 -6 -5 -5 -5 -5 -5 -5 -6 -6 -6 -5 -6 -6 -6 -6 -6 -6 -6 -6 -6 -6 -5 -5 -5 -5 -6 -6 -5 -6 -5 -5 -5 -5 -5 -5 -5 -5 -33 -33 -33 -33 -33 -33 -33 -32 -31 -31 -31 -31 -30 -30 -31 -31 -31 -30 -30 -30 -31 -31 -31 -31 -31 -30 -30 -31 -30 -30 -30 -30 -30 -30 -30 -30 -30 -31 -30 -30 -30 -30 -30 -30 -29 -30 -29 -30 -30 -29 -29 -29 -29 -29 -29 -29 -28 -28 -29 -29 -29 -29 -29 -29 -29 -28 -28 -27 -27 -27 -27 -27 -27 -27 -27 -27 -26 -26 -26 -26 -26 -26 -26 -26 -26 -25 -25 -25 -25 -25 -25 -25 -25 -25 -26 -25 -25 -25 -25 -25 -25 -24 -24 -24 -24 -24 -24 -24 -23 -23 -23 -23 -23 -23 -23 -23 -23 -23 -23 -23 -22 -22 -22 -22 -22 -22 -22 -21 -21 -21 -21 -21 -21 -20 -20 -20 -20 -20 -20 -20 -20 -20 -20 -19 -19 -19 -19 -19 -19 -19 -19 -19 -19 -19 -19 -19 -19 -18 -18 -18 -18 -18 -18 -19 -19 -19 -19 -19 -19 -19 -18 -18 -18 -18 -18 -18 -18 -18 -17 -16 -17 -17 -16 -17 -17 -16 -16 -16 -16 -16 -16 -15 -15 -15 -15 -15 -15 -15 -15 -15 -15 -15 -15 -16 -15 -16 -16 -16 -16 -15 -15 -15 -15 -15 -15 -15 -15 -15 -15 -15 -15 -15 -15 -14 -15 -14 -14 -11 -10 -11 -12 -11 -11 -11 -11 -12 -11 -11 -11 -10 -10 -10 -10 -10 -10 -10 -10 -10 -10 -10 -10 -10 -10 -10 -10 -10 -10 -10 -9 -10 -10 -9 -9 -9 -10 -10 -10 -9 -9 -9 -9 -9 -9 -9 -9 -9 -9 -9 -8 -8 -8 -8 -8 -8 -8 -8 -8 -8 -8 -8 -8 -7 -7 -7 -7 -8 -8 -8 -8 -8 -8 -8 -8 -8 -7 -7 -7 -7 -7 -7 -7 -7 -7 -7 -7 -7 -7 -7 -7 -7 -7 -7 -6 -6 -6 -6 -6 -5 -5 -5 -5 -5 -5 -5 -5 -5 -5 -6 -6 -6 -6 -6 -6 -6 -6 -6 -6 -5 -5 -5 -5 -6 -6 -6 -6 -6 -5 -5 -5 -5 -5 -5 -32 -32 -32 -33 -33 -32 -32 -32 -32 -31 -31 -30 -30 -30 -31 -31 -31 -31 -31 -31 -31 -31 -31 -31 -30 -30 -30 -30 -30 -30 -30 -30 -29 -30 -30 -30 -30 -30 -30 -30 -30 -29 -29 -29 -29 -29 -29 -29 -29 -29 -28 -28 -28 -28 -28 -28 -28 -28 -29 -29 -29 -29 -29 -29 -29 -29 -28 -27 -27 -27 -27 -27 -27 -27 -26 -26 -26 -26 -26 -26 -26 -26 -25 -25 -25 -25 -25 -25 -25 -25 -24 -25 -25 -25 -25 -25 -25 -24 -24 -24 -24 -24 -24 -24 -24 -24 -24 -24 -23 -23 -23 -22 -22 -23 -23 -22 -22 -23 -23 -23 -22 -22 -22 -22 -22 -22 -21 -21 -21 -21 -21 -21 -20 -20 -20 -20 -20 -20 -20 -20 -20 -19 -19 -19 -19 -19 -19 -19 -19 -19 -19 -19 -19 -19 -19 -19 -18 -18 -18 -18 -18 -18 -19 -19 -19 -19 -19 -19 -19 -18 -18 -18 -18 -18 -18 -18 -18 -17 -16 -17 -17 -17 -17 -16 -16 -16 -16 -15 -16 -16 -15 -15 -15 -15 -15 -15 -15 -16 -15 -15 -15 -15 -16 -16 -16 -16 -16 -16 -15 -15 -15 -15 -15 -15 -15 -15 -15 -15 -15 -15 -15 -15 -14 -14 -14 -14 -11 -10 -11 -11 -12 -12 -12 -12 -12 -11 -11 -11 -10 -10 -10 -10 -10 -10 -10 -10 -10 -10 -10 -10 -10 -10 -10 -10 -10 -9 -9 -9 -9 -9 -9 -9 -9 -9 -9 -9 -9 -9 -9 -8 -8 -8 -9 -9 -9 -8 -9 -8 -8 -8 -8 -8 -8 -8 -8 -8 -8 -8 -8 -8 -8 -8 -8 -8 -8 -8 -8 -8 -8 -8 -8 -8 -8 -8 -7 -7 -7 -7 -7 -7 -7 -7 -7 -7 -7 -7 -7 -7 -7 -7 -7 -6 -6 -6 -6 -6 -5 -5 -6 -6 -6 -6 -6 -6 -6 -6 -6 -6 -5 -5 -6 -6 -6 -6 -6 -6 -5 -5 -6 -6 -6 -6 -6 -6 -6 -5 -5 -5 -5 -4 -5 -32 -32 -33 -33 -32 -32 -32 -31 -31 -31 -31 -31 -31 -31 -31 -31 -31 -31 -31 -31 -31 -31 -30 -30 -30 -31 -30 -30 -30 -30 -30 -29 -29 -29 -29 -29 -30 -29 -29 -29 -29 -29 -29 -29 -29 -29 -28 -28 -28 -28 -28 -28 -28 -28 -28 -28 -28 -29 -28 -28 -28 -28 -28 -29 -29 -28 -27 -27 -27 -27 -26 -26 -26 -26 -26 -26 -26 -26 -26 -26 -26 -25 -25 -25 -25 -25 -25 -25 -25 -25 -24 -24 -25 -25 -25 -25 -24 -24 -24 -24 -24 -24 -24 -24 -24 -24 -24 -24 -24 -23 -23 -22 -22 -22 -22 -22 -22 -23 -23 -23 -22 -22 -22 -22 -21 -21 -21 -21 -21 -21 -21 -20 -20 -20 -20 -20 -20 -20 -20 -19 -19 -19 -19 -19 -19 -19 -19 -19 -19 -19 -19 -19 -19 -19 -18 -18 -18 -18 -18 -18 -18 -19 -19 -19 -19 -19 -19 -19 -19 -18 -18 -18 -18 -18 -18 -17 -17 -16 -16 -17 -17 -16 -16 -16 -16 -16 -15 -15 -15 -15 -15 -15 -15 -15 -15 -15 -15 -16 -16 -15 -15 -15 -15 -16 -16 -16 -15 -15 -15 -15 -15 -15 -15 -15 -15 -15 -15 -15 -15 -15 -15 -14 -14 -14 -14 -11 -11 -11 -11 -11 -11 -11 -11 -12 -11 -11 -11 -10 -10 -10 -10 -10 -10 -10 -10 -10 -10 -10 -10 -10 -10 -10 -9 -9 -9 -9 -9 -9 -9 -9 -9 -9 -9 -9 -9 -9 -9 -9 -9 -8 -8 -8 -8 -9 -8 -8 -8 -8 -8 -8 -8 -8 -8 -8 -9 -8 -8 -8 -8 -8 -8 -8 -8 -8 -8 -8 -8 -8 -8 -8 -8 -8 -8 -7 -7 -7 -7 -7 -7 -7 -7 -7 -7 -7 -7 -7 -7 -7 -7 -7 -6 -7 -7 -7 -6 -6 -6 -6 -6 -6 -6 -6 -6 -6 -6 -5 -6 -6 -6 -6 -6 -6 -6 -6 -6 -6 -6 -5 -6 -6 -6 -6 -6 -5 -6 -5 -5 -5 -5 -32 -32 -33 -33 -33 -33 -32 -32 -32 -32 -32 -31 -32 -32 -31 -32 -32 -31 -31 -30 -30 -30 -30 -30 -30 -31 -31 -30 -30 -30 -30 -29 -29 -29 -29 -29 -29 -29 -29 -29 -29 -29 -29 -29 -29 -29 -29 -29 -28 -28 -28 -28 -27 -27 -28 -27 -27 -28 -28 -28 -28 -28 -28 -28 -29 -29 -28 -27 -27 -27 -26 -27 -26 -26 -26 -26 -26 -26 -26 -26 -26 -25 -25 -25 -25 -25 -25 -25 -25 -25 -25 -24 -24 -25 -25 -25 -25 -24 -24 -24 -24 -24 -24 -24 -24 -24 -24 -24 -23 -23 -23 -23 -22 -22 -22 -22 -22 -22 -22 -23 -22 -22 -22 -22 -22 -21 -21 -21 -21 -21 -21 -20 -20 -20 -20 -20 -20 -20 -20 -19 -19 -19 -19 -19 -19 -19 -19 -19 -19 -19 -19 -19 -19 -19 -19 -19 -18 -18 -17 -17 -18 -18 -18 -19 -19 -19 -19 -19 -19 -18 -18 -18 -18 -18 -18 -18 -17 -17 -17 -17 -17 -16 -16 -16 -16 -16 -15 -16 -16 -15 -15 -15 -15 -15 -15 -15 -15 -15 -16 -16 -15 -15 -15 -15 -15 -15 -15 -15 -15 -15 -15 -15 -15 -15 -15 -15 -15 -15 -15 -15 -15 -14 -14 -14 -14 -11 -11 -11 -12 -12 -12 -11 -11 -11 -11 -11 -11 -10 -10 -10 -10 -10 -10 -10 -10 -10 -10 -10 -10 -10 -10 -10 -10 -9 -10 -10 -9 -9 -9 -9 -9 -9 -9 -9 -9 -9 -9 -9 -9 -9 -8 -8 -8 -8 -8 -9 -8 -8 -8 -8 -8 -8 -8 -8 -9 -9 -8 -8 -8 -8 -8 -8 -8 -8 -8 -8 -8 -8 -8 -8 -8 -8 -8 -7 -7 -7 -8 -8 -7 -7 -7 -7 -7 -7 -7 -7 -7 -6 -7 -7 -7 -7 -7 -7 -7 -6 -6 -6 -6 -6 -6 -6 -6 -6 -5 -6 -6 -6 -6 -6 -6 -6 -6 -6 -6 -6 -6 -6 -6 -6 -6 -6 -6 -5 -5 -5 -5 -5 -33 -32 -33 -34 -33 -33 -33 -33 -32 -32 -32 -31 -32 -32 -32 -32 -32 -31 -30 -30 -29 -29 -29 -29 -30 -30 -30 -30 -30 -30 -29 -29 -29 -29 -29 -29 -29 -29 -29 -29 -29 -29 -29 -29 -29 -29 -28 -28 -28 -28 -27 -27 -27 -27 -27 -27 -27 -27 -27 -27 -27 -27 -28 -28 -28 -28 -28 -27 -27 -27 -27 -27 -27 -26 -26 -26 -26 -26 -26 -26 -25 -25 -25 -25 -25 -25 -25 -25 -25 -25 -25 -24 -24 -24 -25 -25 -25 -24 -24 -24 -24 -24 -24 -24 -24 -24 -24 -24 -23 -23 -23 -23 -22 -22 -22 -22 -22 -22 -22 -22 -22 -22 -22 -22 -21 -21 -21 -21 -21 -21 -20 -20 -20 -20 -20 -20 -20 -20 -19 -19 -19 -19 -19 -19 -19 -19 -19 -19 -19 -19 -19 -19 -19 -19 -18 -18 -18 -18 -17 -17 -18 -18 -19 -19 -19 -19 -19 -19 -19 -18 -18 -18 -18 -18 -17 -17 -17 -17 -17 -16 -16 -16 -16 -16 -16 -15 -16 -16 -16 -16 -16 -15 -16 -16 -16 -16 -16 -16 -16 -16 -15 -15 -15 -15 -15 -15 -15 -15 -15 -15 -15 -14 -15 -15 -15 -15 -15 -15 -14 -15 -14 -14 -14 -13 -11 -10 -11 -11 -12 -12 -12 -12 -11 -11 -11 -11 -11 -10 -10 -10 -10 -10 -10 -10 -10 -10 -10 -10 -10 -10 -10 -10 -10 -10 -10 -10 -9 -9 -10 -9 -9 -9 -9 -9 -9 -9 -9 -9 -9 -9 -8 -8 -8 -8 -9 -9 -9 -8 -8 -9 -9 -8 -9 -9 -9 -9 -9 -9 -8 -8 -8 -8 -8 -8 -8 -8 -8 -8 -8 -8 -8 -8 -8 -8 -7 -8 -8 -8 -7 -7 -7 -7 -7 -7 -7 -7 -7 -6 -7 -7 -7 -7 -7 -7 -6 -6 -6 -6 -6 -6 -6 -6 -6 -6 -6 -6 -6 -6 -6 -6 -6 -6 -6 -6 -6 -6 -6 -6 -6 -6 -6 -6 -6 -5 -5 -5 -5 -32 -33 -33 -33 -33 -33 -33 -33 -32 -32 -32 -31 -32 -32 -32 -32 -31 -30 -30 -30 -30 -29 -29 -30 -30 -30 -30 -30 -30 -30 -30 -29 -29 -29 -29 -29 -29 -29 -29 -29 -29 -29 -29 -28 -28 -28 -28 -28 -28 -27 -27 -27 -27 -27 -27 -27 -27 -27 -27 -27 -27 -27 -27 -27 -28 -28 -28 -28 -27 -27 -27 -26 -26 -26 -26 -26 -26 -26 -26 -25 -25 -25 -25 -25 -25 -25 -25 -25 -25 -25 -24 -24 -24 -25 -25 -24 -25 -25 -25 -24 -24 -24 -24 -24 -24 -23 -23 -23 -23 -23 -23 -23 -22 -22 -22 -21 -22 -21 -22 -22 -22 -22 -22 -21 -21 -21 -21 -21 -21 -20 -20 -20 -20 -20 -20 -20 -20 -19 -19 -19 -19 -19 -19 -19 -19 -19 -19 -19 -19 -19 -19 -19 -19 -18 -18 -18 -18 -18 -17 -17 -18 -18 -18 -18 -18 -18 -18 -19 -18 -18 -18 -18 -18 -17 -17 -17 -17 -17 -17 -16 -16 -16 -16 -16 -15 -16 -16 -16 -16 -16 -16 -16 -15 -15 -15 -16 -16 -16 -16 -16 -15 -15 -15 -15 -15 -15 -15 -15 -15 -15 -15 -15 -15 -15 -15 -15 -14 -14 -14 -14 -14 -14 -14 -10 -11 -12 -12 -12 -12 -12 -11 -11 -11 -11 -11 -11 -10 -10 -10 -10 -10 -10 -10 -10 -10 -10 -10 -10 -10 -10 -10 -10 -10 -10 -10 -10 -10 -9 -9 -9 -9 -9 -9 -9 -9 -9 -9 -9 -9 -9 -8 -8 -8 -8 -9 -8 -8 -8 -8 -9 -9 -9 -9 -9 -9 -9 -9 -9 -9 -8 -8 -8 -8 -8 -8 -9 -9 -8 -8 -8 -8 -8 -8 -8 -8 -8 -8 -8 -8 -8 -8 -7 -7 -7 -7 -7 -7 -7 -7 -7 -7 -7 -7 -6 -6 -6 -6 -6 -6 -6 -6 -6 -6 -6 -6 -6 -6 -6 -6 -6 -6 -6 -6 -6 -6 -6 -6 -6 -6 -6 -6 -6 -6 -5 -5 -5 -32 -32 -33 -34 -32 -31 -31 -32 -32 -32 -32 -32 -32 -31 -31 -31 -31 -30 -30 -29 -30 -30 -30 -30 -30 -30 -30 -30 -30 -30 -30 -30 -29 -29 -29 -29 -29 -28 -28 -28 -28 -28 -28 -28 -28 -28 -28 -27 -27 -27 -27 -27 -27 -27 -27 -27 -27 -26 -27 -27 -27 -27 -28 -27 -27 -27 -27 -26 -26 -26 -26 -26 -26 -26 -26 -26 -25 -25 -25 -25 -25 -25 -25 -25 -25 -24 -25 -24 -24 -24 -24 -24 -24 -23 -24 -25 -24 -24 -24 -24 -24 -23 -23 -23 -23 -23 -23 -23 -23 -23 -22 -22 -21 -21 -22 -22 -22 -22 -22 -22 -21 -21 -21 -21 -21 -21 -20 -20 -20 -20 -20 -20 -20 -20 -19 -19 -19 -19 -19 -19 -19 -19 -19 -19 -19 -19 -19 -19 -19 -19 -19 -18 -18 -18 -18 -18 -18 -18 -18 -18 -18 -18 -18 -18 -18 -18 -18 -18 -17 -17 -17 -17 -17 -17 -16 -16 -17 -16 -16 -16 -16 -15 -15 -16 -16 -16 -16 -15 -15 -15 -15 -15 -15 -15 -15 -15 -15 -15 -15 -15 -15 -15 -15 -15 -15 -14 -15 -15 -15 -15 -15 -15 -14 -14 -14 -14 -14 -14 -14 -14 -10 -11 -11 -12 -12 -12 -12 -11 -11 -11 -11 -11 -11 -10 -10 -10 -10 -10 -10 -10 -10 -10 -10 -10 -10 -10 -10 -10 -10 -10 -10 -10 -9 -9 -9 -9 -9 -9 -9 -9 -10 -9 -9 -9 -9 -9 -9 -9 -9 -9 -8 -8 -8 -8 -8 -8 -8 -8 -9 -9 -9 -9 -9 -9 -9 -9 -9 -9 -8 -9 -9 -9 -9 -9 -9 -8 -9 -9 -9 -8 -8 -8 -8 -8 -8 -8 -8 -8 -7 -7 -8 -7 -7 -7 -7 -7 -7 -7 -7 -7 -6 -6 -6 -6 -6 -6 -6 -6 -6 -6 -6 -6 -6 -6 -6 -6 -6 -6 -6 -6 -6 -6 -6 -6 -6 -6 -6 -6 -6 -6 -5 -5 -5 -5 -32 -33 -33 -32 -31 -32 -32 -32 -32 -32 -31 -31 -31 -31 -31 -31 -30 -29 -30 -29 -29 -29 -29 -30 -30 -30 -30 -30 -30 -30 -30 -29 -29 -29 -29 -29 -28 -28 -28 -28 -28 -28 -28 -28 -27 -27 -27 -27 -27 -27 -27 -27 -27 -27 -27 -27 -27 -27 -26 -26 -26 -26 -27 -26 -26 -26 -26 -26 -26 -26 -26 -26 -26 -26 -26 -25 -25 -25 -25 -25 -25 -25 -25 -24 -24 -24 -24 -24 -24 -24 -23 -23 -24 -24 -24 -24 -24 -24 -24 -23 -23 -23 -23 -23 -23 -22 -23 -22 -22 -22 -22 -21 -21 -21 -21 -21 -21 -21 -21 -21 -21 -21 -20 -20 -20 -20 -20 -20 -20 -20 -20 -20 -19 -19 -19 -19 -19 -19 -19 -19 -19 -19 -19 -19 -19 -19 -19 -19 -19 -18 -18 -18 -18 -18 -18 -18 -18 -18 -18 -18 -18 -18 -18 -18 -18 -18 -18 -17 -17 -17 -17 -17 -16 -16 -16 -16 -16 -16 -16 -15 -15 -15 -15 -15 -15 -15 -15 -15 -15 -15 -15 -16 -16 -16 -15 -15 -15 -15 -15 -15 -15 -15 -15 -15 -15 -15 -15 -15 -14 -15 -14 -14 -14 -14 -14 -14 -14 -13 -11 -11 -12 -12 -12 -12 -12 -11 -11 -11 -11 -11 -11 -11 -10 -10 -10 -10 -10 -10 -10 -10 -10 -10 -10 -10 -10 -10 -10 -10 -10 -9 -9 -9 -9 -9 -9 -9 -9 -10 -9 -9 -9 -9 -9 -9 -9 -9 -9 -9 -9 -9 -8 -8 -8 -8 -8 -8 -8 -8 -8 -9 -9 -9 -9 -9 -9 -9 -8 -9 -9 -9 -9 -9 -9 -8 -8 -7 -8 -9 -8 -8 -8 -7 -8 -8 -8 -8 -8 -8 -8 -7 -7 -7 -7 -7 -7 -7 -7 -7 -6 -6 -6 -6 -6 -6 -6 -6 -6 -6 -6 -6 -6 -6 -6 -6 -6 -6 -6 -6 -6 -6 -6 -6 -6 -6 -6 -6 -6 -6 -6 -6 -6 -6 -32 -32 -33 -32 -32 -33 -32 -32 -32 -31 -31 -30 -30 -30 -30 -30 -29 -29 -30 -29 -29 -29 -29 -29 -29 -29 -29 -30 -30 -30 -29 -29 -29 -29 -29 -29 -28 -28 -28 -28 -27 -27 -28 -28 -27 -27 -27 -27 -27 -27 -27 -27 -27 -27 -27 -27 -27 -27 -27 -27 -27 -26 -26 -26 -26 -26 -26 -26 -25 -25 -26 -26 -26 -26 -25 -25 -25 -25 -25 -25 -25 -25 -25 -24 -24 -24 -24 -24 -24 -24 -23 -23 -24 -24 -24 -24 -24 -24 -24 -23 -23 -23 -23 -23 -22 -22 -22 -22 -22 -22 -22 -22 -21 -21 -21 -21 -21 -21 -21 -21 -21 -20 -20 -20 -20 -20 -20 -20 -20 -20 -20 -20 -19 -19 -19 -19 -19 -19 -19 -19 -19 -19 -19 -19 -19 -19 -19 -19 -19 -18 -18 -18 -18 -18 -18 -18 -18 -18 -18 -18 -18 -18 -18 -18 -18 -18 -18 -17 -17 -17 -17 -17 -16 -16 -16 -16 -16 -16 -16 -16 -15 -15 -15 -16 -15 -16 -16 -16 -15 -15 -15 -15 -15 -15 -15 -15 -15 -15 -15 -15 -15 -15 -15 -15 -15 -15 -15 -14 -14 -14 -14 -14 -14 -14 -14 -14 -14 -14 -11 -11 -12 -11 -12 -11 -11 -11 -11 -11 -11 -11 -11 -11 -10 -10 -10 -10 -10 -10 -10 -10 -10 -10 -10 -10 -10 -10 -10 -10 -10 -10 -10 -9 -9 -9 -9 -9 -10 -9 -9 -9 -9 -9 -9 -9 -9 -8 -8 -9 -9 -9 -9 -9 -9 -8 -8 -8 -8 -8 -8 -8 -8 -9 -9 -8 -9 -9 -8 -8 -8 -8 -8 -7 -7 -6 -6 -6 -7 -8 -8 -8 -8 -7 -8 -8 -8 -8 -8 -8 -8 -7 -7 -7 -7 -7 -7 -7 -7 -7 -6 -6 -6 -6 -6 -6 -6 -6 -6 -6 -6 -6 -7 -7 -7 -6 -6 -6 -6 -6 -6 -6 -6 -6 -6 -6 -6 -6 -6 -6 -6 -6 -5 -5 -5 -33 -32 -32 -32 -32 -31 -31 -31 -31 -30 -30 -29 -29 -29 -29 -29 -29 -29 -29 -28 -28 -28 -29 -29 -29 -29 -29 -29 -29 -29 -29 -29 -29 -29 -28 -28 -28 -28 -28 -27 -28 -27 -27 -27 -27 -27 -27 -27 -27 -27 -26 -26 -27 -27 -27 -27 -27 -27 -27 -27 -27 -27 -26 -26 -26 -25 -25 -25 -25 -26 -25 -25 -25 -25 -25 -25 -25 -25 -25 -24 -24 -24 -24 -24 -24 -24 -24 -24 -24 -23 -24 -24 -24 -24 -24 -23 -23 -23 -23 -23 -23 -22 -22 -22 -22 -22 -22 -22 -22 -21 -21 -21 -21 -21 -21 -20 -21 -21 -20 -20 -20 -20 -20 -20 -20 -20 -20 -20 -20 -19 -19 -19 -19 -19 -19 -19 -19 -19 -19 -19 -18 -18 -18 -18 -18 -18 -18 -18 -18 -18 -18 -18 -18 -18 -17 -17 -17 -18 -18 -18 -18 -18 -18 -17 -17 -17 -17 -17 -17 -17 -17 -17 -16 -16 -16 -16 -16 -15 -16 -16 -16 -16 -16 -16 -16 -16 -15 -15 -15 -15 -15 -15 -15 -15 -15 -15 -15 -15 -15 -15 -15 -14 -14 -14 -14 -14 -14 -14 -14 -14 -15 -15 -14 -14 -14 -12 -12 -12 -12 -11 -11 -11 -11 -11 -11 -11 -11 -11 -11 -11 -10 -10 -10 -10 -10 -10 -10 -10 -10 -10 -10 -10 -10 -10 -10 -10 -10 -10 -9 -9 -10 -9 -10 -10 -9 -9 -9 -9 -9 -9 -9 -9 -9 -9 -8 -9 -8 -8 -9 -9 -8 -8 -8 -8 -8 -8 -8 -8 -8 -8 -8 -8 -9 -8 -8 -8 -8 -6 -6 -6 -7 -6 -6 -6 -7 -7 -8 -8 -7 -8 -7 -7 -7 -7 -8 -7 -7 -8 -8 -8 -7 -7 -7 -7 -7 -6 -6 -6 -6 -6 -6 -6 -6 -6 -7 -7 -6 -7 -7 -7 -6 -6 -6 -6 -6 -6 -6 -6 -6 -6 -6 -6 -6 -6 -6 -5 -5 -5 -6 -5 -5 -32 -32 -32 -32 -32 -31 -30 -30 -30 -29 -29 -28 -29 -28 -29 -29 -29 -29 -28 -29 -28 -28 -28 -28 -28 -28 -29 -29 -29 -29 -28 -29 -28 -28 -28 -28 -28 -28 -28 -27 -27 -27 -27 -27 -27 -27 -27 -27 -27 -27 -26 -26 -26 -26 -27 -27 -26 -26 -26 -27 -27 -27 -27 -27 -26 -26 -25 -25 -25 -25 -25 -25 -25 -25 -25 -25 -25 -25 -24 -24 -24 -24 -24 -24 -24 -24 -24 -24 -23 -23 -23 -23 -24 -24 -24 -23 -23 -23 -23 -23 -22 -22 -22 -22 -22 -22 -22 -22 -22 -21 -21 -21 -21 -21 -21 -21 -21 -21 -20 -20 -20 -20 -20 -20 -20 -20 -20 -19 -19 -19 -19 -19 -19 -19 -19 -19 -19 -19 -19 -18 -18 -18 -18 -18 -18 -18 -18 -18 -18 -18 -18 -18 -18 -17 -17 -17 -18 -18 -18 -18 -18 -18 -18 -17 -17 -17 -17 -17 -17 -17 -17 -16 -16 -16 -16 -16 -16 -16 -15 -15 -15 -16 -16 -16 -16 -15 -16 -16 -15 -15 -15 -15 -15 -15 -15 -15 -15 -15 -15 -15 -15 -15 -14 -14 -14 -14 -14 -15 -15 -15 -15 -14 -14 -14 -12 -12 -12 -11 -11 -11 -11 -11 -11 -11 -11 -11 -11 -11 -11 -10 -10 -10 -10 -10 -10 -10 -10 -10 -10 -10 -10 -10 -10 -10 -10 -10 -10 -10 -10 -10 -10 -10 -9 -9 -9 -9 -9 -9 -9 -9 -9 -9 -9 -9 -9 -9 -9 -8 -8 -9 -9 -8 -8 -8 -8 -8 -8 -8 -8 -8 -8 -8 -8 -8 -8 -8 -7 -7 -7 -7 -7 -7 -7 -7 -7 -7 -8 -8 -7 -7 -7 -7 -8 -8 -7 -7 -8 -8 -8 -7 -7 -7 -7 -7 -6 -6 -6 -6 -6 -6 -6 -6 -6 -7 -7 -6 -7 -7 -7 -6 -6 -6 -6 -6 -6 -6 -6 -6 -6 -6 -6 -6 -6 -5 -5 -5 -5 -5 -6 -5 -5 -32 -32 -31 -31 -30 -30 -30 -30 -30 -29 -29 -29 -29 -28 -29 -29 -29 -29 -29 -29 -28 -28 -28 -28 -28 -28 -28 -28 -28 -28 -28 -28 -28 -28 -28 -28 -28 -28 -27 -27 -27 -27 -27 -27 -27 -27 -27 -27 -27 -27 -27 -27 -26 -26 -27 -27 -27 -26 -26 -26 -26 -27 -27 -27 -27 -27 -26 -26 -26 -25 -25 -25 -26 -26 -26 -25 -25 -25 -25 -24 -24 -24 -24 -23 -24 -24 -24 -24 -23 -23 -23 -23 -23 -24 -24 -24 -23 -23 -23 -22 -22 -22 -22 -22 -22 -22 -22 -22 -22 -21 -21 -21 -21 -21 -21 -20 -20 -20 -20 -20 -20 -20 -20 -20 -20 -20 -20 -20 -19 -19 -19 -19 -19 -19 -19 -19 -19 -19 -19 -18 -18 -18 -18 -18 -18 -18 -18 -18 -18 -18 -18 -18 -18 -18 -18 -18 -18 -18 -18 -18 -18 -18 -17 -17 -17 -17 -17 -17 -17 -17 -17 -17 -17 -16 -16 -16 -16 -15 -15 -15 -15 -15 -15 -15 -15 -15 -16 -15 -16 -16 -15 -15 -15 -15 -15 -15 -15 -15 -15 -15 -15 -15 -15 -14 -14 -14 -14 -14 -15 -15 -15 -15 -14 -15 -12 -12 -11 -11 -11 -11 -11 -11 -11 -11 -11 -11 -11 -11 -11 -10 -10 -10 -10 -10 -10 -10 -10 -10 -10 -10 -10 -10 -10 -10 -10 -10 -10 -10 -10 -10 -10 -10 -9 -9 -9 -9 -9 -9 -9 -9 -9 -9 -9 -9 -9 -9 -9 -9 -9 -9 -9 -9 -8 -8 -8 -8 -8 -8 -8 -8 -8 -8 -8 -8 -8 -8 -8 -7 -8 -7 -7 -7 -7 -6 -7 -7 -7 -8 -7 -7 -7 -7 -7 -7 -7 -7 -8 -7 -7 -7 -7 -6 -7 -7 -6 -6 -6 -6 -6 -7 -6 -6 -6 -7 -7 -7 -6 -6 -6 -6 -6 -6 -5 -6 -6 -6 -6 -6 -6 -6 -6 -6 -6 -6 -6 -6 -5 -5 -6 -5 -5 -5 -32 -32 -32 -32 -31 -31 -31 -30 -30 -30 -30 -29 -29 -29 -29 -29 -29 -28 -28 -28 -28 -28 -27 -27 -27 -27 -27 -28 -28 -28 -27 -27 -28 -28 -27 -28 -27 -27 -27 -26 -26 -26 -27 -27 -26 -27 -27 -27 -26 -27 -27 -26 -26 -26 -27 -26 -26 -25 -25 -25 -25 -25 -25 -27 -27 -27 -27 -27 -26 -27 -26 -26 -26 -26 -26 -26 -26 -25 -25 -25 -24 -24 -24 -24 -24 -24 -24 -24 -24 -24 -24 -24 -24 -24 -24 -24 -24 -23 -23 -23 -22 -22 -22 -22 -22 -22 -22 -22 -22 -22 -21 -21 -21 -21 -21 -21 -22 -21 -21 -21 -21 -21 -21 -21 -21 -21 -21 -20 -20 -20 -20 -20 -20 -20 -20 -20 -20 -20 -20 -20 -19 -19 -19 -19 -19 -19 -19 -19 -19 -19 -19 -19 -19 -19 -19 -19 -19 -19 -19 -19 -19 -18 -18 -17 -17 -17 -17 -17 -17 -17 -17 -16 -16 -16 -15 -16 -15 -15 -16 -15 -15 -15 -15 -16 -16 -16 -16 -16 -16 -16 -15 -15 -15 -15 -15 -15 -15 -15 -15 -15 -15 -15 -15 -15 -15 -15 -15 -15 -15 -14 -15 -15 -15 -15 -15 -15 -15 -14 -14 -14 -14 -14 -14 -14 -14 -14 -14 -14 -14 -13 -13 -13 -13 -13 -13 -13 -14 -14 -14 -14 -13 -13 -13 -13 -13 -13 -13 -13 -13 -13 -13 -12 -12 -12 -12 -12 -12 -12 -12 -12 -12 -12 -12 -9 -9 -9 -9 -9 -8 -8 -8 -8 -8 -8 -8 -9 -8 -8 -8 -8 -8 -7 -8 -8 -8 -7 -7 -7 -7 -6 -6 -6 -6 -7 -7 -7 -7 -8 -7 -7 -7 -7 -7 -7 -7 -7 -7 -7 -7 -7 -6 -7 -7 -7 -7 -7 -7 -7 -7 -7 -6 -6 -7 -7 -7 -7 -7 -7 -6 -6 -6 -6 -6 -6 -6 -6 -7 -6 -7 -7 -7 -6 -6 -6 -6 -5 -6 -6 -6 -5 -5 -32 -32 -32 -32 -32 -31 -31 -30 -30 -30 -29 -29 -29 -29 -29 -29 -28 -28 -28 -28 -28 -27 -27 -27 -27 -27 -27 -27 -27 -27 -26 -26 -27 -27 -27 -27 -27 -27 -26 -26 -26 -26 -26 -26 -26 -27 -27 -27 -27 -26 -26 -26 -26 -26 -26 -26 -26 -25 -25 -25 -24 -25 -27 -27 -27 -26 -26 -26 -26 -26 -25 -25 -26 -26 -26 -26 -25 -25 -25 -25 -24 -24 -24 -24 -23 -23 -23 -24 -24 -24 -24 -24 -24 -24 -24 -24 -23 -23 -23 -23 -23 -22 -22 -22 -22 -22 -22 -22 -22 -22 -21 -21 -21 -21 -21 -22 -21 -21 -21 -21 -21 -21 -21 -20 -20 -20 -20 -20 -20 -20 -20 -20 -20 -20 -20 -20 -19 -19 -19 -19 -19 -19 -19 -19 -19 -19 -19 -19 -19 -19 -19 -19 -18 -18 -19 -19 -19 -19 -19 -18 -18 -18 -17 -17 -17 -17 -17 -17 -16 -17 -17 -17 -16 -15 -16 -15 -15 -16 -16 -16 -15 -15 -15 -15 -16 -16 -16 -16 -15 -15 -15 -15 -15 -15 -15 -15 -15 -15 -15 -15 -15 -15 -15 -15 -15 -15 -15 -14 -14 -14 -15 -15 -15 -15 -15 -15 -15 -14 -14 -14 -14 -14 -14 -14 -14 -14 -14 -14 -14 -13 -13 -13 -13 -13 -13 -14 -14 -14 -13 -13 -13 -13 -13 -13 -13 -13 -13 -13 -13 -13 -13 -13 -12 -13 -12 -12 -12 -12 -12 -12 -12 -12 -9 -9 -10 -9 -9 -9 -8 -8 -8 -8 -9 -9 -9 -8 -8 -8 -8 -8 -8 -8 -8 -7 -7 -7 -7 -7 -7 -7 -7 -7 -7 -7 -7 -7 -8 -8 -7 -7 -7 -7 -7 -7 -7 -7 -7 -7 -7 -7 -7 -7 -7 -7 -7 -7 -7 -7 -7 -6 -6 -6 -7 -7 -7 -7 -7 -7 -7 -7 -6 -6 -6 -6 -6 -6 -7 -7 -7 -7 -7 -7 -6 -6 -5 -5 -6 -6 -6 -5 -32 -32 -32 -31 -31 -31 -30 -30 -30 -29 -29 -29 -29 -29 -29 -28 -28 -28 -28 -27 -27 -27 -27 -27 -27 -27 -27 -27 -26 -26 -26 -27 -27 -27 -27 -27 -27 -26 -26 -26 -26 -26 -26 -26 -26 -26 -26 -26 -26 -26 -25 -25 -26 -26 -26 -25 -25 -25 -25 -24 -24 -26 -26 -26 -26 -26 -26 -26 -26 -25 -25 -25 -26 -25 -26 -25 -25 -25 -25 -25 -24 -24 -24 -24 -23 -24 -23 -23 -23 -24 -24 -23 -23 -23 -23 -24 -23 -23 -23 -23 -23 -22 -22 -22 -22 -22 -22 -22 -22 -21 -21 -21 -21 -21 -21 -21 -21 -21 -21 -21 -21 -20 -20 -20 -20 -20 -20 -20 -20 -20 -20 -20 -20 -20 -19 -19 -19 -19 -19 -19 -19 -19 -19 -19 -19 -19 -19 -19 -19 -19 -19 -19 -19 -19 -19 -19 -19 -18 -18 -18 -18 -17 -17 -17 -17 -17 -17 -17 -17 -16 -16 -16 -16 -16 -16 -16 -16 -16 -16 -15 -15 -16 -16 -15 -16 -16 -16 -16 -15 -15 -15 -15 -15 -15 -15 -15 -15 -15 -15 -15 -15 -15 -15 -15 -15 -15 -14 -14 -14 -14 -14 -15 -15 -15 -15 -15 -14 -14 -14 -14 -14 -14 -14 -14 -14 -14 -14 -14 -14 -13 -13 -13 -13 -14 -14 -13 -13 -13 -13 -13 -13 -13 -13 -13 -13 -13 -13 -13 -13 -13 -13 -13 -13 -13 -13 -13 -13 -13 -13 -13 -12 -9 -9 -9 -9 -9 -8 -8 -8 -8 -8 -9 -9 -9 -8 -8 -8 -8 -8 -8 -8 -8 -8 -8 -8 -7 -7 -7 -7 -7 -7 -7 -7 -7 -7 -7 -8 -7 -7 -7 -7 -7 -7 -7 -7 -7 -7 -7 -7 -7 -7 -7 -7 -7 -7 -7 -7 -7 -6 -5 -5 -6 -6 -6 -7 -7 -7 -6 -7 -7 -7 -7 -6 -6 -6 -7 -7 -7 -7 -7 -7 -6 -6 -6 -6 -6 -6 -5 -31 -31 -31 -31 -31 -30 -29 -29 -29 -29 -29 -29 -29 -29 -28 -28 -28 -28 -27 -27 -27 -27 -27 -27 -26 -26 -26 -26 -26 -27 -27 -27 -26 -27 -26 -26 -26 -26 -26 -26 -26 -26 -26 -26 -26 -26 -26 -26 -25 -25 -25 -25 -26 -26 -25 -25 -25 -25 -24 -25 -25 -25 -26 -26 -26 -26 -25 -25 -25 -25 -26 -26 -25 -25 -25 -25 -25 -25 -25 -24 -24 -24 -24 -24 -24 -24 -23 -23 -24 -23 -23 -23 -23 -23 -23 -23 -23 -23 -23 -22 -22 -22 -22 -22 -22 -22 -22 -21 -21 -20 -20 -20 -21 -21 -21 -21 -21 -21 -20 -20 -20 -20 -20 -20 -20 -20 -20 -20 -20 -20 -20 -19 -19 -20 -20 -19 -19 -19 -19 -19 -19 -19 -19 -19 -19 -19 -19 -19 -19 -19 -19 -19 -19 -18 -18 -18 -18 -18 -18 -17 -17 -17 -17 -17 -17 -17 -16 -16 -16 -16 -16 -16 -16 -16 -17 -16 -16 -15 -16 -16 -16 -16 -15 -16 -16 -16 -16 -15 -15 -15 -15 -15 -15 -15 -15 -15 -15 -15 -15 -15 -15 -15 -15 -15 -14 -14 -14 -14 -14 -14 -14 -14 -14 -14 -14 -14 -14 -14 -14 -14 -14 -14 -14 -14 -14 -14 -14 -13 -13 -13 -13 -14 -14 -14 -13 -13 -13 -13 -13 -13 -13 -13 -13 -13 -13 -12 -12 -12 -13 -13 -12 -13 -13 -13 -13 -13 -13 -13 -13 -9 -9 -8 -8 -8 -8 -9 -8 -8 -8 -9 -9 -9 -9 -8 -8 -8 -8 -8 -8 -8 -8 -8 -8 -8 -8 -8 -8 -8 -8 -8 -7 -7 -7 -7 -7 -8 -7 -7 -7 -7 -7 -7 -7 -7 -7 -7 -7 -7 -7 -7 -7 -7 -7 -7 -7 -7 -6 -5 -6 -6 -6 -6 -7 -7 -7 -6 -7 -7 -7 -7 -7 -6 -6 -7 -7 -7 -7 -7 -7 -6 -6 -6 -6 -6 -6 -6 -5 -30 -30 -31 -31 -30 -30 -30 -30 -30 -30 -29 -29 -29 -28 -28 -28 -27 -27 -27 -27 -27 -27 -27 -26 -26 -27 -27 -26 -27 -26 -26 -26 -26 -26 -26 -26 -26 -26 -26 -26 -26 -26 -26 -26 -26 -26 -26 -26 -26 -26 -26 -26 -25 -25 -24 -25 -25 -24 -25 -25 -25 -25 -25 -26 -26 -26 -25 -25 -25 -25 -26 -25 -25 -25 -25 -25 -25 -24 -24 -24 -24 -24 -24 -24 -24 -24 -24 -24 -23 -23 -23 -23 -23 -23 -23 -23 -23 -22 -22 -22 -22 -22 -22 -22 -22 -22 -22 -21 -21 -21 -21 -21 -21 -21 -21 -21 -21 -20 -20 -20 -20 -20 -20 -20 -20 -20 -20 -20 -20 -20 -20 -20 -20 -20 -19 -19 -19 -19 -19 -19 -19 -19 -19 -19 -19 -19 -19 -19 -19 -19 -19 -19 -18 -18 -18 -18 -18 -18 -17 -17 -17 -17 -17 -17 -17 -16 -16 -16 -16 -16 -16 -17 -17 -16 -15 -15 -15 -15 -16 -16 -16 -15 -15 -16 -16 -16 -16 -15 -15 -15 -15 -15 -15 -15 -15 -15 -15 -14 -15 -15 -14 -14 -14 -14 -14 -14 -14 -14 -14 -14 -14 -14 -14 -14 -14 -14 -14 -14 -14 -14 -14 -14 -14 -14 -14 -14 -13 -13 -13 -14 -14 -14 -13 -13 -13 -13 -13 -13 -13 -12 -12 -12 -12 -13 -12 -12 -12 -13 -13 -13 -12 -12 -13 -13 -12 -12 -12 -12 -9 -9 -8 -8 -8 -8 -9 -9 -8 -8 -8 -9 -9 -9 -9 -9 -8 -8 -8 -8 -8 -8 -8 -8 -8 -8 -8 -8 -8 -8 -7 -7 -7 -7 -7 -7 -7 -7 -7 -7 -7 -7 -7 -7 -7 -7 -7 -6 -7 -7 -7 -7 -7 -7 -7 -7 -7 -7 -6 -6 -6 -6 -6 -6 -6 -7 -7 -7 -7 -7 -7 -7 -7 -7 -7 -7 -7 -7 -7 -7 -6 -6 -5 -6 -6 -6 -6 -5 -31 -31 -30 -30 -30 -30 -30 -30 -30 -29 -29 -28 -28 -27 -28 -27 -27 -27 -27 -27 -27 -26 -26 -26 -27 -27 -27 -27 -27 -26 -26 -26 -26 -26 -25 -26 -26 -26 -26 -26 -26 -26 -26 -25 -26 -26 -26 -26 -26 -26 -26 -25 -25 -25 -25 -25 -24 -24 -25 -25 -25 -26 -25 -25 -25 -25 -25 -25 -26 -25 -25 -25 -25 -25 -25 -25 -25 -24 -24 -24 -24 -24 -24 -24 -24 -24 -24 -23 -23 -23 -23 -23 -23 -23 -23 -22 -22 -23 -23 -22 -22 -22 -22 -22 -22 -21 -21 -21 -21 -21 -20 -20 -21 -21 -20 -21 -21 -21 -20 -20 -20 -20 -20 -20 -20 -20 -20 -20 -20 -20 -20 -20 -20 -20 -19 -19 -19 -19 -19 -19 -19 -19 -19 -19 -19 -19 -19 -18 -19 -19 -18 -18 -18 -18 -18 -18 -18 -18 -17 -17 -17 -17 -17 -17 -17 -17 -16 -16 -16 -15 -16 -16 -17 -16 -16 -16 -16 -15 -16 -16 -15 -15 -15 -15 -16 -16 -16 -15 -15 -15 -15 -15 -15 -15 -15 -15 -15 -14 -14 -14 -14 -14 -14 -14 -14 -14 -14 -14 -14 -14 -14 -14 -14 -14 -14 -14 -14 -14 -14 -14 -14 -14 -14 -14 -14 -14 -14 -14 -14 -14 -14 -14 -14 -13 -13 -13 -13 -13 -13 -12 -13 -12 -12 -12 -12 -12 -12 -12 -12 -12 -12 -12 -12 -12 -12 -11 -11 -11 -9 -9 -9 -8 -8 -8 -9 -9 -9 -8 -9 -9 -9 -9 -9 -8 -8 -8 -8 -8 -8 -8 -8 -8 -8 -8 -8 -7 -8 -8 -7 -7 -7 -7 -7 -7 -7 -7 -7 -7 -7 -7 -7 -7 -7 -7 -7 -7 -7 -7 -7 -7 -7 -7 -7 -7 -7 -7 -6 -6 -6 -6 -6 -7 -7 -7 -7 -7 -7 -7 -6 -6 -6 -7 -7 -7 -7 -7 -7 -6 -6 -6 -6 -6 -6 -6 -6 -6 -5 -30 -31 -30 -30 -30 -30 -30 -29 -29 -29 -29 -29 -28 -27 -27 -27 -27 -27 -27 -27 -27 -26 -26 -26 -26 -27 -27 -27 -27 -27 -26 -26 -26 -26 -25 -25 -26 -26 -26 -26 -26 -26 -26 -26 -25 -25 -25 -25 -26 -26 -26 -25 -25 -24 -24 -24 -25 -25 -26 -25 -25 -25 -25 -25 -25 -25 -25 -25 -26 -25 -25 -25 -25 -25 -24 -24 -24 -24 -24 -24 -24 -23 -23 -24 -24 -24 -23 -23 -23 -23 -23 -23 -23 -22 -22 -22 -22 -22 -22 -23 -22 -22 -22 -22 -22 -21 -21 -21 -21 -21 -21 -20 -20 -20 -20 -20 -20 -20 -20 -20 -20 -20 -20 -20 -20 -20 -20 -20 -20 -20 -20 -20 -20 -20 -20 -19 -19 -19 -19 -19 -19 -19 -19 -19 -19 -19 -18 -18 -18 -19 -18 -18 -18 -18 -18 -18 -18 -18 -17 -17 -17 -17 -17 -17 -17 -17 -17 -17 -16 -15 -15 -16 -17 -16 -16 -16 -16 -16 -16 -16 -15 -15 -15 -15 -15 -15 -15 -16 -15 -15 -15 -15 -15 -15 -15 -15 -15 -15 -14 -14 -14 -14 -14 -15 -14 -14 -14 -14 -14 -14 -14 -14 -14 -14 -14 -14 -14 -14 -14 -14 -14 -14 -14 -14 -14 -14 -14 -14 -14 -14 -14 -14 -13 -13 -13 -13 -13 -13 -13 -13 -13 -12 -12 -12 -12 -12 -12 -12 -12 -12 -12 -12 -12 -11 -11 -11 -11 -12 -9 -9 -9 -8 -8 -8 -9 -9 -9 -9 -9 -9 -9 -8 -9 -8 -8 -9 -9 -9 -8 -8 -8 -8 -8 -8 -8 -8 -8 -8 -7 -7 -7 -7 -7 -8 -8 -8 -7 -7 -7 -7 -7 -6 -6 -6 -6 -7 -7 -7 -7 -7 -7 -7 -7 -7 -7 -6 -5 -6 -7 -7 -7 -7 -7 -7 -7 -7 -7 -7 -7 -7 -7 -7 -7 -7 -7 -7 -7 -7 -6 -7 -6 -6 -5 -5 -6 -5 -5 -30 -30 -29 -30 -30 -30 -30 -30 -29 -29 -28 -28 -28 -28 -27 -27 -27 -27 -27 -27 -26 -26 -26 -26 -26 -26 -27 -27 -27 -27 -27 -26 -26 -26 -25 -25 -25 -25 -25 -26 -26 -26 -25 -25 -25 -25 -25 -25 -26 -26 -26 -25 -25 -25 -25 -24 -24 -24 -25 -25 -25 -25 -25 -25 -25 -25 -25 -25 -25 -25 -25 -25 -25 -25 -25 -25 -24 -24 -24 -24 -24 -24 -23 -23 -24 -24 -24 -23 -23 -23 -23 -22 -23 -22 -22 -22 -22 -22 -22 -22 -22 -22 -22 -22 -22 -21 -21 -21 -21 -21 -21 -21 -21 -21 -21 -21 -20 -20 -20 -20 -20 -20 -20 -20 -20 -20 -20 -20 -20 -20 -20 -20 -20 -20 -20 -20 -19 -19 -19 -19 -19 -19 -19 -19 -19 -19 -18 -18 -18 -18 -19 -19 -18 -18 -18 -18 -18 -18 -17 -17 -17 -17 -17 -17 -17 -17 -17 -16 -16 -16 -16 -16 -17 -16 -16 -16 -16 -16 -16 -16 -15 -15 -15 -16 -15 -15 -15 -15 -15 -15 -15 -15 -15 -15 -15 -15 -15 -15 -15 -14 -14 -14 -14 -14 -14 -14 -14 -14 -14 -14 -14 -14 -14 -14 -14 -14 -14 -14 -14 -14 -14 -14 -14 -14 -14 -14 -14 -14 -14 -14 -14 -13 -13 -13 -13 -14 -13 -13 -13 -13 -13 -13 -12 -12 -12 -12 -12 -12 -12 -12 -12 -12 -12 -11 -11 -11 -12 -12 -9 -9 -8 -8 -8 -8 -8 -9 -9 -9 -9 -9 -9 -9 -8 -9 -9 -8 -8 -9 -9 -8 -8 -8 -8 -8 -8 -8 -8 -8 -8 -8 -8 -7 -7 -7 -8 -8 -7 -7 -7 -7 -7 -7 -7 -6 -6 -6 -7 -7 -7 -7 -7 -7 -7 -7 -7 -6 -6 -6 -6 -7 -7 -8 -7 -7 -7 -7 -7 -7 -7 -7 -7 -7 -7 -7 -7 -7 -7 -7 -6 -6 -6 -6 -6 -5 -5 -6 -5 -5 -29 -29 -29 -30 -30 -30 -30 -29 -28 -28 -28 -28 -28 -27 -27 -27 -27 -27 -27 -27 -26 -26 -26 -26 -26 -26 -26 -26 -27 -27 -26 -26 -26 -26 -26 -26 -26 -25 -25 -25 -25 -25 -25 -25 -25 -25 -25 -25 -26 -26 -25 -24 -25 -25 -24 -24 -24 -25 -25 -25 -25 -24 -25 -24 -24 -24 -25 -25 -25 -25 -25 -25 -25 -25 -24 -24 -24 -24 -23 -23 -24 -23 -23 -24 -24 -23 -24 -23 -23 -22 -22 -22 -22 -22 -22 -22 -21 -22 -22 -22 -21 -22 -21 -22 -21 -21 -21 -20 -20 -21 -21 -21 -21 -21 -21 -21 -21 -21 -21 -20 -20 -20 -20 -20 -20 -20 -20 -20 -20 -20 -20 -20 -20 -20 -20 -19 -19 -19 -19 -19 -19 -19 -19 -19 -19 -19 -18 -18 -18 -18 -18 -18 -18 -18 -18 -18 -18 -17 -17 -17 -17 -17 -17 -17 -17 -17 -17 -17 -16 -16 -16 -16 -16 -17 -16 -16 -16 -16 -15 -15 -15 -15 -16 -15 -15 -15 -15 -15 -15 -15 -15 -15 -15 -15 -15 -15 -15 -14 -15 -14 -14 -14 -14 -14 -14 -14 -14 -14 -14 -14 -14 -14 -14 -14 -14 -14 -14 -14 -14 -14 -14 -14 -14 -14 -14 -14 -14 -14 -14 -14 -13 -13 -14 -14 -14 -13 -13 -13 -13 -13 -13 -13 -12 -12 -12 -12 -12 -12 -12 -12 -12 -12 -12 -12 -12 -12 -12 -9 -9 -9 -8 -8 -8 -8 -9 -8 -9 -9 -9 -9 -9 -9 -9 -9 -8 -8 -9 -8 -8 -8 -8 -8 -8 -8 -8 -8 -8 -8 -8 -8 -7 -7 -7 -8 -8 -8 -7 -8 -7 -7 -7 -7 -7 -7 -7 -7 -7 -7 -7 -7 -7 -7 -7 -7 -7 -7 -6 -6 -7 -7 -7 -7 -7 -7 -7 -7 -7 -7 -7 -7 -7 -7 -7 -7 -7 -6 -7 -6 -6 -6 -6 -6 -6 -6 -6 -6 -6 -5 -29 -29 -29 -29 -29 -30 -30 -29 -28 -28 -27 -28 -27 -27 -27 -27 -27 -27 -27 -27 -26 -26 -26 -26 -26 -26 -25 -26 -26 -26 -26 -26 -26 -26 -26 -26 -26 -26 -25 -25 -25 -25 -25 -25 -25 -25 -25 -25 -26 -26 -25 -25 -24 -24 -24 -24 -24 -25 -25 -25 -25 -25 -25 -25 -24 -24 -24 -25 -25 -26 -25 -25 -25 -25 -24 -24 -24 -24 -23 -23 -23 -23 -23 -24 -23 -23 -23 -23 -23 -23 -22 -22 -22 -22 -22 -22 -21 -21 -21 -21 -21 -21 -22 -21 -21 -21 -20 -20 -20 -21 -21 -21 -20 -20 -21 -21 -21 -21 -21 -21 -21 -21 -20 -20 -20 -20 -20 -20 -20 -20 -20 -20 -20 -20 -20 -19 -19 -19 -19 -19 -19 -18 -19 -19 -19 -19 -19 -19 -18 -18 -18 -18 -18 -18 -18 -18 -18 -17 -17 -17 -17 -16 -16 -16 -17 -17 -17 -16 -16 -16 -16 -16 -16 -16 -16 -16 -16 -16 -15 -15 -15 -16 -16 -16 -15 -15 -15 -15 -15 -15 -15 -15 -15 -15 -15 -15 -15 -14 -15 -15 -14 -14 -14 -14 -14 -14 -14 -14 -14 -14 -14 -14 -14 -14 -14 -14 -14 -14 -14 -14 -14 -14 -14 -14 -14 -14 -14 -14 -14 -13 -13 -13 -14 -14 -14 -14 -13 -13 -13 -12 -12 -13 -13 -12 -12 -12 -12 -12 -12 -12 -12 -12 -12 -12 -12 -12 -12 -9 -9 -9 -9 -8 -9 -9 -9 -8 -8 -9 -9 -9 -9 -9 -9 -9 -8 -8 -9 -8 -8 -8 -8 -8 -8 -8 -8 -8 -8 -8 -8 -8 -8 -8 -7 -8 -8 -8 -7 -8 -8 -8 -8 -7 -7 -7 -7 -7 -8 -8 -8 -8 -7 -7 -7 -7 -7 -7 -7 -7 -7 -7 -7 -7 -7 -7 -7 -7 -7 -7 -7 -7 -7 -7 -7 -7 -7 -7 -7 -6 -6 -6 -6 -7 -6 -6 -6 -6 -6 -6 -6 -5 -29 -29 -29 -29 -30 -30 -29 -29 -28 -28 -28 -27 -27 -27 -26 -27 -27 -27 -27 -26 -26 -26 -26 -26 -25 -25 -25 -26 -26 -26 -26 -26 -26 -25 -26 -26 -26 -26 -25 -25 -25 -25 -25 -25 -25 -26 -26 -25 -25 -25 -25 -24 -24 -24 -24 -24 -25 -25 -24 -24 -25 -25 -26 -25 -25 -25 -26 -26 -26 -25 -25 -25 -24 -24 -24 -24 -24 -23 -23 -23 -23 -23 -23 -23 -23 -23 -23 -23 -23 -22 -22 -22 -22 -22 -21 -21 -21 -21 -21 -21 -21 -21 -21 -21 -21 -21 -21 -21 -21 -20 -20 -19 -20 -21 -21 -21 -21 -21 -21 -21 -21 -20 -20 -20 -20 -21 -20 -20 -20 -19 -19 -20 -20 -20 -19 -19 -19 -19 -19 -19 -18 -18 -18 -19 -19 -19 -19 -19 -18 -18 -18 -18 -18 -18 -18 -18 -17 -17 -17 -17 -17 -16 -16 -16 -16 -17 -17 -17 -16 -17 -16 -16 -16 -16 -16 -16 -16 -16 -15 -15 -15 -16 -16 -15 -15 -15 -15 -15 -15 -15 -15 -15 -15 -15 -15 -15 -14 -15 -15 -14 -14 -14 -14 -14 -14 -14 -14 -14 -14 -14 -14 -14 -14 -14 -14 -14 -14 -14 -14 -14 -14 -14 -14 -14 -14 -14 -14 -14 -13 -13 -13 -14 -14 -14 -14 -14 -13 -13 -12 -13 -13 -13 -12 -12 -12 -12 -12 -12 -12 -12 -12 -12 -12 -12 -12 -12 -9 -9 -9 -9 -8 -9 -9 -8 -8 -9 -9 -9 -9 -9 -9 -9 -9 -9 -9 -9 -9 -9 -9 -9 -9 -8 -8 -8 -8 -8 -8 -8 -8 -8 -8 -8 -7 -8 -8 -8 -8 -8 -7 -7 -7 -7 -6 -7 -7 -7 -8 -8 -8 -7 -7 -7 -7 -7 -7 -7 -7 -7 -7 -7 -7 -7 -7 -7 -7 -7 -7 -7 -7 -7 -7 -7 -7 -7 -7 -7 -7 -7 -6 -7 -6 -6 -6 -6 -7 -6 -6 -6 -6 -5 -30 -30 -30 -29 -28 -29 -30 -29 -29 -29 -29 -28 -27 -26 -26 -26 -26 -26 -26 -26 -26 -26 -26 -26 -26 -26 -25 -25 -25 -25 -25 -26 -26 -25 -25 -26 -26 -26 -26 -26 -25 -25 -25 -25 -25 -25 -26 -25 -24 -24 -24 -24 -24 -24 -24 -24 -24 -25 -24 -24 -25 -25 -25 -25 -25 -25 -25 -24 -24 -24 -25 -26 -25 -24 -24 -24 -24 -24 -23 -23 -23 -23 -23 -22 -22 -22 -22 -22 -23 -23 -22 -22 -22 -22 -22 -21 -21 -21 -21 -21 -21 -21 -21 -21 -21 -21 -21 -21 -20 -21 -21 -21 -20 -20 -20 -20 -21 -21 -21 -21 -21 -21 -21 -21 -21 -20 -20 -20 -20 -20 -20 -19 -19 -19 -19 -19 -19 -18 -19 -19 -19 -19 -18 -18 -19 -19 -19 -19 -19 -18 -18 -18 -18 -18 -18 -18 -18 -17 -17 -17 -17 -17 -16 -16 -16 -16 -16 -16 -17 -17 -16 -16 -16 -16 -16 -16 -16 -16 -16 -15 -16 -15 -15 -16 -15 -15 -15 -15 -15 -15 -15 -15 -15 -15 -15 -14 -15 -15 -15 -14 -14 -14 -14 -14 -14 -14 -14 -14 -14 -14 -14 -14 -14 -14 -14 -14 -14 -14 -14 -14 -14 -14 -14 -14 -14 -14 -14 -14 -14 -14 -14 -14 -14 -14 -14 -14 -13 -13 -13 -12 -13 -13 -13 -13 -12 -12 -12 -12 -12 -12 -12 -12 -12 -12 -12 -12 -12 -9 -9 -9 -9 -9 -9 -9 -9 -9 -9 -9 -9 -10 -9 -9 -9 -9 -9 -9 -9 -9 -9 -9 -9 -9 -9 -9 -8 -9 -8 -8 -8 -8 -8 -8 -8 -7 -7 -8 -8 -8 -7 -7 -7 -7 -7 -7 -7 -7 -8 -8 -7 -7 -7 -7 -7 -7 -7 -7 -7 -7 -7 -7 -7 -7 -7 -7 -7 -7 -7 -7 -7 -7 -7 -7 -7 -7 -7 -7 -7 -7 -6 -6 -7 -7 -7 -6 -6 -7 -7 -7 -6 -6 -6 -6 -5 -5 -5 -30 -30 -30 -30 -29 -29 -29 -29 -29 -29 -29 -28 -28 -28 -27 -27 -27 -27 -26 -26 -26 -26 -26 -26 -25 -25 -25 -25 -25 -25 -24 -25 -25 -25 -25 -25 -25 -25 -25 -26 -26 -26 -25 -25 -25 -25 -25 -25 -25 -24 -24 -24 -24 -24 -23 -24 -24 -24 -25 -25 -24 -25 -25 -24 -24 -25 -25 -25 -24 -24 -23 -25 -25 -25 -25 -24 -24 -24 -24 -23 -23 -23 -23 -23 -23 -23 -22 -22 -22 -22 -22 -22 -21 -21 -21 -21 -21 -21 -21 -21 -21 -20 -20 -20 -20 -20 -21 -20 -20 -20 -21 -20 -20 -20 -19 -19 -19 -20 -20 -21 -21 -20 -20 -21 -21 -20 -20 -20 -20 -20 -20 -20 -19 -19 -19 -19 -19 -19 -18 -18 -18 -19 -19 -18 -18 -18 -18 -18 -18 -19 -19 -18 -18 -18 -18 -18 -18 -18 -16 -17 -17 -17 -17 -16 -16 -16 -16 -16 -16 -16 -16 -16 -16 -16 -16 -16 -15 -16 -16 -15 -16 -16 -16 -15 -15 -16 -15 -15 -15 -15 -15 -15 -15 -15 -15 -15 -15 -14 -15 -15 -15 -15 -14 -14 -14 -14 -14 -14 -14 -14 -14 -14 -14 -14 -14 -14 -14 -13 -13 -14 -14 -14 -14 -14 -14 -14 -14 -14 -14 -14 -14 -14 -14 -14 -14 -14 -14 -14 -13 -13 -12 -13 -13 -13 -13 -12 -12 -12 -12 -12 -12 -12 -12 -12 -12 -12 -12 -12 -9 -9 -9 -9 -9 -9 -9 -9 -9 -9 -9 -9 -9 -9 -9 -9 -9 -9 -9 -9 -9 -9 -9 -9 -9 -9 -9 -9 -9 -9 -9 -9 -9 -8 -8 -8 -8 -8 -8 -8 -7 -8 -8 -7 -7 -7 -7 -7 -7 -7 -7 -7 -7 -7 -7 -7 -7 -7 -7 -7 -7 -7 -7 -7 -7 -7 -7 -7 -7 -7 -7 -8 -7 -7 -7 -7 -7 -7 -7 -7 -7 -6 -6 -6 -6 -7 -7 -7 -7 -7 -7 -7 -6 -6 -6 -6 -6 -5 -32 -31 -31 -30 -29 -29 -29 -29 -28 -28 -29 -28 -27 -27 -27 -27 -27 -27 -27 -27 -27 -27 -26 -26 -26 -26 -25 -25 -25 -25 -25 -25 -24 -24 -25 -25 -25 -24 -24 -24 -25 -25 -25 -25 -24 -24 -25 -25 -25 -25 -24 -24 -24 -24 -24 -23 -23 -23 -23 -24 -24 -24 -25 -25 -25 -25 -25 -25 -25 -24 -24 -24 -25 -25 -25 -25 -25 -24 -24 -24 -23 -23 -23 -23 -23 -23 -22 -22 -22 -22 -22 -22 -22 -21 -21 -21 -21 -21 -21 -21 -21 -21 -21 -21 -20 -20 -20 -20 -20 -20 -20 -21 -20 -19 -19 -19 -19 -18 -19 -20 -20 -21 -21 -20 -21 -21 -20 -19 -20 -20 -20 -20 -19 -19 -18 -18 -18 -18 -18 -18 -18 -18 -18 -19 -18 -18 -18 -18 -17 -17 -18 -18 -18 -18 -18 -18 -18 -18 -18 -17 -17 -16 -16 -16 -16 -16 -16 -16 -16 -16 -16 -16 -16 -17 -16 -16 -16 -16 -16 -15 -16 -16 -16 -16 -15 -15 -15 -15 -15 -15 -15 -15 -15 -15 -15 -15 -15 -15 -15 -15 -15 -14 -15 -14 -14 -14 -14 -14 -14 -14 -14 -14 -14 -14 -14 -14 -14 -14 -14 -14 -14 -14 -14 -14 -14 -14 -13 -13 -13 -14 -14 -14 -13 -14 -13 -14 -13 -14 -14 -13 -12 -13 -13 -13 -13 -13 -12 -12 -12 -12 -12 -12 -12 -12 -12 -12 -12 -12 -12 -9 -9 -9 -9 -9 -9 -9 -9 -9 -9 -9 -8 -8 -9 -9 -9 -9 -9 -9 -9 -9 -9 -9 -9 -9 -9 -10 -9 -9 -9 -9 -9 -9 -9 -9 -9 -9 -8 -8 -8 -8 -8 -8 -8 -8 -8 -8 -8 -8 -7 -7 -7 -7 -7 -7 -7 -7 -7 -8 -7 -7 -7 -7 -7 -7 -7 -7 -7 -7 -7 -8 -8 -7 -7 -7 -7 -7 -7 -7 -6 -7 -7 -7 -7 -6 -6 -6 -6 -6 -7 -7 -7 -7 -7 -7 -6 -6 -6 -5 -32 -31 -31 -31 -31 -31 -30 -30 -30 -30 -29 -28 -29 -28 -28 -28 -28 -27 -27 -26 -27 -27 -27 -27 -27 -26 -26 -25 -25 -25 -25 -25 -25 -25 -25 -25 -25 -25 -25 -25 -25 -24 -24 -24 -24 -24 -23 -24 -24 -24 -24 -25 -24 -24 -24 -24 -24 -24 -23 -23 -23 -24 -24 -23 -24 -25 -25 -24 -24 -24 -25 -25 -25 -25 -25 -25 -24 -24 -24 -24 -24 -24 -23 -23 -23 -23 -23 -22 -22 -22 -22 -22 -22 -21 -21 -21 -22 -21 -21 -21 -20 -20 -20 -20 -20 -20 -20 -20 -19 -20 -20 -20 -20 -20 -20 -19 -18 -19 -19 -19 -19 -19 -20 -20 -20 -21 -21 -20 -19 -19 -19 -19 -18 -18 -18 -19 -19 -19 -18 -18 -18 -19 -19 -19 -19 -19 -18 -18 -18 -18 -17 -17 -18 -18 -18 -18 -18 -18 -18 -18 -18 -17 -16 -16 -17 -16 -16 -16 -16 -16 -16 -16 -16 -16 -16 -16 -16 -16 -16 -16 -16 -16 -16 -16 -16 -16 -16 -15 -15 -15 -15 -15 -15 -15 -15 -15 -15 -15 -15 -15 -15 -15 -15 -15 -15 -15 -14 -14 -14 -14 -14 -14 -14 -14 -14 -14 -14 -14 -14 -14 -14 -14 -14 -14 -14 -14 -14 -14 -13 -13 -13 -13 -13 -13 -13 -13 -13 -13 -13 -14 -13 -13 -13 -13 -13 -13 -13 -13 -12 -12 -12 -12 -12 -12 -12 -12 -12 -12 -12 -12 -12 -9 -9 -9 -9 -9 -9 -10 -10 -9 -9 -9 -9 -9 -9 -9 -9 -9 -9 -9 -9 -9 -9 -9 -9 -9 -8 -9 -9 -9 -9 -9 -9 -9 -9 -9 -9 -9 -9 -9 -9 -8 -9 -8 -8 -8 -8 -8 -8 -8 -7 -7 -7 -7 -7 -7 -7 -7 -7 -7 -7 -7 -7 -7 -7 -7 -7 -7 -7 -7 -7 -7 -8 -8 -7 -7 -7 -7 -7 -7 -7 -7 -7 -7 -7 -7 -7 -6 -5 -5 -6 -6 -6 -6 -6 -7 -7 -6 -6 -32 -31 -31 -30 -31 -31 -31 -31 -31 -31 -30 -29 -29 -29 -29 -28 -28 -27 -27 -27 -27 -27 -27 -27 -27 -26 -26 -26 -25 -25 -25 -25 -25 -24 -25 -25 -25 -25 -25 -25 -25 -25 -25 -25 -25 -24 -24 -24 -24 -24 -24 -25 -24 -23 -23 -23 -24 -24 -24 -24 -23 -24 -24 -23 -24 -25 -25 -24 -23 -24 -25 -25 -25 -25 -25 -24 -24 -24 -24 -24 -24 -24 -24 -23 -23 -23 -22 -22 -23 -23 -23 -22 -22 -21 -21 -22 -22 -21 -21 -21 -21 -21 -20 -20 -20 -20 -20 -20 -19 -19 -20 -20 -20 -20 -20 -19 -19 -18 -19 -19 -20 -20 -20 -19 -20 -20 -21 -21 -20 -20 -20 -19 -19 -18 -17 -18 -18 -19 -19 -19 -18 -18 -18 -18 -18 -19 -18 -18 -18 -17 -17 -17 -17 -18 -18 -18 -18 -18 -18 -18 -18 -17 -17 -17 -17 -16 -16 -16 -16 -16 -16 -16 -16 -16 -16 -16 -16 -16 -16 -16 -16 -16 -16 -16 -16 -15 -15 -15 -15 -15 -15 -15 -15 -15 -15 -15 -15 -15 -15 -15 -15 -14 -14 -15 -15 -15 -15 -14 -14 -14 -14 -14 -14 -14 -14 -14 -14 -14 -14 -14 -14 -14 -14 -14 -14 -14 -14 -14 -13 -13 -13 -13 -13 -13 -13 -13 -13 -13 -13 -14 -14 -13 -13 -13 -13 -13 -13 -13 -12 -12 -12 -12 -12 -12 -12 -12 -12 -12 -12 -12 -12 -9 -9 -9 -9 -9 -9 -9 -9 -10 -9 -9 -8 -9 -9 -9 -9 -9 -9 -8 -9 -9 -9 -9 -9 -9 -8 -8 -8 -9 -9 -9 -9 -9 -9 -9 -9 -8 -8 -8 -7 -8 -8 -8 -8 -8 -8 -8 -8 -7 -7 -7 -7 -8 -8 -7 -7 -7 -7 -7 -7 -7 -7 -7 -7 -7 -7 -7 -7 -7 -7 -7 -8 -8 -7 -7 -7 -7 -7 -7 -7 -6 -6 -6 -7 -7 -7 -6 -6 -6 -5 -5 -5 -6 -6 -6 -7 -6 -6 -31 -31 -31 -30 -30 -30 -30 -30 -31 -31 -31 -30 -30 -29 -28 -28 -28 -27 -27 -27 -27 -27 -27 -27 -27 -26 -26 -25 -25 -25 -25 -25 -24 -24 -24 -25 -25 -25 -24 -24 -24 -25 -25 -24 -25 -25 -25 -25 -25 -24 -25 -24 -24 -23 -23 -23 -24 -23 -23 -23 -24 -24 -24 -24 -24 -25 -24 -24 -24 -25 -25 -25 -24 -24 -24 -24 -24 -23 -24 -24 -24 -24 -24 -23 -23 -23 -22 -23 -23 -22 -22 -22 -21 -22 -21 -21 -21 -21 -21 -21 -20 -20 -21 -20 -20 -19 -19 -19 -20 -20 -20 -20 -20 -20 -20 -19 -18 -18 -19 -20 -20 -20 -20 -20 -21 -21 -21 -20 -20 -20 -19 -19 -18 -17 -18 -19 -19 -19 -19 -19 -19 -19 -19 -19 -18 -18 -18 -17 -18 -17 -17 -17 -17 -18 -18 -18 -18 -18 -18 -18 -17 -17 -16 -17 -16 -16 -16 -16 -16 -16 -16 -16 -16 -16 -16 -16 -16 -16 -16 -16 -16 -16 -16 -16 -15 -15 -15 -15 -15 -15 -15 -15 -15 -15 -15 -15 -14 -14 -14 -14 -14 -14 -14 -14 -15 -15 -14 -14 -14 -14 -14 -14 -14 -14 -14 -14 -14 -14 -14 -14 -14 -14 -14 -14 -14 -14 -13 -13 -13 -13 -13 -13 -13 -13 -13 -13 -14 -14 -14 -13 -13 -13 -13 -13 -13 -13 -13 -13 -12 -12 -12 -12 -12 -12 -12 -12 -12 -12 -12 -12 -9 -9 -9 -9 -9 -9 -9 -8 -9 -9 -9 -9 -8 -9 -9 -9 -9 -9 -8 -8 -9 -9 -9 -9 -9 -9 -8 -8 -8 -8 -8 -8 -8 -8 -8 -7 -8 -7 -7 -7 -7 -8 -8 -8 -8 -8 -8 -8 -7 -7 -7 -7 -8 -8 -8 -8 -8 -8 -8 -7 -7 -7 -7 -7 -7 -8 -7 -7 -7 -7 -7 -8 -8 -7 -7 -7 -7 -7 -7 -7 -6 -6 -6 -6 -7 -6 -6 -6 -6 -6 -5 -5 -5 -6 -6 -6 -6 -6 -6 -32 -33 -33 -32 -31 -31 -30 -30 -30 -30 -29 -29 -29 -30 -30 -29 -29 -30 -29 -28 -27 -27 -27 -27 -27 -27 -27 -27 -26 -26 -26 -26 -25 -25 -25 -25 -24 -24 -24 -24 -24 -24 -24 -24 -24 -24 -24 -23 -23 -24 -24 -24 -24 -23 -23 -24 -24 -24 -23 -23 -23 -22 -22 -22 -24 -24 -22 -22 -23 -24 -24 -24 -24 -24 -24 -24 -23 -23 -23 -23 -23 -23 -24 -24 -23 -23 -23 -23 -24 -23 -23 -23 -23 -22 -22 -21 -21 -22 -21 -21 -21 -20 -21 -21 -20 -20 -20 -20 -20 -19 -19 -19 -20 -20 -20 -19 -20 -19 -20 -20 -19 -18 -19 -20 -20 -20 -20 -20 -20 -20 -20 -20 -19 -19 -19 -19 -18 -17 -17 -18 -18 -19 -19 -19 -18 -18 -18 -18 -19 -18 -18 -18 -18 -18 -17 -17 -17 -18 -18 -18 -18 -18 -18 -18 -17 -17 -16 -16 -17 -16 -16 -16 -16 -16 -16 -16 -16 -16 -16 -16 -16 -15 -16 -16 -16 -16 -16 -16 -16 -15 -15 -15 -15 -15 -15 -15 -15 -15 -14 -14 -14 -14 -14 -14 -14 -14 -14 -14 -14 -14 -15 -15 -15 -15 -14 -14 -14 -14 -14 -14 -14 -14 -14 -13 -13 -13 -14 -14 -14 -14 -14 -13 -13 -13 -13 -13 -13 -13 -13 -13 -13 -13 -13 -13 -13 -13 -13 -13 -13 -13 -13 -13 -12 -12 -12 -12 -12 -12 -12 -12 -12 -12 -12 -12 -9 -9 -9 -9 -9 -9 -9 -8 -8 -9 -9 -8 -8 -9 -8 -9 -9 -9 -8 -8 -9 -9 -8 -8 -8 -8 -8 -8 -7 -7 -7 -7 -7 -7 -7 -7 -7 -7 -7 -7 -7 -7 -8 -8 -8 -8 -8 -8 -8 -7 -7 -7 -7 -8 -8 -8 -8 -8 -8 -8 -8 -7 -7 -7 -7 -7 -7 -7 -7 -7 -7 -8 -8 -7 -7 -7 -7 -7 -7 -7 -7 -6 -6 -6 -6 -6 -6 -6 -6 -6 -5 -5 -5 -5 -5 -6 -5 -5 -6 -31 -31 -32 -32 -33 -33 -33 -32 -31 -31 -30 -30 -30 -29 -29 -29 -29 -29 -28 -28 -29 -30 -29 -28 -28 -27 -27 -27 -27 -27 -27 -26 -26 -26 -26 -25 -25 -25 -25 -25 -24 -24 -24 -24 -24 -24 -24 -24 -24 -24 -23 -23 -23 -23 -23 -23 -23 -22 -23 -23 -24 -23 -22 -22 -22 -22 -22 -24 -24 -23 -23 -22 -23 -23 -23 -23 -23 -24 -23 -23 -24 -24 -23 -24 -24 -24 -23 -23 -23 -23 -23 -23 -23 -23 -23 -23 -22 -22 -21 -21 -22 -21 -20 -21 -21 -21 -21 -20 -20 -20 -20 -19 -19 -19 -19 -19 -19 -18 -18 -18 -18 -19 -19 -19 -18 -19 -19 -19 -19 -20 -20 -20 -20 -20 -20 -20 -20 -19 -18 -17 -18 -18 -18 -18 -18 -18 -18 -18 -18 -18 -19 -19 -18 -18 -18 -18 -17 -17 -17 -17 -17 -18 -18 -18 -17 -18 -18 -17 -17 -17 -16 -17 -16 -17 -17 -16 -16 -16 -16 -16 -16 -16 -16 -16 -16 -15 -15 -16 -16 -16 -16 -16 -16 -15 -15 -15 -15 -15 -15 -15 -15 -15 -14 -14 -14 -14 -14 -14 -14 -14 -14 -14 -14 -14 -14 -14 -14 -14 -14 -14 -14 -14 -14 -14 -14 -14 -13 -13 -13 -14 -13 -13 -13 -13 -13 -13 -13 -13 -13 -13 -13 -13 -13 -13 -13 -13 -13 -13 -13 -13 -12 -13 -13 -13 -13 -12 -12 -12 -12 -12 -12 -12 -12 -12 -12 -12 -12 -9 -9 -9 -9 -9 -9 -9 -9 -8 -8 -8 -8 -8 -8 -8 -9 -9 -9 -9 -8 -8 -8 -7 -7 -8 -8 -8 -8 -8 -7 -7 -7 -7 -7 -7 -7 -7 -7 -7 -7 -7 -7 -8 -8 -8 -8 -8 -7 -8 -8 -8 -8 -8 -8 -8 -8 -8 -8 -8 -8 -8 -8 -8 -7 -7 -7 -7 -7 -7 -7 -7 -8 -7 -7 -7 -7 -7 -7 -7 -7 -6 -6 -6 -6 -6 -6 -6 -6 -6 -6 -6 -6 -5 -5 -5 -5 -5 -5 -5 -32 -32 -32 -32 -31 -31 -31 -31 -31 -31 -31 -32 -32 -33 -33 -33 -33 -33 -32 -31 -31 -31 -30 -30 -29 -29 -28 -28 -28 -28 -28 -28 -29 -29 -28 -27 -27 -27 -27 -27 -27 -26 -26 -26 -26 -26 -26 -25 -25 -25 -24 -24 -23 -24 -24 -24 -24 -24 -24 -24 -24 -24 -24 -23 -23 -23 -23 -23 -23 -23 -23 -23 -23 -22 -22 -21 -21 -23 -23 -24 -24 -23 -23 -23 -22 -23 -23 -24 -24 -24 -24 -24 -24 -24 -23 -22 -23 -23 -23 -23 -22 -22 -22 -23 -23 -22 -22 -22 -21 -21 -22 -21 -21 -21 -21 -21 -21 -21 -21 -20 -20 -19 -19 -19 -18 -18 -18 -17 -17 -17 -18 -18 -18 -18 -18 -19 -19 -18 -19 -20 -20 -20 -20 -20 -19 -20 -20 -20 -19 -18 -18 -18 -19 -18 -18 -18 -18 -18 -18 -18 -19 -18 -18 -18 -18 -17 -17 -17 -17 -17 -16 -17 -17 -17 -18 -18 -18 -17 -17 -16 -16 -16 -16 -16 -16 -16 -16 -15 -16 -16 -16 -16 -16 -15 -15 -15 -15 -15 -15 -15 -15 -15 -15 -15 -15 -15 -15 -15 -15 -15 -15 -15 -15 -14 -14 -14 -14 -14 -14 -14 -14 -14 -14 -14 -14 -14 -14 -14 -14 -14 -14 -14 -14 -14 -14 -14 -14 -13 -13 -13 -13 -13 -13 -13 -13 -13 -13 -13 -13 -13 -13 -13 -13 -13 -13 -13 -13 -13 -13 -13 -12 -12 -13 -13 -13 -13 -12 -12 -12 -12 -12 -12 -12 -12 -12 -12 -12 -9 -9 -9 -9 -9 -9 -9 -9 -9 -8 -8 -9 -9 -8 -8 -8 -9 -9 -9 -8 -7 -7 -7 -7 -7 -7 -8 -8 -8 -8 -7 -7 -7 -7 -7 -7 -7 -7 -7 -7 -7 -7 -7 -7 -8 -8 -8 -7 -8 -8 -7 -7 -8 -8 -8 -8 -8 -8 -8 -8 -8 -7 -7 -7 -7 -7 -7 -7 -7 -7 -7 -7 -7 -7 -7 -7 -7 -7 -7 -7 -6 -6 -6 -6 -6 -6 -6 -6 -6 -6 -6 -5 -5 -5 -5 -6 -5 -5 -4 -32 -32 -32 -32 -31 -31 -31 -32 -32 -32 -32 -32 -33 -33 -32 -32 -32 -32 -31 -30 -31 -31 -31 -31 -31 -30 -30 -30 -30 -29 -28 -28 -28 -28 -28 -28 -28 -28 -28 -28 -27 -26 -26 -27 -26 -26 -26 -26 -26 -25 -25 -25 -25 -24 -24 -23 -23 -23 -23 -24 -24 -23 -23 -23 -23 -24 -24 -24 -24 -23 -23 -23 -23 -23 -23 -23 -23 -22 -22 -21 -22 -22 -23 -23 -23 -23 -23 -22 -22 -23 -23 -23 -23 -24 -24 -23 -23 -22 -23 -23 -22 -22 -22 -23 -22 -22 -23 -23 -23 -22 -21 -21 -21 -21 -21 -21 -20 -20 -20 -20 -20 -20 -20 -20 -19 -19 -19 -18 -18 -18 -17 -17 -17 -17 -17 -17 -17 -18 -18 -18 -18 -19 -19 -19 -19 -20 -20 -20 -20 -20 -20 -20 -19 -19 -19 -19 -19 -19 -18 -18 -17 -17 -18 -18 -17 -17 -18 -18 -17 -17 -17 -17 -16 -16 -16 -16 -17 -17 -17 -17 -17 -17 -16 -16 -16 -16 -16 -16 -16 -16 -16 -16 -16 -16 -16 -16 -15 -15 -15 -15 -15 -15 -15 -16 -15 -15 -15 -15 -15 -15 -15 -15 -15 -15 -15 -15 -15 -14 -14 -14 -14 -14 -14 -14 -14 -14 -14 -14 -14 -14 -14 -14 -14 -14 -14 -14 -14 -14 -14 -14 -13 -13 -13 -13 -13 -13 -13 -13 -13 -13 -13 -13 -13 -13 -13 -13 -13 -13 -13 -13 -13 -13 -13 -13 -12 -12 -13 -13 -13 -13 -12 -12 -12 -12 -12 -12 -12 -12 -12 -12 -9 -9 -9 -9 -10 -9 -9 -9 -9 -9 -8 -9 -9 -9 -9 -8 -9 -9 -9 -8 -8 -8 -8 -8 -7 -7 -7 -8 -8 -8 -8 -8 -7 -7 -7 -7 -7 -7 -7 -7 -7 -7 -7 -7 -8 -8 -8 -7 -7 -7 -7 -8 -8 -8 -8 -8 -8 -8 -8 -7 -7 -7 -7 -7 -7 -7 -7 -7 -7 -7 -7 -7 -7 -7 -7 -7 -7 -7 -7 -7 -7 -7 -6 -6 -6 -5 -5 -5 -6 -6 -6 -6 -6 -6 -6 -5 -6 -5 -5 -31 -32 -32 -32 -31 -30 -31 -32 -32 -32 -32 -32 -32 -32 -31 -31 -32 -32 -32 -32 -32 -31 -31 -31 -30 -30 -29 -29 -29 -30 -31 -31 -31 -30 -30 -30 -30 -29 -29 -29 -28 -27 -27 -27 -27 -27 -27 -28 -28 -26 -26 -26 -27 -27 -26 -26 -26 -25 -25 -25 -25 -25 -24 -24 -23 -23 -23 -23 -23 -23 -23 -23 -23 -23 -23 -23 -23 -23 -23 -23 -23 -22 -22 -22 -22 -22 -22 -21 -21 -22 -22 -22 -22 -22 -23 -23 -22 -22 -23 -23 -23 -24 -24 -23 -23 -22 -22 -23 -23 -22 -22 -22 -22 -22 -22 -22 -22 -23 -22 -22 -21 -21 -22 -21 -21 -21 -21 -20 -20 -20 -20 -19 -19 -19 -19 -19 -18 -18 -18 -18 -18 -18 -18 -18 -18 -17 -17 -18 -17 -17 -19 -19 -20 -20 -20 -20 -20 -20 -20 -20 -20 -20 -20 -19 -19 -19 -19 -18 -17 -17 -18 -18 -18 -18 -17 -17 -18 -18 -17 -17 -17 -17 -17 -16 -16 -16 -16 -16 -16 -15 -16 -16 -15 -15 -16 -16 -16 -16 -16 -16 -16 -16 -16 -16 -16 -16 -15 -15 -15 -16 -16 -16 -15 -15 -15 -15 -15 -15 -15 -15 -15 -15 -15 -15 -15 -15 -15 -15 -14 -14 -14 -14 -14 -14 -14 -14 -14 -14 -14 -14 -14 -14 -14 -14 -14 -14 -14 -14 -14 -13 -13 -13 -13 -13 -13 -13 -13 -13 -13 -13 -13 -13 -13 -13 -13 -13 -13 -13 -13 -13 -13 -13 -13 -13 -12 -12 -12 -13 -13 -13 -13 -12 -12 -12 -12 -12 -12 -12 -12 -9 -9 -9 -9 -10 -9 -9 -9 -9 -9 -9 -9 -9 -9 -9 -9 -9 -8 -9 -9 -9 -9 -8 -8 -8 -8 -8 -8 -8 -8 -8 -8 -7 -7 -7 -7 -7 -7 -7 -7 -7 -7 -7 -7 -8 -8 -8 -8 -7 -7 -7 -7 -7 -8 -8 -8 -8 -8 -8 -8 -8 -8 -8 -8 -7 -7 -7 -8 -7 -7 -8 -8 -8 -8 -7 -7 -7 -7 -7 -7 -7 -7 -7 -7 -6 -6 -6 -6 -5 -5 -6 -6 -6 -6 -6 -5 -5 -5 -4 -31 -32 -31 -31 -31 -30 -31 -32 -32 -32 -32 -31 -31 -31 -31 -31 -31 -32 -32 -32 -31 -31 -31 -31 -30 -30 -29 -30 -30 -30 -30 -31 -31 -30 -30 -30 -30 -30 -29 -28 -28 -28 -28 -27 -27 -27 -27 -26 -26 -26 -26 -26 -27 -26 -26 -25 -25 -24 -24 -24 -24 -24 -24 -24 -24 -24 -23 -23 -23 -23 -23 -22 -22 -22 -23 -23 -22 -22 -22 -22 -21 -22 -22 -22 -23 -22 -22 -22 -22 -22 -22 -22 -22 -23 -24 -23 -23 -23 -23 -23 -24 -23 -22 -22 -22 -22 -23 -22 -22 -21 -21 -21 -22 -22 -21 -22 -22 -22 -22 -22 -22 -21 -21 -20 -20 -21 -21 -20 -20 -19 -19 -19 -18 -19 -19 -18 -18 -18 -18 -18 -18 -18 -18 -19 -18 -17 -17 -17 -17 -18 -19 -19 -19 -19 -19 -19 -19 -19 -19 -19 -20 -20 -20 -20 -19 -18 -18 -18 -18 -18 -18 -18 -17 -17 -17 -17 -17 -16 -17 -16 -16 -16 -16 -16 -16 -16 -15 -15 -14 -14 -14 -14 -14 -15 -15 -15 -15 -16 -16 -16 -16 -16 -16 -16 -16 -15 -15 -15 -16 -15 -15 -15 -15 -15 -15 -15 -15 -15 -15 -15 -15 -15 -15 -15 -14 -14 -14 -14 -14 -14 -14 -14 -14 -14 -14 -14 -14 -14 -14 -14 -14 -14 -14 -14 -14 -14 -13 -14 -14 -13 -13 -13 -13 -13 -13 -13 -13 -13 -13 -13 -13 -13 -13 -13 -13 -13 -13 -13 -13 -13 -13 -13 -13 -12 -12 -12 -13 -13 -12 -13 -13 -12 -12 -12 -12 -12 -12 -12 -9 -9 -9 -9 -9 -9 -10 -9 -9 -9 -9 -9 -9 -9 -9 -9 -9 -9 -9 -9 -9 -9 -8 -8 -8 -8 -8 -8 -8 -8 -8 -7 -7 -7 -7 -7 -7 -7 -7 -7 -7 -7 -7 -7 -7 -7 -8 -8 -7 -7 -7 -7 -7 -7 -8 -8 -8 -8 -8 -8 -8 -8 -8 -8 -8 -8 -8 -8 -8 -8 -8 -8 -8 -8 -8 -7 -7 -7 -7 -7 -7 -7 -7 -7 -6 -6 -7 -6 -6 -6 -5 -6 -6 -5 -5 -5 -5 -5 -5 -31 -31 -31 -31 -30 -30 -31 -30 -31 -31 -31 -31 -30 -30 -30 -31 -31 -32 -32 -31 -31 -31 -31 -31 -30 -30 -30 -30 -30 -30 -30 -30 -30 -30 -30 -30 -29 -29 -28 -28 -28 -28 -28 -27 -27 -26 -26 -26 -26 -26 -26 -27 -26 -26 -25 -25 -24 -24 -24 -24 -24 -24 -24 -24 -24 -23 -23 -23 -23 -22 -22 -22 -22 -22 -22 -22 -22 -22 -22 -21 -21 -21 -22 -22 -21 -21 -21 -22 -22 -22 -22 -23 -23 -24 -23 -23 -23 -23 -23 -23 -22 -22 -21 -22 -23 -23 -22 -21 -22 -22 -22 -22 -22 -22 -21 -21 -21 -22 -21 -21 -20 -20 -20 -20 -20 -20 -19 -19 -19 -19 -19 -18 -19 -19 -18 -18 -18 -18 -18 -18 -18 -18 -19 -18 -18 -17 -17 -17 -17 -18 -18 -18 -18 -19 -19 -19 -19 -19 -19 -20 -20 -20 -20 -19 -18 -17 -18 -18 -18 -18 -17 -17 -17 -17 -17 -17 -17 -17 -16 -16 -16 -16 -16 -16 -16 -15 -15 -14 -14 -14 -14 -14 -14 -14 -14 -15 -15 -15 -15 -15 -15 -16 -16 -15 -16 -15 -15 -15 -15 -15 -15 -15 -15 -15 -15 -15 -15 -15 -15 -15 -15 -15 -15 -14 -14 -14 -14 -14 -14 -14 -14 -14 -14 -14 -14 -14 -14 -14 -14 -14 -14 -14 -14 -14 -13 -13 -14 -14 -13 -13 -13 -13 -13 -13 -13 -13 -13 -13 -13 -13 -13 -13 -13 -13 -13 -13 -13 -13 -13 -13 -13 -13 -12 -12 -12 -13 -12 -12 -12 -13 -12 -12 -12 -12 -12 -12 -12 -9 -9 -9 -9 -9 -9 -10 -9 -9 -9 -9 -9 -9 -9 -9 -9 -9 -9 -9 -9 -9 -8 -8 -8 -8 -8 -8 -8 -8 -8 -8 -8 -8 -7 -7 -8 -8 -7 -7 -7 -8 -8 -7 -7 -7 -7 -7 -7 -7 -7 -7 -7 -7 -7 -7 -8 -8 -8 -8 -8 -8 -8 -8 -8 -8 -8 -8 -8 -8 -8 -8 -8 -7 -8 -8 -7 -7 -7 -7 -7 -7 -7 -7 -7 -7 -7 -7 -7 -6 -6 -6 -5 -6 -5 -5 -6 -6 -5 -5 -31 -31 -31 -31 -30 -29 -29 -30 -30 -30 -30 -30 -30 -30 -30 -31 -31 -32 -32 -31 -31 -30 -31 -30 -30 -30 -30 -30 -30 -30 -30 -30 -30 -30 -30 -29 -29 -29 -28 -27 -28 -28 -28 -28 -27 -27 -26 -26 -26 -26 -25 -26 -26 -26 -26 -25 -25 -24 -24 -24 -24 -24 -24 -24 -24 -24 -23 -23 -23 -23 -23 -23 -23 -22 -22 -22 -22 -21 -22 -22 -22 -22 -22 -22 -21 -21 -20 -20 -21 -21 -21 -21 -21 -22 -23 -23 -23 -23 -23 -22 -22 -22 -21 -22 -22 -22 -21 -22 -22 -22 -22 -21 -21 -22 -22 -21 -21 -22 -22 -22 -21 -21 -20 -20 -20 -19 -19 -19 -19 -19 -19 -19 -19 -19 -19 -19 -19 -18 -17 -17 -18 -18 -18 -19 -19 -19 -19 -18 -18 -17 -17 -17 -17 -18 -18 -18 -18 -18 -19 -19 -19 -20 -20 -19 -18 -18 -17 -17 -18 -17 -17 -17 -17 -16 -16 -16 -16 -16 -16 -16 -16 -16 -15 -15 -15 -15 -15 -15 -14 -14 -14 -14 -14 -14 -14 -14 -14 -14 -14 -14 -15 -16 -16 -15 -15 -15 -15 -15 -15 -15 -15 -15 -15 -15 -15 -15 -15 -15 -15 -15 -15 -15 -14 -14 -14 -14 -14 -14 -14 -14 -14 -14 -14 -14 -14 -14 -14 -14 -14 -14 -14 -14 -13 -13 -13 -13 -14 -14 -14 -13 -13 -13 -13 -13 -13 -13 -13 -13 -13 -13 -13 -13 -13 -13 -13 -13 -13 -13 -13 -13 -13 -13 -13 -12 -12 -13 -12 -12 -12 -12 -12 -13 -12 -12 -12 -12 -12 -12 -9 -9 -9 -9 -9 -9 -9 -9 -9 -9 -9 -9 -9 -9 -9 -9 -9 -9 -9 -9 -9 -8 -8 -8 -8 -8 -8 -8 -8 -8 -8 -8 -8 -8 -8 -7 -8 -8 -8 -8 -7 -7 -7 -7 -7 -7 -7 -7 -7 -7 -7 -7 -7 -7 -7 -7 -8 -8 -8 -8 -9 -9 -9 -8 -8 -8 -8 -8 -8 -8 -8 -7 -7 -8 -8 -8 -7 -7 -7 -7 -7 -6 -7 -7 -7 -7 -6 -7 -6 -6 -6 -6 -6 -6 -6 -6 -6 -6 -5 -4 -30 -31 -30 -30 -29 -29 -30 -30 -31 -31 -31 -30 -29 -30 -30 -31 -31 -32 -32 -31 -30 -31 -30 -30 -30 -30 -30 -29 -29 -30 -30 -30 -30 -30 -30 -30 -30 -30 -30 -29 -29 -27 -27 -28 -28 -28 -27 -27 -26 -27 -26 -25 -25 -25 -26 -26 -26 -25 -24 -24 -24 -24 -24 -24 -24 -24 -24 -23 -23 -23 -23 -23 -22 -22 -22 -22 -22 -22 -22 -21 -21 -21 -21 -22 -22 -22 -22 -21 -21 -21 -22 -21 -21 -21 -22 -23 -23 -23 -22 -22 -23 -22 -22 -21 -21 -21 -21 -21 -21 -21 -21 -22 -22 -21 -21 -21 -22 -22 -22 -22 -22 -21 -22 -21 -21 -20 -20 -19 -19 -18 -18 -19 -18 -18 -18 -18 -19 -19 -19 -18 -18 -18 -17 -18 -18 -18 -18 -19 -19 -18 -18 -18 -18 -17 -17 -17 -17 -17 -18 -19 -19 -19 -20 -20 -19 -19 -19 -19 -18 -17 -17 -17 -16 -16 -16 -16 -16 -16 -16 -16 -15 -16 -15 -15 -15 -15 -15 -15 -15 -15 -14 -13 -13 -14 -14 -14 -14 -14 -14 -14 -14 -15 -15 -15 -15 -15 -15 -15 -15 -15 -15 -15 -15 -15 -15 -15 -15 -15 -15 -15 -15 -15 -15 -15 -14 -14 -14 -14 -14 -14 -14 -14 -14 -14 -14 -14 -14 -14 -14 -14 -14 -14 -14 -14 -13 -13 -13 -13 -14 -14 -14 -13 -13 -13 -13 -13 -13 -13 -13 -13 -13 -13 -13 -13 -13 -13 -13 -13 -13 -13 -13 -13 -13 -13 -13 -12 -12 -12 -12 -12 -12 -12 -12 -13 -12 -12 -12 -12 -12 -12 -9 -9 -9 -9 -9 -9 -9 -9 -9 -9 -9 -9 -9 -9 -9 -9 -9 -9 -9 -9 -9 -9 -9 -8 -9 -8 -8 -8 -8 -8 -8 -8 -8 -8 -8 -8 -8 -8 -8 -8 -7 -7 -7 -8 -7 -7 -8 -8 -8 -8 -8 -7 -7 -7 -7 -8 -8 -8 -8 -8 -9 -8 -9 -9 -8 -8 -8 -8 -8 -8 -7 -7 -8 -8 -8 -8 -8 -7 -7 -7 -7 -7 -7 -7 -7 -7 -7 -7 -6 -6 -7 -6 -6 -6 -6 -6 -6 -6 -5 -5 -30 -30 -30 -30 -30 -30 -29 -30 -31 -31 -31 -31 -30 -30 -30 -30 -31 -31 -32 -30 -30 -30 -31 -30 -30 -29 -30 -30 -29 -29 -29 -29 -30 -29 -29 -30 -30 -30 -30 -30 -30 -29 -29 -28 -28 -28 -28 -28 -27 -27 -27 -26 -26 -26 -25 -25 -25 -25 -25 -25 -25 -24 -24 -24 -24 -24 -24 -23 -23 -23 -22 -22 -22 -22 -22 -22 -22 -22 -22 -22 -21 -21 -21 -21 -21 -21 -21 -21 -21 -21 -20 -22 -22 -22 -22 -23 -23 -22 -22 -22 -22 -22 -22 -21 -21 -21 -21 -21 -21 -22 -22 -22 -22 -22 -22 -22 -22 -22 -22 -21 -21 -21 -21 -21 -21 -21 -21 -21 -20 -19 -19 -19 -19 -18 -18 -18 -18 -19 -19 -20 -19 -19 -18 -18 -18 -19 -18 -18 -18 -19 -18 -18 -19 -19 -18 -17 -17 -17 -17 -18 -18 -19 -19 -20 -20 -19 -19 -18 -18 -18 -17 -16 -16 -16 -16 -16 -16 -15 -16 -16 -16 -15 -15 -14 -14 -15 -15 -15 -16 -16 -15 -14 -13 -13 -14 -14 -14 -14 -14 -14 -14 -13 -14 -14 -14 -14 -14 -15 -15 -15 -15 -15 -14 -14 -14 -14 -15 -15 -15 -15 -15 -15 -15 -15 -14 -14 -14 -14 -14 -14 -14 -14 -14 -14 -14 -14 -14 -14 -14 -14 -14 -14 -14 -14 -14 -13 -13 -13 -14 -14 -14 -14 -13 -13 -13 -13 -13 -13 -13 -13 -13 -13 -13 -13 -13 -13 -13 -13 -13 -13 -13 -13 -13 -13 -13 -13 -12 -12 -12 -12 -12 -12 -13 -13 -12 -12 -12 -13 -12 -12 -12 -9 -9 -9 -9 -9 -9 -9 -9 -9 -9 -9 -9 -9 -9 -9 -9 -9 -9 -9 -9 -9 -9 -9 -9 -9 -9 -8 -8 -8 -8 -8 -8 -8 -8 -9 -8 -8 -8 -8 -8 -7 -8 -8 -8 -8 -8 -8 -8 -8 -8 -8 -8 -8 -8 -7 -7 -8 -8 -8 -9 -8 -8 -8 -9 -8 -8 -8 -8 -8 -8 -7 -7 -8 -8 -8 -8 -8 -8 -7 -7 -7 -7 -7 -7 -7 -7 -7 -7 -7 -7 -7 -7 -7 -7 -6 -6 -6 -6 -6 -5 -29 -29 -29 -30 -30 -31 -31 -30 -30 -30 -30 -30 -31 -31 -31 -31 -31 -32 -32 -31 -30 -29 -30 -30 -30 -29 -29 -29 -29 -29 -28 -28 -28 -28 -28 -29 -29 -29 -30 -30 -30 -30 -29 -29 -29 -28 -27 -26 -27 -26 -26 -27 -27 -27 -26 -26 -26 -26 -25 -25 -25 -25 -24 -24 -23 -23 -24 -23 -24 -23 -23 -23 -22 -22 -22 -22 -22 -22 -23 -22 -21 -22 -22 -21 -21 -20 -20 -21 -20 -20 -20 -20 -21 -22 -22 -22 -22 -22 -22 -22 -22 -22 -22 -21 -21 -21 -21 -22 -22 -22 -21 -22 -22 -22 -22 -22 -21 -21 -22 -22 -21 -21 -20 -20 -20 -21 -21 -21 -20 -19 -19 -19 -19 -19 -19 -18 -18 -18 -18 -18 -19 -19 -19 -19 -18 -18 -19 -19 -19 -19 -19 -19 -19 -19 -19 -18 -18 -18 -17 -17 -17 -17 -18 -19 -20 -20 -19 -18 -18 -17 -17 -16 -16 -16 -16 -17 -17 -16 -16 -16 -16 -16 -16 -15 -15 -14 -15 -15 -16 -16 -16 -16 -14 -14 -14 -14 -14 -14 -14 -14 -14 -13 -13 -13 -14 -14 -14 -14 -14 -14 -14 -14 -14 -14 -14 -14 -14 -14 -14 -14 -15 -15 -15 -15 -14 -15 -14 -14 -14 -14 -14 -14 -14 -14 -14 -14 -14 -14 -14 -14 -14 -14 -14 -14 -14 -13 -13 -13 -14 -14 -14 -14 -13 -13 -13 -13 -13 -13 -13 -13 -13 -13 -13 -13 -13 -13 -13 -13 -13 -13 -13 -13 -13 -13 -13 -13 -13 -12 -12 -12 -12 -12 -13 -13 -13 -12 -12 -12 -12 -12 -12 -12 -9 -9 -9 -9 -9 -9 -9 -9 -9 -9 -9 -9 -9 -9 -9 -9 -9 -9 -9 -9 -9 -9 -9 -9 -9 -9 -9 -8 -8 -8 -8 -8 -9 -8 -8 -8 -8 -7 -7 -7 -8 -8 -8 -8 -8 -8 -8 -8 -8 -8 -8 -8 -8 -8 -8 -8 -8 -8 -8 -9 -8 -8 -8 -9 -8 -8 -8 -8 -8 -8 -8 -8 -7 -8 -8 -8 -8 -8 -8 -7 -8 -7 -7 -8 -7 -7 -7 -7 -7 -6 -6 -6 -6 -6 -6 -6 -6 -6 -6 -5 -5 -30 -30 -30 -29 -29 -30 -31 -31 -30 -30 -31 -31 -30 -31 -31 -32 -32 -32 -32 -31 -31 -30 -30 -30 -30 -30 -29 -29 -28 -28 -28 -27 -28 -28 -27 -28 -28 -28 -29 -29 -29 -29 -29 -29 -29 -28 -28 -27 -27 -26 -26 -26 -26 -26 -26 -26 -26 -26 -26 -26 -25 -25 -25 -25 -24 -24 -23 -24 -24 -24 -23 -23 -23 -23 -23 -23 -23 -23 -23 -23 -22 -22 -22 -21 -21 -21 -21 -20 -20 -20 -20 -20 -20 -21 -21 -21 -22 -22 -22 -22 -22 -22 -22 -22 -21 -21 -21 -22 -22 -22 -22 -22 -22 -22 -21 -21 -21 -21 -21 -21 -22 -21 -20 -20 -20 -20 -20 -20 -19 -19 -19 -19 -19 -19 -19 -19 -18 -18 -18 -18 -18 -18 -18 -19 -19 -19 -19 -19 -19 -18 -19 -19 -19 -19 -19 -19 -18 -17 -18 -18 -17 -17 -17 -17 -18 -19 -20 -19 -18 -18 -17 -17 -16 -16 -16 -17 -17 -17 -16 -16 -17 -17 -16 -16 -16 -15 -15 -15 -15 -16 -16 -16 -16 -14 -14 -14 -14 -14 -14 -14 -13 -13 -13 -13 -13 -14 -14 -14 -14 -14 -14 -14 -14 -14 -14 -14 -14 -14 -14 -14 -14 -14 -14 -14 -14 -14 -14 -14 -14 -14 -14 -14 -14 -14 -14 -14 -14 -14 -14 -14 -14 -14 -14 -14 -14 -14 -13 -13 -14 -14 -14 -14 -14 -13 -13 -13 -13 -13 -13 -13 -13 -13 -13 -13 -13 -13 -13 -13 -13 -13 -13 -13 -13 -13 -13 -13 -13 -13 -12 -12 -12 -12 -12 -13 -13 -12 -12 -12 -12 -12 -12 -12 -12 -10 -9 -9 -9 -9 -9 -9 -9 -9 -9 -9 -9 -9 -9 -9 -9 -9 -9 -9 -9 -9 -9 -9 -9 -9 -9 -9 -8 -8 -8 -8 -8 -9 -9 -8 -8 -8 -8 -8 -8 -8 -8 -8 -8 -8 -8 -8 -8 -8 -8 -8 -8 -8 -8 -8 -8 -8 -8 -8 -9 -8 -8 -7 -8 -8 -7 -8 -8 -8 -8 -8 -8 -8 -8 -8 -8 -8 -8 -8 -7 -7 -7 -7 -7 -7 -7 -7 -7 -7 -6 -6 -6 -6 -5 -6 -6 -6 -6 -6 -6 -5 -30 -31 -30 -30 -29 -29 -30 -31 -30 -30 -30 -31 -31 -31 -31 -32 -31 -31 -30 -30 -29 -30 -30 -31 -30 -30 -30 -30 -29 -28 -28 -28 -28 -28 -28 -27 -27 -27 -27 -28 -28 -28 -29 -29 -29 -29 -28 -28 -28 -27 -27 -26 -26 -25 -25 -26 -25 -25 -25 -25 -25 -24 -24 -24 -24 -24 -24 -24 -23 -23 -23 -23 -23 -23 -23 -23 -23 -23 -22 -22 -22 -22 -21 -21 -21 -21 -21 -20 -20 -20 -20 -20 -19 -20 -20 -20 -21 -21 -22 -22 -22 -22 -22 -22 -21 -21 -21 -21 -21 -21 -22 -22 -21 -21 -21 -21 -20 -21 -21 -21 -21 -21 -20 -20 -20 -20 -19 -19 -18 -19 -19 -19 -19 -19 -19 -19 -19 -18 -18 -18 -18 -19 -19 -19 -19 -19 -19 -18 -18 -18 -18 -18 -18 -19 -19 -19 -18 -18 -18 -18 -18 -18 -18 -18 -18 -19 -19 -19 -18 -17 -18 -18 -17 -17 -17 -17 -17 -17 -16 -17 -17 -17 -17 -16 -16 -16 -16 -15 -15 -15 -15 -16 -16 -15 -15 -15 -14 -14 -15 -14 -14 -14 -13 -13 -14 -14 -14 -14 -14 -14 -14 -14 -14 -14 -14 -14 -14 -14 -14 -14 -14 -14 -14 -14 -14 -14 -14 -14 -14 -14 -14 -14 -14 -14 -14 -14 -14 -14 -14 -14 -14 -14 -14 -14 -14 -14 -13 -14 -14 -14 -14 -14 -13 -13 -13 -13 -13 -13 -13 -13 -13 -13 -13 -13 -13 -13 -13 -13 -13 -13 -13 -13 -13 -13 -13 -13 -13 -13 -12 -12 -12 -12 -12 -13 -13 -12 -12 -12 -12 -12 -12 -12 -12 -10 -10 -9 -9 -9 -9 -9 -9 -9 -9 -9 -9 -9 -9 -9 -9 -9 -9 -9 -9 -9 -9 -9 -9 -8 -8 -9 -9 -8 -8 -8 -8 -9 -9 -9 -9 -8 -8 -8 -8 -8 -8 -8 -8 -8 -9 -8 -8 -8 -8 -8 -8 -8 -8 -8 -8 -8 -8 -9 -8 -8 -8 -7 -8 -8 -7 -7 -7 -8 -8 -8 -8 -8 -8 -7 -7 -8 -8 -9 -8 -8 -7 -7 -7 -7 -7 -7 -7 -7 -7 -7 -6 -6 -5 -6 -6 -6 -6 -6 -6 -6 -5 -31 -31 -31 -30 -30 -30 -29 -30 -31 -30 -30 -30 -31 -31 -31 -31 -30 -29 -29 -28 -28 -29 -30 -30 -30 -29 -30 -30 -29 -28 -29 -29 -28 -28 -28 -28 -27 -26 -26 -27 -28 -29 -29 -28 -28 -29 -29 -29 -28 -28 -28 -27 -26 -25 -25 -25 -25 -24 -24 -24 -24 -24 -24 -23 -23 -23 -23 -23 -23 -23 -23 -23 -22 -22 -22 -22 -22 -23 -22 -22 -21 -22 -22 -21 -21 -21 -20 -20 -20 -20 -20 -20 -19 -21 -21 -21 -21 -20 -21 -21 -22 -21 -21 -21 -21 -21 -21 -20 -21 -21 -22 -21 -21 -20 -20 -20 -21 -21 -21 -21 -20 -21 -21 -21 -20 -20 -19 -18 -18 -19 -19 -19 -19 -19 -19 -19 -19 -19 -18 -19 -19 -19 -19 -19 -18 -18 -18 -18 -18 -17 -17 -18 -19 -19 -19 -19 -19 -18 -18 -18 -17 -17 -18 -18 -19 -19 -19 -19 -18 -18 -18 -18 -18 -17 -17 -17 -17 -17 -17 -17 -16 -16 -16 -16 -16 -15 -15 -14 -14 -15 -15 -15 -15 -14 -14 -14 -14 -14 -14 -14 -14 -14 -14 -14 -14 -14 -14 -14 -14 -14 -14 -14 -14 -14 -14 -14 -14 -14 -14 -14 -14 -14 -14 -14 -14 -14 -14 -14 -14 -14 -14 -14 -14 -14 -14 -14 -14 -14 -14 -14 -14 -14 -14 -14 -13 -14 -14 -14 -14 -14 -14 -14 -13 -13 -13 -13 -13 -13 -13 -13 -13 -13 -13 -13 -13 -13 -13 -13 -13 -13 -13 -13 -13 -13 -13 -13 -12 -13 -12 -12 -12 -12 -13 -13 -13 -12 -12 -12 -12 -12 -12 -12 -12 -10 -10 -10 -10 -9 -9 -9 -9 -9 -9 -9 -9 -9 -9 -9 -9 -9 -9 -9 -9 -9 -9 -9 -9 -9 -9 -9 -9 -9 -8 -9 -9 -9 -9 -9 -9 -9 -9 -9 -9 -9 -9 -8 -8 -8 -8 -8 -8 -8 -8 -8 -8 -8 -8 -8 -8 -9 -8 -8 -8 -8 -8 -8 -8 -7 -8 -7 -7 -7 -8 -8 -8 -8 -7 -7 -7 -8 -8 -9 -8 -8 -7 -7 -7 -7 -7 -7 -7 -7 -7 -7 -6 -6 -6 -6 -6 -7 -6 -6 -6 -5 -5 -4 -29 -30 -30 -31 -31 -30 -30 -30 -30 -31 -30 -31 -30 -30 -30 -30 -29 -28 -28 -28 -28 -28 -29 -29 -28 -28 -29 -29 -30 -29 -29 -28 -27 -27 -27 -27 -27 -26 -26 -27 -27 -28 -28 -27 -28 -28 -28 -28 -28 -28 -28 -27 -26 -25 -25 -25 -25 -24 -23 -24 -24 -23 -23 -23 -23 -23 -23 -22 -22 -22 -22 -22 -23 -22 -22 -22 -22 -22 -22 -22 -22 -21 -21 -21 -21 -21 -20 -20 -20 -20 -20 -20 -19 -20 -20 -20 -20 -20 -20 -20 -21 -21 -21 -21 -21 -21 -21 -20 -21 -21 -21 -21 -21 -20 -20 -20 -20 -21 -21 -20 -20 -21 -20 -20 -20 -20 -19 -19 -18 -18 -18 -18 -18 -17 -18 -18 -18 -18 -19 -19 -19 -19 -19 -18 -18 -18 -17 -17 -17 -16 -17 -18 -18 -18 -18 -19 -19 -19 -18 -18 -17 -16 -17 -18 -18 -19 -19 -18 -18 -18 -18 -17 -17 -16 -16 -16 -17 -17 -17 -17 -17 -17 -16 -16 -15 -15 -15 -14 -14 -14 -14 -14 -14 -14 -14 -13 -13 -14 -14 -14 -14 -15 -14 -14 -14 -14 -13 -14 -14 -14 -14 -14 -14 -14 -14 -14 -14 -14 -14 -14 -14 -14 -14 -14 -14 -14 -14 -14 -14 -14 -14 -14 -14 -14 -14 -14 -14 -14 -14 -14 -13 -14 -14 -14 -13 -14 -14 -14 -14 -14 -13 -13 -13 -13 -13 -13 -13 -13 -13 -13 -13 -13 -13 -13 -13 -13 -13 -13 -13 -13 -13 -13 -13 -13 -13 -13 -12 -13 -12 -12 -12 -13 -13 -13 -13 -13 -12 -12 -12 -12 -12 -12 -12 -10 -9 -9 -10 -10 -9 -9 -9 -9 -9 -9 -9 -9 -9 -9 -9 -9 -9 -9 -9 -9 -9 -9 -9 -9 -9 -9 -9 -9 -8 -9 -9 -9 -9 -10 -9 -9 -9 -9 -9 -9 -9 -8 -9 -8 -8 -8 -8 -8 -8 -9 -9 -9 -9 -9 -9 -9 -8 -8 -8 -8 -8 -8 -8 -7 -7 -7 -7 -7 -7 -7 -8 -7 -7 -7 -7 -8 -8 -8 -8 -8 -7 -8 -8 -8 -7 -7 -7 -7 -7 -7 -7 -6 -7 -7 -7 -6 -6 -6 -6 -6 -5 -5 -28 -29 -29 -30 -30 -31 -31 -31 -30 -31 -30 -30 -30 -30 -30 -30 -29 -28 -29 -29 -29 -29 -29 -29 -28 -27 -27 -27 -28 -29 -29 -28 -27 -27 -27 -27 -26 -26 -25 -26 -26 -26 -27 -27 -27 -27 -27 -27 -27 -28 -28 -27 -27 -26 -26 -25 -25 -25 -24 -24 -24 -24 -24 -23 -23 -23 -23 -22 -22 -22 -22 -22 -22 -22 -22 -21 -21 -21 -21 -22 -22 -22 -21 -21 -20 -20 -20 -20 -20 -20 -20 -20 -19 -20 -20 -21 -20 -20 -20 -20 -20 -21 -22 -21 -21 -21 -21 -21 -21 -21 -21 -21 -21 -21 -20 -20 -20 -20 -20 -20 -20 -21 -20 -20 -19 -19 -19 -18 -18 -18 -17 -18 -18 -18 -18 -18 -18 -18 -18 -19 -19 -19 -18 -18 -18 -18 -17 -16 -16 -15 -16 -17 -17 -18 -18 -18 -18 -19 -18 -17 -17 -17 -17 -18 -18 -19 -19 -18 -18 -17 -17 -16 -16 -16 -17 -17 -17 -17 -17 -16 -16 -16 -16 -16 -15 -14 -14 -14 -13 -12 -13 -14 -14 -14 -13 -13 -13 -14 -14 -14 -14 -14 -14 -15 -14 -14 -14 -14 -14 -14 -14 -13 -14 -14 -14 -14 -14 -14 -14 -14 -14 -14 -14 -14 -14 -14 -14 -14 -14 -14 -14 -14 -14 -14 -14 -14 -13 -13 -14 -14 -13 -13 -14 -14 -14 -14 -14 -14 -13 -14 -13 -13 -13 -13 -13 -13 -13 -13 -13 -13 -13 -13 -13 -13 -13 -13 -13 -13 -13 -13 -13 -13 -13 -13 -13 -12 -12 -13 -12 -12 -12 -12 -13 -13 -12 -12 -12 -12 -12 -12 -12 -12 -12 -9 -9 -9 -9 -10 -10 -9 -9 -9 -9 -9 -9 -9 -9 -9 -9 -9 -9 -9 -9 -9 -9 -9 -9 -9 -9 -9 -9 -9 -9 -9 -10 -9 -9 -10 -10 -9 -9 -9 -9 -9 -9 -8 -8 -9 -9 -9 -9 -9 -9 -9 -9 -9 -8 -8 -8 -8 -8 -8 -8 -8 -8 -7 -7 -7 -7 -7 -7 -7 -7 -7 -7 -7 -7 -7 -7 -8 -8 -8 -8 -8 -8 -8 -8 -7 -7 -7 -7 -7 -7 -7 -7 -7 -7 -7 -6 -6 -6 -7 -7 -6 -5 -5 -4 -28 -29 -29 -30 -30 -30 -30 -31 -30 -30 -30 -30 -30 -30 -29 -28 -28 -28 -28 -29 -28 -29 -29 -28 -27 -27 -27 -28 -28 -28 -28 -27 -27 -27 -27 -26 -26 -26 -26 -26 -26 -26 -26 -27 -27 -27 -26 -27 -28 -28 -27 -27 -26 -26 -26 -26 -25 -25 -24 -24 -24 -24 -23 -23 -22 -22 -22 -22 -21 -21 -22 -22 -21 -21 -21 -21 -21 -21 -21 -22 -21 -21 -20 -20 -20 -20 -19 -19 -19 -19 -19 -21 -21 -20 -20 -20 -20 -20 -20 -21 -21 -21 -21 -21 -21 -21 -20 -20 -21 -21 -21 -20 -20 -20 -19 -19 -20 -20 -20 -21 -20 -20 -19 -18 -18 -18 -18 -18 -18 -18 -18 -18 -18 -18 -18 -18 -18 -18 -18 -18 -18 -18 -18 -17 -16 -16 -15 -15 -16 -16 -17 -17 -17 -18 -18 -18 -18 -18 -18 -18 -18 -18 -19 -19 -19 -19 -18 -18 -18 -17 -17 -17 -18 -18 -17 -17 -17 -16 -16 -15 -15 -15 -15 -14 -14 -13 -13 -13 -13 -14 -14 -13 -13 -13 -13 -13 -13 -14 -14 -14 -14 -14 -14 -14 -14 -14 -13 -14 -14 -14 -13 -14 -14 -14 -14 -14 -14 -14 -14 -14 -14 -14 -14 -14 -14 -14 -14 -14 -14 -14 -14 -14 -14 -14 -14 -13 -13 -13 -13 -14 -14 -14 -14 -14 -14 -14 -13 -13 -14 -13 -13 -13 -13 -14 -13 -13 -13 -13 -13 -13 -13 -13 -13 -13 -13 -13 -13 -13 -13 -13 -13 -13 -13 -12 -12 -13 -12 -12 -13 -13 -13 -12 -12 -12 -12 -12 -12 -12 -12 -12 -12 -9 -9 -9 -9 -9 -10 -10 -9 -9 -9 -9 -9 -9 -9 -9 -9 -9 -9 -9 -9 -9 -9 -9 -9 -9 -9 -9 -9 -9 -9 -9 -10 -10 -10 -10 -10 -9 -9 -9 -9 -9 -9 -9 -9 -9 -9 -9 -9 -8 -9 -9 -9 -8 -8 -8 -8 -8 -8 -7 -7 -7 -7 -7 -7 -7 -7 -7 -7 -7 -7 -7 -7 -7 -7 -7 -7 -7 -8 -8 -8 -8 -8 -8 -8 -8 -8 -7 -8 -7 -7 -7 -7 -6 -6 -6 -6 -7 -7 -7 -6 -6 -6 -5 -4 -28 -29 -30 -29 -30 -30 -30 -30 -30 -30 -29 -29 -28 -28 -28 -28 -28 -29 -28 -28 -28 -28 -27 -27 -27 -27 -28 -28 -27 -26 -27 -27 -26 -26 -26 -27 -27 -26 -26 -26 -25 -26 -27 -27 -27 -27 -27 -27 -26 -26 -26 -26 -26 -25 -25 -25 -25 -25 -25 -24 -24 -24 -23 -23 -23 -22 -22 -22 -21 -22 -21 -21 -21 -21 -21 -21 -21 -22 -21 -21 -20 -20 -20 -19 -19 -19 -19 -19 -19 -20 -20 -20 -19 -20 -20 -19 -20 -20 -21 -21 -21 -20 -20 -20 -20 -20 -20 -21 -21 -21 -20 -19 -20 -20 -20 -20 -20 -20 -20 -20 -19 -18 -17 -17 -18 -18 -18 -18 -18 -18 -17 -17 -18 -18 -18 -17 -16 -17 -16 -16 -17 -17 -16 -16 -15 -16 -16 -16 -17 -17 -18 -18 -18 -18 -18 -18 -18 -18 -18 -18 -18 -19 -19 -18 -18 -18 -18 -18 -18 -18 -18 -17 -17 -16 -16 -16 -15 -15 -15 -14 -14 -14 -14 -14 -13 -13 -13 -14 -14 -13 -13 -12 -12 -12 -12 -13 -14 -13 -14 -14 -14 -14 -14 -14 -14 -14 -14 -13 -14 -13 -14 -14 -14 -14 -14 -14 -14 -14 -14 -14 -14 -14 -14 -14 -14 -14 -14 -14 -14 -14 -14 -14 -13 -13 -13 -13 -14 -14 -14 -14 -14 -14 -14 -14 -13 -13 -14 -13 -13 -13 -13 -13 -13 -13 -13 -13 -12 -13 -13 -13 -13 -13 -13 -12 -12 -12 -13 -13 -13 -13 -12 -12 -12 -12 -12 -12 -12 -13 -12 -12 -12 -12 -12 -12 -12 -12 -12 -12 -12 -9 -9 -9 -9 -9 -9 -10 -10 -9 -9 -9 -9 -9 -9 -9 -9 -9 -9 -9 -9 -9 -9 -9 -9 -9 -9 -9 -9 -10 -10 -10 -10 -10 -10 -10 -10 -10 -9 -9 -9 -9 -9 -9 -8 -8 -8 -8 -8 -8 -8 -8 -9 -9 -9 -9 -9 -9 -8 -8 -7 -7 -7 -7 -7 -7 -7 -7 -7 -7 -7 -7 -7 -7 -7 -7 -7 -7 -8 -8 -8 -8 -8 -8 -8 -8 -8 -8 -8 -8 -8 -7 -7 -7 -7 -7 -7 -7 -6 -6 -6 -6 -6 -5 -5 -5 -4 -3 -3 -28 -29 -29 -30 -30 -29 -30 -30 -29 -28 -28 -28 -28 -28 -28 -28 -28 -28 -27 -27 -27 -26 -26 -27 -27 -27 -27 -26 -26 -26 -26 -25 -26 -27 -27 -27 -27 -26 -25 -26 -26 -27 -27 -27 -27 -26 -25 -25 -25 -25 -24 -24 -24 -24 -24 -24 -24 -24 -24 -24 -23 -22 -22 -22 -21 -21 -21 -21 -21 -21 -21 -21 -21 -21 -21 -21 -21 -21 -20 -20 -20 -19 -19 -19 -19 -19 -18 -19 -19 -19 -19 -20 -19 -19 -19 -20 -20 -21 -20 -20 -20 -20 -20 -20 -20 -21 -21 -20 -20 -19 -19 -20 -20 -20 -20 -19 -19 -19 -19 -18 -17 -17 -18 -18 -18 -18 -18 -18 -17 -18 -18 -18 -18 -17 -16 -16 -16 -16 -16 -16 -16 -16 -16 -16 -16 -16 -17 -18 -18 -18 -18 -17 -17 -17 -18 -19 -19 -18 -18 -18 -18 -18 -17 -18 -18 -18 -18 -18 -18 -17 -17 -16 -16 -16 -15 -15 -15 -15 -14 -14 -14 -13 -13 -13 -13 -13 -13 -12 -13 -13 -12 -12 -12 -12 -13 -13 -14 -14 -14 -13 -14 -14 -14 -14 -14 -13 -14 -13 -13 -14 -14 -14 -14 -14 -14 -14 -14 -14 -14 -14 -14 -14 -14 -14 -14 -14 -14 -14 -14 -14 -13 -13 -13 -13 -14 -14 -14 -14 -14 -14 -14 -13 -13 -13 -13 -13 -13 -13 -13 -13 -13 -13 -13 -12 -12 -13 -13 -12 -12 -13 -13 -13 -12 -12 -12 -12 -13 -13 -12 -12 -13 -12 -12 -12 -12 -13 -12 -12 -12 -12 -12 -12 -12 -12 -12 -12 -12 -9 -9 -9 -9 -9 -9 -9 -9 -9 -9 -9 -9 -9 -9 -9 -9 -9 -9 -9 -9 -9 -9 -9 -9 -9 -9 -10 -10 -10 -10 -10 -10 -9 -9 -9 -9 -9 -9 -9 -9 -9 -9 -9 -9 -8 -8 -9 -9 -9 -9 -9 -9 -9 -9 -9 -9 -9 -8 -8 -8 -8 -8 -8 -8 -8 -7 -7 -7 -7 -7 -7 -7 -7 -7 -7 -7 -7 -7 -7 -7 -8 -8 -8 -7 -7 -8 -8 -8 -8 -8 -7 -7 -8 -7 -7 -7 -6 -6 -6 -6 -6 -6 -6 -5 -5 -4 -5 -5 -5 -5 -28 -28 -29 -28 -29 -29 -29 -29 -29 -28 -28 -28 -28 -28 -28 -28 -27 -26 -26 -26 -25 -26 -26 -27 -27 -27 -26 -26 -26 -25 -26 -27 -27 -27 -27 -26 -25 -25 -26 -27 -27 -27 -27 -26 -26 -25 -25 -24 -23 -24 -24 -23 -23 -23 -23 -22 -22 -23 -23 -23 -22 -22 -21 -21 -21 -21 -21 -21 -21 -20 -20 -20 -20 -20 -20 -20 -20 -20 -20 -19 -19 -19 -19 -19 -19 -20 -19 -19 -19 -19 -19 -19 -19 -19 -19 -20 -20 -20 -19 -19 -20 -19 -19 -20 -21 -21 -20 -19 -20 -20 -20 -20 -20 -19 -19 -18 -19 -18 -17 -17 -17 -17 -17 -17 -18 -18 -17 -17 -18 -18 -18 -17 -17 -17 -16 -16 -15 -15 -16 -16 -16 -15 -15 -16 -17 -17 -17 -16 -17 -17 -18 -18 -18 -18 -18 -18 -17 -17 -18 -17 -17 -16 -17 -17 -18 -18 -17 -17 -17 -16 -16 -15 -15 -15 -15 -15 -15 -15 -14 -14 -13 -14 -14 -13 -13 -12 -12 -12 -13 -12 -12 -12 -13 -13 -14 -14 -13 -13 -13 -14 -14 -14 -14 -14 -13 -13 -14 -14 -14 -14 -14 -14 -14 -14 -14 -14 -14 -14 -13 -14 -14 -14 -14 -14 -14 -14 -13 -13 -13 -13 -14 -14 -14 -14 -14 -14 -14 -14 -14 -13 -13 -13 -13 -13 -13 -13 -13 -13 -13 -13 -12 -12 -12 -12 -12 -12 -13 -13 -12 -13 -12 -12 -13 -13 -12 -12 -12 -12 -13 -12 -12 -13 -13 -13 -12 -12 -12 -12 -12 -12 -12 -12 -12 -12 -12 -9 -9 -9 -9 -9 -9 -9 -9 -9 -9 -9 -9 -9 -9 -9 -9 -9 -9 -9 -9 -9 -9 -9 -9 -9 -10 -9 -9 -9 -9 -9 -9 -8 -8 -9 -9 -9 -9 -9 -9 -9 -9 -9 -9 -9 -9 -9 -9 -9 -9 -9 -9 -9 -9 -9 -9 -8 -8 -8 -8 -8 -8 -8 -8 -7 -7 -7 -7 -7 -7 -7 -7 -7 -7 -7 -7 -7 -7 -7 -7 -7 -7 -7 -7 -7 -7 -8 -8 -8 -8 -8 -8 -8 -7 -7 -7 -6 -6 -6 -6 -6 -6 -6 -6 -6 -6 -6 -6 -6 -5 -4 -28 -28 -28 -28 -28 -28 -28 -28 -27 -27 -27 -26 -26 -26 -25 -25 -25 -25 -26 -26 -26 -26 -26 -25 -25 -26 -26 -26 -26 -27 -27 -26 -26 -26 -26 -27 -27 -26 -26 -26 -25 -25 -25 -24 -23 -24 -23 -22 -23 -23 -22 -22 -22 -22 -22 -22 -21 -21 -21 -21 -21 -21 -21 -20 -20 -20 -20 -20 -20 -20 -20 -20 -20 -19 -19 -19 -19 -18 -19 -18 -19 -19 -19 -19 -18 -18 -18 -18 -18 -18 -18 -18 -19 -19 -19 -19 -19 -19 -20 -20 -20 -20 -19 -19 -20 -19 -19 -19 -19 -18 -18 -18 -17 -17 -17 -17 -16 -16 -16 -17 -17 -17 -17 -18 -18 -18 -18 -18 -17 -17 -16 -15 -16 -16 -16 -16 -15 -15 -15 -16 -17 -17 -16 -17 -17 -17 -17 -17 -17 -17 -17 -17 -17 -17 -18 -17 -17 -18 -18 -18 -18 -17 -17 -16 -16 -15 -15 -15 -16 -16 -15 -16 -15 -15 -14 -14 -14 -14 -14 -14 -13 -12 -12 -12 -12 -12 -12 -12 -12 -12 -13 -14 -14 -14 -14 -14 -14 -14 -14 -13 -13 -14 -14 -14 -13 -14 -14 -14 -14 -14 -14 -14 -14 -14 -14 -14 -14 -14 -14 -14 -13 -13 -13 -13 -13 -14 -14 -14 -14 -14 -14 -14 -14 -14 -14 -13 -13 -13 -13 -12 -13 -12 -13 -13 -13 -13 -13 -12 -12 -11 -12 -12 -12 -13 -12 -12 -13 -13 -12 -12 -12 -12 -12 -13 -12 -13 -13 -13 -12 -12 -12 -12 -12 -12 -12 -12 -12 -12 -12 -13 -10 -10 -10 -10 -10 -10 -10 -10 -10 -9 -9 -9 -9 -9 -9 -9 -9 -9 -9 -9 -9 -9 -9 -10 -10 -9 -9 -9 -9 -9 -9 -8 -8 -8 -8 -9 -9 -9 -9 -9 -9 -9 -9 -9 -9 -9 -9 -9 -9 -9 -9 -9 -9 -9 -9 -8 -8 -8 -8 -8 -8 -8 -8 -8 -8 -7 -7 -7 -7 -7 -7 -7 -7 -7 -7 -7 -7 -7 -6 -7 -7 -7 -6 -7 -7 -7 -7 -8 -8 -8 -8 -8 -7 -7 -7 -7 -7 -7 -7 -6 -6 -6 -6 -6 -6 -6 -6 -7 -6 -5 -4 -27 -27 -27 -28 -28 -28 -27 -27 -26 -26 -26 -26 -25 -25 -25 -25 -25 -25 -25 -25 -25 -25 -24 -25 -25 -25 -25 -26 -26 -27 -27 -26 -26 -26 -27 -26 -26 -25 -25 -25 -25 -25 -24 -24 -23 -22 -22 -23 -23 -22 -22 -22 -22 -22 -21 -21 -21 -21 -21 -21 -21 -21 -20 -20 -20 -20 -19 -19 -20 -20 -20 -19 -19 -19 -19 -18 -18 -18 -18 -19 -19 -19 -19 -19 -19 -18 -18 -18 -18 -18 -18 -19 -19 -19 -19 -19 -20 -20 -19 -19 -19 -19 -19 -19 -18 -19 -19 -19 -18 -17 -17 -16 -16 -16 -17 -16 -16 -16 -16 -16 -16 -17 -17 -18 -18 -17 -17 -17 -16 -16 -15 -15 -15 -15 -15 -15 -15 -15 -16 -16 -16 -16 -16 -17 -17 -16 -16 -16 -17 -17 -17 -17 -17 -17 -17 -17 -18 -18 -17 -17 -17 -17 -16 -16 -16 -16 -15 -16 -16 -15 -16 -15 -14 -14 -15 -14 -14 -14 -14 -13 -12 -12 -12 -12 -11 -11 -12 -12 -13 -13 -13 -14 -14 -14 -13 -14 -14 -14 -14 -13 -13 -14 -14 -13 -13 -13 -14 -14 -14 -14 -14 -14 -14 -14 -14 -14 -14 -13 -13 -13 -13 -13 -13 -14 -14 -14 -14 -14 -14 -14 -14 -13 -14 -13 -13 -13 -13 -13 -13 -12 -12 -12 -13 -13 -13 -13 -13 -12 -11 -11 -12 -12 -12 -12 -12 -12 -12 -13 -12 -12 -12 -12 -12 -13 -13 -13 -13 -12 -12 -12 -12 -12 -12 -12 -12 -13 -13 -13 -13 -10 -10 -10 -10 -10 -10 -9 -9 -9 -10 -10 -9 -9 -9 -9 -9 -9 -9 -9 -9 -9 -9 -10 -10 -10 -10 -10 -9 -9 -9 -9 -9 -9 -9 -9 -8 -8 -9 -9 -9 -9 -9 -9 -9 -9 -9 -9 -9 -9 -9 -9 -9 -9 -9 -8 -8 -8 -8 -8 -8 -8 -8 -8 -8 -8 -8 -8 -7 -7 -7 -7 -7 -7 -7 -7 -7 -7 -7 -7 -7 -6 -7 -6 -6 -6 -7 -7 -8 -8 -8 -8 -7 -7 -7 -8 -7 -7 -7 -6 -6 -6 -6 -7 -6 -6 -6 -7 -6 -5 -5 -5 -5 -4 -3 -3 -2 -27 -26 -27 -27 -27 -27 -26 -26 -26 -26 -25 -25 -25 -25 -24 -24 -24 -24 -24 -24 -24 -24 -24 -24 -24 -24 -25 -26 -26 -26 -26 -27 -26 -26 -26 -25 -25 -25 -25 -24 -24 -24 -23 -23 -23 -23 -23 -23 -22 -21 -21 -21 -21 -21 -21 -21 -21 -21 -21 -21 -21 -20 -20 -20 -20 -20 -19 -19 -19 -20 -19 -19 -19 -18 -18 -18 -18 -18 -19 -19 -18 -18 -18 -19 -18 -18 -18 -18 -18 -17 -18 -19 -19 -19 -19 -19 -19 -19 -18 -18 -18 -19 -19 -18 -18 -19 -18 -18 -18 -17 -16 -16 -16 -16 -15 -16 -16 -16 -16 -17 -16 -17 -17 -18 -17 -17 -17 -17 -16 -16 -15 -15 -15 -15 -15 -15 -15 -15 -15 -16 -16 -16 -16 -16 -16 -16 -16 -16 -17 -17 -17 -17 -17 -17 -17 -17 -17 -17 -17 -16 -16 -16 -16 -16 -15 -15 -15 -16 -16 -15 -15 -14 -14 -15 -15 -15 -14 -14 -12 -12 -12 -12 -12 -12 -12 -12 -11 -12 -13 -13 -13 -13 -13 -13 -13 -13 -14 -14 -13 -13 -13 -13 -13 -13 -13 -13 -13 -13 -13 -13 -13 -14 -13 -13 -13 -13 -13 -13 -13 -13 -14 -14 -14 -14 -14 -14 -14 -14 -14 -13 -13 -13 -13 -13 -13 -13 -13 -13 -13 -12 -12 -13 -13 -13 -13 -13 -13 -12 -11 -11 -10 -11 -11 -12 -12 -13 -12 -12 -12 -12 -12 -12 -12 -13 -13 -12 -12 -12 -12 -12 -12 -12 -13 -13 -13 -13 -13 -12 -10 -10 -10 -10 -10 -10 -10 -10 -10 -10 -10 -9 -9 -9 -9 -9 -9 -9 -9 -9 -9 -10 -9 -9 -9 -9 -9 -9 -8 -9 -9 -9 -8 -8 -9 -8 -8 -9 -8 -9 -9 -9 -9 -9 -9 -9 -9 -9 -9 -9 -9 -9 -9 -9 -9 -9 -8 -8 -8 -8 -8 -8 -8 -8 -8 -8 -8 -8 -8 -7 -7 -7 -7 -7 -7 -7 -7 -7 -7 -7 -7 -6 -7 -7 -7 -7 -7 -8 -8 -8 -8 -8 -7 -8 -7 -7 -7 -7 -6 -6 -6 -7 -7 -7 -6 -6 -6 -6 -5 -6 -6 -5 -5 -4 -4 -4 -4 -4 -3 -26 -26 -26 -26 -26 -26 -25 -25 -25 -25 -24 -24 -24 -24 -24 -24 -24 -24 -24 -24 -24 -24 -24 -24 -25 -25 -26 -26 -26 -26 -26 -26 -25 -25 -24 -24 -24 -24 -24 -23 -23 -23 -23 -23 -23 -22 -22 -21 -20 -20 -20 -20 -20 -20 -20 -20 -20 -20 -20 -20 -20 -20 -20 -19 -19 -19 -19 -19 -19 -19 -18 -18 -18 -17 -17 -18 -18 -18 -18 -18 -19 -18 -18 -18 -18 -17 -17 -18 -19 -19 -19 -19 -19 -19 -18 -17 -17 -18 -19 -19 -18 -18 -18 -18 -18 -18 -17 -16 -16 -16 -16 -16 -16 -16 -16 -17 -17 -17 -17 -17 -17 -17 -17 -16 -15 -15 -15 -15 -15 -15 -15 -15 -15 -15 -15 -15 -16 -16 -16 -16 -16 -16 -16 -17 -17 -17 -17 -17 -16 -16 -16 -16 -16 -17 -17 -17 -16 -17 -17 -16 -16 -15 -15 -15 -16 -15 -15 -14 -13 -14 -14 -14 -14 -14 -14 -13 -13 -12 -12 -12 -12 -11 -11 -12 -12 -12 -13 -13 -13 -13 -13 -13 -13 -14 -14 -13 -13 -13 -13 -13 -13 -13 -13 -13 -13 -13 -13 -13 -14 -13 -13 -13 -13 -13 -14 -14 -14 -13 -14 -14 -14 -13 -13 -13 -14 -13 -13 -13 -13 -13 -13 -13 -13 -12 -13 -13 -12 -12 -12 -12 -13 -13 -13 -12 -11 -10 -11 -11 -12 -12 -12 -12 -12 -12 -12 -12 -12 -12 -12 -12 -12 -12 -12 -12 -12 -12 -12 -13 -12 -12 -13 -12 -13 -12 -12 -10 -10 -10 -10 -10 -10 -10 -10 -10 -10 -10 -10 -9 -9 -9 -9 -9 -9 -9 -10 -10 -9 -9 -9 -9 -9 -9 -9 -9 -8 -9 -9 -8 -8 -8 -8 -8 -8 -8 -9 -9 -9 -9 -9 -9 -9 -9 -9 -9 -9 -9 -9 -9 -9 -9 -9 -9 -9 -8 -8 -8 -8 -8 -8 -8 -8 -8 -8 -7 -7 -7 -7 -7 -7 -7 -7 -7 -7 -7 -7 -7 -7 -7 -7 -7 -7 -7 -7 -8 -8 -8 -8 -8 -8 -8 -8 -7 -7 -6 -7 -6 -7 -7 -7 -6 -6 -6 -6 -6 -6 -6 -5 -6 -5 -5 -5 -5 -4 -4 -3 -25 -25 -25 -25 -25 -25 -25 -24 -24 -24 -24 -24 -24 -24 -24 -24 -24 -24 -24 -24 -24 -24 -25 -24 -25 -25 -26 -26 -26 -26 -26 -25 -24 -25 -25 -24 -24 -23 -23 -23 -23 -23 -23 -22 -21 -21 -20 -20 -20 -19 -19 -19 -19 -19 -19 -19 -20 -20 -20 -20 -20 -20 -19 -19 -19 -18 -19 -18 -18 -18 -18 -18 -18 -19 -18 -18 -18 -18 -18 -18 -18 -18 -18 -18 -18 -18 -19 -19 -19 -19 -19 -19 -18 -18 -18 -17 -19 -19 -18 -17 -18 -18 -18 -17 -16 -16 -17 -16 -16 -16 -17 -16 -16 -17 -16 -16 -17 -16 -16 -17 -17 -16 -15 -15 -15 -15 -15 -15 -15 -15 -15 -15 -15 -16 -16 -16 -16 -16 -16 -16 -16 -16 -17 -16 -16 -17 -17 -17 -17 -17 -17 -17 -17 -17 -17 -17 -17 -17 -17 -16 -16 -16 -15 -15 -14 -14 -14 -14 -14 -14 -13 -14 -14 -13 -13 -12 -12 -12 -12 -11 -11 -12 -12 -13 -13 -14 -13 -13 -13 -13 -13 -13 -13 -13 -13 -12 -13 -13 -13 -13 -13 -13 -13 -14 -14 -13 -13 -13 -13 -13 -13 -14 -13 -13 -13 -13 -13 -13 -13 -13 -13 -13 -13 -13 -13 -13 -13 -13 -13 -13 -13 -12 -12 -12 -11 -11 -11 -12 -12 -12 -12 -12 -10 -10 -11 -11 -12 -11 -12 -11 -12 -11 -12 -12 -12 -12 -12 -12 -12 -12 -12 -12 -12 -12 -12 -12 -12 -12 -12 -12 -12 -12 -12 -10 -10 -10 -10 -10 -10 -10 -10 -10 -10 -10 -10 -10 -9 -9 -9 -9 -10 -10 -9 -9 -10 -9 -9 -9 -9 -9 -9 -9 -9 -8 -8 -8 -8 -8 -8 -8 -8 -8 -8 -9 -8 -9 -9 -9 -9 -9 -9 -9 -9 -9 -9 -9 -9 -9 -9 -9 -9 -9 -9 -9 -8 -8 -8 -8 -8 -7 -7 -7 -7 -7 -7 -7 -7 -7 -7 -7 -7 -7 -6 -7 -7 -7 -7 -7 -7 -7 -7 -7 -8 -8 -8 -8 -8 -8 -8 -8 -7 -7 -7 -7 -7 -7 -7 -6 -6 -6 -5 -6 -6 -6 -6 -6 -5 -5 -5 -4 -3 -3 -2 -25 -25 -25 -24 -24 -24 -24 -24 -24 -24 -24 -24 -24 -24 -24 -24 -24 -24 -24 -24 -25 -25 -24 -24 -25 -25 -26 -26 -26 -25 -25 -25 -25 -25 -24 -23 -23 -23 -23 -23 -23 -22 -21 -20 -20 -20 -20 -20 -19 -19 -19 -19 -19 -19 -19 -19 -19 -19 -20 -19 -19 -19 -19 -19 -18 -18 -18 -17 -17 -17 -17 -18 -18 -18 -18 -18 -18 -18 -17 -17 -17 -17 -17 -17 -18 -18 -18 -19 -19 -18 -18 -18 -17 -18 -19 -18 -17 -17 -17 -18 -18 -17 -17 -16 -17 -16 -16 -16 -16 -16 -16 -16 -15 -15 -16 -15 -16 -17 -16 -16 -15 -15 -15 -15 -15 -15 -15 -15 -15 -15 -15 -16 -16 -17 -17 -16 -16 -16 -15 -16 -16 -16 -16 -17 -17 -17 -17 -17 -17 -17 -17 -17 -17 -16 -16 -16 -16 -15 -16 -16 -16 -15 -15 -15 -15 -15 -14 -14 -14 -13 -13 -12 -12 -12 -12 -12 -12 -11 -11 -11 -11 -12 -13 -13 -13 -13 -13 -13 -13 -13 -13 -13 -13 -12 -12 -13 -12 -12 -13 -13 -14 -14 -14 -14 -13 -13 -13 -13 -13 -13 -14 -13 -13 -13 -13 -13 -13 -13 -13 -13 -13 -13 -13 -13 -12 -12 -12 -12 -12 -12 -12 -11 -11 -11 -11 -11 -11 -11 -11 -11 -10 -10 -10 -10 -10 -11 -12 -11 -11 -11 -12 -12 -11 -12 -12 -12 -12 -13 -13 -12 -12 -12 -12 -12 -12 -11 -11 -11 -11 -12 -12 -9 -9 -9 -9 -9 -9 -9 -9 -9 -9 -10 -10 -10 -9 -9 -9 -9 -9 -9 -9 -9 -9 -9 -9 -9 -9 -9 -9 -9 -9 -9 -9 -9 -9 -8 -9 -9 -8 -8 -8 -8 -9 -9 -9 -9 -9 -9 -9 -9 -9 -9 -9 -9 -9 -9 -9 -9 -9 -9 -9 -9 -9 -9 -8 -8 -8 -8 -7 -7 -7 -7 -7 -7 -7 -7 -7 -7 -7 -7 -7 -7 -7 -7 -7 -7 -8 -8 -8 -7 -8 -8 -8 -7 -8 -8 -8 -8 -8 -8 -8 -7 -6 -7 -7 -7 -7 -6 -6 -6 -5 -5 -6 -6 -5 -5 -4 -3 -3 -3 -3 -2 -24 -24 -24 -24 -24 -24 -24 -24 -24 -23 -23 -24 -24 -25 -25 -25 -25 -24 -24 -24 -24 -25 -26 -26 -25 -25 -25 -25 -24 -24 -23 -23 -23 -23 -23 -22 -21 -21 -20 -20 -20 -20 -19 -19 -19 -19 -19 -19 -19 -19 -19 -19 -19 -19 -19 -19 -19 -19 -19 -18 -18 -18 -17 -17 -17 -17 -18 -18 -18 -18 -17 -17 -17 -17 -17 -17 -17 -17 -17 -18 -18 -18 -19 -18 -18 -18 -17 -17 -18 -18 -18 -18 -17 -17 -17 -18 -17 -16 -16 -16 -17 -16 -16 -16 -16 -16 -15 -15 -16 -16 -15 -15 -16 -16 -15 -15 -15 -15 -14 -14 -14 -15 -15 -15 -15 -15 -16 -16 -16 -17 -16 -16 -16 -16 -16 -15 -16 -16 -17 -17 -17 -17 -17 -17 -17 -16 -16 -16 -16 -15 -16 -15 -14 -15 -16 -16 -16 -15 -15 -15 -15 -14 -14 -14 -13 -12 -11 -12 -11 -11 -11 -12 -12 -11 -11 -11 -12 -12 -13 -13 -13 -13 -13 -13 -13 -13 -13 -13 -13 -13 -13 -12 -12 -12 -13 -13 -14 -14 -13 -13 -13 -13 -13 -13 -13 -14 -14 -13 -13 -13 -13 -13 -13 -12 -13 -13 -13 -13 -13 -12 -12 -12 -12 -12 -12 -11 -12 -12 -11 -11 -11 -12 -11 -11 -10 -11 -11 -11 -10 -10 -10 -10 -10 -10 -11 -11 -12 -12 -12 -12 -12 -12 -12 -12 -13 -12 -12 -12 -12 -11 -11 -11 -11 -11 -11 -12 -9 -9 -9 -9 -9 -9 -9 -9 -9 -9 -10 -10 -10 -9 -9 -9 -9 -9 -9 -9 -9 -9 -9 -9 -9 -9 -9 -9 -9 -9 -9 -9 -9 -9 -9 -9 -9 -9 -8 -8 -8 -8 -8 -8 -8 -9 -9 -9 -9 -9 -8 -9 -9 -9 -9 -9 -9 -9 -9 -9 -9 -9 -9 -9 -9 -8 -8 -8 -7 -7 -7 -8 -7 -7 -7 -7 -7 -7 -7 -7 -7 -7 -7 -7 -7 -7 -7 -8 -8 -8 -8 -8 -7 -7 -8 -8 -7 -8 -8 -8 -8 -7 -7 -6 -6 -6 -6 -6 -6 -6 -5 -5 -6 -5 -5 -3 -3 -4 -4 -4 -3 -2 -2 -2 -3 -3 -3 -3 -2 -24 -24 -24 -24 -24 -23 -23 -23 -23 -23 -23 -23 -24 -25 -26 -26 -25 -25 -24 -24 -24 -25 -25 -25 -24 -24 -24 -25 -24 -24 -23 -23 -23 -23 -21 -21 -20 -20 -20 -19 -20 -20 -20 -19 -19 -19 -19 -19 -18 -18 -18 -18 -18 -18 -19 -19 -19 -19 -18 -18 -18 -17 -17 -17 -17 -17 -18 -18 -18 -17 -17 -17 -17 -17 -17 -17 -17 -17 -17 -17 -17 -17 -19 -18 -18 -18 -18 -17 -18 -18 -17 -17 -17 -16 -16 -17 -17 -16 -16 -16 -16 -16 -16 -15 -16 -15 -15 -15 -16 -15 -15 -15 -15 -16 -16 -16 -15 -15 -14 -14 -14 -15 -15 -15 -15 -15 -16 -16 -16 -16 -17 -16 -16 -16 -16 -16 -16 -16 -16 -17 -17 -17 -17 -17 -16 -16 -16 -16 -16 -15 -14 -14 -15 -15 -15 -16 -15 -15 -14 -14 -15 -14 -14 -13 -13 -12 -11 -11 -11 -11 -11 -11 -11 -11 -11 -11 -11 -12 -13 -13 -13 -12 -12 -12 -12 -12 -13 -13 -13 -13 -13 -13 -12 -12 -12 -13 -13 -13 -13 -13 -13 -13 -13 -13 -13 -14 -14 -13 -13 -13 -13 -12 -12 -12 -12 -12 -12 -12 -12 -11 -11 -11 -12 -12 -12 -11 -12 -12 -11 -11 -12 -12 -11 -10 -11 -11 -12 -11 -11 -11 -11 -10 -10 -10 -11 -11 -12 -11 -12 -12 -12 -12 -12 -12 -12 -12 -12 -11 -11 -11 -11 -11 -11 -11 -11 -11 -9 -9 -9 -9 -9 -9 -9 -9 -10 -10 -10 -10 -10 -9 -9 -9 -9 -9 -9 -9 -9 -9 -9 -9 -9 -9 -9 -9 -9 -9 -9 -9 -9 -9 -9 -9 -9 -9 -9 -9 -8 -9 -9 -9 -9 -9 -9 -9 -9 -9 -8 -8 -9 -8 -8 -8 -9 -9 -9 -9 -8 -9 -9 -9 -9 -8 -8 -8 -8 -8 -8 -8 -8 -8 -7 -7 -7 -7 -7 -7 -7 -7 -7 -6 -7 -7 -7 -7 -8 -8 -8 -8 -8 -7 -7 -8 -7 -7 -7 -7 -7 -8 -7 -7 -6 -6 -6 -6 -5 -6 -6 -5 -5 -5 -5 -4 -5 -5 -5 -5 -5 -4 -3 -3 -4 -4 -5 -4 -4 -3 -3 -23 -23 -24 -23 -23 -23 -23 -23 -23 -23 -23 -23 -24 -24 -25 -25 -25 -25 -25 -25 -25 -25 -25 -24 -23 -23 -23 -23 -24 -24 -24 -24 -23 -22 -21 -21 -20 -20 -20 -19 -19 -20 -19 -19 -19 -18 -18 -18 -18 -18 -18 -18 -18 -18 -18 -18 -18 -18 -18 -18 -18 -17 -17 -17 -17 -17 -18 -18 -17 -17 -17 -17 -17 -17 -17 -17 -17 -17 -17 -17 -16 -17 -18 -18 -18 -17 -17 -17 -17 -18 -17 -17 -17 -17 -16 -16 -16 -15 -15 -15 -15 -16 -16 -15 -16 -15 -15 -15 -16 -15 -14 -15 -15 -15 -15 -15 -15 -15 -14 -14 -14 -15 -15 -15 -16 -16 -16 -16 -16 -16 -17 -17 -16 -16 -16 -16 -16 -16 -16 -16 -16 -16 -17 -17 -16 -16 -16 -16 -16 -15 -14 -14 -15 -15 -15 -15 -14 -14 -14 -14 -14 -14 -14 -14 -13 -13 -11 -11 -11 -11 -11 -11 -11 -11 -11 -11 -11 -12 -12 -13 -12 -12 -12 -12 -12 -13 -13 -13 -12 -12 -13 -13 -13 -13 -12 -12 -13 -13 -13 -13 -13 -13 -13 -13 -13 -13 -14 -13 -13 -13 -13 -13 -12 -12 -12 -12 -12 -12 -12 -12 -11 -11 -12 -12 -11 -11 -11 -12 -11 -12 -12 -11 -11 -11 -11 -11 -12 -11 -11 -11 -11 -11 -11 -11 -11 -11 -11 -11 -11 -11 -11 -11 -12 -12 -12 -12 -12 -11 -11 -11 -12 -11 -11 -11 -11 -11 -9 -9 -9 -9 -9 -9 -9 -10 -10 -10 -10 -10 -10 -9 -9 -9 -9 -9 -9 -9 -9 -9 -9 -9 -9 -10 -9 -9 -10 -9 -9 -9 -9 -10 -9 -9 -9 -9 -9 -9 -9 -9 -9 -9 -9 -9 -9 -9 -9 -9 -8 -8 -8 -8 -8 -8 -9 -9 -9 -8 -9 -9 -9 -9 -8 -8 -8 -8 -8 -8 -8 -8 -8 -8 -8 -8 -8 -8 -8 -8 -8 -7 -7 -7 -7 -7 -7 -7 -7 -8 -8 -8 -8 -7 -7 -7 -7 -7 -6 -7 -7 -7 -7 -7 -7 -7 -6 -6 -6 -5 -5 -5 -4 -4 -4 -5 -5 -6 -6 -6 -5 -5 -4 -4 -4 -4 -5 -5 -5 -5 -4 -3 -23 -23 -23 -23 -23 -23 -23 -23 -23 -23 -24 -24 -25 -25 -25 -25 -24 -25 -25 -25 -25 -25 -24 -23 -23 -23 -23 -23 -23 -23 -23 -23 -23 -22 -22 -21 -21 -20 -19 -19 -20 -19 -19 -19 -19 -18 -18 -18 -18 -18 -18 -18 -18 -18 -18 -17 -17 -17 -17 -18 -17 -17 -17 -17 -17 -18 -17 -17 -17 -17 -17 -17 -17 -17 -17 -17 -17 -17 -16 -16 -17 -18 -18 -18 -18 -17 -17 -17 -17 -17 -17 -17 -17 -16 -15 -15 -15 -15 -15 -15 -16 -15 -15 -15 -15 -15 -15 -16 -15 -15 -15 -15 -16 -15 -15 -14 -14 -14 -14 -14 -15 -15 -16 -16 -16 -16 -16 -16 -16 -16 -16 -16 -16 -16 -16 -16 -16 -16 -16 -16 -16 -16 -17 -17 -16 -16 -16 -15 -15 -14 -14 -15 -15 -15 -14 -14 -13 -13 -13 -13 -13 -13 -13 -13 -12 -11 -10 -10 -11 -11 -11 -11 -11 -10 -10 -11 -11 -12 -12 -13 -13 -13 -12 -12 -13 -12 -12 -12 -12 -12 -13 -13 -13 -13 -13 -12 -13 -13 -13 -13 -13 -13 -13 -13 -13 -13 -13 -13 -13 -13 -12 -12 -12 -12 -12 -12 -12 -12 -11 -11 -12 -11 -12 -12 -11 -11 -12 -12 -12 -12 -11 -11 -11 -11 -11 -12 -11 -11 -12 -12 -11 -11 -11 -11 -11 -11 -11 -11 -11 -10 -11 -11 -11 -11 -12 -11 -11 -11 -11 -12 -11 -11 -11 -12 -12 -9 -9 -9 -9 -10 -10 -10 -10 -10 -10 -10 -10 -9 -9 -9 -9 -9 -9 -9 -9 -9 -9 -9 -9 -9 -10 -9 -9 -9 -9 -9 -9 -9 -9 -9 -9 -9 -9 -9 -9 -9 -9 -9 -9 -9 -9 -9 -9 -9 -8 -8 -8 -8 -8 -8 -8 -8 -8 -8 -7 -8 -8 -8 -8 -8 -8 -8 -8 -8 -8 -8 -8 -8 -8 -8 -8 -8 -8 -7 -7 -8 -8 -8 -7 -7 -7 -7 -7 -7 -7 -8 -8 -8 -8 -7 -7 -7 -7 -7 -7 -7 -7 -8 -7 -7 -7 -6 -6 -5 -5 -4 -4 -4 -4 -4 -4 -5 -6 -6 -6 -6 -6 -5 -5 -5 -4 -4 -5 -5 -5 -4 -3 -3 -23 -23 -23 -23 -23 -22 -22 -23 -23 -24 -25 -25 -25 -25 -24 -24 -24 -24 -24 -25 -24 -24 -24 -24 -23 -23 -23 -23 -22 -22 -22 -22 -22 -21 -21 -21 -21 -20 -19 -19 -20 -19 -19 -19 -19 -19 -18 -18 -18 -18 -18 -18 -18 -18 -18 -17 -17 -17 -17 -17 -17 -17 -17 -17 -16 -17 -17 -17 -17 -17 -17 -17 -17 -17 -17 -17 -16 -16 -16 -16 -16 -18 -18 -17 -17 -17 -17 -17 -16 -16 -16 -15 -15 -15 -15 -15 -15 -14 -15 -15 -15 -15 -15 -14 -14 -14 -15 -15 -15 -15 -14 -15 -15 -15 -15 -14 -14 -14 -14 -14 -15 -15 -16 -16 -16 -16 -16 -15 -15 -15 -16 -16 -16 -16 -16 -16 -16 -16 -16 -16 -16 -16 -16 -16 -16 -16 -16 -15 -15 -15 -14 -14 -14 -14 -14 -13 -13 -12 -12 -12 -12 -12 -13 -13 -13 -11 -10 -10 -10 -11 -11 -11 -10 -10 -11 -11 -12 -12 -12 -12 -12 -12 -12 -12 -12 -12 -12 -12 -12 -13 -13 -12 -12 -13 -13 -13 -12 -12 -13 -12 -12 -13 -13 -13 -13 -13 -13 -13 -13 -13 -12 -12 -12 -12 -12 -12 -12 -12 -11 -11 -12 -12 -12 -12 -12 -12 -12 -12 -12 -12 -12 -12 -11 -12 -12 -11 -11 -11 -11 -11 -11 -11 -11 -11 -11 -11 -11 -11 -11 -11 -11 -11 -11 -11 -11 -12 -11 -11 -12 -12 -12 -12 -12 -12 -12 -9 -9 -9 -10 -9 -9 -9 -9 -10 -10 -9 -9 -9 -9 -9 -9 -9 -9 -9 -9 -9 -9 -9 -9 -9 -9 -9 -9 -9 -9 -9 -9 -9 -9 -9 -9 -9 -9 -9 -9 -9 -9 -9 -9 -9 -9 -9 -9 -9 -9 -8 -8 -8 -8 -8 -8 -8 -8 -7 -7 -7 -7 -7 -7 -7 -7 -8 -8 -9 -9 -8 -8 -7 -7 -7 -7 -6 -7 -7 -7 -7 -8 -8 -8 -8 -7 -7 -7 -7 -7 -7 -8 -8 -8 -8 -7 -7 -7 -7 -7 -7 -7 -7 -8 -7 -7 -7 -7 -6 -5 -5 -4 -5 -5 -5 -5 -5 -5 -5 -6 -6 -5 -5 -6 -5 -5 -5 -6 -5 -5 -4 -4 -4 -4 -23 -23 -23 -22 -22 -22 -23 -23 -24 -25 -25 -25 -24 -23 -23 -23 -23 -24 -24 -24 -24 -24 -24 -24 -23 -23 -23 -23 -22 -21 -21 -21 -20 -20 -20 -21 -20 -19 -19 -20 -20 -20 -19 -19 -19 -18 -18 -18 -18 -18 -18 -17 -17 -17 -17 -17 -17 -17 -17 -17 -17 -17 -16 -16 -17 -17 -17 -17 -17 -17 -16 -16 -16 -16 -16 -16 -16 -16 -16 -16 -17 -17 -17 -16 -16 -17 -17 -16 -16 -16 -15 -14 -14 -15 -15 -14 -14 -14 -15 -14 -15 -15 -14 -15 -15 -15 -15 -15 -15 -15 -15 -15 -15 -14 -14 -14 -13 -14 -14 -15 -15 -15 -16 -16 -16 -16 -15 -14 -15 -16 -16 -16 -16 -16 -16 -16 -15 -15 -15 -16 -16 -16 -16 -16 -16 -16 -16 -15 -15 -14 -14 -13 -13 -13 -13 -12 -12 -12 -11 -11 -11 -12 -12 -12 -11 -10 -10 -10 -10 -10 -11 -10 -10 -11 -12 -12 -12 -12 -12 -12 -12 -12 -12 -12 -11 -12 -12 -12 -12 -12 -12 -13 -13 -13 -13 -13 -13 -13 -13 -13 -13 -13 -13 -13 -13 -14 -13 -13 -13 -12 -12 -12 -12 -12 -12 -12 -12 -12 -12 -12 -12 -12 -12 -12 -12 -12 -12 -12 -12 -12 -12 -12 -12 -12 -11 -11 -11 -11 -11 -11 -11 -11 -11 -11 -12 -11 -11 -11 -11 -11 -12 -11 -12 -12 -12 -11 -11 -11 -11 -12 -12 -12 -12 -12 -9 -9 -9 -9 -9 -9 -9 -9 -9 -9 -9 -9 -9 -9 -9 -9 -9 -9 -9 -9 -9 -9 -9 -9 -9 -9 -9 -9 -9 -9 -9 -9 -9 -9 -9 -9 -9 -9 -9 -9 -9 -9 -9 -9 -9 -9 -9 -9 -9 -9 -9 -9 -9 -9 -9 -9 -8 -8 -8 -8 -9 -9 -8 -8 -8 -7 -7 -7 -8 -8 -8 -8 -7 -6 -7 -6 -6 -7 -7 -7 -8 -8 -8 -8 -8 -8 -7 -7 -7 -7 -7 -8 -8 -8 -8 -8 -8 -7 -7 -7 -7 -6 -7 -7 -7 -7 -7 -7 -6 -5 -6 -5 -5 -5 -6 -5 -5 -5 -5 -5 -6 -6 -6 -6 -6 -6 -6 -6 -5 -6 -6 -5 -5 -4 -3 -22 -22 -22 -22 -22 -22 -23 -24 -24 -24 -24 -23 -23 -23 -22 -22 -23 -24 -24 -24 -24 -24 -24 -23 -22 -22 -23 -22 -22 -22 -21 -21 -20 -20 -20 -20 -20 -20 -19 -18 -19 -19 -18 -18 -18 -18 -18 -18 -17 -17 -17 -17 -17 -17 -17 -17 -17 -16 -16 -16 -16 -16 -16 -17 -17 -17 -16 -16 -16 -16 -16 -16 -16 -16 -16 -15 -15 -15 -16 -17 -17 -16 -16 -16 -17 -16 -16 -16 -15 -15 -14 -14 -14 -15 -14 -14 -14 -14 -14 -14 -14 -14 -15 -15 -15 -14 -14 -15 -14 -14 -14 -14 -14 -13 -13 -13 -14 -15 -15 -15 -16 -16 -15 -15 -15 -15 -15 -15 -15 -16 -16 -16 -16 -16 -15 -15 -16 -16 -16 -16 -16 -16 -16 -15 -15 -15 -15 -14 -14 -13 -13 -12 -12 -12 -12 -12 -11 -11 -11 -11 -11 -12 -11 -10 -10 -10 -10 -10 -11 -11 -11 -11 -12 -12 -12 -12 -12 -12 -12 -12 -12 -12 -12 -12 -11 -11 -12 -12 -12 -12 -12 -13 -13 -12 -13 -12 -13 -13 -13 -13 -12 -13 -13 -13 -13 -13 -13 -13 -13 -12 -12 -12 -12 -12 -12 -12 -12 -12 -12 -12 -12 -12 -12 -12 -12 -12 -12 -12 -12 -12 -12 -11 -12 -11 -11 -11 -12 -11 -11 -11 -11 -11 -11 -12 -12 -11 -11 -11 -11 -12 -12 -12 -12 -11 -11 -11 -11 -11 -11 -12 -12 -12 -12 -9 -9 -9 -9 -9 -9 -9 -9 -9 -9 -9 -9 -9 -9 -9 -9 -9 -9 -9 -9 -9 -9 -9 -9 -9 -9 -9 -9 -9 -10 -10 -9 -9 -9 -9 -9 -9 -9 -9 -9 -9 -9 -9 -9 -9 -9 -9 -9 -9 -10 -10 -10 -10 -10 -11 -11 -10 -10 -9 -9 -10 -10 -10 -9 -8 -7 -7 -7 -7 -7 -6 -7 -7 -7 -6 -6 -6 -6 -7 -7 -7 -7 -8 -8 -8 -8 -8 -8 -7 -6 -6 -7 -8 -8 -8 -8 -8 -7 -7 -7 -7 -7 -6 -7 -7 -7 -7 -6 -6 -6 -6 -6 -6 -6 -6 -6 -5 -6 -6 -6 -6 -6 -6 -6 -6 -6 -6 -5 -5 -5 -5 -5 -5 -4 -3 -3 -3 -22 -22 -22 -22 -21 -22 -23 -23 -23 -23 -23 -23 -23 -22 -23 -23 -24 -24 -24 -24 -24 -24 -24 -23 -22 -22 -22 -22 -22 -22 -21 -21 -20 -19 -19 -19 -20 -19 -18 -18 -18 -19 -18 -18 -18 -18 -18 -18 -18 -18 -17 -17 -17 -17 -17 -17 -17 -17 -17 -17 -16 -16 -16 -16 -16 -16 -16 -16 -16 -15 -15 -15 -15 -15 -14 -14 -14 -15 -15 -16 -16 -15 -15 -15 -15 -15 -14 -14 -14 -13 -13 -14 -14 -14 -14 -13 -13 -13 -13 -13 -13 -13 -13 -13 -13 -13 -13 -13 -13 -13 -13 -13 -13 -13 -14 -14 -14 -15 -15 -15 -16 -15 -15 -15 -15 -15 -15 -15 -15 -15 -15 -15 -16 -16 -16 -16 -16 -16 -16 -16 -16 -16 -15 -15 -15 -15 -14 -14 -14 -13 -12 -11 -12 -12 -11 -11 -10 -11 -11 -10 -11 -11 -11 -11 -11 -11 -11 -12 -12 -13 -13 -13 -13 -13 -13 -13 -13 -13 -13 -13 -13 -13 -13 -13 -13 -14 -14 -14 -14 -14 -14 -14 -14 -13 -13 -14 -14 -14 -14 -14 -14 -14 -14 -14 -14 -14 -14 -14 -14 -14 -14 -13 -12 -12 -12 -12 -12 -12 -12 -12 -12 -12 -12 -12 -12 -11 -12 -11 -11 -11 -11 -11 -11 -11 -11 -12 -12 -12 -12 -11 -11 -12 -12 -12 -11 -11 -11 -11 -11 -11 -11 -11 -11 -11 -11 -11 -11 -11 -11 -11 -12 -12 -11 -11 -11 -11 -11 -11 -11 -11 -11 -11 -11 -11 -11 -11 -11 -11 -11 -11 -11 -11 -11 -11 -11 -11 -11 -11 -11 -11 -11 -11 -11 -11 -11 -11 -11 -11 -11 -11 -11 -11 -11 -11 -11 -11 -11 -11 -11 -12 -12 -11 -8 -9 -9 -10 -10 -10 -9 -9 -9 -9 -9 -9 -9 -9 -8 -8 -8 -7 -7 -6 -6 -6 -6 -6 -6 -6 -6 -5 -5 -5 -6 -6 -7 -7 -7 -7 -7 -7 -7 -6 -6 -6 -7 -7 -7 -7 -7 -7 -6 -6 -6 -6 -6 -6 -7 -7 -6 -6 -6 -5 -5 -6 -6 -6 -6 -5 -5 -5 -6 -6 -5 -4 -4 -4 -5 -5 -5 -4 -3 -3 -3 -3 -3 -2 -2 -2 -3 -2 -2 -21 -21 -21 -22 -22 -23 -23 -22 -22 -22 -23 -23 -24 -23 -23 -24 -24 -23 -23 -23 -24 -23 -22 -22 -21 -21 -21 -20 -21 -20 -20 -19 -19 -20 -20 -19 -18 -18 -18 -18 -18 -18 -18 -18 -18 -17 -17 -17 -17 -17 -17 -17 -17 -17 -17 -16 -16 -16 -16 -16 -16 -16 -16 -16 -15 -15 -15 -15 -15 -15 -15 -15 -15 -14 -14 -14 -15 -15 -15 -14 -14 -14 -14 -14 -14 -14 -14 -14 -15 -15 -14 -15 -14 -13 -13 -13 -13 -13 -13 -13 -12 -12 -13 -13 -12 -12 -12 -12 -13 -14 -14 -14 -14 -14 -14 -15 -15 -15 -15 -15 -15 -15 -15 -15 -15 -15 -15 -15 -15 -16 -16 -16 -16 -16 -16 -16 -16 -15 -15 -15 -15 -14 -14 -14 -14 -14 -14 -13 -11 -11 -11 -11 -11 -10 -10 -10 -10 -10 -10 -10 -11 -11 -11 -12 -11 -12 -12 -12 -13 -13 -13 -12 -12 -13 -13 -13 -13 -13 -13 -14 -14 -14 -14 -14 -14 -14 -14 -14 -13 -14 -13 -13 -13 -14 -14 -14 -14 -14 -14 -13 -13 -13 -13 -14 -14 -14 -14 -13 -13 -12 -12 -11 -12 -12 -12 -11 -11 -12 -12 -12 -12 -11 -11 -11 -11 -11 -11 -11 -11 -11 -11 -11 -11 -11 -11 -12 -12 -12 -12 -12 -12 -11 -11 -11 -11 -11 -11 -11 -11 -11 -11 -11 -11 -11 -11 -11 -11 -11 -11 -11 -11 -11 -11 -11 -11 -11 -11 -11 -11 -11 -11 -11 -11 -11 -11 -11 -11 -11 -11 -11 -11 -11 -11 -11 -11 -11 -11 -11 -11 -11 -11 -11 -11 -11 -11 -11 -11 -11 -11 -11 -11 -11 -11 -11 -11 -11 -11 -10 -10 -8 -8 -9 -9 -9 -9 -8 -7 -8 -9 -9 -9 -9 -9 -9 -8 -8 -8 -7 -7 -7 -6 -6 -6 -6 -6 -6 -6 -6 -6 -7 -7 -7 -7 -7 -7 -6 -7 -7 -7 -7 -6 -6 -7 -7 -7 -7 -7 -7 -7 -7 -6 -6 -7 -7 -6 -6 -6 -6 -5 -5 -5 -5 -6 -6 -6 -6 -6 -6 -5 -5 -5 -4 -3 -4 -4 -4 -3 -3 -2 -2 -2 -2 -2 -2 -3 -3 -3 -2 -21 -22 -22 -22 -22 -22 -22 -23 -23 -23 -22 -23 -23 -23 -22 -22 -23 -24 -24 -23 -23 -22 -21 -21 -20 -20 -20 -19 -19 -19 -19 -19 -20 -19 -19 -18 -18 -17 -17 -17 -17 -17 -17 -17 -17 -17 -17 -17 -17 -17 -17 -17 -16 -16 -16 -16 -16 -16 -15 -15 -15 -15 -15 -15 -15 -15 -15 -15 -15 -14 -14 -14 -14 -14 -14 -14 -14 -14 -14 -14 -14 -14 -14 -14 -14 -15 -14 -15 -15 -14 -13 -13 -12 -12 -13 -13 -12 -12 -12 -13 -12 -12 -11 -12 -12 -13 -14 -15 -14 -14 -14 -14 -14 -15 -15 -15 -15 -15 -15 -15 -15 -15 -15 -15 -15 -15 -15 -15 -16 -16 -16 -16 -16 -16 -16 -15 -15 -14 -14 -15 -14 -14 -14 -14 -13 -12 -11 -11 -11 -11 -11 -11 -10 -10 -10 -10 -10 -11 -12 -12 -11 -12 -12 -12 -12 -13 -13 -12 -12 -12 -12 -12 -12 -13 -13 -13 -13 -14 -13 -13 -13 -14 -14 -14 -14 -14 -13 -13 -13 -13 -14 -14 -14 -14 -14 -13 -13 -13 -13 -13 -14 -14 -14 -13 -13 -13 -12 -12 -11 -11 -12 -11 -11 -12 -12 -12 -12 -12 -11 -11 -11 -11 -11 -11 -11 -11 -11 -11 -11 -11 -11 -11 -11 -12 -12 -12 -11 -11 -11 -11 -11 -11 -11 -11 -11 -11 -11 -11 -11 -11 -11 -11 -11 -11 -11 -11 -11 -11 -11 -11 -11 -11 -11 -11 -11 -11 -11 -11 -11 -11 -11 -11 -11 -11 -11 -11 -11 -11 -11 -11 -11 -11 -11 -11 -11 -11 -11 -11 -11 -11 -11 -11 -11 -11 -11 -11 -11 -11 -11 -11 -11 -11 -11 -11 -10 -10 -8 -8 -9 -9 -9 -9 -9 -8 -8 -9 -9 -9 -9 -9 -9 -8 -8 -8 -8 -8 -7 -7 -7 -7 -7 -7 -7 -7 -6 -6 -6 -7 -7 -7 -7 -7 -7 -7 -7 -7 -7 -7 -6 -7 -7 -7 -7 -7 -7 -7 -7 -7 -6 -7 -7 -7 -7 -6 -6 -6 -6 -6 -6 -6 -5 -6 -6 -6 -6 -5 -5 -5 -4 -4 -3 -3 -3 -3 -3 -3 -3 -3 -3 -3 -4 -4 -3 -2 -2 -2 -21 -21 -22 -22 -22 -22 -23 -23 -23 -23 -22 -22 -22 -22 -22 -23 -22 -22 -23 -23 -23 -22 -22 -21 -20 -19 -18 -18 -18 -18 -18 -19 -19 -19 -18 -18 -17 -17 -17 -17 -17 -17 -17 -17 -17 -16 -16 -16 -16 -16 -16 -16 -16 -16 -16 -16 -16 -15 -15 -15 -15 -15 -15 -15 -15 -15 -15 -15 -14 -14 -14 -14 -14 -14 -14 -14 -14 -14 -14 -14 -13 -14 -14 -14 -15 -14 -15 -14 -14 -14 -13 -12 -12 -13 -12 -12 -12 -12 -12 -12 -12 -11 -12 -12 -13 -15 -15 -15 -14 -14 -14 -14 -14 -14 -15 -15 -16 -16 -16 -16 -16 -15 -15 -15 -15 -15 -15 -16 -16 -16 -15 -15 -15 -15 -15 -14 -14 -14 -15 -15 -14 -14 -14 -13 -12 -11 -11 -11 -10 -10 -10 -10 -10 -10 -10 -11 -11 -12 -12 -12 -12 -12 -12 -12 -12 -12 -11 -11 -12 -12 -12 -12 -12 -13 -13 -13 -13 -13 -13 -13 -13 -14 -14 -13 -14 -14 -13 -13 -13 -14 -14 -14 -14 -14 -13 -13 -13 -14 -14 -14 -14 -14 -13 -13 -13 -12 -12 -11 -11 -11 -11 -11 -11 -12 -12 -12 -12 -11 -11 -11 -11 -11 -11 -11 -11 -11 -11 -11 -11 -11 -11 -11 -11 -11 -11 -11 -11 -12 -11 -11 -11 -11 -11 -11 -11 -11 -11 -11 -11 -11 -11 -11 -11 -11 -12 -11 -11 -11 -11 -11 -11 -11 -11 -11 -11 -11 -11 -11 -11 -11 -11 -11 -11 -11 -11 -11 -11 -11 -11 -11 -11 -11 -11 -11 -11 -11 -11 -11 -11 -11 -11 -11 -11 -11 -11 -11 -11 -11 -11 -11 -11 -11 -11 -11 -11 -8 -8 -8 -8 -8 -9 -9 -8 -8 -8 -8 -9 -9 -9 -9 -9 -9 -8 -8 -7 -7 -7 -8 -7 -7 -7 -7 -7 -7 -7 -6 -6 -7 -7 -7 -7 -7 -7 -7 -7 -7 -7 -7 -7 -7 -7 -6 -7 -7 -8 -8 -8 -7 -7 -7 -7 -6 -6 -6 -7 -6 -6 -6 -6 -7 -7 -6 -6 -5 -6 -5 -4 -4 -4 -4 -4 -4 -3 -3 -3 -3 -4 -4 -4 -4 -3 -2 -2 -2 -2 -2 -20 -20 -21 -21 -22 -21 -22 -23 -23 -22 -22 -22 -21 -21 -22 -22 -21 -21 -21 -22 -23 -23 -22 -22 -21 -20 -19 -18 -18 -17 -17 -17 -18 -18 -18 -18 -18 -17 -17 -17 -17 -17 -17 -17 -17 -17 -16 -16 -16 -16 -16 -16 -16 -16 -16 -16 -15 -15 -15 -15 -15 -15 -15 -15 -15 -15 -15 -15 -15 -14 -14 -14 -14 -14 -14 -14 -14 -14 -14 -14 -13 -13 -14 -14 -15 -15 -15 -14 -14 -14 -14 -14 -13 -13 -12 -12 -11 -11 -11 -12 -12 -11 -11 -11 -12 -13 -14 -15 -14 -14 -14 -14 -14 -14 -15 -15 -15 -16 -16 -15 -15 -15 -15 -15 -15 -15 -15 -15 -15 -15 -15 -15 -14 -14 -14 -14 -15 -15 -15 -14 -14 -14 -14 -13 -13 -12 -12 -11 -11 -11 -10 -10 -10 -10 -9 -9 -10 -10 -11 -12 -12 -12 -12 -11 -11 -12 -11 -12 -11 -12 -12 -13 -13 -12 -12 -12 -12 -12 -12 -12 -13 -13 -14 -14 -13 -13 -14 -13 -13 -13 -13 -13 -14 -14 -14 -13 -13 -13 -13 -13 -14 -13 -13 -13 -13 -13 -12 -12 -11 -11 -11 -11 -11 -11 -11 -11 -11 -11 -11 -11 -11 -11 -11 -11 -11 -11 -11 -11 -11 -11 -11 -11 -11 -11 -11 -11 -11 -11 -11 -11 -11 -11 -11 -11 -11 -11 -11 -11 -11 -11 -11 -11 -11 -11 -11 -12 -11 -11 -11 -11 -11 -11 -11 -11 -11 -11 -11 -11 -11 -11 -11 -11 -11 -11 -11 -11 -11 -11 -11 -11 -11 -11 -11 -11 -11 -11 -11 -11 -11 -11 -11 -11 -11 -11 -11 -11 -11 -12 -12 -12 -11 -11 -12 -11 -11 -11 -8 -8 -8 -7 -7 -8 -8 -8 -8 -8 -8 -9 -9 -9 -9 -9 -9 -9 -8 -8 -7 -8 -7 -7 -7 -7 -7 -7 -6 -6 -6 -6 -7 -7 -7 -7 -7 -7 -7 -7 -7 -7 -7 -6 -6 -7 -7 -6 -6 -7 -8 -8 -7 -7 -7 -7 -6 -7 -7 -7 -7 -7 -7 -7 -6 -6 -5 -5 -5 -5 -5 -4 -4 -5 -5 -5 -4 -4 -3 -4 -4 -4 -4 -4 -4 -3 -2 -2 -2 -3 -3 -20 -20 -20 -20 -21 -21 -21 -22 -22 -22 -22 -21 -21 -21 -21 -21 -21 -21 -21 -21 -21 -21 -22 -22 -21 -20 -20 -19 -18 -17 -17 -17 -17 -17 -17 -17 -17 -17 -17 -17 -17 -17 -17 -17 -17 -17 -16 -16 -16 -16 -16 -16 -16 -16 -16 -16 -15 -15 -15 -15 -15 -15 -15 -15 -15 -15 -15 -14 -14 -14 -14 -14 -14 -14 -14 -14 -14 -14 -14 -14 -14 -13 -13 -13 -13 -14 -15 -14 -13 -13 -13 -13 -14 -13 -13 -12 -12 -12 -11 -11 -12 -12 -11 -11 -12 -13 -13 -15 -15 -15 -14 -14 -13 -14 -14 -15 -15 -15 -15 -15 -15 -15 -15 -15 -15 -15 -15 -15 -15 -15 -15 -15 -15 -15 -14 -14 -15 -14 -14 -14 -14 -14 -14 -13 -13 -12 -12 -12 -11 -11 -11 -10 -10 -10 -10 -9 -9 -10 -11 -11 -11 -12 -12 -11 -11 -12 -12 -12 -12 -12 -12 -12 -12 -13 -13 -13 -12 -12 -12 -12 -12 -12 -13 -14 -13 -13 -13 -13 -13 -13 -13 -12 -13 -13 -13 -13 -12 -12 -13 -13 -13 -13 -13 -13 -13 -13 -13 -11 -12 -11 -11 -11 -11 -11 -11 -11 -11 -11 -11 -11 -11 -11 -11 -11 -11 -11 -11 -11 -11 -11 -11 -11 -11 -11 -11 -11 -11 -11 -11 -11 -11 -11 -11 -11 -11 -11 -11 -11 -11 -11 -11 -11 -11 -11 -11 -11 -12 -11 -11 -11 -11 -11 -11 -11 -11 -11 -11 -11 -11 -11 -11 -11 -11 -11 -11 -11 -11 -11 -11 -11 -11 -11 -11 -11 -11 -11 -11 -11 -11 -11 -11 -11 -11 -11 -11 -11 -11 -11 -11 -11 -11 -11 -11 -12 -11 -11 -10 -8 -8 -8 -8 -8 -7 -8 -8 -8 -7 -8 -8 -8 -8 -8 -9 -9 -9 -8 -8 -8 -8 -7 -7 -7 -8 -7 -7 -6 -6 -7 -6 -7 -7 -7 -7 -7 -7 -7 -8 -7 -7 -7 -7 -6 -7 -7 -7 -6 -6 -7 -8 -8 -7 -7 -7 -7 -7 -8 -8 -8 -7 -6 -7 -7 -6 -6 -6 -6 -5 -5 -4 -5 -6 -5 -4 -4 -4 -3 -3 -4 -5 -5 -4 -4 -3 -3 -3 -3 -4 -4 -20 -20 -20 -20 -20 -20 -20 -21 -22 -21 -21 -20 -20 -21 -21 -20 -20 -20 -20 -20 -21 -21 -22 -22 -21 -20 -20 -19 -18 -18 -17 -17 -17 -17 -16 -16 -16 -16 -16 -17 -17 -17 -17 -17 -16 -16 -16 -16 -16 -16 -16 -16 -16 -16 -16 -15 -15 -15 -15 -15 -14 -15 -15 -15 -15 -14 -14 -14 -14 -14 -14 -14 -14 -14 -14 -14 -14 -14 -13 -14 -14 -13 -13 -13 -14 -14 -15 -14 -14 -13 -13 -13 -14 -14 -13 -12 -12 -12 -12 -11 -11 -12 -12 -12 -13 -13 -13 -14 -14 -15 -14 -14 -14 -13 -13 -14 -14 -15 -15 -15 -15 -15 -15 -14 -14 -15 -15 -15 -15 -15 -15 -15 -15 -15 -15 -14 -14 -14 -14 -14 -13 -13 -14 -14 -13 -13 -12 -12 -12 -11 -11 -11 -10 -10 -9 -9 -10 -10 -10 -11 -12 -12 -12 -11 -12 -12 -12 -12 -11 -12 -12 -12 -12 -12 -12 -13 -13 -13 -13 -13 -12 -12 -12 -13 -13 -13 -12 -13 -13 -13 -13 -12 -12 -12 -12 -12 -12 -12 -12 -13 -13 -13 -13 -13 -13 -13 -13 -11 -11 -11 -11 -11 -11 -11 -11 -11 -11 -11 -11 -11 -11 -11 -11 -11 -11 -11 -11 -11 -11 -11 -11 -11 -11 -11 -11 -11 -11 -11 -11 -11 -11 -11 -11 -11 -11 -11 -11 -11 -11 -11 -11 -11 -11 -11 -11 -11 -11 -10 -10 -10 -11 -11 -11 -11 -11 -11 -11 -11 -11 -11 -11 -11 -11 -11 -11 -11 -11 -11 -11 -11 -11 -11 -11 -11 -11 -11 -11 -11 -11 -11 -11 -11 -11 -11 -11 -12 -11 -11 -10 -10 -11 -11 -11 -11 -12 -11 -11 -8 -8 -7 -8 -8 -8 -8 -7 -7 -8 -7 -7 -7 -8 -8 -8 -8 -9 -9 -8 -8 -8 -8 -8 -8 -8 -7 -7 -7 -7 -7 -7 -7 -7 -8 -7 -7 -7 -7 -7 -7 -8 -7 -7 -7 -7 -7 -7 -7 -6 -7 -7 -7 -7 -7 -7 -7 -8 -8 -8 -7 -6 -6 -7 -7 -7 -7 -6 -6 -6 -6 -5 -5 -6 -6 -5 -4 -4 -3 -3 -4 -5 -5 -4 -4 -4 -3 -3 -4 -5 -5 -4 -19 -20 -19 -19 -19 -20 -20 -20 -20 -20 -20 -21 -21 -21 -20 -20 -20 -20 -20 -21 -22 -22 -20 -20 -19 -19 -19 -19 -18 -18 -17 -17 -16 -16 -16 -16 -16 -16 -17 -17 -17 -17 -17 -16 -15 -15 -15 -15 -16 -16 -16 -15 -15 -15 -15 -15 -15 -15 -14 -14 -14 -14 -14 -14 -14 -14 -14 -14 -14 -14 -14 -14 -14 -14 -14 -14 -14 -13 -13 -13 -13 -13 -13 -14 -14 -15 -14 -14 -13 -13 -13 -14 -14 -13 -13 -12 -12 -12 -12 -12 -12 -13 -13 -13 -13 -13 -14 -14 -14 -14 -14 -14 -14 -13 -13 -14 -14 -14 -15 -15 -15 -14 -15 -14 -15 -15 -15 -15 -15 -15 -15 -14 -14 -15 -15 -14 -14 -14 -14 -13 -14 -14 -14 -13 -13 -12 -12 -12 -11 -11 -11 -11 -10 -9 -9 -9 -10 -11 -11 -12 -12 -12 -12 -12 -12 -12 -11 -12 -12 -12 -13 -13 -12 -12 -12 -12 -12 -12 -13 -13 -12 -12 -12 -12 -12 -12 -13 -13 -13 -12 -12 -11 -12 -13 -12 -13 -12 -13 -13 -13 -13 -12 -12 -12 -12 -13 -11 -11 -11 -11 -11 -11 -11 -11 -11 -11 -11 -11 -11 -11 -11 -11 -11 -11 -11 -11 -11 -11 -11 -11 -11 -11 -11 -11 -11 -11 -11 -11 -11 -11 -11 -11 -11 -11 -11 -11 -11 -11 -11 -11 -11 -11 -11 -11 -11 -11 -10 -10 -10 -10 -10 -10 -10 -10 -11 -11 -11 -11 -11 -11 -11 -11 -11 -11 -11 -11 -11 -11 -11 -11 -11 -11 -11 -11 -11 -11 -11 -11 -11 -11 -11 -11 -11 -11 -12 -12 -11 -11 -10 -10 -10 -10 -11 -11 -11 -11 -8 -8 -8 -8 -8 -7 -7 -7 -7 -7 -7 -7 -7 -8 -8 -8 -8 -8 -8 -8 -8 -8 -8 -8 -8 -8 -8 -8 -8 -7 -8 -8 -7 -7 -8 -8 -8 -8 -7 -7 -7 -7 -8 -8 -7 -7 -7 -7 -7 -7 -7 -7 -7 -7 -7 -7 -8 -8 -7 -7 -7 -6 -6 -6 -6 -7 -7 -7 -6 -6 -6 -6 -6 -6 -6 -5 -5 -4 -4 -4 -4 -5 -5 -5 -4 -4 -3 -4 -4 -4 -5 -4 -4 -4 -19 -19 -19 -19 -19 -20 -20 -20 -20 -20 -20 -20 -20 -20 -20 -20 -20 -20 -20 -21 -21 -19 -19 -19 -20 -19 -19 -18 -18 -18 -17 -16 -16 -16 -16 -16 -16 -16 -16 -16 -16 -16 -16 -15 -15 -15 -15 -15 -15 -15 -15 -15 -15 -15 -15 -15 -15 -14 -14 -14 -14 -14 -14 -14 -14 -14 -14 -14 -14 -14 -14 -14 -13 -13 -13 -13 -13 -13 -13 -13 -13 -13 -13 -14 -14 -14 -14 -14 -14 -14 -14 -13 -13 -13 -13 -13 -12 -12 -13 -13 -13 -14 -14 -13 -13 -14 -14 -14 -14 -14 -13 -14 -14 -14 -14 -14 -14 -15 -14 -15 -15 -15 -15 -15 -15 -15 -15 -14 -14 -14 -14 -14 -15 -15 -15 -14 -14 -14 -14 -14 -14 -14 -14 -13 -13 -12 -12 -12 -11 -11 -11 -11 -10 -10 -9 -10 -11 -12 -12 -12 -12 -12 -12 -12 -11 -12 -12 -12 -12 -12 -13 -13 -13 -12 -12 -13 -12 -12 -13 -12 -12 -12 -12 -11 -12 -12 -12 -12 -12 -11 -12 -12 -12 -12 -13 -13 -13 -13 -13 -13 -13 -12 -12 -12 -12 -11 -11 -11 -11 -11 -11 -11 -11 -11 -11 -11 -11 -11 -11 -11 -11 -11 -11 -11 -11 -11 -11 -11 -11 -11 -11 -11 -11 -11 -11 -11 -11 -11 -11 -11 -11 -11 -11 -11 -11 -11 -11 -11 -11 -11 -11 -11 -11 -11 -11 -10 -10 -10 -10 -10 -10 -10 -10 -10 -10 -10 -10 -10 -10 -10 -11 -11 -11 -11 -11 -11 -10 -11 -11 -11 -11 -11 -11 -11 -11 -11 -11 -11 -11 -11 -11 -11 -11 -11 -12 -12 -11 -11 -11 -10 -10 -10 -10 -11 -11 -9 -8 -8 -8 -7 -7 -8 -8 -8 -7 -7 -7 -8 -8 -8 -8 -8 -8 -8 -8 -8 -8 -8 -8 -8 -8 -8 -8 -8 -8 -8 -8 -8 -8 -8 -7 -8 -8 -8 -7 -7 -7 -7 -8 -7 -7 -7 -7 -7 -7 -7 -7 -7 -7 -8 -8 -8 -7 -7 -7 -7 -7 -7 -6 -6 -7 -7 -7 -7 -7 -7 -6 -6 -7 -6 -6 -6 -5 -4 -4 -4 -4 -5 -5 -4 -4 -3 -4 -4 -5 -5 -5 -5 -4 -19 -19 -18 -18 -19 -19 -19 -20 -20 -19 -19 -19 -20 -21 -21 -21 -21 -20 -20 -21 -21 -20 -19 -19 -19 -19 -19 -19 -18 -18 -17 -16 -16 -16 -16 -16 -16 -15 -16 -16 -16 -16 -15 -15 -15 -15 -15 -15 -15 -15 -15 -15 -15 -15 -15 -15 -14 -14 -14 -14 -14 -14 -14 -14 -14 -14 -14 -14 -14 -13 -13 -13 -13 -13 -13 -13 -13 -13 -13 -13 -13 -12 -13 -13 -14 -14 -14 -14 -13 -13 -13 -13 -13 -13 -12 -12 -12 -13 -13 -13 -13 -13 -14 -13 -13 -14 -14 -14 -14 -14 -13 -13 -14 -14 -14 -14 -14 -14 -14 -14 -14 -15 -15 -15 -15 -15 -15 -14 -14 -14 -14 -14 -14 -14 -14 -14 -14 -14 -14 -14 -14 -14 -13 -13 -13 -13 -12 -11 -11 -11 -12 -12 -11 -10 -10 -10 -11 -11 -11 -11 -11 -12 -12 -12 -12 -12 -12 -12 -12 -13 -12 -13 -13 -13 -13 -13 -13 -13 -13 -13 -13 -13 -12 -12 -12 -12 -12 -12 -11 -11 -11 -12 -12 -12 -13 -13 -13 -12 -13 -13 -13 -12 -12 -12 -12 -11 -11 -11 -11 -11 -11 -11 -11 -11 -11 -11 -11 -11 -11 -11 -11 -11 -11 -11 -11 -11 -11 -11 -11 -11 -11 -11 -11 -11 -11 -11 -11 -11 -11 -11 -11 -11 -11 -11 -11 -11 -12 -12 -11 -11 -11 -11 -11 -11 -11 -10 -10 -10 -10 -10 -10 -10 -10 -10 -10 -10 -10 -10 -10 -10 -10 -10 -11 -11 -11 -11 -10 -11 -11 -11 -11 -11 -11 -11 -11 -11 -11 -11 -10 -10 -10 -11 -10 -11 -11 -12 -11 -11 -11 -11 -10 -10 -10 -10 -11 -8 -9 -8 -8 -8 -7 -8 -8 -8 -8 -8 -7 -8 -8 -8 -8 -7 -8 -8 -8 -8 -8 -8 -8 -8 -8 -8 -8 -8 -8 -8 -8 -8 -8 -8 -8 -8 -8 -8 -7 -7 -7 -7 -8 -8 -7 -7 -7 -7 -7 -7 -7 -7 -8 -8 -8 -7 -7 -7 -7 -7 -7 -6 -6 -7 -7 -7 -7 -7 -7 -6 -6 -7 -7 -7 -6 -6 -6 -5 -5 -4 -4 -5 -5 -5 -4 -4 -4 -4 -4 -5 -5 -5 -4 -4 -18 -18 -18 -19 -19 -19 -19 -19 -20 -20 -21 -21 -21 -20 -20 -20 -19 -20 -20 -19 -19 -19 -19 -18 -18 -18 -17 -17 -16 -17 -17 -16 -16 -15 -15 -15 -16 -16 -16 -15 -15 -15 -14 -14 -14 -14 -14 -14 -14 -14 -14 -14 -14 -14 -14 -14 -14 -13 -13 -13 -13 -13 -14 -14 -14 -13 -13 -13 -13 -13 -13 -13 -12 -12 -12 -12 -12 -12 -12 -12 -13 -13 -14 -14 -14 -13 -13 -13 -13 -13 -13 -12 -13 -13 -13 -13 -13 -13 -13 -13 -13 -13 -14 -14 -14 -14 -14 -13 -13 -13 -14 -14 -14 -14 -14 -14 -14 -14 -14 -15 -15 -15 -15 -14 -14 -14 -13 -14 -14 -14 -14 -14 -14 -14 -14 -14 -14 -14 -13 -13 -13 -13 -13 -12 -12 -13 -12 -12 -11 -11 -11 -11 -11 -11 -11 -11 -11 -11 -12 -12 -12 -12 -11 -11 -11 -12 -12 -12 -12 -12 -13 -12 -12 -13 -12 -12 -12 -13 -13 -13 -12 -12 -12 -12 -12 -11 -11 -11 -12 -12 -12 -12 -12 -13 -13 -12 -13 -13 -13 -12 -12 -12 -11 -11 -11 -11 -11 -11 -11 -11 -11 -11 -11 -11 -11 -11 -11 -11 -11 -11 -11 -11 -11 -11 -11 -11 -11 -11 -11 -11 -11 -11 -11 -11 -11 -11 -11 -11 -11 -11 -11 -11 -11 -12 -12 -11 -11 -11 -11 -11 -11 -11 -10 -10 -10 -10 -10 -10 -10 -10 -10 -10 -10 -10 -10 -10 -10 -10 -10 -11 -11 -11 -10 -10 -11 -11 -11 -11 -11 -11 -11 -11 -11 -10 -11 -10 -10 -10 -10 -11 -11 -11 -12 -12 -11 -11 -11 -11 -11 -11 -10 -10 -8 -8 -8 -8 -8 -8 -8 -8 -7 -7 -8 -8 -8 -8 -8 -7 -7 -7 -8 -8 -8 -9 -9 -8 -8 -8 -8 -8 -8 -8 -8 -8 -8 -8 -8 -8 -8 -8 -8 -8 -8 -8 -7 -7 -8 -7 -8 -8 -8 -7 -7 -7 -7 -8 -8 -7 -7 -7 -7 -7 -6 -6 -6 -6 -7 -7 -7 -7 -7 -7 -7 -6 -7 -6 -6 -6 -6 -6 -7 -6 -5 -4 -5 -5 -5 -4 -4 -4 -4 -4 -5 -5 -5 -4 -4 -4 -18 -18 -18 -18 -19 -19 -20 -21 -20 -20 -20 -20 -20 -19 -20 -20 -19 -19 -19 -19 -18 -18 -18 -17 -17 -17 -17 -17 -16 -15 -15 -15 -15 -16 -16 -15 -15 -14 -14 -14 -14 -14 -14 -14 -14 -14 -14 -14 -14 -14 -14 -14 -14 -14 -13 -13 -13 -13 -13 -13 -13 -13 -13 -13 -13 -13 -12 -12 -12 -12 -12 -12 -12 -12 -12 -12 -12 -12 -12 -13 -14 -14 -14 -13 -13 -13 -13 -12 -12 -12 -12 -13 -13 -13 -13 -13 -13 -13 -13 -14 -14 -14 -14 -14 -13 -13 -13 -13 -14 -14 -14 -14 -14 -14 -14 -14 -14 -14 -14 -14 -14 -14 -13 -13 -14 -14 -14 -14 -14 -14 -14 -14 -14 -13 -13 -13 -13 -13 -13 -13 -13 -13 -12 -12 -12 -11 -11 -12 -12 -11 -12 -11 -11 -11 -11 -12 -12 -12 -12 -12 -11 -11 -12 -12 -11 -11 -12 -13 -12 -12 -12 -12 -11 -11 -12 -12 -13 -12 -12 -12 -12 -12 -12 -12 -12 -12 -12 -12 -12 -12 -12 -12 -13 -13 -13 -13 -12 -12 -12 -11 -11 -11 -11 -11 -11 -11 -11 -11 -11 -11 -11 -11 -11 -11 -11 -11 -11 -11 -11 -11 -11 -11 -11 -11 -11 -11 -11 -11 -11 -11 -11 -11 -11 -11 -11 -11 -11 -11 -11 -11 -12 -11 -11 -11 -11 -11 -11 -11 -11 -10 -10 -10 -10 -10 -10 -10 -10 -10 -10 -10 -10 -10 -10 -10 -10 -10 -10 -11 -10 -10 -11 -11 -11 -11 -11 -11 -11 -10 -10 -10 -10 -10 -10 -10 -10 -9 -10 -10 -10 -11 -11 -11 -11 -11 -11 -11 -11 -11 -10 -7 -8 -8 -8 -8 -8 -8 -8 -8 -8 -8 -8 -8 -8 -8 -7 -7 -8 -8 -9 -9 -9 -9 -9 -8 -8 -8 -8 -8 -8 -8 -8 -8 -9 -8 -8 -8 -8 -8 -8 -8 -8 -8 -8 -8 -8 -8 -8 -7 -7 -7 -8 -8 -8 -7 -7 -7 -7 -7 -7 -7 -6 -6 -6 -7 -6 -6 -6 -6 -7 -7 -7 -7 -6 -6 -6 -7 -7 -7 -6 -5 -4 -5 -5 -5 -5 -4 -4 -4 -5 -5 -5 -5 -5 -5 -4 -18 -18 -19 -20 -20 -19 -20 -19 -19 -19 -19 -19 -20 -19 -19 -19 -18 -18 -18 -18 -18 -17 -17 -17 -16 -16 -15 -15 -15 -15 -16 -15 -15 -15 -14 -14 -14 -14 -14 -14 -14 -14 -14 -14 -14 -14 -14 -13 -14 -14 -13 -13 -13 -13 -13 -13 -13 -13 -13 -13 -13 -13 -12 -12 -12 -12 -12 -12 -12 -12 -12 -12 -12 -12 -12 -12 -13 -13 -13 -13 -13 -13 -13 -13 -12 -12 -12 -12 -12 -13 -13 -12 -13 -13 -13 -13 -14 -13 -13 -14 -13 -14 -14 -13 -13 -13 -14 -14 -14 -14 -14 -14 -14 -14 -14 -14 -14 -14 -13 -13 -14 -14 -14 -13 -13 -14 -14 -14 -14 -14 -14 -13 -14 -13 -13 -13 -13 -13 -13 -12 -12 -12 -12 -11 -12 -12 -12 -12 -12 -11 -11 -11 -11 -11 -12 -12 -12 -11 -12 -12 -12 -11 -11 -12 -12 -11 -11 -11 -11 -11 -12 -12 -12 -12 -12 -13 -13 -12 -12 -12 -13 -13 -12 -12 -12 -12 -12 -12 -12 -12 -13 -13 -12 -12 -12 -12 -11 -11 -11 -11 -11 -11 -11 -11 -11 -11 -11 -11 -11 -11 -11 -11 -11 -11 -11 -11 -11 -11 -11 -11 -11 -11 -11 -11 -11 -11 -11 -11 -11 -12 -12 -12 -12 -12 -12 -12 -12 -12 -11 -11 -11 -11 -11 -11 -11 -11 -10 -10 -10 -10 -10 -10 -10 -10 -10 -10 -10 -10 -10 -10 -10 -10 -10 -10 -10 -10 -11 -11 -11 -11 -11 -10 -10 -10 -10 -10 -10 -10 -10 -9 -9 -9 -10 -10 -10 -11 -11 -11 -11 -11 -11 -11 -11 -11 -11 -10 -7 -8 -8 -8 -8 -8 -8 -8 -8 -8 -8 -8 -8 -8 -8 -8 -7 -7 -7 -8 -9 -9 -9 -9 -9 -8 -8 -8 -8 -8 -8 -8 -9 -8 -8 -8 -8 -8 -8 -8 -8 -8 -8 -8 -8 -8 -8 -8 -8 -8 -7 -7 -8 -8 -7 -8 -8 -8 -7 -7 -7 -7 -6 -6 -6 -6 -6 -6 -6 -6 -7 -7 -8 -8 -7 -7 -7 -7 -6 -6 -5 -4 -5 -6 -6 -5 -5 -5 -4 -5 -5 -6 -5 -5 -5 -5 -4 -3 -18 -19 -20 -19 -19 -19 -19 -19 -19 -19 -19 -19 -19 -19 -19 -19 -19 -18 -18 -17 -17 -17 -16 -16 -16 -15 -15 -15 -15 -15 -15 -15 -14 -14 -14 -14 -14 -14 -14 -14 -14 -13 -13 -13 -14 -13 -13 -13 -13 -13 -13 -13 -13 -13 -13 -13 -13 -12 -12 -12 -13 -12 -12 -12 -12 -12 -12 -12 -12 -12 -12 -12 -12 -12 -12 -13 -13 -13 -13 -13 -13 -13 -12 -12 -12 -12 -12 -12 -12 -12 -12 -12 -13 -13 -13 -14 -14 -14 -14 -14 -13 -13 -13 -13 -13 -13 -13 -13 -14 -14 -14 -14 -14 -14 -14 -14 -14 -14 -13 -13 -13 -13 -13 -13 -13 -13 -13 -14 -14 -14 -13 -13 -13 -13 -12 -13 -12 -12 -12 -11 -12 -12 -12 -12 -12 -12 -12 -11 -11 -11 -10 -11 -11 -11 -12 -12 -12 -12 -12 -11 -11 -10 -11 -11 -11 -11 -11 -11 -11 -12 -12 -12 -12 -11 -12 -13 -13 -13 -13 -13 -12 -12 -12 -12 -12 -12 -12 -12 -12 -12 -12 -12 -12 -12 -12 -11 -11 -11 -11 -11 -11 -11 -11 -11 -11 -11 -11 -11 -11 -11 -11 -11 -11 -11 -11 -11 -11 -11 -11 -11 -11 -11 -11 -11 -11 -11 -11 -11 -11 -12 -12 -12 -12 -12 -11 -11 -11 -11 -11 -11 -11 -12 -11 -11 -11 -10 -10 -10 -10 -10 -10 -10 -10 -10 -10 -10 -10 -10 -10 -10 -10 -10 -10 -10 -10 -10 -10 -10 -10 -10 -10 -10 -10 -10 -10 -10 -9 -9 -10 -10 -10 -10 -10 -11 -11 -11 -11 -11 -11 -11 -11 -11 -11 -11 -11 -8 -7 -7 -7 -8 -8 -8 -8 -8 -8 -8 -8 -8 -8 -8 -8 -8 -7 -7 -8 -8 -9 -9 -9 -8 -8 -8 -8 -8 -8 -8 -8 -8 -8 -8 -8 -8 -8 -8 -8 -8 -8 -8 -8 -8 -8 -8 -8 -8 -8 -8 -8 -8 -8 -8 -8 -8 -8 -7 -7 -7 -7 -7 -7 -7 -7 -6 -6 -6 -5 -6 -6 -7 -7 -8 -8 -7 -7 -6 -6 -6 -5 -5 -5 -6 -6 -6 -5 -4 -5 -6 -6 -5 -5 -5 -4 -4 -4 -4 -4 -18 -19 -18 -18 -19 -19 -19 -19 -19 -19 -18 -18 -17 -17 -18 -19 -18 -18 -17 -17 -16 -15 -16 -16 -16 -16 -15 -14 -14 -14 -14 -14 -14 -14 -14 -14 -14 -13 -13 -13 -13 -13 -13 -13 -13 -13 -13 -13 -13 -13 -13 -13 -13 -13 -13 -13 -12 -12 -12 -12 -12 -12 -12 -12 -12 -12 -12 -12 -12 -12 -12 -12 -12 -12 -12 -12 -13 -13 -13 -13 -13 -12 -12 -12 -12 -12 -11 -11 -12 -12 -12 -12 -13 -13 -14 -14 -13 -13 -13 -13 -13 -13 -13 -13 -13 -12 -13 -13 -14 -14 -14 -13 -13 -14 -14 -14 -13 -13 -13 -13 -13 -12 -12 -13 -13 -14 -14 -14 -14 -13 -13 -12 -12 -12 -12 -12 -12 -11 -12 -12 -11 -11 -12 -12 -12 -11 -11 -11 -11 -11 -11 -11 -12 -12 -12 -12 -11 -11 -11 -11 -10 -10 -11 -11 -11 -12 -11 -11 -11 -12 -11 -11 -11 -12 -12 -13 -13 -13 -13 -13 -13 -12 -12 -13 -12 -12 -12 -12 -12 -12 -12 -12 -12 -12 -10 -10 -10 -10 -11 -11 -11 -11 -11 -11 -11 -11 -11 -11 -11 -11 -11 -11 -11 -11 -11 -11 -11 -11 -11 -11 -11 -11 -11 -11 -11 -11 -11 -11 -11 -11 -12 -12 -11 -11 -11 -11 -11 -11 -11 -11 -12 -12 -11 -11 -10 -10 -10 -10 -10 -10 -10 -10 -10 -10 -10 -10 -10 -10 -10 -10 -10 -10 -10 -10 -10 -10 -10 -10 -10 -10 -10 -10 -10 -10 -10 -10 -10 -10 -10 -11 -11 -11 -11 -10 -10 -10 -11 -10 -10 -11 -11 -11 -11 -11 -8 -7 -6 -6 -6 -7 -7 -8 -8 -8 -8 -8 -8 -8 -8 -8 -8 -7 -6 -7 -7 -8 -8 -9 -9 -8 -8 -8 -8 -8 -8 -8 -8 -8 -8 -8 -8 -8 -8 -8 -7 -7 -7 -7 -7 -7 -8 -7 -8 -8 -9 -8 -8 -8 -7 -8 -8 -8 -7 -7 -7 -7 -7 -7 -7 -7 -7 -7 -7 -6 -5 -5 -5 -6 -6 -7 -8 -8 -7 -7 -6 -6 -6 -4 -4 -6 -6 -5 -5 -5 -6 -5 -5 -4 -4 -4 -4 -4 -4 -4 -5 -17 -18 -19 -19 -19 -19 -19 -19 -19 -19 -18 -17 -17 -18 -18 -19 -18 -17 -16 -16 -16 -15 -16 -16 -16 -16 -15 -15 -14 -14 -13 -13 -14 -14 -14 -13 -13 -13 -13 -13 -13 -13 -13 -13 -13 -13 -13 -13 -13 -13 -12 -13 -13 -13 -12 -12 -12 -12 -12 -12 -12 -12 -12 -12 -12 -12 -12 -11 -12 -12 -12 -11 -11 -11 -12 -12 -13 -13 -13 -13 -13 -13 -13 -12 -12 -11 -11 -11 -11 -12 -12 -12 -12 -12 -13 -13 -13 -13 -13 -13 -13 -13 -13 -13 -13 -13 -13 -13 -13 -14 -14 -13 -13 -14 -14 -13 -13 -13 -12 -12 -12 -13 -13 -13 -13 -13 -13 -14 -14 -13 -13 -13 -13 -13 -12 -12 -12 -12 -12 -12 -11 -11 -12 -12 -12 -12 -12 -11 -11 -11 -11 -10 -11 -11 -12 -12 -11 -11 -11 -11 -10 -10 -11 -11 -11 -11 -12 -11 -12 -12 -11 -11 -11 -11 -12 -12 -13 -12 -12 -13 -13 -13 -13 -13 -12 -12 -12 -11 -12 -12 -12 -12 -12 -12 -10 -10 -11 -11 -11 -11 -10 -10 -10 -10 -11 -11 -11 -11 -11 -11 -11 -11 -11 -11 -11 -11 -11 -11 -11 -11 -10 -10 -11 -11 -11 -11 -10 -11 -10 -11 -11 -11 -11 -11 -11 -11 -11 -11 -11 -11 -11 -12 -12 -11 -11 -10 -10 -10 -10 -10 -10 -10 -10 -10 -10 -10 -10 -10 -10 -10 -10 -10 -10 -10 -10 -10 -11 -11 -11 -10 -10 -10 -11 -10 -10 -10 -10 -10 -10 -11 -10 -10 -10 -10 -10 -10 -11 -10 -10 -10 -10 -10 -10 -10 -8 -8 -7 -6 -5 -5 -6 -7 -8 -8 -8 -8 -8 -8 -8 -8 -8 -7 -6 -6 -7 -8 -8 -9 -9 -9 -8 -8 -8 -8 -8 -8 -8 -8 -8 -8 -8 -8 -8 -8 -7 -7 -7 -6 -6 -6 -7 -7 -7 -8 -8 -8 -8 -8 -8 -7 -8 -8 -7 -7 -7 -7 -7 -7 -7 -6 -7 -7 -7 -7 -6 -6 -6 -6 -5 -6 -6 -7 -7 -7 -7 -7 -6 -5 -5 -5 -6 -6 -5 -6 -6 -5 -4 -4 -5 -5 -5 -4 -4 -4 -5 -5 -5 -5 -5 -5 -5 -17 -17 -18 -18 -18 -19 -18 -19 -19 -19 -18 -17 -18 -18 -18 -19 -18 -17 -17 -17 -17 -16 -16 -16 -16 -16 -16 -15 -15 -14 -13 -13 -14 -14 -13 -13 -12 -12 -12 -13 -13 -13 -13 -13 -13 -13 -12 -12 -12 -12 -12 -12 -12 -12 -12 -12 -12 -12 -12 -12 -11 -11 -11 -11 -12 -12 -11 -11 -11 -11 -11 -11 -11 -11 -11 -12 -12 -12 -12 -13 -13 -13 -13 -12 -12 -11 -12 -12 -12 -12 -12 -11 -11 -12 -13 -12 -13 -13 -13 -13 -13 -13 -13 -13 -13 -13 -13 -13 -13 -14 -13 -13 -13 -13 -13 -13 -13 -13 -12 -12 -13 -13 -13 -13 -13 -13 -13 -14 -14 -14 -13 -13 -13 -13 -12 -12 -11 -12 -12 -12 -12 -12 -12 -12 -11 -11 -11 -11 -10 -10 -10 -10 -11 -11 -12 -11 -11 -11 -10 -10 -10 -9 -10 -10 -10 -11 -11 -12 -12 -11 -10 -10 -11 -12 -12 -12 -12 -12 -12 -12 -12 -12 -13 -13 -12 -12 -12 -12 -11 -12 -12 -12 -12 -12 -11 -11 -11 -11 -10 -10 -10 -10 -10 -10 -10 -11 -11 -11 -11 -10 -10 -11 -11 -11 -11 -11 -11 -11 -11 -11 -11 -10 -11 -11 -11 -11 -11 -10 -10 -11 -11 -11 -11 -11 -11 -11 -11 -11 -11 -11 -11 -11 -11 -11 -10 -10 -10 -10 -10 -10 -10 -10 -10 -10 -10 -10 -10 -10 -10 -10 -10 -10 -10 -10 -10 -10 -10 -10 -10 -10 -10 -11 -10 -10 -10 -10 -10 -10 -10 -10 -10 -10 -10 -10 -10 -10 -11 -10 -10 -10 -10 -10 -10 -10 -7 -8 -8 -7 -7 -7 -6 -6 -6 -7 -7 -8 -8 -8 -8 -8 -8 -8 -7 -6 -6 -7 -8 -9 -9 -9 -9 -8 -8 -7 -8 -8 -8 -8 -8 -8 -7 -7 -7 -7 -7 -7 -7 -7 -6 -6 -6 -6 -6 -6 -7 -7 -8 -8 -8 -7 -7 -8 -7 -7 -7 -7 -7 -7 -6 -6 -6 -7 -7 -7 -7 -7 -7 -6 -6 -6 -6 -6 -6 -6 -7 -7 -6 -6 -5 -5 -5 -6 -5 -5 -6 -5 -5 -5 -5 -5 -5 -4 -4 -4 -5 -5 -5 -5 -5 -5 -5 -5 -5 -16 -17 -17 -17 -17 -18 -18 -18 -18 -18 -18 -18 -19 -18 -18 -17 -17 -17 -17 -17 -16 -16 -16 -15 -15 -15 -15 -14 -14 -14 -13 -13 -12 -12 -12 -13 -13 -13 -13 -12 -12 -12 -12 -12 -12 -12 -12 -11 -11 -11 -12 -12 -12 -12 -12 -12 -12 -12 -11 -11 -11 -11 -11 -11 -11 -11 -11 -11 -11 -11 -11 -11 -11 -11 -11 -11 -11 -12 -12 -13 -13 -13 -13 -12 -11 -12 -12 -12 -12 -12 -11 -11 -12 -13 -13 -12 -13 -12 -13 -12 -13 -13 -12 -12 -12 -13 -13 -13 -13 -13 -13 -13 -12 -13 -13 -12 -12 -12 -12 -13 -13 -13 -13 -13 -13 -13 -14 -14 -14 -13 -13 -13 -13 -12 -12 -11 -12 -12 -12 -12 -12 -11 -11 -11 -10 -11 -11 -10 -10 -10 -10 -11 -11 -11 -11 -10 -10 -10 -9 -10 -11 -10 -10 -10 -11 -11 -12 -11 -11 -10 -11 -11 -11 -12 -12 -11 -11 -11 -12 -12 -13 -12 -12 -13 -12 -12 -12 -12 -12 -12 -12 -12 -10 -10 -10 -10 -10 -10 -10 -11 -11 -11 -11 -11 -11 -11 -11 -11 -11 -10 -10 -11 -11 -11 -11 -11 -11 -11 -11 -10 -10 -11 -11 -10 -10 -10 -10 -11 -11 -11 -11 -11 -11 -11 -11 -11 -11 -11 -11 -11 -11 -11 -10 -10 -10 -10 -10 -10 -10 -10 -10 -10 -10 -10 -10 -10 -10 -10 -10 -10 -10 -10 -10 -10 -10 -10 -10 -10 -10 -10 -10 -10 -10 -10 -10 -10 -10 -10 -10 -10 -10 -10 -10 -10 -11 -10 -10 -10 -10 -10 -10 -10 -7 -7 -7 -7 -7 -7 -7 -7 -6 -5 -5 -6 -7 -8 -8 -8 -8 -7 -7 -5 -6 -7 -8 -9 -9 -9 -9 -8 -8 -7 -7 -8 -8 -8 -8 -8 -8 -7 -7 -7 -6 -6 -6 -6 -6 -7 -6 -6 -6 -6 -7 -6 -6 -7 -7 -7 -7 -8 -8 -7 -7 -7 -7 -7 -7 -6 -6 -6 -6 -6 -6 -6 -7 -7 -6 -6 -6 -6 -6 -6 -7 -7 -6 -6 -5 -5 -5 -5 -6 -6 -6 -5 -5 -5 -5 -6 -5 -5 -5 -5 -6 -6 -6 -5 -6 -5 -5 -4 -4 -4 -4 -16 -17 -17 -17 -18 -18 -17 -18 -17 -18 -17 -16 -16 -16 -15 -15 -15 -15 -14 -14 -15 -15 -14 -14 -14 -13 -12 -12 -12 -12 -12 -12 -12 -12 -12 -12 -12 -12 -12 -12 -12 -12 -11 -11 -11 -11 -12 -12 -12 -12 -12 -12 -11 -11 -11 -11 -11 -11 -11 -11 -11 -11 -11 -11 -11 -10 -10 -11 -11 -11 -11 -11 -11 -11 -11 -11 -12 -13 -13 -13 -12 -12 -11 -12 -13 -12 -12 -12 -12 -13 -13 -13 -12 -12 -13 -13 -13 -13 -12 -12 -12 -13 -13 -13 -13 -13 -12 -13 -12 -12 -12 -12 -12 -13 -13 -13 -13 -13 -13 -13 -13 -13 -13 -13 -13 -14 -13 -12 -13 -13 -12 -11 -12 -12 -11 -11 -11 -11 -11 -11 -11 -11 -11 -11 -11 -10 -10 -11 -11 -11 -11 -10 -10 -10 -10 -10 -11 -11 -10 -9 -10 -11 -11 -11 -10 -10 -10 -11 -12 -12 -12 -11 -11 -11 -11 -11 -12 -12 -12 -12 -12 -12 -12 -12 -12 -12 -12 -12 -10 -10 -10 -10 -10 -10 -10 -10 -11 -11 -11 -11 -11 -11 -11 -11 -11 -10 -10 -10 -10 -11 -10 -10 -11 -11 -11 -11 -11 -11 -10 -10 -9 -10 -11 -11 -11 -11 -11 -11 -11 -11 -11 -11 -11 -11 -10 -11 -11 -11 -10 -10 -10 -10 -10 -10 -10 -10 -10 -10 -10 -10 -10 -10 -10 -10 -10 -10 -10 -10 -10 -10 -10 -10 -10 -10 -10 -10 -10 -10 -10 -10 -10 -10 -10 -10 -10 -10 -10 -10 -10 -10 -10 -10 -10 -11 -10 -10 -10 -10 -7 -8 -7 -8 -8 -7 -7 -7 -7 -5 -4 -4 -5 -6 -7 -7 -8 -7 -6 -5 -5 -6 -7 -8 -8 -8 -9 -8 -8 -7 -7 -7 -7 -7 -7 -7 -7 -7 -7 -7 -7 -7 -6 -6 -6 -7 -6 -7 -7 -7 -7 -7 -7 -6 -6 -7 -7 -7 -8 -7 -7 -7 -7 -7 -7 -7 -7 -6 -6 -6 -6 -6 -6 -6 -6 -6 -6 -7 -7 -7 -7 -7 -7 -7 -6 -6 -5 -5 -6 -6 -6 -5 -5 -5 -5 -6 -5 -5 -5 -5 -6 -7 -6 -6 -6 -5 -5 -5 -5 -4 -15 -16 -16 -17 -17 -17 -17 -17 -17 -17 -16 -16 -16 -15 -16 -15 -15 -15 -15 -15 -14 -14 -14 -13 -13 -12 -12 -12 -12 -12 -12 -12 -12 -12 -12 -11 -11 -12 -12 -11 -11 -11 -11 -11 -11 -11 -12 -11 -12 -12 -11 -11 -11 -11 -11 -11 -11 -11 -11 -11 -11 -11 -10 -10 -11 -11 -11 -10 -10 -10 -10 -10 -11 -11 -11 -11 -12 -13 -13 -13 -12 -12 -12 -13 -13 -12 -13 -13 -13 -13 -12 -12 -12 -12 -12 -12 -13 -13 -13 -13 -13 -13 -12 -12 -12 -12 -12 -12 -12 -11 -12 -12 -13 -13 -13 -13 -13 -13 -12 -12 -12 -13 -13 -13 -13 -13 -13 -12 -12 -12 -12 -11 -11 -11 -11 -12 -12 -11 -11 -11 -11 -10 -10 -10 -10 -10 -11 -11 -10 -10 -11 -10 -11 -11 -11 -11 -11 -10 -10 -11 -11 -12 -11 -10 -10 -11 -11 -12 -12 -12 -11 -10 -11 -11 -12 -12 -12 -11 -12 -12 -12 -12 -12 -12 -12 -12 -10 -10 -10 -10 -10 -10 -10 -10 -10 -11 -11 -11 -11 -11 -11 -11 -11 -10 -10 -10 -10 -10 -10 -10 -11 -11 -11 -11 -11 -11 -10 -10 -10 -10 -10 -10 -10 -11 -10 -11 -11 -11 -11 -10 -10 -10 -10 -10 -11 -11 -10 -10 -10 -10 -10 -10 -10 -10 -10 -10 -10 -10 -10 -10 -10 -10 -10 -10 -10 -10 -10 -10 -10 -10 -10 -10 -10 -10 -10 -10 -10 -10 -10 -10 -10 -10 -10 -10 -10 -10 -10 -10 -10 -10 -10 -11 -11 -11 -10 -10 -8 -8 -8 -8 -8 -7 -7 -7 -7 -6 -5 -4 -4 -4 -4 -5 -6 -7 -6 -5 -5 -5 -6 -7 -8 -8 -9 -8 -8 -8 -7 -6 -6 -6 -6 -6 -6 -6 -6 -6 -6 -7 -7 -7 -7 -7 -7 -7 -7 -7 -7 -7 -7 -7 -7 -7 -7 -7 -7 -7 -7 -7 -7 -7 -7 -7 -7 -7 -7 -6 -6 -6 -6 -6 -5 -5 -6 -6 -7 -7 -7 -7 -7 -7 -7 -7 -6 -6 -6 -6 -5 -5 -5 -6 -6 -5 -5 -5 -5 -5 -6 -7 -7 -6 -6 -6 -6 -5 -5 -16 -16 -16 -16 -16 -16 -16 -16 -15 -15 -15 -14 -14 -13 -13 -13 -13 -12 -12 -12 -11 -12 -12 -12 -12 -11 -11 -11 -11 -11 -11 -11 -11 -11 -11 -11 -11 -11 -11 -11 -11 -11 -11 -11 -11 -11 -11 -11 -11 -11 -11 -11 -11 -10 -10 -10 -11 -10 -10 -10 -10 -10 -10 -10 -10 -10 -10 -10 -10 -11 -12 -12 -13 -13 -13 -13 -13 -13 -13 -13 -13 -13 -13 -13 -12 -12 -12 -12 -12 -12 -12 -13 -13 -13 -12 -13 -12 -12 -12 -12 -12 -12 -12 -11 -11 -12 -12 -13 -12 -12 -13 -12 -11 -11 -12 -13 -13 -13 -13 -12 -12 -12 -12 -12 -11 -11 -11 -12 -12 -11 -11 -11 -11 -10 -10 -10 -10 -10 -10 -10 -10 -10 -10 -10 -10 -10 -10 -10 -10 -11 -11 -11 -11 -11 -11 -11 -10 -10 -10 -11 -11 -12 -12 -11 -10 -10 -11 -11 -12 -12 -11 -11 -12 -12 -12 -12 -12 -12 -12 -11 -10 -10 -10 -11 -11 -10 -11 -11 -11 -11 -11 -11 -11 -11 -11 -11 -10 -10 -10 -10 -10 -10 -10 -11 -11 -11 -11 -11 -10 -10 -10 -10 -10 -10 -10 -10 -11 -10 -10 -11 -11 -11 -10 -9 -10 -10 -11 -11 -10 -10 -10 -10 -10 -10 -10 -10 -10 -10 -10 -10 -10 -10 -10 -10 -10 -10 -10 -10 -10 -10 -10 -10 -10 -10 -10 -10 -10 -10 -10 -10 -10 -10 -10 -10 -10 -10 -10 -10 -10 -10 -10 -10 -10 -10 -10 -10 -10 -10 -10 -8 -8 -8 -8 -7 -7 -7 -7 -7 -7 -7 -5 -4 -4 -4 -4 -4 -5 -4 -4 -5 -5 -5 -6 -7 -8 -8 -9 -8 -8 -7 -7 -6 -6 -6 -6 -6 -6 -6 -6 -6 -6 -6 -7 -7 -7 -7 -7 -7 -7 -7 -7 -7 -7 -7 -7 -7 -7 -7 -7 -7 -7 -7 -7 -7 -7 -7 -7 -7 -7 -7 -7 -6 -6 -5 -5 -6 -6 -6 -7 -7 -7 -7 -7 -7 -7 -7 -7 -7 -6 -6 -6 -6 -6 -6 -5 -5 -5 -5 -5 -6 -7 -6 -6 -6 -6 -6 -5 -5 -16 -15 -15 -15 -15 -15 -14 -14 -13 -13 -13 -13 -13 -13 -12 -12 -12 -12 -12 -12 -11 -11 -11 -11 -11 -11 -11 -11 -11 -11 -11 -10 -10 -10 -11 -11 -11 -11 -11 -11 -11 -11 -10 -11 -11 -11 -11 -11 -10 -10 -11 -11 -11 -10 -10 -10 -10 -10 -10 -11 -11 -10 -10 -10 -10 -10 -10 -10 -11 -11 -12 -12 -11 -11 -12 -13 -14 -13 -13 -13 -13 -12 -12 -12 -12 -12 -12 -12 -12 -13 -12 -12 -12 -12 -12 -12 -11 -12 -11 -11 -11 -11 -12 -12 -12 -12 -12 -12 -12 -12 -12 -13 -13 -13 -12 -13 -13 -12 -12 -12 -12 -11 -11 -12 -12 -11 -11 -10 -10 -11 -10 -10 -10 -9 -9 -9 -9 -9 -10 -10 -10 -10 -10 -10 -10 -10 -11 -11 -10 -10 -11 -11 -11 -11 -11 -10 -10 -11 -11 -11 -11 -10 -10 -10 -11 -11 -11 -11 -11 -12 -12 -12 -12 -12 -12 -12 -11 -11 -10 -11 -11 -11 -11 -11 -11 -11 -11 -11 -11 -11 -10 -10 -10 -10 -10 -10 -10 -10 -10 -11 -11 -11 -10 -10 -10 -10 -10 -10 -10 -10 -10 -9 -9 -10 -10 -10 -10 -11 -11 -10 -9 -10 -10 -10 -9 -10 -10 -10 -10 -10 -10 -10 -10 -9 -9 -10 -10 -10 -10 -10 -10 -9 -10 -10 -10 -10 -10 -10 -10 -10 -10 -10 -10 -10 -10 -10 -10 -10 -10 -10 -10 -10 -10 -9 -9 -10 -9 -9 -9 -9 -10 -10 -10 -10 -10 -10 -7 -8 -8 -8 -7 -7 -7 -7 -7 -7 -7 -7 -5 -4 -4 -4 -4 -4 -4 -4 -4 -4 -4 -5 -6 -7 -7 -8 -8 -8 -8 -7 -7 -6 -6 -6 -6 -6 -6 -6 -6 -6 -6 -7 -7 -7 -7 -7 -7 -7 -7 -7 -7 -7 -7 -7 -7 -7 -7 -7 -7 -7 -7 -7 -7 -7 -7 -7 -7 -7 -7 -7 -7 -7 -6 -6 -6 -6 -5 -6 -7 -7 -7 -7 -7 -7 -7 -7 -7 -7 -7 -7 -6 -6 -6 -6 -6 -5 -5 -6 -7 -7 -6 -7 -6 -6 -6 -6 -6 -5 -16 -15 -14 -14 -14 -14 -14 -13 -13 -12 -12 -12 -13 -13 -12 -12 -12 -12 -12 -11 -11 -11 -11 -11 -11 -11 -10 -11 -11 -11 -11 -10 -10 -10 -10 -10 -10 -10 -11 -10 -10 -10 -10 -10 -10 -10 -10 -10 -10 -10 -10 -11 -10 -10 -10 -10 -10 -10 -10 -10 -10 -10 -10 -10 -10 -10 -10 -10 -10 -10 -10 -11 -11 -11 -11 -11 -13 -13 -13 -13 -12 -12 -12 -12 -12 -12 -12 -12 -12 -12 -12 -12 -12 -12 -12 -12 -12 -11 -11 -11 -11 -11 -11 -12 -11 -11 -12 -12 -11 -12 -12 -12 -13 -13 -12 -12 -13 -12 -12 -12 -11 -11 -11 -12 -12 -11 -11 -10 -11 -11 -10 -10 -10 -10 -9 -9 -9 -9 -9 -10 -10 -10 -10 -10 -10 -10 -10 -10 -9 -10 -10 -11 -11 -11 -10 -10 -10 -10 -10 -11 -10 -9 -10 -10 -11 -11 -11 -11 -11 -11 -11 -11 -12 -12 -12 -12 -11 -11 -11 -11 -11 -11 -11 -11 -11 -11 -11 -11 -11 -10 -10 -10 -10 -10 -10 -10 -10 -10 -10 -10 -10 -11 -10 -10 -10 -10 -10 -11 -10 -10 -10 -10 -9 -9 -10 -10 -10 -10 -10 -10 -9 -9 -10 -9 -10 -10 -10 -10 -10 -10 -10 -10 -9 -9 -10 -10 -10 -10 -10 -10 -9 -9 -10 -10 -10 -10 -10 -10 -10 -10 -10 -10 -10 -10 -10 -10 -10 -10 -10 -10 -10 -10 -10 -9 -9 -9 -9 -9 -9 -9 -9 -9 -10 -10 -10 -10 -7 -7 -8 -7 -7 -7 -7 -7 -7 -7 -7 -7 -7 -5 -4 -4 -4 -4 -4 -4 -4 -4 -5 -5 -5 -6 -6 -7 -8 -8 -8 -7 -7 -7 -7 -6 -6 -6 -6 -6 -6 -6 -6 -7 -7 -7 -7 -7 -7 -7 -7 -7 -7 -7 -7 -7 -7 -7 -7 -7 -7 -7 -7 -7 -7 -7 -7 -7 -7 -7 -7 -7 -7 -6 -6 -6 -6 -6 -6 -6 -6 -6 -6 -6 -6 -5 -6 -6 -7 -7 -7 -7 -7 -7 -6 -6 -6 -6 -6 -6 -7 -7 -7 -7 -6 -7 -7 -6 -6 -17 -16 -15 -14 -14 -13 -13 -13 -13 -13 -12 -12 -12 -13 -13 -12 -12 -12 -12 -11 -11 -11 -11 -11 -11 -11 -11 -10 -10 -10 -11 -10 -10 -10 -10 -10 -10 -10 -10 -10 -10 -10 -10 -10 -10 -10 -10 -10 -10 -10 -11 -11 -11 -10 -10 -10 -10 -10 -10 -10 -10 -10 -10 -9 -10 -10 -10 -10 -9 -10 -10 -10 -10 -11 -11 -11 -11 -12 -13 -13 -13 -13 -12 -12 -12 -12 -12 -12 -12 -12 -12 -11 -12 -12 -12 -11 -11 -11 -11 -11 -11 -11 -10 -10 -11 -10 -11 -11 -11 -11 -11 -11 -12 -12 -12 -12 -12 -13 -12 -12 -12 -11 -12 -11 -12 -12 -11 -11 -11 -11 -11 -11 -10 -10 -10 -10 -10 -9 -8 -8 -9 -9 -9 -9 -9 -9 -9 -9 -9 -9 -9 -10 -11 -11 -11 -10 -10 -9 -9 -10 -10 -10 -9 -9 -9 -10 -11 -11 -11 -11 -11 -11 -11 -11 -11 -12 -12 -11 -11 -11 -11 -11 -11 -10 -11 -10 -11 -10 -10 -11 -10 -10 -10 -10 -10 -10 -10 -10 -9 -10 -10 -10 -11 -10 -10 -10 -11 -10 -10 -11 -11 -10 -10 -9 -9 -10 -10 -10 -10 -10 -9 -9 -9 -9 -10 -10 -10 -10 -10 -10 -10 -10 -9 -9 -9 -9 -9 -10 -10 -10 -9 -9 -9 -9 -10 -10 -10 -9 -9 -10 -10 -10 -10 -10 -10 -9 -9 -10 -10 -10 -10 -10 -10 -10 -10 -10 -9 -9 -9 -9 -9 -8 -9 -9 -9 -10 -10 -7 -7 -7 -7 -7 -7 -7 -7 -7 -7 -7 -7 -7 -5 -5 -4 -4 -4 -4 -4 -4 -4 -5 -5 -6 -6 -6 -7 -7 -8 -7 -7 -7 -7 -7 -7 -6 -6 -6 -6 -6 -6 -6 -6 -6 -7 -7 -7 -7 -7 -7 -7 -7 -7 -7 -7 -7 -7 -7 -7 -7 -7 -7 -7 -7 -7 -7 -7 -7 -7 -7 -7 -7 -7 -6 -6 -6 -6 -6 -6 -6 -6 -6 -6 -6 -6 -6 -5 -5 -6 -7 -7 -7 -7 -6 -6 -6 -6 -6 -6 -7 -6 -6 -7 -7 -7 -6 -6 -6 -15 -14 -14 -14 -14 -13 -13 -13 -12 -12 -12 -12 -13 -13 -12 -11 -11 -11 -11 -11 -11 -11 -11 -10 -10 -10 -10 -10 -10 -10 -10 -10 -10 -10 -10 -10 -10 -10 -10 -10 -10 -10 -9 -9 -9 -9 -10 -10 -10 -10 -10 -10 -10 -10 -10 -10 -10 -10 -10 -10 -9 -10 -10 -10 -10 -10 -9 -9 -9 -10 -10 -11 -11 -11 -12 -12 -13 -12 -12 -12 -12 -12 -12 -12 -12 -12 -12 -12 -12 -12 -12 -11 -11 -12 -12 -11 -11 -11 -11 -11 -11 -10 -10 -10 -10 -10 -11 -11 -11 -11 -11 -11 -11 -11 -11 -12 -12 -13 -12 -12 -12 -11 -11 -12 -11 -11 -11 -11 -11 -11 -10 -10 -10 -10 -10 -9 -9 -8 -8 -8 -8 -8 -8 -8 -9 -9 -9 -8 -8 -9 -10 -10 -10 -10 -10 -9 -9 -9 -9 -10 -10 -10 -10 -10 -10 -10 -10 -11 -11 -11 -11 -11 -11 -12 -12 -12 -10 -11 -10 -10 -11 -11 -10 -10 -10 -10 -10 -10 -11 -11 -10 -10 -10 -10 -10 -10 -9 -10 -10 -10 -10 -10 -10 -10 -10 -10 -10 -9 -10 -10 -10 -10 -9 -9 -10 -10 -10 -10 -10 -10 -9 -9 -10 -10 -10 -10 -9 -9 -9 -9 -10 -10 -9 -9 -9 -9 -9 -9 -9 -9 -9 -9 -9 -9 -9 -9 -9 -9 -10 -10 -9 -10 -10 -10 -9 -9 -9 -10 -10 -10 -10 -10 -10 -10 -10 -10 -9 -10 -9 -9 -9 -9 -8 -8 -9 -9 -7 -7 -7 -7 -7 -7 -7 -7 -7 -7 -7 -7 -7 -6 -6 -5 -5 -5 -4 -4 -4 -4 -4 -4 -5 -6 -6 -7 -7 -7 -8 -7 -7 -7 -7 -7 -6 -6 -6 -6 -6 -6 -6 -6 -6 -6 -7 -7 -7 -7 -7 -7 -7 -7 -7 -7 -7 -7 -7 -7 -7 -7 -7 -7 -7 -7 -7 -7 -7 -7 -7 -8 -7 -7 -7 -7 -7 -6 -6 -6 -6 -6 -6 -6 -6 -7 -7 -6 -6 -5 -5 -6 -7 -7 -7 -6 -6 -6 -6 -6 -7 -7 -6 -6 -6 -6 -7 -6 -6 -15 -14 -14 -14 -13 -12 -12 -12 -12 -12 -12 -12 -12 -12 -11 -11 -11 -11 -10 -10 -10 -10 -10 -10 -10 -10 -10 -10 -10 -10 -10 -10 -10 -10 -10 -10 -10 -10 -10 -9 -9 -9 -9 -9 -9 -9 -10 -10 -10 -10 -10 -10 -10 -10 -10 -10 -10 -9 -9 -10 -10 -10 -9 -9 -9 -9 -9 -10 -11 -11 -12 -12 -11 -11 -12 -11 -11 -12 -12 -11 -12 -12 -12 -12 -12 -12 -12 -12 -12 -12 -11 -11 -11 -11 -11 -11 -11 -11 -10 -10 -10 -10 -10 -10 -10 -10 -10 -10 -10 -10 -10 -10 -11 -11 -12 -12 -12 -12 -12 -12 -12 -11 -11 -10 -11 -11 -11 -10 -10 -10 -10 -10 -10 -9 -8 -8 -8 -9 -8 -8 -8 -8 -9 -9 -9 -9 -9 -9 -9 -9 -9 -9 -9 -9 -9 -9 -9 -9 -9 -10 -9 -10 -10 -11 -11 -11 -11 -11 -11 -11 -12 -12 -12 -12 -11 -11 -10 -10 -11 -11 -10 -10 -10 -10 -10 -10 -10 -10 -10 -10 -10 -10 -10 -10 -10 -10 -10 -10 -10 -10 -10 -10 -10 -10 -10 -10 -9 -9 -9 -10 -10 -10 -10 -10 -10 -10 -10 -10 -10 -10 -10 -10 -10 -10 -9 -9 -9 -9 -9 -9 -9 -9 -9 -9 -9 -9 -9 -9 -9 -9 -9 -9 -9 -9 -9 -10 -10 -9 -9 -10 -10 -10 -10 -9 -9 -9 -10 -10 -10 -10 -10 -10 -10 -9 -10 -10 -9 -9 -9 -9 -9 -8 -9 -9 -6 -7 -7 -7 -7 -7 -7 -7 -7 -7 -7 -7 -7 -7 -7 -6 -7 -6 -5 -4 -4 -4 -4 -4 -5 -5 -6 -7 -7 -7 -8 -7 -7 -6 -6 -6 -7 -7 -6 -6 -6 -6 -6 -6 -6 -6 -6 -7 -6 -6 -7 -7 -7 -7 -7 -7 -7 -7 -7 -7 -7 -7 -7 -7 -7 -7 -7 -7 -7 -7 -7 -7 -7 -7 -7 -7 -7 -7 -7 -6 -6 -6 -6 -7 -7 -7 -7 -7 -7 -6 -6 -5 -6 -7 -7 -7 -7 -6 -6 -6 -7 -7 -7 -7 -7 -7 -7 -6 -13 -12 -12 -11 -12 -12 -12 -12 -12 -12 -12 -11 -11 -11 -10 -10 -10 -10 -10 -10 -10 -10 -10 -10 -10 -10 -9 -10 -10 -10 -10 -10 -9 -9 -9 -9 -9 -9 -9 -9 -9 -9 -9 -9 -9 -10 -10 -10 -10 -10 -10 -9 -9 -9 -9 -9 -9 -9 -9 -9 -9 -9 -9 -9 -10 -11 -11 -11 -10 -11 -12 -11 -10 -11 -11 -11 -11 -11 -12 -11 -11 -11 -11 -11 -11 -11 -11 -11 -11 -11 -11 -11 -11 -11 -11 -10 -10 -10 -10 -10 -10 -10 -10 -10 -9 -10 -10 -10 -10 -11 -11 -11 -12 -12 -12 -12 -11 -11 -11 -10 -11 -11 -10 -10 -10 -10 -10 -10 -9 -9 -8 -8 -8 -9 -8 -8 -7 -7 -8 -8 -8 -9 -9 -9 -9 -8 -8 -8 -8 -9 -9 -9 -9 -8 -9 -9 -9 -9 -10 -10 -10 -11 -11 -11 -11 -11 -11 -11 -11 -11 -10 -10 -10 -10 -10 -11 -11 -10 -10 -10 -10 -10 -10 -10 -10 -10 -10 -10 -10 -10 -10 -9 -10 -10 -10 -9 -10 -10 -10 -10 -10 -10 -10 -9 -9 -10 -10 -10 -10 -10 -10 -10 -10 -10 -10 -10 -10 -10 -10 -10 -9 -9 -9 -9 -9 -9 -9 -9 -9 -9 -9 -9 -9 -9 -9 -9 -9 -9 -9 -9 -10 -10 -10 -9 -9 -9 -10 -10 -10 -9 -9 -9 -9 -10 -10 -10 -10 -10 -10 -10 -10 -9 -9 -9 -9 -9 -9 -9 -9 -9 -6 -6 -6 -7 -7 -7 -7 -7 -7 -7 -7 -7 -7 -7 -7 -7 -7 -6 -5 -5 -4 -4 -4 -4 -4 -5 -6 -6 -6 -7 -7 -7 -7 -7 -6 -6 -7 -7 -7 -7 -6 -6 -6 -6 -6 -6 -6 -7 -6 -6 -7 -7 -7 -7 -7 -7 -7 -7 -7 -7 -7 -7 -7 -7 -7 -7 -7 -7 -7 -7 -7 -7 -7 -8 -7 -7 -7 -7 -6 -6 -6 -7 -7 -7 -7 -7 -7 -7 -7 -7 -7 -6 -6 -6 -6 -6 -7 -7 -6 -6 -7 -7 -7 -7 -7 -7 -7 -7 -13 -13 -12 -11 -11 -11 -12 -11 -11 -11 -11 -10 -10 -10 -10 -10 -10 -10 -9 -9 -9 -9 -9 -9 -9 -9 -9 -9 -9 -9 -9 -9 -9 -9 -9 -9 -9 -9 -9 -9 -9 -9 -9 -10 -10 -9 -9 -9 -9 -9 -9 -9 -9 -9 -9 -9 -9 -9 -9 -9 -9 -10 -11 -11 -10 -10 -11 -11 -10 -11 -11 -12 -12 -12 -11 -11 -11 -11 -11 -11 -11 -11 -11 -11 -11 -11 -11 -10 -11 -10 -11 -10 -10 -10 -10 -10 -10 -10 -11 -11 -11 -11 -10 -10 -10 -9 -10 -11 -11 -12 -12 -12 -11 -11 -10 -11 -11 -10 -10 -10 -10 -10 -10 -9 -9 -9 -9 -8 -9 -9 -8 -8 -7 -7 -7 -7 -7 -8 -9 -9 -9 -8 -8 -8 -8 -9 -9 -9 -9 -8 -9 -9 -9 -9 -9 -10 -10 -10 -11 -11 -10 -10 -11 -11 -11 -11 -10 -10 -10 -9 -10 -10 -11 -10 -9 -9 -9 -9 -9 -9 -10 -10 -10 -10 -10 -10 -10 -9 -10 -10 -9 -9 -9 -10 -10 -10 -10 -9 -9 -9 -10 -10 -10 -10 -10 -10 -10 -10 -10 -10 -10 -10 -10 -10 -10 -10 -9 -9 -9 -9 -9 -9 -9 -9 -9 -9 -9 -9 -9 -9 -9 -9 -9 -10 -10 -10 -10 -10 -9 -9 -9 -9 -9 -9 -10 -10 -9 -9 -9 -9 -10 -9 -9 -10 -10 -10 -9 -9 -9 -9 -9 -9 -9 -9 -9 -9 -6 -6 -6 -7 -7 -7 -7 -7 -7 -7 -7 -7 -7 -7 -7 -7 -7 -7 -7 -7 -6 -5 -4 -4 -4 -5 -5 -6 -7 -7 -7 -7 -7 -6 -7 -7 -7 -7 -7 -7 -6 -7 -6 -6 -6 -6 -6 -6 -6 -6 -6 -7 -7 -7 -7 -7 -7 -7 -7 -7 -7 -7 -7 -7 -7 -7 -7 -7 -7 -7 -7 -7 -7 -8 -7 -7 -7 -7 -7 -6 -6 -6 -7 -7 -7 -7 -7 -7 -8 -7 -7 -7 -7 -6 -6 -5 -6 -6 -7 -6 -7 -7 -7 -7 -7 -7 -12 -12 -11 -11 -11 -10 -10 -10 -10 -9 -9 -9 -9 -9 -9 -9 -9 -9 -9 -9 -9 -9 -9 -9 -9 -9 -9 -9 -9 -8 -8 -9 -9 -9 -9 -9 -9 -9 -9 -9 -9 -9 -9 -9 -9 -9 -9 -9 -9 -9 -9 -9 -9 -9 -10 -10 -10 -10 -9 -11 -11 -10 -11 -11 -11 -11 -11 -11 -11 -11 -11 -11 -10 -10 -11 -11 -11 -10 -11 -11 -10 -10 -10 -10 -10 -10 -9 -9 -9 -10 -10 -10 -10 -10 -10 -11 -11 -10 -9 -10 -10 -11 -11 -11 -11 -11 -11 -11 -11 -10 -10 -10 -10 -10 -9 -9 -9 -9 -9 -9 -9 -9 -9 -8 -8 -8 -7 -8 -7 -7 -8 -9 -9 -9 -8 -8 -9 -8 -9 -9 -9 -9 -9 -9 -9 -9 -8 -9 -10 -10 -10 -11 -10 -10 -10 -10 -10 -11 -11 -10 -10 -9 -9 -9 -10 -10 -10 -9 -9 -9 -9 -9 -9 -9 -10 -10 -10 -10 -10 -10 -10 -10 -10 -9 -9 -9 -10 -9 -9 -9 -9 -9 -10 -10 -10 -10 -10 -10 -10 -10 -10 -10 -10 -10 -10 -10 -10 -9 -10 -9 -9 -9 -9 -9 -9 -9 -9 -9 -9 -9 -9 -9 -9 -9 -9 -10 -10 -10 -10 -9 -9 -9 -9 -9 -9 -9 -9 -9 -9 -9 -9 -9 -9 -9 -9 -9 -10 -9 -9 -9 -9 -10 -9 -9 -9 -9 -9 -9 -9 -6 -6 -6 -6 -6 -6 -6 -7 -7 -6 -6 -7 -7 -7 -7 -7 -7 -7 -7 -7 -7 -6 -6 -5 -5 -5 -5 -6 -6 -6 -6 -7 -7 -7 -7 -7 -7 -7 -6 -6 -6 -6 -6 -6 -6 -6 -6 -6 -6 -6 -6 -6 -7 -7 -7 -7 -7 -6 -6 -7 -7 -7 -7 -7 -7 -7 -7 -7 -7 -7 -7 -7 -7 -7 -7 -7 -7 -7 -7 -7 -7 -6 -6 -6 -6 -7 -7 -7 -7 -7 -8 -8 -7 -7 -6 -6 -5 -5 -6 -7 -8 -7 -7 -7 -7 -9 -9 -9 -9 -9 -9 -9 -9 -9 -9 -9 -9 -9 -8 -8 -8 -8 -8 -8 -8 -8 -8 -8 -8 -8 -8 -8 -8 -9 -8 -8 -9 -9 -9 -9 -9 -9 -9 -9 -9 -9 -9 -9 -9 -9 -9 -9 -9 -10 -10 -10 -9 -10 -11 -11 -11 -11 -11 -11 -11 -11 -11 -10 -11 -11 -11 -10 -10 -10 -10 -10 -10 -10 -10 -10 -10 -10 -10 -9 -10 -9 -9 -10 -10 -10 -9 -9 -9 -10 -10 -11 -11 -10 -10 -10 -10 -10 -10 -11 -11 -11 -11 -10 -10 -10 -10 -10 -10 -9 -9 -9 -10 -9 -9 -9 -8 -8 -8 -8 -8 -8 -8 -8 -7 -8 -9 -9 -9 -8 -8 -9 -8 -8 -8 -8 -9 -9 -9 -9 -8 -8 -9 -9 -10 -10 -10 -10 -10 -10 -10 -10 -10 -11 -10 -10 -9 -9 -9 -9 -10 -10 -10 -10 -10 -10 -9 -9 -9 -9 -9 -9 -10 -10 -10 -10 -10 -10 -10 -9 -10 -10 -9 -9 -10 -10 -9 -10 -10 -10 -10 -9 -9 -10 -10 -10 -10 -10 -10 -10 -10 -10 -10 -10 -9 -9 -9 -9 -9 -9 -9 -9 -9 -9 -9 -9 -9 -9 -9 -9 -9 -9 -9 -9 -9 -9 -9 -9 -9 -9 -9 -9 -9 -9 -9 -9 -9 -9 -9 -9 -9 -9 -9 -9 -9 -9 -9 -9 -9 -9 -9 -9 -9 -9 -6 -6 -6 -6 -6 -6 -6 -6 -6 -6 -6 -7 -7 -7 -7 -7 -7 -7 -7 -6 -7 -7 -7 -6 -6 -6 -6 -6 -6 -6 -6 -7 -7 -7 -7 -7 -7 -7 -6 -6 -6 -6 -6 -6 -6 -6 -6 -6 -6 -6 -7 -7 -7 -7 -7 -7 -7 -7 -6 -7 -7 -7 -7 -7 -7 -7 -7 -7 -7 -7 -7 -7 -7 -7 -7 -7 -7 -7 -6 -6 -6 -6 -6 -7 -7 -7 -7 -7 -7 -7 -7 -7 -7 -7 -7 -7 -7 -6 -6 -6 -8 -8 -9 -9 -9 -9 -9 -9 -9 -9 -9 -9 -9 -8 -8 -8 -8 -8 -8 -8 -8 -8 -8 -8 -8 -8 -8 -8 -8 -8 -8 -8 -8 -9 -9 -9 -9 -9 -8 -8 -8 -8 -8 -8 -9 -9 -9 -9 -9 -9 -9 -9 -10 -10 -10 -10 -10 -10 -10 -10 -11 -11 -11 -10 -10 -10 -10 -11 -10 -10 -10 -10 -10 -10 -10 -10 -9 -9 -9 -9 -8 -9 -9 -9 -9 -9 -9 -9 -9 -10 -10 -10 -10 -11 -10 -10 -11 -11 -11 -11 -11 -11 -10 -10 -10 -10 -10 -10 -10 -10 -10 -9 -9 -8 -8 -8 -8 -8 -7 -8 -8 -8 -7 -7 -7 -8 -8 -9 -9 -9 -9 -9 -8 -9 -8 -8 -8 -8 -9 -9 -8 -8 -9 -10 -10 -10 -10 -10 -10 -10 -10 -10 -10 -11 -9 -10 -9 -9 -9 -10 -10 -10 -10 -9 -9 -9 -9 -9 -8 -9 -8 -9 -9 -9 -10 -10 -10 -10 -10 -10 -10 -10 -9 -9 -10 -10 -10 -10 -10 -9 -9 -9 -9 -9 -10 -10 -10 -10 -10 -10 -10 -10 -10 -10 -9 -9 -9 -9 -9 -9 -9 -9 -9 -9 -9 -9 -9 -9 -9 -9 -9 -9 -9 -9 -9 -9 -9 -9 -9 -9 -9 -9 -9 -9 -9 -9 -9 -9 -9 -9 -9 -9 -9 -9 -9 -9 -9 -9 -9 -9 -9 -9 -9 -9 -6 -6 -6 -6 -6 -6 -6 -6 -6 -6 -6 -6 -7 -7 -7 -7 -7 -7 -6 -6 -7 -7 -7 -7 -6 -6 -6 -6 -6 -6 -6 -6 -7 -7 -7 -7 -7 -7 -7 -6 -6 -7 -7 -6 -6 -6 -6 -6 -6 -6 -7 -7 -7 -7 -7 -7 -7 -7 -7 -6 -7 -7 -7 -7 -7 -7 -7 -7 -7 -7 -7 -7 -7 -7 -7 -7 -7 -7 -7 -7 -6 -6 -6 -6 -7 -7 -7 -7 -7 -7 -7 -7 -7 -7 -8 -7 -7 -7 -7 -6 -9 -9 -9 -9 -9 -9 -9 -9 -8 -9 -9 -8 -8 -8 -8 -8 -8 -8 -8 -8 -8 -8 -8 -8 -8 -8 -8 -8 -8 -8 -8 -8 -8 -8 -8 -8 -8 -8 -8 -8 -8 -8 -8 -9 -9 -9 -9 -8 -8 -9 -10 -10 -10 -9 -9 -10 -10 -10 -10 -11 -11 -10 -10 -9 -9 -10 -10 -10 -10 -9 -10 -9 -9 -9 -9 -9 -8 -8 -8 -8 -8 -8 -8 -9 -9 -9 -10 -10 -10 -10 -10 -10 -10 -10 -10 -10 -10 -10 -11 -10 -10 -10 -10 -10 -10 -9 -9 -9 -8 -8 -8 -8 -8 -8 -8 -8 -8 -8 -8 -8 -7 -7 -7 -7 -8 -8 -9 -8 -8 -9 -9 -9 -8 -8 -8 -8 -9 -9 -8 -8 -9 -9 -10 -10 -10 -10 -10 -11 -11 -10 -10 -10 -9 -9 -9 -9 -9 -9 -9 -10 -10 -9 -9 -9 -9 -8 -9 -8 -8 -8 -9 -9 -9 -9 -9 -9 -9 -9 -10 -10 -10 -10 -10 -10 -10 -10 -10 -9 -9 -9 -9 -9 -9 -9 -10 -10 -10 -10 -10 -10 -10 -10 -9 -9 -9 -8 -9 -9 -9 -9 -9 -9 -9 -9 -9 -9 -9 -9 -9 -9 -9 -9 -9 -9 -9 -9 -9 -9 -9 -9 -9 -9 -9 -9 -9 -9 -9 -9 -9 -9 -9 -9 -9 -9 -9 -9 -9 -9 -9 -9 -9 -9 -6 -6 -6 -6 -6 -6 -6 -6 -6 -6 -6 -6 -7 -7 -7 -7 -7 -7 -6 -7 -7 -7 -6 -6 -6 -7 -6 -6 -6 -6 -5 -6 -6 -7 -7 -6 -7 -7 -7 -7 -6 -7 -7 -7 -6 -6 -6 -6 -6 -6 -6 -6 -6 -7 -7 -7 -7 -7 -7 -7 -7 -7 -7 -7 -7 -7 -7 -7 -7 -7 -7 -7 -7 -7 -7 -7 -7 -7 -7 -7 -7 -7 -6 -7 -7 -7 -7 -7 -7 -7 -7 -7 -7 -7 -7 -7 -8 -7 -8 -7 -8 -8 -8 -8 -8 -8 -8 -8 -8 -8 -8 -8 -8 -8 -8 -8 -8 -8 -8 -8 -7 -7 -7 -7 -8 -8 -8 -8 -8 -8 -7 -7 -8 -8 -8 -8 -8 -7 -8 -8 -8 -8 -8 -8 -8 -9 -9 -9 -9 -9 -9 -10 -9 -9 -10 -10 -10 -10 -10 -10 -10 -10 -10 -10 -9 -9 -9 -9 -9 -9 -9 -9 -8 -9 -8 -8 -8 -8 -8 -8 -8 -8 -8 -9 -9 -9 -9 -9 -9 -10 -10 -10 -10 -10 -10 -9 -10 -10 -10 -10 -10 -10 -10 -10 -9 -9 -8 -9 -9 -8 -8 -8 -8 -8 -7 -8 -8 -8 -7 -7 -7 -7 -7 -7 -8 -8 -8 -8 -8 -8 -9 -9 -8 -8 -8 -9 -8 -8 -8 -8 -9 -10 -10 -10 -9 -10 -10 -11 -11 -10 -10 -9 -9 -8 -9 -9 -9 -9 -9 -10 -9 -9 -9 -9 -8 -8 -8 -8 -8 -8 -8 -9 -9 -9 -9 -9 -9 -9 -9 -10 -10 -9 -9 -9 -9 -9 -10 -10 -9 -10 -9 -9 -9 -9 -9 -9 -9 -9 -10 -10 -10 -9 -9 -9 -9 -8 -9 -9 -9 -9 -9 -9 -9 -9 -9 -9 -9 -9 -9 -9 -9 -9 -9 -9 -9 -9 -9 -9 -9 -9 -9 -9 -9 -9 -9 -9 -9 -9 -9 -9 -9 -9 -9 -9 -9 -9 -9 -9 -9 -9 -9 -6 -6 -6 -6 -6 -6 -6 -6 -6 -6 -7 -6 -6 -7 -7 -7 -7 -7 -7 -6 -6 -6 -6 -6 -7 -7 -7 -7 -6 -6 -6 -6 -6 -6 -6 -6 -7 -7 -7 -7 -6 -7 -7 -7 -6 -6 -5 -5 -5 -5 -6 -6 -6 -6 -6 -7 -7 -8 -7 -7 -6 -7 -7 -7 -7 -7 -7 -7 -7 -7 -7 -7 -7 -7 -7 -7 -7 -7 -7 -7 -7 -7 -7 -7 -7 -7 -7 -7 -7 -7 -7 -7 -7 -7 -7 -7 -8 -7 -8 -8 -8 -8 -8 -8 -8 -8 -8 -8 -8 -8 -8 -8 -8 -8 -8 -8 -8 -8 -8 -7 -7 -7 -7 -7 -8 -8 -8 -8 -8 -8 -8 -8 -8 -8 -8 -8 -7 -7 -7 -8 -8 -8 -8 -8 -9 -9 -9 -9 -9 -9 -9 -9 -9 -10 -10 -10 -10 -10 -10 -9 -9 -9 -9 -9 -9 -9 -8 -9 -8 -8 -8 -8 -8 -8 -8 -8 -8 -8 -8 -8 -8 -8 -8 -9 -9 -9 -9 -9 -9 -10 -10 -10 -10 -10 -10 -10 -10 -10 -10 -10 -10 -10 -10 -9 -9 -9 -9 -9 -8 -8 -8 -8 -7 -7 -7 -8 -8 -7 -8 -8 -8 -7 -7 -7 -7 -8 -9 -8 -8 -9 -8 -8 -9 -8 -8 -8 -8 -8 -8 -9 -9 -9 -10 -9 -9 -9 -10 -10 -10 -11 -9 -9 -8 -8 -9 -8 -8 -9 -10 -9 -9 -9 -9 -9 -9 -9 -9 -9 -8 -8 -8 -8 -8 -8 -8 -8 -9 -9 -9 -9 -9 -9 -9 -9 -9 -9 -9 -9 -10 -10 -9 -9 -9 -9 -10 -10 -9 -9 -9 -10 -9 -9 -9 -9 -9 -9 -9 -9 -9 -9 -9 -9 -9 -9 -9 -9 -9 -9 -9 -9 -9 -9 -9 -9 -9 -9 -9 -9 -9 -9 -9 -9 -9 -9 -9 -9 -9 -9 -9 -9 -9 -9 -9 -9 -9 -9 -9 -9 -9 -9 -6 -6 -6 -6 -6 -6 -6 -5 -6 -6 -6 -7 -7 -7 -7 -7 -7 -7 -7 -6 -6 -6 -6 -7 -7 -7 -7 -6 -7 -6 -7 -6 -6 -6 -6 -6 -7 -7 -7 -7 -6 -6 -6 -7 -7 -7 -6 -6 -6 -6 -6 -6 -6 -6 -6 -6 -7 -7 -7 -7 -6 -6 -7 -7 -7 -7 -7 -7 -7 -7 -7 -7 -7 -8 -7 -7 -7 -7 -7 -7 -7 -7 -7 -7 -7 -7 -7 -7 -7 -7 -7 -7 -7 -7 -7 -7 -7 -8 -8 -7 -7 -8 -8 -8 -8 -8 -8 -7 -8 -7 -7 -8 -8 -7 -7 -7 -7 -7 -7 -7 -7 -7 -7 -7 -8 -8 -8 -8 -8 -8 -8 -8 -8 -8 -8 -7 -7 -7 -7 -7 -8 -8 -9 -8 -9 -9 -9 -8 -9 -9 -10 -10 -10 -10 -10 -10 -10 -9 -8 -8 -9 -9 -8 -8 -8 -9 -9 -8 -8 -8 -8 -8 -8 -8 -8 -8 -8 -8 -8 -8 -8 -8 -8 -9 -9 -9 -9 -9 -9 -10 -10 -10 -10 -10 -10 -10 -10 -10 -10 -9 -9 -9 -9 -9 -9 -8 -8 -8 -8 -8 -7 -7 -8 -8 -7 -7 -8 -7 -7 -7 -7 -7 -7 -8 -9 -9 -8 -8 -8 -8 -8 -8 -9 -8 -8 -8 -8 -8 -9 -9 -9 -9 -9 -9 -9 -10 -10 -10 -9 -8 -8 -8 -8 -8 -8 -9 -9 -9 -9 -9 -9 -9 -9 -9 -9 -9 -9 -9 -9 -8 -8 -8 -8 -8 -8 -8 -9 -9 -9 -9 -9 -9 -9 -9 -9 -10 -10 -10 -10 -10 -10 -10 -10 -10 -10 -9 -9 -9 -9 -9 -9 -9 -9 -9 -9 -9 -9 -9 -9 -9 -9 -9 -9 -9 -9 -9 -9 -9 -8 -8 -8 -8 -8 -8 -9 -9 -9 -9 -9 -9 -9 -9 -9 -9 -9 -9 -9 -9 -9 -9 -9 -9 -9 -9 -9 -9 -9 -9 -6 -6 -6 -6 -6 -5 -5 -6 -6 -6 -6 -6 -6 -7 -7 -7 -7 -6 -6 -6 -6 -7 -7 -7 -7 -7 -6 -6 -7 -7 -7 -7 -7 -6 -6 -6 -6 -7 -7 -6 -6 -6 -6 -7 -7 -7 -6 -6 -6 -6 -6 -6 -6 -6 -6 -6 -7 -7 -7 -7 -7 -6 -6 -7 -7 -8 -7 -7 -7 -7 -7 -7 -7 -7 -8 -8 -7 -7 -7 -8 -7 -7 -7 -7 -7 -7 -7 -7 -7 -7 -7 -7 -7 -7 -7 -7 -7 -7 -7 -7 -8 -8 -8 -7 -7 -7 -7 -7 -7 -8 -8 -7 -7 -7 -7 -7 -7 -7 -7 -7 -7 -7 -8 -8 -8 -7 -7 -8 -8 -7 -7 -7 -8 -7 -7 -7 -7 -7 -7 -7 -8 -8 -9 -9 -9 -8 -9 -9 -9 -10 -9 -9 -10 -10 -10 -9 -9 -9 -9 -9 -9 -9 -9 -9 -9 -9 -9 -8 -8 -8 -8 -7 -7 -8 -8 -8 -9 -8 -8 -8 -8 -8 -8 -9 -9 -9 -9 -9 -9 -10 -10 -10 -10 -10 -10 -10 -10 -10 -10 -10 -9 -9 -9 -9 -9 -9 -8 -7 -8 -8 -8 -8 -7 -8 -8 -7 -7 -6 -7 -7 -8 -8 -8 -8 -8 -8 -8 -8 -8 -8 -8 -8 -8 -8 -8 -8 -8 -9 -9 -9 -9 -8 -8 -9 -9 -10 -8 -8 -8 -8 -8 -8 -8 -9 -9 -8 -9 -9 -9 -9 -9 -9 -9 -9 -8 -8 -9 -9 -9 -9 -8 -8 -8 -8 -8 -9 -9 -9 -9 -9 -9 -9 -9 -10 -10 -10 -9 -9 -9 -10 -9 -9 -10 -10 -10 -10 -9 -9 -9 -9 -9 -9 -9 -9 -9 -9 -9 -9 -9 -9 -9 -9 -9 -9 -9 -8 -8 -8 -8 -8 -9 -9 -9 -9 -9 -9 -9 -9 -9 -9 -9 -9 -9 -9 -9 -9 -9 -9 -9 -9 -9 -9 -9 -9 -9 -9 -6 -6 -6 -5 -5 -5 -6 -5 -5 -6 -5 -5 -6 -6 -7 -7 -7 -7 -7 -7 -7 -7 -7 -6 -7 -6 -6 -7 -7 -7 -6 -6 -7 -7 -7 -6 -7 -7 -7 -7 -7 -6 -6 -6 -6 -7 -7 -7 -6 -6 -6 -6 -6 -6 -6 -6 -6 -6 -6 -7 -7 -7 -6 -6 -7 -7 -8 -7 -7 -8 -7 -7 -7 -7 -8 -8 -8 -7 -7 -7 -7 -7 -7 -7 -7 -7 -7 -7 -8 -8 -7 -7 -7 -7 -7 -7 -7 -7 -7 -7 -7 -7 -7 -7 -7 -7 -7 -7 -7 -7 -7 -7 -7 -7 -7 -7 -7 -7 -7 -8 -8 -8 -7 -7 -7 -7 -7 -7 -7 -7 -8 -7 -7 -7 -7 -7 -7 -7 -8 -8 -8 -8 -8 -8 -8 -9 -9 -9 -9 -9 -9 -9 -9 -9 -9 -9 -9 -9 -9 -8 -8 -8 -8 -8 -8 -8 -8 -7 -7 -7 -8 -8 -8 -9 -9 -8 -8 -8 -8 -8 -8 -8 -9 -9 -9 -9 -9 -9 -9 -10 -10 -10 -10 -10 -10 -9 -9 -8 -9 -9 -9 -9 -8 -7 -8 -8 -7 -7 -7 -7 -7 -7 -7 -7 -7 -6 -7 -7 -7 -7 -8 -8 -8 -8 -8 -8 -8 -8 -8 -8 -8 -8 -8 -8 -9 -8 -8 -8 -8 -8 -8 -9 -9 -8 -8 -8 -8 -9 -9 -9 -9 -9 -8 -8 -9 -9 -8 -8 -9 -9 -9 -8 -8 -8 -8 -9 -8 -8 -8 -8 -7 -8 -9 -9 -9 -9 -9 -9 -9 -9 -9 -9 -9 -9 -9 -9 -9 -9 -9 -9 -9 -10 -10 -9 -9 -9 -9 -9 -9 -9 -9 -9 -9 -9 -9 -9 -9 -9 -9 -9 -9 -8 -8 -8 -8 -9 -9 -9 -9 -9 -9 -9 -9 -9 -9 -9 -8 -8 -8 -8 -9 -9 -9 -9 -9 -9 -9 -9 -9 -9 -9 -9 -9 -6 -6 -5 -5 -5 -6 -6 -6 -5 -5 -5 -5 -5 -6 -6 -7 -7 -7 -7 -7 -7 -7 -7 -7 -7 -7 -7 -7 -7 -7 -7 -7 -7 -7 -7 -7 -7 -6 -7 -6 -6 -6 -6 -6 -6 -6 -6 -6 -6 -5 -6 -6 -6 -6 -6 -6 -6 -6 -6 -7 -7 -7 -7 -7 -6 -7 -7 -7 -7 -8 -7 -7 -7 -7 -8 -8 -8 -8 -7 -7 -7 -8 -8 -8 -8 -8 -8 -8 -8 -8 -8 -8 -7 -8 -7 -7 -7 -7 -6 -6 -6 -6 -6 -7 -7 -7 -7 -6 -7 -7 -7 -7 -7 -7 -6 -6 -7 -7 -7 -7 -7 -7 -7 -7 -7 -7 -7 -7 -7 -7 -7 -7 -7 -7 -7 -7 -7 -7 -7 -7 -8 -8 -8 -9 -9 -9 -9 -8 -8 -9 -8 -8 -7 -8 -8 -8 -8 -8 -7 -7 -7 -7 -7 -7 -7 -7 -7 -8 -8 -8 -9 -8 -9 -9 -9 -9 -8 -8 -8 -8 -8 -9 -9 -9 -10 -9 -10 -10 -10 -10 -10 -9 -8 -8 -9 -9 -9 -8 -9 -8 -8 -8 -8 -7 -8 -7 -7 -7 -7 -7 -6 -6 -6 -7 -7 -7 -6 -7 -8 -8 -8 -8 -8 -8 -8 -8 -8 -8 -8 -8 -8 -8 -8 -8 -8 -8 -8 -8 -8 -8 -7 -8 -8 -8 -8 -8 -9 -9 -9 -8 -8 -8 -8 -8 -8 -8 -8 -8 -8 -8 -8 -8 -8 -8 -8 -8 -8 -8 -8 -8 -8 -8 -8 -8 -9 -9 -9 -9 -9 -9 -9 -9 -9 -9 -9 -9 -9 -9 -9 -9 -9 -9 -9 -9 -9 -9 -9 -9 -9 -8 -9 -9 -9 -9 -9 -9 -9 -8 -8 -8 -8 -8 -8 -8 -8 -9 -9 -9 -9 -9 -9 -8 -8 -8 -8 -8 -8 -8 -8 -8 -9 -9 -9 -9 -9 -9 -9 -9 -9 -9 -5 -6 -6 -6 -6 -6 -6 -6 -6 -6 -5 -5 -6 -7 -7 -7 -7 -6 -6 -7 -7 -7 -7 -7 -7 -7 -7 -7 -7 -7 -7 -8 -7 -7 -7 -7 -7 -6 -6 -6 -6 -6 -6 -6 -6 -6 -6 -6 -6 -6 -6 -6 -5 -6 -6 -6 -6 -6 -6 -6 -7 -7 -7 -7 -7 -7 -7 -7 -8 -8 -7 -7 -7 -7 -8 -8 -8 -8 -8 -8 -8 -8 -8 -8 -9 -9 -9 -8 -8 -8 -8 -8 -8 -6 -6 -6 -6 -6 -6 -6 -6 -6 -6 -6 -7 -7 -7 -6 -6 -6 -6 -6 -6 -6 -7 -7 -7 -7 -7 -7 -7 -7 -7 -7 -7 -7 -7 -7 -7 -7 -7 -7 -7 -7 -7 -7 -7 -8 -8 -8 -8 -8 -9 -8 -8 -8 -8 -8 -7 -7 -7 -8 -8 -8 -7 -6 -7 -7 -8 -8 -7 -7 -7 -7 -8 -7 -8 -8 -8 -8 -8 -8 -9 -9 -9 -8 -8 -8 -8 -8 -9 -9 -9 -10 -10 -10 -9 -9 -8 -8 -9 -9 -9 -8 -8 -8 -8 -8 -7 -7 -8 -8 -8 -7 -7 -7 -7 -7 -6 -6 -6 -7 -7 -7 -7 -8 -8 -8 -8 -8 -8 -8 -8 -8 -8 -8 -8 -8 -8 -8 -8 -8 -8 -8 -8 -8 -8 -7 -8 -8 -8 -8 -8 -9 -9 -9 -9 -8 -8 -8 -8 -8 -8 -7 -7 -8 -7 -7 -7 -8 -8 -8 -8 -7 -7 -7 -7 -7 -7 -7 -8 -9 -9 -9 -9 -9 -9 -9 -9 -9 -9 -9 -9 -9 -9 -9 -9 -9 -9 -9 -8 -8 -9 -9 -9 -8 -8 -8 -8 -9 -9 -9 -8 -8 -8 -8 -8 -8 -8 -8 -8 -8 -8 -9 -9 -8 -8 -8 -8 -8 -8 -8 -8 -8 -8 -8 -8 -8 -9 -9 -9 -9 -9 -9 -9 -9 -9 -6 -6 -6 -6 -6 -6 -6 -6 -6 -6 -6 -5 -6 -6 -6 -6 -7 -6 -6 -6 -7 -7 -7 -7 -7 -7 -7 -7 -7 -7 -7 -7 -7 -6 -7 -7 -7 -7 -7 -7 -6 -6 -6 -6 -6 -6 -6 -6 -6 -6 -6 -6 -5 -5 -5 -5 -6 -6 -5 -6 -7 -7 -8 -8 -7 -7 -7 -7 -8 -7 -7 -7 -7 -7 -7 -8 -8 -8 -8 -8 -8 -8 -8 -8 -8 -9 -9 -9 -9 -8 -8 -8 -8 -6 -6 -6 -6 -6 -6 -6 -6 -6 -6 -7 -7 -6 -6 -6 -7 -7 -6 -6 -6 -7 -7 -7 -7 -7 -7 -7 -7 -7 -7 -7 -7 -7 -7 -7 -7 -7 -6 -6 -6 -7 -8 -8 -8 -8 -8 -8 -8 -7 -7 -8 -8 -8 -8 -7 -7 -8 -8 -8 -8 -7 -7 -7 -7 -8 -7 -7 -7 -8 -8 -8 -8 -8 -7 -7 -8 -8 -7 -8 -9 -9 -9 -8 -8 -8 -8 -8 -9 -9 -9 -9 -9 -9 -9 -9 -9 -9 -9 -8 -8 -8 -7 -7 -8 -8 -8 -8 -8 -8 -7 -7 -7 -6 -7 -7 -5 -5 -6 -7 -7 -6 -7 -7 -8 -8 -8 -8 -8 -8 -8 -8 -8 -8 -7 -8 -8 -8 -8 -8 -8 -8 -8 -8 -7 -7 -7 -7 -8 -8 -8 -9 -9 -8 -8 -8 -8 -8 -8 -8 -8 -8 -8 -8 -7 -8 -7 -7 -8 -8 -7 -7 -6 -6 -7 -7 -7 -8 -9 -9 -9 -9 -9 -9 -9 -9 -9 -9 -9 -8 -9 -9 -9 -9 -8 -8 -8 -8 -8 -8 -8 -8 -8 -8 -8 -8 -9 -9 -9 -8 -8 -8 -8 -8 -8 -8 -8 -8 -8 -8 -8 -8 -8 -8 -8 -8 -8 -8 -8 -8 -8 -8 -8 -8 -8 -8 -9 -9 -9 -9 -9 -9 -9 -9 -6 -6 -6 -6 -6 -6 -6 -6 -6 -6 -6 -6 -6 -6 -6 -6 -7 -7 -6 -6 -6 -7 -7 -7 -7 -7 -7 -7 -7 -7 -6 -7 -6 -6 -7 -6 -6 -6 -6 -7 -7 -6 -6 -6 -6 -6 -6 -6 -6 -6 -6 -5 -6 -6 -6 -6 -6 -6 -6 -6 -6 -7 -8 -8 -8 -8 -8 -8 -8 -8 -7 -7 -7 -7 -7 -8 -8 -8 -8 -8 -8 -9 -8 -8 -8 -8 -9 -9 -9 -9 -9 -8 -5 -5 -5 -5 -5 -5 -5 -6 -6 -7 -6 -6 -5 -6 -6 -6 -6 -7 -6 -6 -6 -7 -7 -7 -7 -7 -7 -7 -7 -7 -7 -7 -7 -7 -7 -7 -7 -7 -6 -6 -6 -7 -6 -7 -8 -9 -8 -8 -7 -8 -8 -8 -8 -7 -7 -7 -8 -8 -8 -7 -7 -7 -7 -8 -8 -8 -7 -7 -8 -8 -8 -8 -8 -8 -7 -7 -7 -7 -7 -7 -8 -9 -9 -8 -8 -8 -9 -8 -9 -9 -9 -9 -8 -9 -9 -9 -8 -9 -9 -9 -8 -8 -7 -7 -7 -8 -8 -8 -8 -7 -7 -7 -7 -6 -6 -6 -6 -6 -6 -7 -6 -6 -7 -8 -8 -8 -8 -8 -8 -8 -8 -8 -8 -7 -7 -8 -8 -8 -8 -8 -7 -8 -8 -6 -7 -7 -7 -8 -8 -8 -9 -8 -8 -8 -8 -8 -8 -8 -8 -8 -8 -8 -8 -8 -8 -7 -7 -7 -7 -7 -7 -7 -7 -7 -7 -7 -7 -8 -8 -9 -9 -8 -9 -9 -9 -9 -8 -8 -8 -8 -9 -9 -9 -8 -8 -8 -8 -8 -8 -8 -8 -8 -8 -8 -8 -8 -8 -8 -8 -8 -8 -8 -8 -8 -8 -8 -8 -8 -8 -8 -8 -8 -8 -8 -8 -8 -8 -8 -8 -8 -8 -8 -8 -8 -8 -8 -9 -9 -9 -9 -9 -8 -9 -6 -6 -6 -6 -6 -6 -6 -6 -6 -6 -6 -6 -7 -6 -6 -6 -6 -7 -6 -6 -6 -6 -7 -7 -7 -7 -7 -7 -7 -7 -6 -6 -6 -6 -6 -7 -6 -6 -6 -7 -7 -7 -7 -6 -6 -6 -6 -6 -6 -6 -6 -6 -5 -6 -6 -6 -6 -6 -6 -6 -5 -6 -7 -8 -8 -8 -8 -8 -7 -7 -7 -7 -7 -7 -7 -8 -8 -8 -8 -8 -8 -9 -9 -8 -8 -8 -8 -9 -9 -9 -5 -5 -5 -5 -6 -6 -6 -5 -6 -7 -6 -6 -6 -7 -6 -6 -6 -6 -6 -6 -6 -6 -6 -6 -6 -6 -6 -6 -6 -6 -6 -6 -7 -6 -6 -6 -6 -6 -6 -7 -8 -9 -9 -8 -7 -8 -8 -8 -8 -7 -7 -8 -8 -7 -7 -7 -7 -7 -8 -8 -8 -7 -7 -7 -7 -7 -7 -8 -8 -7 -7 -7 -7 -7 -7 -7 -7 -8 -9 -9 -8 -8 -8 -9 -8 -8 -8 -9 -9 -9 -8 -8 -8 -7 -8 -8 -8 -8 -7 -7 -7 -7 -7 -7 -7 -6 -6 -6 -6 -6 -6 -6 -6 -6 -7 -7 -7 -6 -7 -7 -8 -8 -8 -8 -8 -8 -8 -8 -8 -7 -7 -8 -8 -8 -8 -8 -8 -7 -7 -6 -7 -7 -7 -8 -8 -8 -8 -8 -8 -8 -8 -8 -8 -8 -8 -8 -8 -8 -8 -7 -7 -7 -6 -6 -7 -7 -8 -8 -7 -7 -7 -7 -7 -8 -8 -9 -9 -9 -9 -8 -8 -8 -8 -8 -8 -8 -9 -9 -9 -8 -8 -8 -8 -8 -8 -8 -8 -8 -8 -8 -8 -8 -8 -8 -8 -8 -8 -8 -8 -8 -8 -8 -8 -8 -8 -8 -8 -8 -8 -8 -8 -8 -8 -8 -8 -8 -8 -8 -8 -8 -8 -8 -8 -9 -9 -9 -9 -9 -9 -6 -6 -6 -6 -6 -6 -6 -6 -6 -6 -6 -6 -6 -6 -6 -6 -6 -7 -6 -6 -6 -7 -7 -6 -6 -6 -6 -6 -6 -7 -6 -6 -5 -6 -6 -6 -6 -5 -6 -6 -6 -7 -6 -7 -7 -6 -6 -6 -6 -6 -7 -6 -6 -6 -6 -6 -7 -7 -7 -6 -5 -6 -7 -7 -8 -8 -8 -7 -7 -7 -7 -7 -6 -7 -7 -7 -8 -8 -8 -7 -8 -8 -8 -9 -8 -8 -5 -5 -5 -6 -5 -6 -6 -6 -6 -7 -7 -6 -6 -6 -6 -6 -6 -6 -6 -6 -6 -6 -6 -6 -6 -6 -6 -6 -6 -6 -6 -6 -6 -6 -5 -5 -6 -7 -8 -8 -8 -7 -7 -8 -8 -8 -8 -8 -8 -7 -7 -7 -7 -7 -7 -7 -8 -7 -7 -7 -7 -7 -7 -7 -8 -8 -8 -7 -7 -7 -7 -7 -7 -7 -7 -8 -9 -9 -8 -8 -8 -9 -8 -8 -9 -8 -8 -8 -8 -8 -7 -7 -7 -7 -8 -7 -7 -7 -6 -7 -6 -7 -6 -6 -6 -6 -6 -5 -5 -6 -6 -6 -6 -7 -7 -6 -7 -8 -8 -8 -8 -7 -7 -7 -8 -7 -7 -7 -8 -8 -8 -8 -8 -8 -7 -8 -7 -7 -7 -7 -7 -8 -8 -7 -8 -8 -8 -8 -8 -8 -8 -8 -8 -8 -8 -7 -7 -7 -7 -7 -6 -7 -7 -8 -8 -8 -8 -8 -8 -7 -7 -8 -8 -9 -9 -8 -8 -8 -8 -8 -8 -8 -9 -9 -9 -9 -8 -8 -8 -8 -8 -8 -8 -8 -8 -8 -8 -8 -8 -8 -8 -8 -8 -8 -8 -8 -8 -8 -8 -8 -8 -8 -8 -8 -8 -8 -8 -8 -8 -8 -8 -8 -8 -8 -8 -8 -8 -8 -8 -8 -8 -8 -9 -9 -9 -9 -6 -6 -6 -6 -6 -6 -6 -6 -6 -6 -6 -6 -6 -6 -6 -7 -6 -7 -7 -7 -7 -7 -7 -6 -6 -6 -6 -6 -6 -6 -6 -6 -6 -5 -6 -5 -5 -5 -6 -6 -6 -6 -6 -6 -7 -7 -6 -6 -6 -6 -7 -7 -7 -6 -6 -6 -7 -7 -7 -6 -5 -5 -6 -6 -7 -8 -8 -8 -8 -7 -7 -7 -7 -7 -7 -7 -7 -7 -7 -7 -7 -7 -8 -8 -4 -4 -4 -5 -6 -6 -6 -6 -6 -6 -6 -6 -6 -6 -6 -6 -6 -6 -6 -6 -6 -6 -6 -6 -6 -6 -6 -6 -6 -5 -5 -5 -6 -7 -8 -8 -8 -8 -8 -8 -8 -8 -7 -8 -8 -8 -8 -7 -6 -7 -7 -7 -8 -7 -7 -7 -7 -7 -7 -7 -7 -8 -7 -7 -7 -8 -7 -6 -7 -8 -8 -7 -8 -8 -8 -8 -8 -8 -8 -9 -8 -8 -8 -8 -8 -7 -7 -7 -7 -7 -7 -7 -7 -7 -7 -6 -6 -6 -6 -6 -6 -6 -6 -6 -5 -6 -6 -6 -5 -6 -7 -6 -7 -7 -8 -8 -8 -7 -7 -7 -7 -7 -7 -7 -7 -7 -7 -7 -7 -7 -7 -7 -6 -7 -7 -7 -7 -7 -7 -7 -7 -8 -8 -8 -7 -7 -8 -8 -8 -8 -8 -7 -7 -7 -7 -7 -6 -6 -7 -7 -8 -8 -8 -8 -8 -7 -7 -7 -8 -8 -8 -8 -8 -8 -8 -8 -8 -8 -8 -9 -9 -8 -8 -7 -7 -8 -8 -8 -8 -8 -8 -8 -8 -8 -8 -8 -8 -8 -8 -8 -8 -8 -8 -8 -8 -8 -8 -8 -8 -8 -8 -8 -8 -8 -8 -8 -8 -8 -8 -8 -8 -8 -8 -8 -8 -8 -8 -8 -8 -8 -8 -8 -5 -5 -6 -6 -6 -6 -6 -6 -6 -6 -6 -6 -6 -6 -6 -6 -7 -6 -6 -6 -6 -7 -7 -7 -7 -7 -7 -7 -6 -6 -6 -6 -6 -6 -5 -6 -6 -5 -5 -5 -6 -6 -6 -6 -7 -7 -7 -6 -6 -6 -7 -7 -7 -7 -6 -6 -6 -6 -7 -7 -6 -6 -6 -7 -8 -7 -8 -8 -8 -8 -8 -8 -7 -7 -7 -7 -7 -7 -7 -7 -7 -7 -7 -8 -5 -5 -5 -5 -5 -5 -5 -6 -6 -6 -6 -6 -6 -6 -6 -6 -6 -5 -6 -6 -6 -6 -6 -5 -5 -5 -5 -5 -7 -8 -8 -7 -7 -8 -8 -7 -7 -7 -6 -7 -7 -7 -7 -7 -7 -7 -8 -8 -7 -7 -7 -7 -7 -7 -7 -7 -7 -8 -7 -7 -8 -7 -6 -7 -6 -7 -7 -8 -7 -7 -7 -8 -8 -8 -8 -8 -8 -8 -8 -8 -8 -8 -8 -8 -7 -7 -7 -7 -7 -7 -6 -6 -6 -6 -6 -6 -7 -7 -6 -6 -6 -6 -6 -6 -6 -6 -7 -6 -7 -7 -7 -8 -8 -7 -7 -7 -7 -7 -7 -7 -7 -7 -7 -7 -7 -7 -7 -7 -6 -7 -6 -7 -7 -7 -7 -7 -7 -7 -8 -7 -7 -7 -7 -8 -7 -7 -7 -7 -7 -7 -7 -6 -7 -6 -7 -7 -7 -7 -8 -8 -8 -8 -8 -7 -7 -8 -8 -8 -8 -8 -8 -8 -8 -8 -8 -8 -8 -8 -7 -7 -7 -7 -8 -8 -8 -8 -8 -7 -7 -8 -8 -8 -8 -8 -8 -8 -8 -8 -8 -8 -8 -8 -8 -8 -8 -8 -8 -8 -8 -8 -8 -8 -8 -8 -8 -8 -8 -8 -8 -8 -8 -8 -8 -8 -8 -8 -8 -8 -5 -5 -6 -6 -6 -6 -6 -6 -6 -6 -6 -6 -6 -6 -6 -6 -6 -6 -6 -6 -6 -6 -6 -7 -6 -7 -7 -6 -6 -6 -6 -6 -6 -6 -6 -6 -6 -6 -5 -5 -5 -5 -6 -6 -6 -6 -7 -6 -6 -6 -7 -7 -7 -7 -6 -6 -6 -6 -6 -7 -7 -7 -7 -8 -8 -6 -7 -8 -8 -8 -8 -8 -7 -7 -7 -6 -6 -6 -6 -7 -8 -7 -7 -8 -5 -5 -5 -5 -5 -5 -6 -6 -6 -6 -6 -5 -5 -5 -5 -6 -6 -5 -5 -5 -5 -5 -5 -5 -7 -6 -6 -6 -6 -7 -7 -7 -7 -6 -7 -7 -6 -7 -6 -7 -7 -7 -7 -8 -8 -8 -7 -7 -7 -7 -7 -7 -7 -8 -7 -7 -7 -7 -7 -7 -7 -7 -7 -8 -7 -7 -7 -7 -7 -8 -8 -8 -8 -8 -8 -8 -8 -8 -8 -7 -7 -6 -6 -7 -7 -7 -6 -6 -6 -6 -6 -6 -6 -6 -6 -6 -6 -5 -6 -6 -6 -6 -6 -6 -6 -7 -7 -7 -7 -7 -7 -7 -7 -7 -7 -7 -7 -7 -7 -7 -7 -7 -7 -7 -6 -6 -6 -6 -7 -7 -7 -7 -7 -7 -7 -7 -6 -6 -7 -7 -7 -7 -7 -7 -7 -6 -6 -6 -7 -6 -7 -7 -7 -7 -7 -7 -8 -8 -8 -8 -7 -7 -8 -8 -8 -8 -8 -8 -8 -8 -8 -8 -8 -8 -7 -7 -7 -7 -8 -8 -7 -7 -7 -7 -7 -8 -8 -8 -8 -8 -8 -8 -8 -8 -8 -8 -8 -8 -8 -8 -8 -8 -8 -8 -8 -8 -8 -8 -8 -8 -8 -8 -8 -8 -8 -8 -8 -8 -8 -8 -8 -8 -8 -8 -5 -5 -5 -5 -6 -6 -6 -5 -6 -6 -6 -5 -6 -6 -6 -6 -6 -6 -6 -6 -6 -6 -6 -6 -6 -7 -6 -6 -6 -6 -6 -6 -6 -7 -6 -6 -6 -6 -6 -5 -5 -5 -5 -5 -6 -6 -6 -6 -5 -6 -6 -7 -7 -7 -6 -6 -6 -6 -6 -6 -7 -7 -7 -8 -8 -6 -6 -7 -8 -8 -8 -8 -8 -7 -7 -7 -7 -7 -7 -7 -7 -8 -8 -8 -4 -5 -5 -5 -5 -5 -5 -5 -5 -5 -5 -5 -5 -5 -5 -6 -5 -5 -5 -5 -5 -5 -5 -7 -6 -5 -5 -5 -6 -6 -6 -6 -6 -6 -7 -6 -6 -7 -6 -6 -6 -6 -7 -7 -7 -8 -7 -7 -7 -7 -7 -7 -8 -7 -7 -6 -7 -6 -7 -7 -7 -7 -7 -7 -8 -7 -7 -7 -7 -8 -7 -7 -8 -8 -8 -8 -8 -7 -7 -6 -7 -7 -7 -7 -7 -7 -6 -6 -6 -6 -6 -6 -6 -6 -6 -6 -6 -6 -6 -7 -7 -6 -6 -6 -7 -7 -7 -7 -7 -7 -7 -7 -7 -7 -7 -7 -7 -7 -7 -7 -7 -7 -7 -6 -6 -6 -7 -6 -7 -6 -6 -7 -6 -6 -6 -6 -7 -7 -7 -7 -7 -7 -7 -7 -7 -6 -7 -7 -7 -6 -6 -7 -8 -8 -7 -7 -7 -8 -8 -7 -7 -8 -8 -8 -8 -8 -8 -8 -8 -8 -8 -8 -8 -7 -7 -7 -7 -7 -7 -7 -7 -7 -7 -7 -8 -8 -8 -7 -7 -7 -7 -7 -7 -8 -8 -8 -8 -8 -8 -8 -8 -8 -8 -8 -8 -8 -8 -8 -8 -8 -8 -8 -8 -8 -8 -8 -8 -8 -8 -8 -8 -8 -8 -5 -5 -5 -5 -5 -5 -5 -5 -6 -6 -6 -5 -5 -5 -6 -5 -5 -5 -6 -6 -6 -6 -6 -6 -7 -7 -7 -6 -6 -6 -6 -6 -6 -6 -6 -6 -6 -6 -5 -6 -5 -5 -5 -5 -5 -5 -6 -6 -5 -5 -6 -6 -6 -6 -6 -7 -6 -6 -6 -6 -6 -7 -7 -8 -7 -7 -6 -6 -7 -8 -7 -8 -7 -7 -7 -7 -7 -7 -7 -8 -7 -8 -4 -4 -5 -5 -5 -5 -5 -5 -5 -5 -5 -5 -5 -5 -5 -5 -5 -5 -5 -6 -6 -5 -5 -5 -5 -5 -6 -5 -5 -6 -7 -6 -6 -6 -7 -7 -6 -6 -6 -6 -7 -7 -8 -7 -7 -7 -7 -7 -7 -8 -7 -7 -6 -7 -7 -7 -7 -7 -7 -7 -7 -8 -7 -8 -8 -8 -7 -8 -8 -8 -8 -7 -8 -7 -7 -7 -7 -7 -7 -7 -7 -7 -7 -6 -6 -5 -5 -6 -6 -6 -6 -6 -6 -6 -6 -6 -7 -6 -6 -6 -7 -7 -7 -7 -7 -7 -7 -7 -7 -7 -7 -7 -7 -7 -7 -7 -7 -7 -7 -6 -6 -6 -6 -6 -6 -6 -6 -6 -6 -6 -6 -6 -6 -7 -7 -7 -7 -7 -7 -7 -7 -7 -7 -7 -7 -6 -7 -7 -7 -8 -7 -7 -7 -7 -7 -7 -7 -8 -8 -8 -8 -8 -8 -8 -8 -8 -8 -8 -8 -7 -7 -7 -7 -7 -7 -7 -7 -7 -7 -8 -8 -8 -7 -7 -7 -7 -7 -7 -8 -8 -8 -8 -8 -7 -8 -8 -8 -8 -8 -8 -8 -8 -8 -8 -8 -8 -8 -8 -8 -8 -8 -8 -8 -8 -8 -8 -8 -8 -8 -5 -5 -5 -5 -5 -5 -5 -5 -5 -5 -5 -5 -5 -6 -6 -5 -5 -5 -6 -6 -5 -5 -6 -6 -6 -6 -7 -6 -6 -6 -6 -7 -6 -7 -6 -6 -6 -6 -6 -6 -5 -5 -5 -5 -4 -5 -6 -6 -5 -5 -6 -6 -6 -6 -6 -6 -6 -7 -6 -6 -6 -6 -7 -8 -8 -8 -8 -7 -6 -7 -7 -8 -7 -7 -6 -7 -7 -7 -7 -7 -7 -7 -8 -4 -4 -4 -5 -5 -5 -5 -5 -5 -5 -5 -5 -5 -5 -5 -5 -5 -6 -6 -5 -5 -5 -4 -5 -5 -5 -5 -5 -5 -5 -6 -6 -6 -6 -6 -6 -5 -5 -6 -6 -6 -6 -7 -7 -7 -6 -7 -7 -8 -7 -7 -7 -6 -7 -7 -7 -7 -7 -7 -7 -7 -7 -7 -8 -8 -8 -8 -8 -7 -6 -7 -7 -7 -7 -7 -7 -7 -6 -6 -6 -6 -6 -6 -6 -6 -6 -6 -6 -6 -6 -6 -6 -5 -6 -6 -6 -7 -6 -6 -7 -7 -7 -7 -7 -6 -6 -6 -6 -6 -6 -6 -6 -6 -7 -7 -7 -7 -5 -5 -6 -6 -6 -7 -6 -6 -6 -6 -6 -6 -6 -6 -6 -6 -7 -7 -7 -6 -7 -7 -7 -7 -6 -6 -7 -7 -8 -7 -8 -8 -7 -7 -7 -7 -7 -7 -7 -8 -8 -8 -8 -8 -8 -8 -8 -8 -8 -8 -7 -7 -7 -7 -7 -7 -7 -7 -7 -7 -7 -7 -8 -8 -7 -7 -7 -7 -8 -8 -8 -7 -7 -8 -8 -8 -8 -8 -8 -8 -8 -8 -8 -8 -8 -8 -8 -8 -8 -8 -8 -8 -8 -8 -8 -8 -8 -8 -8 -8 -5 -5 -5 -5 -5 -5 -5 -5 -5 -5 -5 -5 -5 -5 -5 -5 -5 -5 -6 -5 -5 -5 -5 -5 -5 -6 -7 -7 -7 -6 -5 -5 -5 -6 -7 -6 -6 -6 -6 -6 -6 -5 -6 -5 -5 -5 -5 -5 -4 -5 -5 -5 -5 -6 -6 -6 -6 -6 -7 -7 -7 -7 -7 -7 -8 -8 -8 -7 -6 -6 -7 -7 -7 -7 -6 -6 -7 -7 -7 -7 -8 -8 -8 -4 -4 -4 -5 -5 -5 -5 -5 -5 -4 -4 -5 -4 -4 -5 -5 -5 -5 -5 -5 -5 -4 -4 -4 -5 -5 -5 -5 -5 -6 -6 -6 -6 -5 -5 -6 -6 -6 -6 -6 -7 -6 -6 -6 -7 -7 -7 -7 -7 -7 -7 -6 -6 -7 -7 -7 -7 -6 -6 -7 -7 -7 -7 -7 -7 -7 -7 -7 -7 -7 -7 -7 -7 -7 -6 -6 -6 -6 -6 -6 -7 -6 -6 -6 -6 -7 -6 -6 -6 -6 -6 -6 -7 -7 -6 -6 -6 -7 -7 -7 -6 -6 -6 -6 -6 -6 -6 -6 -6 -6 -6 -7 -7 -7 -5 -5 -6 -6 -6 -6 -6 -6 -6 -5 -5 -6 -6 -5 -5 -6 -7 -7 -7 -7 -7 -7 -6 -6 -6 -6 -7 -7 -7 -7 -7 -7 -7 -7 -7 -7 -7 -7 -7 -7 -7 -7 -7 -7 -7 -7 -7 -8 -8 -8 -7 -7 -7 -7 -7 -7 -7 -7 -7 -7 -7 -7 -7 -7 -7 -7 -7 -7 -7 -7 -7 -7 -7 -7 -8 -7 -7 -8 -8 -8 -8 -8 -8 -8 -8 -8 -8 -8 -8 -8 -8 -8 -8 -8 -8 -8 -8 -8 -8 -8 -5 -5 -4 -5 -5 -5 -5 -6 -6 -5 -5 -5 -5 -5 -5 -4 -4 -4 -5 -4 -4 -4 -4 -4 -5 -5 -5 -6 -7 -6 -5 -5 -5 -5 -6 -6 -6 -6 -6 -6 -6 -6 -6 -6 -5 -5 -4 -5 -4 -4 -5 -5 -6 -6 -6 -6 -5 -6 -6 -6 -6 -7 -6 -6 -7 -7 -8 -8 -7 -6 -7 -6 -7 -7 -6 -7 -7 -7 -7 -7 -7 -7 -8 -4 -5 -4 -4 -4 -3 -3 -4 -4 -3 -5 -5 -4 -4 -4 -4 -4 -4 -4 -4 -3 -3 -4 -4 -3 -4 -4 -5 -5 -4 -5 -6 -6 -6 -6 -6 -5 -6 -5 -5 -6 -6 -7 -7 -7 -7 -7 -6 -6 -6 -6 -6 -6 -6 -6 -6 -6 -7 -7 -6 -7 -7 -7 -7 -7 -6 -6 -6 -6 -6 -6 -6 -6 -6 -6 -6 -6 -6 -6 -6 -6 -6 -6 -5 -5 -6 -5 -5 -6 -6 -5 -5 -6 -6 -6 -6 -6 -6 -6 -6 -6 -6 -6 -5 -5 -6 -6 -6 -6 -6 -5 -5 -5 -5 -5 -5 -5 -5 -5 -5 -5 -5 -5 -5 -6 -6 -6 -6 -7 -6 -6 -6 -6 -6 -6 -6 -7 -7 -7 -7 -7 -7 -7 -7 -7 -6 -7 -7 -7 -7 -7 -7 -7 -7 -7 -7 -7 -7 -7 -7 -6 -6 -6 -6 -6 -6 -6 -6 -6 -6 -6 -6 -6 -6 -6 -6 -6 -6 -6 -6 -6 -6 -6 -6 -6 -6 -6 -6 -7 -6 -7 -7 -7 -7 -7 -7 -6 -6 -7 -7 -6 -7 -7 -7 -7 -7 -7 -7 -7 -7 -7 -6 -7 -6 -7 -7 -6 -7 -7 -7 -7 -6 -6 -6 -6 -5 -5 -6 -6 -5 -5 -5 -5 -6 -6 -6 -6 -7 -8 -8 -8 -8 -7 -7 -7 -7 -6 -6 -7 -8 -8 -7 -8 -8 -7 -7 -7 -7 -6 -6 -4 -4 -5 -5 -5 -6 -6 -6 -5 -5 -5 -6 -6 -5 -6 -6 -7 -7 -7 -7 -6 -6 -6 -6 -6 -6 -6 -7 -7 -7 -7 -4 -4 -3 -3 -3 -3 -3 -3 -4 -4 -4 -4 -4 -3 -3 -3 -3 -3 -2 -2 -3 -4 -3 -3 -3 -3 -3 -3 -5 -5 -6 -5 -5 -5 -4 -5 -5 -5 -5 -6 -6 -6 -6 -7 -7 -7 -7 -6 -6 -7 -7 -6 -6 -5 -6 -6 -6 -6 -6 -6 -6 -6 -6 -6 -6 -6 -6 -6 -6 -6 -6 -6 -6 -5 -6 -6 -6 -6 -6 -6 -6 -6 -5 -6 -5 -5 -6 -6 -5 -5 -6 -6 -6 -6 -6 -6 -5 -5 -5 -5 -5 -5 -5 -5 -6 -6 -6 -6 -5 -5 -5 -5 -5 -4 -4 -4 -4 -5 -4 -4 -5 -5 -6 -6 -6 -6 -6 -6 -6 -6 -6 -6 -6 -6 -6 -7 -7 -6 -6 -6 -7 -7 -7 -7 -7 -7 -7 -7 -7 -7 -7 -7 -7 -7 -7 -7 -7 -8 -6 -6 -6 -6 -6 -6 -6 -6 -6 -6 -6 -6 -6 -6 -6 -6 -6 -6 -6 -6 -6 -6 -6 -6 -6 -6 -6 -6 -6 -6 -6 -6 -6 -7 -6 -6 -6 -6 -6 -6 -6 -7 -7 -7 -7 -7 -7 -7 -7 -7 -7 -7 -7 -7 -6 -6 -6 -6 -7 -7 -7 -7 -6 -6 -6 -5 -5 -5 -6 -6 -5 -5 -5 -5 -5 -5 -6 -6 -6 -7 -7 -8 -7 -6 -6 -6 -6 -6 -6 -7 -7 -7 -7 -7 -8 -8 -7 -7 -6 -6 -4 -5 -5 -5 -5 -5 -5 -6 -5 -5 -6 -6 -6 -5 -5 -6 -6 -7 -8 -7 -6 -6 -6 -6 -6 -6 -6 -7 -6 -7 -7 -4 -3 -3 -3 -3 -3 -3 -3 -4 -4 -3 -3 -3 -3 -2 -2 -3 -3 -3 -2 -2 -3 -3 -2 -2 -2 -2 -3 -4 -4 -4 -4 -5 -5 -5 -5 -5 -5 -5 -5 -5 -5 -5 -6 -6 -6 -6 -6 -6 -6 -6 -6 -6 -6 -5 -6 -6 -5 -6 -6 -6 -6 -6 -6 -6 -6 -6 -6 -5 -6 -6 -6 -6 -5 -5 -5 -6 -6 -6 -6 -6 -6 -6 -5 -5 -5 -5 -6 -5 -5 -5 -5 -6 -6 -6 -5 -5 -5 -5 -5 -5 -5 -5 -5 -5 -6 -6 -6 -5 -5 -4 -4 -4 -4 -4 -4 -5 -5 -4 -4 -5 -5 -6 -6 -6 -6 -6 -6 -6 -6 -5 -6 -6 -6 -6 -6 -6 -6 -6 -6 -6 -7 -7 -7 -7 -7 -7 -7 -7 -7 -7 -7 -7 -7 -7 -8 -8 -7 -6 -6 -6 -6 -6 -6 -6 -6 -6 -6 -6 -6 -6 -6 -6 -6 -6 -6 -6 -6 -6 -6 -6 -6 -6 -6 -6 -6 -6 -6 -6 -6 -6 -6 -6 -6 -6 -6 -6 -6 -6 -6 -7 -7 -7 -7 -7 -7 -7 -7 -7 -7 -6 -6 -6 -6 -6 -6 -6 -7 -7 -7 -6 -7 -6 -6 -5 -5 -5 -5 -4 -5 -5 -5 -5 -6 -6 -7 -7 -8 -8 -7 -8 -7 -7 -7 -7 -6 -6 -6 -6 -6 -6 -6 -7 -7 -7 -7 -7 -6 -4 -4 -5 -4 -4 -4 -5 -5 -5 -4 -5 -5 -5 -5 -5 -5 -6 -6 -7 -7 -6 -6 -6 -5 -6 -6 -6 -6 -6 -7 -3 -3 -3 -3 -3 -3 -3 -2 -3 -3 -3 -3 -3 -3 -3 -2 -2 -2 -2 -2 -2 -2 -1 -2 -2 -2 -2 -2 -2 -2 -3 -4 -4 -4 -4 -5 -5 -4 -4 -4 -4 -4 -5 -5 -5 -5 -5 -5 -6 -6 -6 -6 -6 -6 -5 -5 -6 -5 -6 -6 -6 -6 -6 -6 -6 -6 -6 -5 -5 -5 -6 -6 -6 -6 -5 -5 -5 -6 -6 -6 -6 -5 -6 -5 -6 -5 -5 -5 -6 -5 -5 -5 -5 -5 -5 -5 -5 -5 -5 -5 -5 -5 -5 -5 -5 -5 -6 -6 -5 -4 -4 -4 -4 -4 -4 -4 -4 -5 -5 -5 -5 -5 -5 -6 -5 -6 -6 -6 -6 -6 -6 -6 -6 -6 -6 -6 -6 -6 -6 -6 -6 -6 -6 -7 -7 -7 -7 -7 -7 -7 -7 -7 -7 -8 -8 -7 -7 -7 -5 -6 -6 -6 -6 -6 -6 -6 -6 -6 -6 -6 -6 -6 -6 -6 -6 -6 -6 -6 -6 -6 -6 -6 -6 -6 -6 -6 -6 -6 -6 -6 -6 -6 -6 -6 -6 -6 -6 -6 -6 -7 -7 -7 -6 -7 -7 -7 -7 -7 -7 -7 -6 -6 -6 -6 -6 -6 -6 -6 -7 -7 -7 -7 -6 -6 -5 -5 -5 -5 -4 -5 -6 -6 -6 -7 -7 -7 -7 -7 -7 -7 -7 -7 -6 -7 -7 -7 -6 -6 -5 -5 -6 -6 -6 -6 -6 -7 -7 -7 -4 -4 -4 -4 -4 -4 -5 -4 -4 -4 -5 -6 -6 -6 -7 -7 -6 -6 -6 -5 -5 -6 -6 -6 -3 -3 -3 -2 -2 -2 -2 -2 -2 -2 -2 -2 -2 -2 -2 -2 -2 -2 -2 -1 -1 -1 -1 -1 -2 -2 -2 -2 -2 -2 -2 -3 -3 -4 -5 -4 -4 -5 -4 -4 -4 -4 -4 -5 -5 -4 -5 -5 -6 -5 -5 -6 -6 -6 -6 -5 -5 -6 -6 -6 -5 -5 -5 -5 -6 -6 -5 -5 -5 -5 -6 -5 -6 -6 -5 -5 -5 -6 -6 -6 -5 -5 -5 -6 -6 -5 -5 -5 -6 -5 -5 -5 -5 -5 -5 -5 -5 -5 -5 -5 -5 -5 -5 -5 -5 -5 -5 -6 -5 -4 -4 -4 -4 -4 -4 -4 -4 -5 -5 -5 -4 -5 -5 -5 -5 -5 -5 -5 -5 -5 -5 -5 -6 -6 -6 -6 -6 -6 -6 -6 -7 -6 -6 -6 -6 -7 -7 -7 -7 -7 -7 -7 -7 -7 -7 -7 -7 -7 -5 -5 -5 -6 -5 -5 -6 -5 -6 -6 -6 -6 -5 -5 -6 -6 -6 -6 -6 -6 -6 -6 -6 -6 -6 -6 -6 -6 -6 -6 -6 -6 -6 -7 -6 -6 -6 -6 -7 -6 -6 -7 -7 -6 -6 -7 -7 -7 -7 -7 -7 -7 -7 -7 -6 -6 -7 -7 -6 -6 -7 -7 -6 -6 -6 -6 -5 -4 -4 -4 -4 -5 -6 -6 -7 -7 -7 -6 -6 -6 -7 -6 -6 -6 -6 -6 -7 -7 -6 -6 -5 -6 -6 -6 -6 -6 -6 -6 -6 -6 -4 -4 -4 -4 -4 -5 -4 -4 -7 -6 -6 -3 -2 -2 -2 -2 -2 -1 -2 -2 -2 -1 -1 -1 -2 -2 -2 -2 -2 -1 -1 -1 -1 -1 -1 -1 -2 -3 -3 -3 -2 -3 -3 -3 -3 -4 -4 -4 -4 -4 -4 -4 -4 -4 -4 -4 -5 -4 -4 -4 -5 -5 -5 -5 -6 -6 -5 -5 -5 -5 -5 -5 -5 -5 -5 -5 -5 -5 -5 -5 -5 -5 -6 -5 -5 -5 -5 -5 -5 -6 -5 -5 -5 -4 -5 -6 -6 -5 -5 -4 -5 -5 -5 -5 -5 -5 -5 -5 -5 -5 -5 -5 -5 -5 -5 -5 -5 -5 -5 -5 -4 -4 -4 -4 -4 -4 -4 -4 -4 -5 -5 -4 -4 -4 -4 -4 -4 -4 -4 -4 -4 -4 -5 -5 -6 -6 -6 -6 -6 -6 -6 -6 -6 -7 -7 -6 -6 -6 -7 -7 -7 -7 -7 -7 -7 -6 -6 -7 -7 -7 -5 -5 -5 -5 -5 -5 -5 -5 -6 -6 -6 -6 -5 -5 -5 -6 -6 -6 -6 -6 -6 -6 -6 -6 -6 -6 -6 -6 -6 -7 -7 -7 -7 -7 -7 -7 -6 -6 -6 -6 -6 -6 -7 -6 -6 -6 -6 -7 -7 -7 -7 -7 -7 -7 -7 -7 -7 -7 -6 -6 -6 -6 -7 -6 -5 -5 -5 -5 -5 -5 -4 -5 -5 -6 -7 -7 -6 -5 -5 -6 -7 -6 -6 -5 -5 -5 -6 -7 -7 -6 -6 -6 -7 -6 -6 -7 -6 -6 -6 -6 -4 -4 -4 -3 -6 -2 -2 -2 -1 -1 -1 -1 -1 -1 -2 -1 -1 -1 -1 -1 -1 -1 -1 -1 -1 -1 -1 -1 -1 -1 -2 -3 -3 -2 -2 -3 -3 -3 -3 -3 -4 -4 -4 -4 -4 -3 -3 -3 -3 -4 -4 -4 -4 -4 -4 -5 -5 -5 -5 -5 -5 -5 -5 -5 -5 -5 -5 -5 -5 -5 -5 -5 -5 -5 -5 -5 -5 -5 -5 -5 -5 -5 -5 -5 -5 -5 -5 -5 -5 -5 -5 -5 -5 -4 -5 -5 -4 -4 -4 -4 -5 -5 -5 -5 -5 -5 -5 -5 -5 -5 -5 -5 -5 -5 -4 -4 -4 -4 -4 -4 -4 -4 -4 -4 -4 -4 -4 -4 -4 -4 -4 -4 -5 -5 -5 -5 -4 -5 -5 -6 -6 -6 -5 -6 -6 -6 -6 -6 -6 -7 -6 -6 -6 -6 -7 -7 -7 -7 -6 -6 -6 -7 -7 -7 -5 -5 -5 -5 -5 -5 -5 -5 -5 -6 -6 -6 -5 -5 -5 -5 -5 -6 -6 -6 -6 -6 -6 -6 -6 -6 -6 -6 -7 -7 -7 -6 -6 -6 -6 -7 -6 -6 -6 -6 -6 -6 -7 -6 -6 -6 -6 -7 -7 -7 -7 -6 -7 -7 -8 -7 -7 -7 -7 -7 -6 -6 -6 -6 -5 -5 -5 -6 -6 -5 -4 -5 -5 -6 -6 -6 -5 -5 -5 -6 -6 -6 -6 -5 -5 -6 -7 -7 -7 -7 -7 -6 -6 -6 -6 -6 -6 -7 -6 -6 -5 -4 -1 -1 0 0 -1 0 0 0 0 -1 -1 -1 0 0 0 -1 -1 -1 -1 -1 -1 -1 -1 -2 -2 -3 -2 -2 -2 -3 -3 -3 -3 -3 -3 -4 -4 -3 -3 -3 -3 -3 -3 -3 -3 -4 -4 -4 -4 -4 -4 -4 -5 -4 -4 -4 -4 -5 -5 -5 -5 -5 -5 -5 -5 -5 -5 -5 -5 -5 -5 -5 -5 -5 -5 -5 -5 -5 -5 -5 -5 -5 -5 -5 -5 -5 -5 -4 -5 -5 -4 -4 -5 -4 -4 -5 -5 -5 -5 -5 -5 -4 -5 -5 -5 -5 -5 -5 -4 -4 -4 -4 -4 -4 -4 -4 -4 -4 -4 -4 -5 -4 -4 -4 -4 -4 -4 -5 -4 -4 -4 -5 -5 -5 -5 -5 -5 -5 -6 -6 -6 -6 -6 -6 -7 -7 -6 -6 -7 -7 -7 -7 -7 -6 -6 -6 -7 -6 -5 -5 -5 -5 -4 -4 -4 -5 -5 -6 -6 -6 -5 -5 -5 -5 -5 -6 -6 -6 -6 -6 -6 -6 -6 -6 -6 -6 -6 -7 -6 -6 -5 -6 -6 -6 -6 -6 -6 -6 -6 -6 -7 -6 -6 -6 -6 -6 -6 -7 -7 -7 -6 -7 -8 -8 -7 -7 -7 -7 -7 -6 -5 -6 -6 -5 -5 -5 -5 -5 -5 -5 -5 -6 -6 -5 -5 -5 -5 -5 -5 -6 -5 -5 -6 -6 -6 -6 -6 -6 -5 -5 -6 -6 -6 -6 -6 -7 -6 -6 -4 1 0 0 0 1 1 1 1 0 0 -1 0 0 0 0 0 0 0 -1 -1 -1 -2 -2 -3 -3 -3 -3 -3 -3 -4 -4 -4 -4 -3 -3 -4 -4 -4 -3 -3 -3 -3 -3 -3 -3 -3 -3 -4 -4 -3 -4 -4 -4 -4 -4 -4 -4 -4 -5 -5 -5 -4 -4 -4 -4 -5 -5 -5 -5 -5 -5 -5 -5 -5 -5 -5 -5 -5 -4 -5 -5 -5 -5 -4 -5 -5 -4 -4 -4 -5 -4 -4 -5 -4 -4 -4 -5 -5 -5 -5 -4 -4 -4 -4 -4 -4 -4 -5 -4 -4 -4 -4 -3 -3 -4 -4 -4 -4 -4 -4 -4 -4 -4 -4 -4 -4 -4 -4 -4 -4 -4 -4 -5 -5 -5 -5 -5 -5 -5 -5 -6 -6 -6 -6 -6 -7 -7 -7 -7 -6 -6 -6 -7 -6 -6 -6 -6 -6 -4 -4 -5 -4 -4 -5 -4 -5 -5 -6 -6 -6 -5 -5 -5 -5 -6 -6 -6 -6 -6 -6 -6 -6 -6 -6 -6 -6 -6 -6 -6 -5 -5 -5 -6 -6 -5 -6 -5 -5 -5 -6 -7 -6 -5 -6 -6 -6 -6 -7 -7 -7 -7 -6 -7 -8 -8 -7 -7 -6 -6 -6 -5 -5 -5 -5 -5 -5 -5 -5 -5 -4 -5 -6 -6 -6 -5 -5 -5 -4 -4 -5 -5 -5 -6 -5 -5 -6 -6 -5 -5 -6 -6 -5 -6 -6 -5 -6 -5 1 1 1 1 1 1 1 0 0 0 0 0 0 0 0 0 0 0 -1 -1 -2 -3 -3 -3 -3 -3 -3 -4 -4 -4 -4 -4 -3 -3 -3 -4 -3 -2 -3 -3 -3 -3 -3 -3 -3 -3 -3 -3 -3 -3 -4 -4 -4 -4 -4 -4 -3 -4 -5 -4 -4 -4 -4 -4 -4 -4 -4 -4 -4 -4 -4 -4 -4 -4 -4 -5 -5 -5 -4 -4 -5 -4 -4 -5 -5 -4 -4 -4 -4 -4 -4 -4 -4 -4 -4 -4 -4 -4 -4 -4 -4 -4 -4 -4 -4 -5 -5 -4 -4 -4 -4 -3 -3 -4 -3 -3 -4 -4 -4 -4 -4 -4 -4 -4 -4 -4 -4 -4 -4 -4 -5 -5 -5 -5 -5 -5 -5 -5 -5 -5 -6 -6 -6 -6 -6 -6 -6 -7 -7 -6 -6 -6 -7 -6 -6 -6 -6 -4 -4 -4 -4 -4 -5 -5 -5 -5 -5 -5 -6 -5 -5 -5 -5 -5 -5 -6 -5 -5 -6 -6 -6 -6 -6 -6 -5 -5 -6 -6 -6 -5 -5 -6 -6 -5 -5 -5 -5 -5 -6 -6 -5 -5 -5 -6 -6 -6 -7 -6 -6 -6 -6 -7 -7 -8 -7 -7 -6 -6 -6 -6 -6 -5 -5 -5 -6 -5 -5 -4 -4 -4 -5 -6 -5 -5 -5 -5 -4 -4 -3 -4 -4 -5 -4 -4 -5 -5 -5 -5 -5 -5 -5 -5 -5 -5 -6 1 1 1 2 2 2 2 2 2 2 1 1 1 1 1 0 0 0 0 0 0 0 0 -1 -1 0 -1 -1 -2 -3 -3 -2 -3 -4 -3 -3 -3 -4 -3 -3 -3 -3 -3 -4 -3 -2 -3 -3 -3 -3 -3 -3 -3 -3 -3 -3 -3 -3 -3 -3 -4 -3 -4 -4 -4 -4 -4 -4 -4 -4 -4 -4 -4 -4 -4 -4 -4 -4 -4 -4 -4 -4 -4 -4 -4 -4 -5 -4 -4 -4 -4 -4 -4 -4 -4 -4 -4 -4 -4 -4 -4 -4 -4 -4 -4 -4 -4 -4 -4 -4 -4 -4 -4 -4 -4 -4 -4 -4 -4 -4 -4 -4 -4 -3 -4 -4 -4 -4 -4 -4 -4 -4 -4 -4 -4 -4 -4 -4 -5 -5 -5 -5 -5 -5 -5 -5 -5 -5 -5 -5 -5 -5 -6 -6 -6 -7 -6 -6 -6 -6 -6 -6 -6 -5 -5 -4 -4 -4 -5 -5 -5 -5 -5 -4 -5 -5 -5 -5 -5 -5 -5 -5 -5 -6 -5 -5 -6 -5 -6 -6 -5 -5 -5 -4 -5 -6 -5 -5 -5 -5 -6 -5 -5 -5 -6 -6 -6 -6 -5 -5 -5 -5 -6 -6 -7 -6 -6 -6 -7 -7 -8 -8 -7 -7 -7 -7 -6 -6 -6 -5 -5 -5 -5 -5 -5 -5 -4 -4 -5 -5 -5 -4 -4 -4 -3 -3 -3 -3 -4 -4 -4 -4 -5 -5 -5 -5 -5 -4 -5 -5 2 2 2 2 2 2 2 2 2 2 2 2 1 1 1 2 2 0 0 0 0 0 -1 -1 -1 -1 -1 -1 -1 -2 -3 -3 -3 -3 -3 -3 -3 -3 -3 -3 -3 -3 -3 -3 -3 -3 -3 -3 -3 -3 -3 -3 -3 -2 -2 -3 -3 -3 -3 -3 -3 -3 -3 -3 -3 -4 -3 -3 -4 -4 -4 -4 -4 -4 -4 -4 -4 -4 -4 -4 -4 -4 -4 -4 -4 -4 -4 -4 -4 -4 -4 -4 -4 -4 -4 -4 -4 -4 -4 -4 -4 -4 -4 -4 -4 -4 -4 -4 -4 -4 -4 -4 -4 -4 -4 -4 -4 -3 -3 -3 -3 -3 -4 -4 -4 -4 -4 -4 -4 -4 -4 -4 -4 -4 -4 -4 -4 -4 -4 -4 -5 -5 -5 -5 -5 -5 -5 -5 -5 -5 -5 -5 -5 -5 -6 -6 -6 -6 -6 -6 -6 -6 -6 -6 -6 -5 -6 -4 -4 -4 -4 -4 -4 -5 -5 -4 -4 -5 -5 -5 -5 -5 -5 -5 -5 -5 -5 -5 -5 -5 -5 -5 -6 -5 -4 -5 -5 -5 -5 -5 -4 -5 -5 -4 -4 -6 -5 -5 -6 -6 -5 -5 -5 -5 -6 -6 -6 -6 -6 -7 -7 -8 -8 -7 -7 -6 -7 -6 -7 -7 -6 -5 -5 -5 -5 -5 -5 -5 -4 -4 -4 -5 -5 -4 -4 -4 -3 -3 -3 -3 -3 -3 -4 -5 -5 -6 -5 -5 -4 -4 2 2 2 2 2 2 2 2 2 2 2 1 1 1 1 1 1 1 1 1 0 -1 -1 -1 -1 -1 -1 -1 -1 -1 -1 -1 -2 -3 -3 -3 -3 -3 -3 -3 -3 -3 -3 -3 -3 -3 -3 -3 -3 -3 -3 -3 -3 -2 -2 -2 -2 -2 -2 -2 -2 -3 -3 -3 -3 -3 -3 -3 -3 -3 -3 -3 -3 -4 -4 -4 -4 -4 -4 -4 -4 -4 -4 -4 -4 -4 -4 -4 -4 -4 -4 -4 -4 -4 -4 -4 -4 -4 -4 -4 -4 -4 -4 -4 -3 -4 -4 -4 -4 -4 -4 -4 -4 -4 -4 -4 -4 -4 -4 -4 -3 -3 -3 -3 -3 -3 -3 -4 -4 -4 -4 -4 -4 -4 -4 -4 -4 -4 -4 -4 -4 -4 -5 -5 -5 -5 -4 -5 -4 -5 -5 -5 -5 -5 -5 -5 -5 -5 -5 -6 -6 -6 -6 -6 -5 -6 -5 -5 -5 -5 -4 -4 -4 -4 -4 -4 -4 -5 -4 -4 -5 -5 -5 -5 -5 -5 -5 -5 -5 -5 -5 -5 -6 -5 -5 -5 -5 -5 -4 -5 -5 -4 -4 -4 -5 -5 -4 -5 -5 -4 -5 -6 -6 -5 -5 -5 -5 -6 -6 -7 -7 -6 -7 -8 -8 -7 -7 -6 -6 -6 -6 -6 -6 -5 -5 -4 -4 -4 -5 -5 -4 -4 -4 -4 -4 -5 -4 -4 -4 -4 -4 -4 -4 -4 -3 -3 -4 -5 -5 -6 -5 -5 -5 2 1 2 2 2 2 2 2 1 1 1 1 2 2 1 1 1 1 1 -1 -1 -1 -1 -1 -1 -2 -1 -1 -1 -2 -3 -3 -3 -3 -3 -3 -3 -3 -3 -2 -2 -2 -2 -2 -3 -3 -3 -3 -3 -3 -3 -3 -3 -2 -2 -2 -2 -2 -2 -2 -2 -3 -3 -3 -3 -3 -3 -3 -3 -3 -3 -3 -3 -3 -4 -3 -3 -4 -3 -3 -4 -4 -4 -4 -4 -4 -4 -4 -4 -4 -4 -4 -4 -4 -4 -4 -4 -4 -4 -4 -4 -4 -3 -3 -3 -4 -4 -4 -4 -3 -4 -4 -4 -4 -4 -4 -4 -4 -4 -3 -3 -3 -3 -2 -3 -3 -3 -4 -3 -3 -3 -3 -3 -4 -4 -3 -3 -3 -3 -4 -4 -5 -5 -5 -5 -4 -5 -4 -4 -4 -4 -4 -5 -5 -5 -5 -5 -5 -6 -5 -5 -6 -5 -5 -5 -5 -5 -5 -5 -4 -4 -4 -4 -4 -4 -4 -5 -4 -4 -4 -5 -5 -4 -5 -5 -5 -6 -5 -5 -5 -5 -5 -4 -4 -4 -4 -4 -4 -5 -5 -4 -3 -4 -5 -5 -4 -4 -5 -4 -5 -5 -6 -5 -4 -5 -5 -6 -6 -7 -7 -8 -8 -7 -7 -6 -6 -6 -5 -5 -5 -5 -5 -5 -5 -4 -4 -4 -4 -5 -4 -4 -3 -4 -4 -4 -4 -4 -4 -4 -4 -4 -4 -4 -3 -3 -4 -5 -5 -5 -6 -5 -6 1 2 2 2 2 2 1 0 1 1 1 2 1 1 0 0 0 0 -1 -2 -2 -2 -2 -2 -2 -2 -2 -2 -3 -3 -3 -3 -3 -3 -3 -2 -2 -2 -2 -2 -2 -2 -2 -2 -2 -2 -3 -3 -3 -2 -2 -2 -2 -2 -2 -2 -2 -2 -2 -2 -2 -3 -3 -3 -3 -3 -3 -2 -3 -3 -3 -3 -3 -3 -3 -3 -3 -3 -3 -4 -3 -3 -3 -4 -3 -3 -3 -3 -4 -3 -4 -4 -4 -3 -4 -4 -4 -4 -3 -3 -4 -4 -3 -3 -4 -4 -4 -4 -3 -3 -3 -4 -4 -4 -4 -4 -4 -4 -3 -3 -3 -2 -2 -3 -3 -3 -3 -3 -3 -3 -3 -3 -3 -4 -4 -3 -3 -3 -4 -4 -4 -4 -5 -5 -5 -5 -5 -5 -5 -5 -5 -5 -5 -5 -6 -6 -6 -6 -5 -5 -5 -5 -5 -5 -5 -5 -5 -5 -3 -4 -4 -4 -4 -4 -4 -5 -4 -4 -5 -5 -5 -4 -5 -5 -5 -5 -5 -5 -4 -4 -4 -4 -4 -4 -4 -3 -4 -4 -4 -4 -3 -3 -4 -4 -4 -4 -5 -5 -5 -5 -5 -4 -4 -5 -5 -6 -7 -7 -8 -8 -7 -7 -6 -6 -5 -5 -5 -5 -5 -5 -5 -5 -5 -4 -4 -4 -4 -4 -4 -3 -3 -4 -4 -4 -4 -3 -3 -4 -4 -4 -4 -3 -3 -3 -4 -5 -5 -5 -6 -6 -6 -6 1 1 1 1 1 0 0 0 0 0 0 0 0 0 -1 -1 -1 -1 -2 -2 -3 -3 -3 -3 -3 -3 -3 -3 -3 -3 -3 -2 -2 -2 -2 -2 -2 -2 -2 -2 -2 -2 -2 -2 -2 -2 -2 -2 -2 -2 -2 -2 -2 -2 -2 -2 -2 -2 -2 -2 -2 -2 -3 -3 -3 -2 -2 -2 -3 -3 -3 -3 -3 -3 -3 -3 -3 -3 -3 -3 -3 -3 -3 -3 -3 -3 -3 -3 -3 -3 -3 -3 -3 -3 -3 -3 -3 -3 -3 -3 -3 -3 -3 -3 -3 -4 -4 -3 -3 -3 -3 -3 -3 -3 -4 -3 -3 -3 -3 -2 -2 -2 -2 -2 -2 -3 -3 -3 -3 -3 -3 -3 -3 -3 -3 -4 -3 -3 -4 -4 -4 -5 -5 -5 -5 -4 -4 -5 -4 -4 -4 -5 -5 -5 -5 -5 -5 -5 -6 -5 -5 -5 -5 -5 -5 -5 -5 -5 -3 -4 -4 -4 -4 -4 -4 -4 -5 -5 -5 -5 -4 -4 -4 -4 -4 -5 -5 -5 -5 -5 -5 -4 -3 -3 -3 -3 -3 -4 -4 -4 -3 -3 -3 -3 -4 -4 -4 -5 -6 -5 -5 -5 -5 -5 -6 -6 -7 -7 -7 -7 -6 -6 -5 -5 -5 -6 -5 -5 -5 -5 -4 -4 -4 -4 -4 -4 -4 -4 -3 -3 -3 -3 -4 -4 -3 -3 -3 -4 -3 -3 -3 -3 -3 -4 -4 -5 -5 -5 -5 -5 -5 -5 -5 1 1 0 0 0 -1 -1 -1 -1 -1 -1 -1 -1 -1 -2 -1 -2 -2 -3 -3 -2 -3 -3 -3 -3 -3 -2 -2 -2 -2 -2 -2 -2 -2 -2 -2 -2 -2 -2 -2 -2 -2 -2 -2 -2 -2 -2 -2 -2 -2 -2 -2 -2 -2 -2 -2 -2 -2 -2 -2 -2 -2 -2 -2 -2 -2 -2 -2 -3 -3 -3 -3 -3 -3 -3 -3 -3 -3 -4 -4 -3 -3 -3 -3 -3 -3 -3 -3 -3 -3 -3 -3 -3 -3 -3 -3 -3 -3 -3 -3 -3 -3 -3 -3 -3 -4 -3 -3 -3 -3 -3 -3 -3 -3 -3 -3 -3 -3 -2 -2 -2 -2 -2 -2 -3 -3 -3 -3 -3 -3 -3 -3 -3 -3 -3 -3 -3 -3 -3 -4 -4 -4 -4 -4 -4 -4 -4 -4 -4 -4 -4 -5 -5 -5 -5 -4 -5 -5 -6 -6 -6 -5 -5 -5 -5 -5 -5 -5 -3 -3 -3 -3 -4 -4 -4 -4 -4 -4 -4 -5 -4 -4 -4 -4 -4 -5 -5 -5 -4 -4 -4 -4 -3 -3 -3 -3 -3 -4 -4 -3 -3 -3 -3 -3 -4 -4 -4 -5 -5 -6 -6 -5 -5 -6 -6 -6 -6 -6 -7 -7 -6 -5 -5 -6 -6 -6 -5 -5 -4 -4 -5 -4 -4 -4 -4 -4 -4 -4 -3 -3 -3 -3 -4 -4 -3 -3 -3 -3 -3 -3 -3 -3 -4 -4 -4 -5 -5 -5 -5 -5 -5 -5 -5 3 3 3 3 3 3 4 4 3 1 1 0 -1 -1 -1 -1 -1 -1 -1 -1 -1 -1 -2 -2 -2 -2 -2 -2 -2 -2 -2 -2 -2 -2 -2 -2 -1 -1 -1 -1 -1 -1 -1 -1 -1 -1 -1 -1 -1 -1 -2 -2 -2 -2 -1 -2 -2 -1 -1 -1 -1 -1 -2 -1 -1 -2 -1 -1 -2 -2 -2 -2 -2 -2 -2 -2 -2 -2 -2 -2 -3 -3 -3 -3 -3 -3 -3 -3 -3 -3 -3 -3 -3 -3 -3 -3 -3 -3 -3 -3 -3 -3 -3 -3 -3 -3 -3 -3 -3 -3 -3 -3 -3 -3 -3 -3 -3 -3 -3 -3 -3 -3 -3 -3 -3 -3 -3 -2 -2 -2 -2 -2 -2 -3 -3 -2 -3 -3 -3 -2 -2 -2 -3 -3 -3 -3 -3 -3 -4 -4 -4 -4 -4 -4 -4 -4 -4 -5 -5 -5 -5 -5 -4 -4 -4 -5 -5 -5 -5 -5 -6 -5 -5 -5 -5 -5 -5 -3 -3 -3 -3 -4 -4 -4 -3 -4 -4 -4 -4 -4 -4 -4 -4 -5 -5 -5 -4 -4 -3 -3 -4 -3 -4 -3 -3 -3 -3 -3 -4 -3 -3 -3 -3 -4 -4 -5 -4 -5 -5 -6 -5 -5 -6 -6 -6 -5 -6 -7 -7 -6 -6 -6 -6 -5 -5 -5 -5 -4 -4 -4 -4 -4 -4 -4 -4 -4 -3 -3 -3 -3 -3 -3 -3 -3 -3 -3 -3 -3 -3 -3 -3 -4 -5 -5 -5 -5 -5 -5 -5 -5 -5 -5 -5 4 4 3 3 3 3 3 4 4 4 5 5 3 3 5 4 2 1 0 0 -1 -1 -1 -1 -1 -1 -1 -1 -1 -1 -1 -1 -1 -1 -1 -1 -1 -1 -1 -1 -1 -1 -1 -1 -1 -1 -1 -1 -1 -1 -1 -1 -1 -1 -1 -1 -1 -2 -2 -1 -1 -2 -2 -1 -1 -1 -1 -1 -1 -1 -1 -1 -1 -1 -1 -2 -1 -2 -2 -2 -2 -2 -2 -2 -2 -2 -2 -2 -2 -2 -3 -3 -2 -2 -2 -3 -3 -3 -3 -3 -3 -3 -3 -3 -3 -3 -3 -3 -3 -3 -3 -3 -3 -3 -3 -3 -3 -3 -3 -3 -3 -3 -3 -3 -3 -3 -3 -3 -3 -3 -3 -3 -3 -3 -2 -2 -2 -2 -2 -2 -2 -2 -2 -3 -2 -2 -3 -3 -2 -2 -2 -2 -3 -3 -3 -3 -4 -4 -4 -4 -4 -4 -4 -5 -5 -4 -4 -5 -4 -4 -4 -4 -5 -4 -4 -5 -5 -5 -6 -5 -5 -5 -5 -5 -3 -3 -3 -3 -4 -3 -3 -3 -3 -4 -4 -4 -4 -3 -4 -4 -4 -4 -5 -4 -4 -4 -4 -3 -3 -4 -4 -3 -3 -3 -2 -3 -3 -3 -3 -2 -3 -4 -5 -5 -4 -5 -5 -6 -5 -5 -5 -6 -5 -6 -6 -6 -6 -6 -6 -6 -5 -5 -5 -5 -4 -4 -4 -4 -4 -4 -4 -3 -3 -3 -3 -3 -2 -3 -3 -3 -3 -3 -4 -3 -3 -3 -3 -3 -4 -4 -5 -5 -5 -5 -5 -5 -5 -5 -5 -5 -5 4 4 4 3 3 4 3 3 3 3 4 4 4 5 5 4 4 4 5 5 5 5 4 3 2 1 0 -1 -1 -1 -1 0 0 0 0 0 0 0 0 0 0 -1 -1 -1 -1 -1 -1 -1 -1 -1 -1 -1 -1 -1 -1 -1 -1 -1 -1 -1 -1 -1 -1 -1 -1 -1 -1 -1 -1 -1 -1 -1 -1 -1 -1 -1 -1 -1 -1 -1 -1 -1 -1 -1 -1 -2 -2 -2 -2 -2 -2 -2 -2 -2 -2 -2 -2 -2 -2 -2 -2 -2 -2 -3 -3 -3 -3 -3 -3 -3 -3 -3 -3 -3 -3 -3 -3 -3 -3 -3 -3 -3 -3 -3 -3 -3 -3 -3 -3 -3 -3 -3 -2 -3 -3 -3 -2 -2 -3 -3 -3 -2 -2 -2 -1 -2 -2 -2 -2 -2 -3 -2 -2 -2 -2 -2 -2 -2 -2 -3 -3 -3 -3 -3 -3 -3 -4 -3 -4 -4 -4 -5 -4 -4 -5 -5 -4 -4 -4 -4 -4 -4 -5 -5 -5 -5 -5 -5 -5 -5 -5 -3 -3 -3 -3 -3 -2 -3 -3 -3 -4 -3 -3 -3 -3 -3 -4 -4 -4 -4 -4 -4 -4 -4 -4 -4 -4 -4 -4 -3 -3 -2 -2 -3 -3 -3 -3 -3 -4 -4 -5 -5 -5 -5 -5 -6 -6 -5 -6 -6 -6 -6 -5 -5 -5 -5 -5 -5 -5 -5 -5 -5 -5 -5 -4 -4 -4 -4 -4 -4 -3 -3 -2 -2 -3 -3 -3 -3 -3 -4 -3 -3 -3 -3 -3 -4 -4 -5 -5 -5 -5 -4 -5 -5 -5 -5 -5 -5 -4 4 3 4 3 3 3 4 3 3 4 3 3 4 4 4 4 4 3 4 4 5 5 4 4 4 5 6 6 6 5 3 2 1 0 -1 -1 -1 0 0 0 0 0 0 0 0 0 0 0 0 0 0 0 0 0 0 0 0 0 0 0 0 -1 -1 -1 -1 -1 -1 -1 -1 -1 -1 -1 -1 -1 -1 -1 -1 -1 -1 0 -1 -1 -1 -1 -1 -1 -1 -1 -1 -1 -1 -1 -1 -1 -1 -1 -1 -1 -1 -1 -1 -1 -1 -2 -2 -2 -2 -2 -1 -2 -2 -3 -3 -3 -3 -3 -3 -3 -3 -3 -3 -3 -2 -3 -3 -3 -3 -3 -3 -3 -3 -3 -3 -3 -3 -3 -3 -3 -3 -3 -2 -2 -2 -2 -2 -2 -2 -3 -2 -2 -1 -1 -1 -2 -2 -2 -2 -2 -3 -2 -2 -2 -2 -2 -2 -1 -2 -2 -2 -3 -3 -3 -3 -3 -3 -3 -3 -3 -4 -4 -4 -4 -4 -4 -4 -4 -4 -4 -4 -5 -5 -4 -4 -4 -5 -5 -5 -5 -3 -3 -3 -2 -2 -2 -2 -3 -3 -3 -3 -3 -3 -3 -4 -4 -4 -4 -4 -4 -4 -3 -3 -4 -4 -4 -4 -3 -3 -2 -2 -2 -3 -3 -3 -3 -3 -3 -4 -4 -4 -4 -5 -5 -6 -6 -6 -6 -5 -6 -5 -5 -5 -5 -4 -4 -4 -4 -4 -4 -4 -4 -4 -5 -4 -4 -4 -4 -4 -4 -3 -3 -2 -3 -3 -3 -3 -3 -3 -4 -3 -3 -3 -3 -3 -4 -4 -4 -5 -5 -4 -4 -5 -5 -5 -5 -5 -5 -4 -4 4 4 4 4 3 4 4 4 3 4 3 4 4 4 4 4 3 2 3 3 4 5 5 4 4 5 6 5 5 5 3 2 1 0 -1 -1 0 0 0 1 1 1 1 1 1 0 0 0 0 0 0 0 0 0 0 0 0 0 0 0 0 0 0 0 0 0 -1 -1 -1 -1 -1 -1 -1 -1 0 -1 -1 -1 0 0 0 -1 -1 0 -1 0 0 0 -1 -1 -1 -1 -1 -1 -1 -1 -1 -1 -1 -1 -1 -1 -1 -1 -1 -2 -2 -2 -1 -1 -1 -2 -2 -3 -3 -3 -3 -2 -2 -3 -2 -2 -2 -2 -2 -2 -3 -3 -3 -3 -3 -3 -3 -3 -3 -3 -3 -3 -3 -2 -2 -2 -2 -2 -2 -2 -2 -2 -1 -1 -1 -1 -1 -1 -2 -2 -2 -2 -2 -2 -2 -2 -2 -2 -2 -2 -2 -2 -3 -3 -3 -3 -3 -3 -3 -3 -3 -3 -3 -3 -4 -4 -3 -4 -3 -3 -3 -4 -4 -4 -4 -4 -4 -4 -4 -4 -5 -5 -3 -3 -3 -2 -2 -3 -3 -3 -3 -2 -2 -2 -3 -3 -3 -3 -3 -4 -4 -4 -4 -4 -3 -4 -3 -3 -3 -3 -3 -3 -3 -3 -3 -3 -4 -3 -3 -3 -3 -4 -4 -4 -4 -5 -5 -5 -6 -5 -5 -5 -5 -5 -5 -5 -5 -5 -5 -5 -5 -5 -4 -4 -4 -4 -4 -4 -4 -4 -4 -4 -4 -3 -2 -2 -2 -3 -3 -3 -3 -4 -4 -3 -3 -3 -3 -4 -4 -4 -4 -5 -4 -4 -4 -5 -5 -4 -5 -5 -5 -4 4 4 4 4 4 4 5 4 4 4 3 3 4 4 3 3 3 2 3 4 5 5 5 4 5 5 5 5 4 4 3 2 1 0 0 0 0 0 0 1 1 1 1 1 1 1 1 1 0 0 0 0 0 0 0 0 0 0 0 0 0 0 0 0 0 0 -1 -1 -1 -1 0 0 0 0 0 0 0 0 0 0 0 -1 0 0 0 0 0 0 0 -1 -1 -1 -1 -1 -1 -1 -1 -1 -1 -1 -1 -1 -1 -1 -1 -1 -2 -2 -2 -1 -1 -1 -2 -2 -3 -3 -2 -2 -2 -2 -2 -2 -2 -2 -2 -2 -2 -2 -2 -2 -2 -2 -2 -3 -3 -3 -2 -2 -2 -2 -2 -2 -2 -2 -2 -2 -2 -2 -1 -1 -1 -1 -1 -1 -2 -2 -2 -1 -2 -2 -2 -2 -2 -2 -2 -2 -2 -2 -3 -3 -3 -3 -3 -3 -3 -3 -3 -3 -3 -3 -3 -3 -3 -2 -2 -3 -2 -3 -3 -3 -4 -4 -4 -4 -4 -4 -4 -5 -3 -3 -2 -2 -2 -2 -3 -3 -2 -2 -2 -3 -3 -3 -3 -3 -3 -3 -3 -3 -4 -3 -3 -3 -3 -3 -3 -4 -3 -3 -3 -3 -3 -3 -4 -3 -3 -3 -4 -4 -4 -4 -4 -4 -5 -5 -5 -6 -5 -5 -5 -5 -5 -5 -5 -5 -5 -5 -5 -5 -5 -4 -4 -4 -4 -4 -4 -4 -4 -4 -4 -3 -3 -2 -2 -2 -2 -2 -3 -3 -4 -3 -3 -3 -3 -3 -4 -4 -4 -5 -4 -4 -4 -5 -5 -5 -5 -4 -4 -4 5 4 4 4 5 5 4 4 4 4 4 4 4 4 3 3 3 4 4 5 5 4 4 4 4 4 5 4 4 3 2 2 1 0 0 0 1 1 1 1 1 1 1 1 1 1 1 0 0 0 0 0 0 0 0 0 0 0 0 0 0 0 0 0 0 0 0 0 0 0 0 0 0 0 0 0 0 0 0 0 0 0 0 0 0 0 0 0 -1 -1 -1 0 -1 -1 -1 -1 -1 -1 -1 -1 -1 -1 -1 -1 -1 -1 -1 -2 -2 -1 -1 -1 -2 -2 -2 -2 -2 -2 -2 -2 -2 -2 -2 -2 -2 -2 -2 -2 -2 -2 -2 -2 -2 -2 -2 -2 -2 -2 -2 -2 -2 -2 -2 -2 -2 -2 -2 -1 -1 -1 -1 -1 -1 -2 -2 -1 -1 -1 -2 -2 -2 -2 -2 -2 -1 -2 -2 -2 -2 -2 -2 -2 -3 -3 -3 -3 -2 -3 -3 -2 -2 -2 -2 -2 -2 -2 -3 -3 -3 -3 -3 -3 -4 -4 -4 -4 -4 -3 -3 -3 -2 -2 -2 -2 -3 -2 -2 -2 -2 -2 -2 -3 -3 -3 -3 -3 -3 -3 -4 -3 -3 -3 -3 -3 -3 -3 -3 -3 -3 -3 -3 -4 -4 -4 -3 -3 -4 -4 -4 -4 -4 -4 -5 -5 -5 -5 -5 -5 -5 -5 -5 -5 -5 -5 -5 -5 -5 -5 -5 -5 -4 -4 -4 -4 -3 -3 -3 -3 -3 -3 -2 -2 -2 -2 -2 -3 -3 -3 -3 -3 -3 -3 -3 -3 -3 -4 -4 -4 -4 -4 -4 -5 -5 -5 -4 4 4 4 4 4 5 5 5 5 5 4 4 3 4 4 3 3 4 4 4 4 5 4 4 3 3 3 5 4 3 2 2 2 1 0 0 1 1 1 1 1 1 1 1 1 1 1 1 1 1 1 1 1 1 1 0 1 1 1 0 0 0 0 0 0 0 0 0 0 0 0 0 0 0 0 0 0 0 0 0 0 0 0 0 0 0 0 0 0 -1 0 0 0 0 -1 -1 -1 -1 -1 -1 -1 -1 -1 -1 -1 -1 -1 -1 -1 -1 -1 -1 -1 -1 -2 -2 -2 -2 -2 -2 -2 -2 -2 -2 -2 -2 -2 -2 -2 -2 -2 -2 -2 -2 -2 -2 -2 -2 -2 -2 -2 -2 -2 -2 -2 -2 -2 -2 -1 -1 -1 -1 -1 -1 -1 -1 -1 -1 -1 -2 -2 -1 -1 -1 -1 -1 -1 -2 -2 -2 -2 -2 -3 -2 -2 -2 -3 -3 -3 -2 -2 -2 -2 -2 -2 -2 -2 -3 -2 -3 -3 -3 -3 -3 -4 -4 -4 -4 -3 -3 -2 -2 -2 -2 -2 -3 -2 -2 -2 -2 -2 -2 -2 -2 -2 -2 -3 -3 -3 -3 -3 -3 -3 -3 -3 -3 -3 -3 -2 -3 -3 -4 -4 -4 -4 -4 -4 -4 -4 -4 -4 -4 -5 -5 -5 -5 -5 -5 -5 -5 -5 -5 -5 -5 -5 -5 -5 -5 -5 -5 -5 -4 -4 -4 -4 -4 -4 -3 -3 -3 -3 -3 -3 -3 -3 -3 -3 -3 -3 -3 -3 -3 -3 -3 -3 -3 -4 -4 -4 -4 -4 -4 -4 -4 -4 5 4 4 4 4 5 5 5 4 4 3 3 3 3 4 3 3 4 4 4 5 5 3 3 3 4 4 3 2 1 1 1 1 1 1 2 2 2 2 2 2 2 2 1 2 2 1 1 1 1 1 1 1 1 1 1 1 1 0 0 0 1 1 1 0 1 1 0 0 0 1 1 0 0 0 0 0 0 0 0 0 0 0 0 0 0 0 0 0 0 0 0 0 0 0 0 -1 -1 0 -1 0 -1 -1 -1 -1 -1 -1 -1 -1 -1 -1 -1 -1 -2 -2 -2 -2 -2 -2 -2 -2 -2 -2 -2 -2 -2 -2 -2 -2 -2 -2 -2 -2 -2 -2 -2 -2 -2 -2 -2 -2 -2 -2 -2 -2 -2 -1 -1 -1 -1 -1 -1 -1 -1 -1 -1 -1 -1 -1 -1 -1 -2 -2 -1 -1 -2 -2 -2 -2 -2 -3 -3 -2 -2 -2 -2 -3 -3 -2 -2 -3 -2 -2 -2 -2 -2 -2 -2 -2 -3 -3 -3 -3 -3 -4 -4 -2 -2 -2 -2 -2 -2 -2 -2 -2 -2 -1 -1 -2 -2 -2 -2 -2 -2 -3 -3 -3 -3 -3 -3 -3 -3 -3 -3 -3 -3 -2 -3 -3 -3 -3 -4 -4 -4 -4 -4 -4 -4 -4 -4 -4 -5 -5 -5 -5 -5 -5 -5 -5 -5 -5 -5 -5 -5 -5 -5 -5 -5 -4 -4 -4 -4 -5 -4 -4 -4 -4 -4 -3 -3 -4 -3 -3 -3 -3 -3 -3 -3 -3 -3 -3 -3 -3 -3 -3 -3 -3 -3 -3 -3 -3 -3 -4 6 6 5 4 4 4 4 3 3 3 3 3 3 3 2 2 3 4 4 5 5 5 5 4 2 2 2 2 1 1 1 1 1 2 2 2 2 2 2 2 2 2 2 2 2 1 1 1 1 1 1 1 1 1 1 1 1 1 1 1 1 1 1 1 1 1 1 1 1 1 1 0 1 1 1 0 1 1 1 0 0 0 1 0 0 0 0 0 0 0 0 0 0 0 0 0 0 0 0 0 0 0 -1 -1 -1 -1 -1 -1 -1 -1 -1 -1 -1 -2 -2 -2 -1 -2 -2 -2 -2 -1 -1 -1 -1 -2 -2 -2 -2 -2 -2 -2 -2 -2 -2 -2 -2 -2 -2 -2 -2 -2 -2 -2 -2 -1 -1 -1 -1 -1 -1 -1 -1 -1 -1 -1 -1 -1 -2 -2 -2 -2 -2 -2 -2 -2 -2 -2 -2 -3 -3 -2 -2 -3 -2 -2 -3 -2 -2 -3 -2 -2 -2 -2 -3 -2 -3 -2 -2 -3 -3 -3 -3 -4 -3 -2 -2 -1 -1 -2 -2 -1 -1 -2 -2 -2 -2 -1 -2 -2 -2 -2 -2 -3 -3 -3 -3 -3 -3 -3 -3 -3 -3 -3 -2 -2 -3 -2 -3 -3 -4 -4 -3 -4 -3 -3 -4 -4 -4 -4 -4 -4 -5 -5 -4 -4 -4 -4 -5 -5 -5 -5 -5 -5 -5 -5 -5 -5 -5 -5 -5 -5 -5 -5 -5 -4 -4 -3 -3 -4 -3 -3 -2 -3 -3 -3 -3 -3 -3 -3 -3 -2 -2 -2 -2 -3 -3 -3 -3 -2 -3 -3 5 4 4 4 4 3 4 4 5 5 4 5 4 3 3 2 3 4 4 5 6 6 4 4 3 3 3 2 2 2 2 2 2 2 2 2 2 2 2 2 2 2 2 2 2 2 1 1 1 1 1 1 1 1 1 1 1 1 1 1 1 1 1 1 1 1 1 1 1 1 1 1 1 1 1 1 1 1 1 1 1 0 0 0 0 0 1 1 0 0 0 0 0 0 0 0 0 0 0 0 0 0 0 0 -1 -1 -1 -1 -1 -1 -1 -1 -1 -1 -1 -1 -1 -1 -1 -2 -1 -1 -1 -1 -1 -1 -1 -1 -1 -1 -1 -2 -2 -1 -2 -2 -2 -2 -2 -2 -1 -1 -2 -2 -1 -1 -1 -1 -1 -1 -1 -1 -1 0 0 0 -1 -1 -2 -2 -2 -2 -2 -2 -2 -2 -3 -2 -3 -2 -2 -2 -2 -2 -2 -2 -2 -2 -2 -2 -2 -2 -2 -2 -3 -3 -3 -2 -2 -3 -3 -3 -3 -3 -1 -1 -1 -1 -1 -1 -1 -1 -1 -2 -2 -2 -2 -2 -2 -3 -3 -3 -3 -2 -3 -3 -3 -3 -3 -3 -3 -3 -3 -3 -2 -3 -3 -3 -3 -3 -3 -4 -4 -4 -4 -3 -4 -4 -4 -4 -4 -4 -4 -4 -4 -4 -4 -4 -4 -4 -4 -4 -5 -5 -5 -5 -5 -5 -5 -5 -5 -4 -4 -5 -5 -5 -4 -3 -4 -3 -3 -2 -2 -2 -2 -3 -3 -2 -2 -2 -2 -2 -2 -2 -2 -2 -2 -3 -2 5 5 5 5 6 6 7 7 5 5 4 3 2 4 4 4 5 4 4 4 3 3 2 2 2 2 2 2 2 2 3 3 3 3 3 2 2 2 2 2 2 2 2 2 2 2 2 2 1 1 1 1 1 1 1 1 1 1 1 1 1 1 1 1 1 1 1 1 1 1 1 1 1 1 1 1 1 0 1 1 1 1 1 1 1 0 0 0 0 0 0 0 0 0 0 0 0 0 0 0 0 -1 -1 -1 0 -1 -1 -1 -1 -1 -1 -1 -1 -1 -1 -1 -1 -1 -1 -1 -1 -1 -1 -1 -1 -1 -1 -1 -1 -1 -2 -2 -2 -2 -2 -2 -2 -1 -1 -1 0 -1 -1 -1 -1 -1 -1 -1 -1 -1 0 -1 -1 -1 -2 -2 -2 -2 -2 -2 -2 -1 -1 -2 -2 -3 -2 -2 -2 -2 -2 -2 -2 -2 -2 -2 -2 -2 -2 -2 -2 -3 -3 -2 -2 -3 -3 -3 -3 -3 -1 -1 -1 -1 -1 -1 -1 -1 -1 -1 -2 -2 -2 -2 -2 -2 -2 -2 -2 -2 -3 -3 -3 -3 -3 -3 -3 -3 -3 -3 -2 -3 -3 -3 -3 -3 -3 -3 -4 -4 -4 -4 -4 -4 -4 -4 -4 -4 -4 -4 -4 -4 -4 -4 -4 -4 -4 -4 -5 -5 -5 -5 -5 -5 -5 -4 -4 -4 -4 -3 -4 -4 -4 -4 -3 -3 -2 -2 -2 -2 -3 -3 -3 -2 -2 -2 -2 -2 -2 -2 -2 -2 -2 -2 -2 -2 -2 7 7 7 7 8 8 8 8 6 7 7 7 2 2 2 3 4 3 4 3 2 2 2 2 2 2 2 2 3 3 3 3 3 3 3 3 3 3 3 3 2 2 2 2 2 2 2 2 2 2 2 2 2 1 1 2 1 1 2 1 2 1 1 1 1 2 1 1 1 1 1 1 1 1 1 1 1 1 1 1 1 1 1 1 1 1 1 1 1 1 0 0 0 0 0 0 0 0 0 0 0 0 0 -1 -1 -1 -1 -1 -1 -1 -1 -1 -1 -1 -1 -1 -1 -1 -1 -1 -1 -1 -1 -1 -1 -1 -1 -1 -1 -1 -2 -1 -2 -2 -2 -2 -2 -1 -1 -1 0 0 -1 -1 -1 -1 -1 -1 -1 0 0 0 -1 -1 -1 -1 -1 -1 -2 -2 -1 -2 -2 -2 -2 -2 -2 -2 -2 -2 -2 -2 -2 -2 -2 -2 -3 -2 -2 -2 -2 -2 -2 -3 -2 -2 -3 -2 -2 -2 0 0 -1 -2 -1 -1 -1 -1 -2 -1 -2 -2 -2 -2 -2 -2 -2 -2 -2 -3 -3 -2 -3 -3 -2 -3 -3 -2 -3 -3 -3 -2 -3 -3 -3 -3 -3 -3 -3 -3 -4 -4 -4 -4 -4 -4 -4 -4 -4 -4 -4 -4 -4 -4 -4 -4 -4 -5 -5 -5 -5 -4 -4 -4 -4 -4 -3 -3 -3 -2 -3 -3 -3 -3 -4 -3 -2 -2 -2 -2 -3 -3 -2 -2 -2 -2 -2 -2 -2 -2 -2 -2 -2 -2 -2 -2 -2 8 9 9 9 9 9 8 8 8 7 6 5 3 2 3 2 2 2 2 2 2 2 2 3 3 3 3 3 3 3 3 3 3 3 3 3 3 3 2 2 2 2 2 2 2 2 2 2 2 2 2 2 2 2 2 2 2 2 2 2 2 2 2 2 1 1 1 1 1 1 1 1 1 1 1 1 1 1 1 1 1 1 1 1 1 1 1 1 0 0 0 0 0 0 1 0 0 0 0 0 0 0 0 0 0 -1 -1 -1 -1 -1 -1 -1 -1 -1 -1 -1 -1 -1 -1 -1 -1 -1 -1 -1 -1 -1 -1 -1 -1 -1 -1 -1 -1 -1 -1 -1 0 -1 0 -1 -1 -1 -1 -1 -1 -1 -1 0 0 0 0 0 0 0 -1 -1 -1 -1 -1 -1 -1 -2 -2 -2 -2 -2 -2 -2 -1 -1 -2 -2 -2 -2 -3 -2 -2 -2 -2 -1 -2 -2 -3 -3 -3 -2 -2 -2 -1 -1 -1 -1 -2 -1 -2 -2 -2 -2 -1 -2 -2 -1 -1 -1 -1 -2 -2 -2 -1 -2 -2 -2 -2 -3 -2 -2 -2 -2 -2 -3 -3 -3 -3 -3 -3 -3 -3 -3 -3 -3 -3 -3 -4 -4 -4 -4 -4 -4 -4 -4 -4 -4 -4 -4 -4 -4 -5 -5 -5 -4 -3 -3 -3 -4 -4 -3 -3 -2 -2 -3 -3 -2 -3 -4 -3 -3 -2 -2 -2 -2 -2 -2 -2 -2 -2 -2 -2 -2 -2 -2 -2 -2 -2 -2 10 9 9 9 9 8 8 8 8 6 6 5 4 3 3 4 3 2 3 3 3 3 3 3 3 3 3 3 3 3 3 3 3 3 3 3 3 3 3 3 3 3 3 3 2 2 2 2 2 2 2 2 2 2 2 2 2 2 2 2 2 2 2 2 2 2 2 1 1 1 2 2 1 1 1 1 1 1 2 1 1 1 1 1 1 1 1 1 1 1 1 1 1 0 0 0 0 0 0 0 0 0 0 0 0 -1 -1 -1 -1 -1 -1 -1 -1 -1 -1 -1 -1 -1 -1 -1 -1 -1 -1 -1 -1 -1 -1 -1 -1 -1 -1 -1 -1 -1 -1 -1 -1 0 -1 -1 -1 -1 -1 -1 -1 -1 0 0 -1 -1 -1 0 0 -1 -1 0 -1 -1 -1 -2 -2 -2 -2 -2 -2 -2 -2 -2 -1 -2 -2 -2 -3 -3 -2 -2 -2 -2 -2 -2 -2 -2 -2 -3 -3 -2 -2 -1 -1 -1 -1 -1 -1 -1 -1 -1 -1 -1 -1 -1 -1 -1 -1 0 -1 -2 -2 -1 -1 -2 -2 -2 -3 -2 -2 -2 -2 -2 -3 -3 -3 -3 -3 -4 -3 -3 -3 -3 -3 -3 -3 -4 -4 -4 -4 -4 -4 -4 -4 -4 -4 -4 -4 -4 -4 -4 -4 -4 -4 -3 -3 -2 -2 -2 -3 -3 -2 -2 -2 -2 -3 -3 -3 -2 -2 -2 -2 -2 -2 -2 -2 -2 -2 -2 -2 -2 -2 -2 -2 -2 -2 -2 9 9 8 8 8 8 8 8 8 7 6 6 5 6 6 7 6 4 3 4 4 3 3 3 3 4 4 4 4 4 4 4 4 4 4 4 3 3 3 3 3 3 3 3 3 3 3 3 3 2 2 2 2 2 2 2 2 2 2 2 2 2 2 2 2 2 2 2 2 2 2 2 2 1 1 2 1 2 2 2 2 1 2 2 2 2 1 1 1 1 1 1 1 1 1 1 1 1 1 1 0 0 0 1 1 0 0 -1 -1 -1 -1 -1 0 0 0 0 0 0 0 0 0 -1 -1 -1 -1 -1 -1 -1 -1 -1 -1 -1 -1 -1 -1 -1 -1 -1 0 0 -1 0 0 0 0 0 0 0 0 0 0 -1 -1 -1 -1 -1 -1 -1 -1 -2 -2 -2 -2 -1 -1 -2 -2 -2 -2 -2 -2 -2 -2 -3 -2 -2 -2 -2 -2 -2 -2 -1 -2 -2 -3 -3 -2 -2 -1 -1 -1 -1 -1 -1 -1 -1 -1 -1 -1 -1 -1 0 0 0 0 0 -1 -1 -1 -2 -2 -2 -2 -2 -2 -2 -2 -1 -1 -3 -3 -3 -3 -3 -3 -3 -3 -3 -3 -3 -3 -3 -4 -4 -4 -3 -3 -4 -4 -4 -4 -3 -3 -3 -3 -3 -3 -2 -3 -4 -4 -3 -3 -2 -2 -2 -2 -2 -2 -1 -1 -2 -2 -3 -3 -2 -2 -1 -1 -2 -2 -2 -2 -2 -2 -2 -2 -2 -2 -2 -3 -2 -1 9 8 8 7 8 8 8 8 8 7 8 7 8 7 8 8 7 6 5 4 4 3 3 3 3 4 4 4 4 4 4 4 4 4 4 4 4 4 4 3 3 3 3 3 3 3 3 3 3 3 3 3 2 2 2 2 2 2 2 2 2 2 2 2 2 2 2 2 2 2 2 2 2 2 2 2 2 2 2 2 2 2 2 2 2 2 2 2 1 1 1 1 1 1 1 1 1 1 1 1 1 1 1 1 1 1 1 0 0 0 0 0 0 0 0 0 0 0 0 0 0 0 0 0 0 -1 -1 0 -1 0 -1 -1 -1 -1 -1 -1 -1 -1 -1 0 0 0 0 0 0 0 0 0 0 0 0 0 0 -1 -1 -1 -1 -1 -1 -1 -2 -2 -2 -2 -1 -1 -2 -2 -2 -2 -2 -2 -2 -2 -3 -2 -2 -2 -2 -2 -2 -2 -2 -2 -2 -3 -3 -2 -2 -1 -1 -1 -1 -1 -1 -1 -1 -1 -1 -1 -1 0 0 0 0 0 0 0 0 -1 -1 -1 -1 -2 -2 -2 -2 -1 -1 -1 -2 -2 -2 -2 -2 -3 -3 -3 -3 -3 -3 -3 -3 -4 -4 -3 -3 -3 -3 -4 -4 -4 -4 -4 -3 -3 -2 -2 -2 -2 -3 -4 -3 -3 -2 -1 -1 -1 -2 -1 -1 -1 -2 -2 -3 -3 -3 -2 -1 -1 -1 -1 -2 -2 -2 -2 -2 -2 -2 -2 -2 -2 -2 -2 -2 9 8 9 8 8 7 8 9 9 9 10 10 9 9 10 9 7 6 5 4 4 3 3 3 4 4 4 4 4 4 4 4 4 4 4 4 4 4 4 3 3 3 3 3 3 3 3 3 3 3 3 3 3 3 2 2 2 3 3 2 2 2 2 2 2 2 2 2 2 2 2 2 2 2 2 2 2 2 2 2 2 2 2 2 2 2 2 1 1 1 1 1 1 1 1 1 1 1 1 1 1 1 1 1 1 1 1 1 0 0 0 0 0 0 0 0 0 0 0 0 0 0 0 0 0 0 0 0 0 0 0 0 0 0 0 -1 -1 -1 -1 0 0 0 0 0 0 0 0 0 0 0 0 0 0 0 -1 -1 0 -1 -1 -1 -2 -1 -1 -1 0 -1 -1 -1 -2 -1 -1 -2 -1 -2 -3 -2 -2 -2 -2 -2 -2 -2 -2 -2 -2 -2 -3 -3 -2 -1 -1 -1 -1 -1 -1 -1 -1 -1 -1 -1 -1 0 0 0 0 0 0 -1 0 0 -1 -2 -2 -2 -2 -2 -2 -1 -1 -1 -2 -1 -2 -2 -2 -2 -3 -3 -3 -3 -3 -3 -4 -4 -4 -3 -3 -3 -3 -4 -4 -3 -4 -4 -4 -4 -2 -2 -2 -1 -2 -3 -3 -2 -1 -2 -1 -2 -1 -1 -1 0 -1 -2 -3 -3 -2 -1 -1 -1 -1 -1 -2 -2 -2 -2 -2 -2 -2 -2 -2 -2 -2 -2 10 9 9 10 10 9 9 8 7 8 9 9 9 9 9 10 10 9 7 7 7 6 5 4 3 4 4 4 4 4 4 4 4 4 4 4 4 4 4 4 4 4 3 3 3 3 3 3 3 3 3 3 3 3 3 3 3 3 3 3 3 3 2 2 3 2 3 3 2 2 2 2 2 2 2 2 2 2 2 2 2 2 2 2 2 2 2 2 2 2 2 1 1 1 1 1 1 1 1 1 1 1 1 1 1 1 1 1 1 1 1 0 0 0 0 0 0 0 0 0 0 0 0 0 0 0 0 0 0 0 0 0 0 0 0 0 0 -1 -1 -1 -1 0 0 0 0 0 0 1 0 0 0 0 0 0 0 0 -1 0 0 0 -1 0 -1 0 0 0 0 -1 -1 -1 -1 -1 -1 -1 -1 -2 -3 -2 -2 -2 -2 -2 -2 -2 -2 -2 -2 -3 -3 -3 -3 -1 -1 -1 -1 -1 -1 0 -1 -1 -1 0 0 0 0 0 0 -1 0 -1 0 0 -1 -1 -2 -2 -2 -2 -1 -1 -1 -2 -2 -2 -2 -2 -3 -2 -2 -3 -3 -3 -4 -4 -4 -4 -3 -3 -3 -3 -3 -3 -4 -3 -3 -2 -3 -3 -3 -3 -3 -2 -1 -2 -3 -3 -2 -2 -2 -2 -2 -1 -1 -1 -1 -2 -2 -2 -2 -1 -1 -2 -2 -1 -1 -1 -1 -2 -2 -2 -2 -2 -2 -2 -2 -1 10 10 11 11 10 9 10 9 7 8 9 9 8 8 8 9 10 9 8 9 9 8 6 4 4 4 4 4 5 5 5 5 5 5 5 5 5 4 4 4 4 4 4 4 4 4 4 3 3 3 3 3 3 3 3 3 3 3 3 3 3 3 3 3 3 3 3 3 3 3 2 3 3 2 2 2 2 3 3 2 2 2 2 2 2 2 2 2 2 2 2 2 1 1 1 2 2 2 2 2 2 1 1 1 1 1 1 1 1 1 1 1 1 1 0 0 1 1 1 1 1 0 0 0 0 0 0 0 0 0 0 0 0 0 0 0 0 -1 0 0 0 1 0 0 1 0 0 0 0 0 0 0 0 0 0 0 0 0 0 0 0 0 0 0 0 0 -1 -1 -1 -1 -1 -1 -1 -1 -1 -1 -2 -3 -2 -2 -2 -2 -2 -2 -2 -2 -2 -2 -2 -2 -2 -1 -1 -1 0 0 0 0 0 0 0 0 0 0 0 0 0 -1 -1 0 0 0 0 0 -1 -2 -1 -1 -1 -1 -2 -2 -3 -3 -3 -3 -3 -3 -2 -2 -3 -3 -4 -4 -4 -3 -3 -3 -3 -3 -3 -3 -3 -3 -3 -2 -1 -2 -3 -2 -2 -2 -1 -1 -1 -2 -2 -2 -2 -2 -2 -2 -1 -1 0 -1 -1 -1 -1 -1 -1 -1 -2 -2 -1 -1 -1 -1 -2 -2 -2 -2 -2 -2 -1 11 11 11 10 9 9 9 9 8 7 8 8 8 8 7 9 10 10 10 9 8 7 6 5 4 4 4 5 5 5 5 5 5 5 5 5 5 5 5 5 5 4 4 4 4 4 4 4 4 4 4 4 4 3 4 4 4 3 3 3 3 3 3 3 3 3 3 3 3 3 3 3 3 3 3 2 2 3 3 3 3 3 2 2 2 3 2 2 2 3 3 3 2 1 1 2 2 2 2 2 2 2 2 1 1 1 1 1 1 1 1 1 1 1 1 1 1 1 1 1 1 1 1 1 1 1 0 0 0 0 0 0 0 0 0 0 0 -1 -1 0 0 1 1 0 1 1 1 1 0 0 0 0 0 1 1 0 0 0 0 0 0 0 0 0 0 0 -1 -1 -1 -1 -1 -1 -1 -1 -1 -2 -2 -2 -2 -2 -2 -2 -2 -2 -2 -2 -2 -2 -2 -2 -2 -1 -1 0 0 0 0 0 0 0 0 0 0 0 -1 -1 -1 -1 -1 0 0 0 0 0 -1 -1 -1 -1 -1 -1 -1 -2 -3 -3 -3 -3 -3 -3 -2 -3 -3 -3 -4 -4 -3 -3 -3 -3 -3 -3 -3 -3 -3 -2 -2 -2 -2 -1 -2 -3 -2 -2 -1 -1 -1 -1 -1 -1 -2 -2 -2 -1 -1 0 0 0 0 0 0 -1 -1 -1 -1 -2 -2 -1 -1 -1 -1 -2 -1 -2 -2 -2 -2 11 10 9 10 9 8 8 8 8 8 7 7 7 8 8 9 10 11 10 8 7 6 6 5 4 4 5 5 5 5 5 5 5 5 5 5 5 5 5 5 4 4 4 4 4 4 4 4 4 4 4 4 4 4 4 4 4 4 4 3 3 3 3 3 3 4 4 4 4 4 4 4 3 3 3 3 3 3 3 3 3 3 3 3 3 3 2 2 2 3 3 2 2 2 2 2 2 2 2 2 2 2 2 2 2 2 1 1 1 1 1 1 1 1 1 1 1 1 1 1 1 1 1 1 1 1 1 1 1 0 0 0 0 0 0 0 0 0 0 0 1 1 1 1 1 1 1 1 1 0 0 1 1 1 0 0 0 0 0 1 0 0 0 0 0 -1 -1 -1 -1 0 0 -1 -1 -1 -2 -2 -2 -2 -2 -2 -2 -2 -2 -2 -2 -2 -2 -2 -2 -2 -1 -1 0 0 0 0 0 0 0 0 0 0 -1 -1 0 0 0 0 0 0 0 0 0 -1 -1 -1 -1 -1 0 -1 -2 -2 -3 -3 -3 -3 -3 -3 -3 -3 -3 -3 -3 -3 -3 -3 -3 -3 -3 -3 -2 -3 -2 -2 -1 -1 -1 -1 -2 -2 -2 -1 -1 -1 -1 -1 -1 -1 -2 -1 -1 -1 0 -1 -1 0 0 0 0 -1 -1 -1 -1 -1 -1 -1 -1 -2 -2 -2 -2 -2 -2 -2 12 11 11 11 11 10 9 9 10 9 7 7 7 7 8 7 9 9 9 8 7 6 6 5 5 5 5 5 6 6 6 6 6 6 6 6 5 5 5 5 5 5 5 5 5 5 4 4 4 4 4 4 4 4 4 4 4 4 4 4 3 3 4 3 4 4 4 4 4 4 4 4 4 4 4 4 4 3 3 3 3 3 3 3 3 3 3 3 3 3 3 2 2 2 2 2 2 2 2 2 2 2 2 2 2 2 2 2 1 1 1 1 1 1 1 1 1 1 1 1 1 1 1 1 1 1 1 1 1 1 1 1 1 0 0 0 0 0 0 1 2 2 1 1 1 1 1 1 1 1 0 0 1 1 0 0 0 0 0 1 1 0 0 0 0 0 0 -1 0 0 0 0 -1 -1 -2 -2 -2 -2 -2 -2 -1 -2 -1 -1 -1 -2 -2 -2 -2 -2 -1 0 0 0 -1 0 0 -1 0 0 0 -1 -1 0 0 0 0 0 0 0 0 0 0 -1 0 -1 -1 0 0 -1 -1 -2 -3 -3 -3 -3 -3 -3 -3 -3 -3 -3 -3 -3 -3 -3 -3 -3 -2 -2 -2 -2 -2 -1 -1 -1 -1 -1 -1 -2 -2 -2 -1 -1 -1 -1 -1 -1 -1 -1 0 0 0 -1 -1 -1 -1 -1 -2 -2 -2 -2 -1 -1 -1 -1 -1 -1 -1 -2 -2 -2 -1 12 12 12 11 10 9 8 8 8 9 9 8 7 7 8 8 9 9 8 6 6 5 5 5 5 6 6 6 6 6 6 6 6 6 6 6 6 6 6 5 5 5 5 5 5 5 5 5 5 5 5 4 4 4 4 4 4 4 4 4 4 4 4 4 4 4 4 4 4 4 4 4 4 4 4 4 4 3 3 3 3 3 3 3 4 3 3 3 3 3 2 2 2 2 2 2 2 2 2 2 2 2 2 2 2 2 2 2 1 1 1 1 1 1 2 2 2 1 1 1 1 1 1 1 1 1 1 1 1 1 1 1 1 1 0 0 0 1 0 1 2 2 2 2 2 1 2 1 1 1 0 1 1 1 1 1 0 1 1 1 0 0 0 0 0 0 0 0 0 0 0 -1 -1 -1 -1 -1 -1 -1 -2 -2 -2 -1 -1 -1 -1 -2 -2 -2 -2 0 0 0 -1 -1 0 -1 -1 -1 -1 -1 -1 0 0 0 0 1 1 0 0 0 0 0 -1 -1 -1 -2 -1 -1 -2 -2 -2 -3 -3 -3 -3 -3 -3 -3 -3 -3 -3 -3 -3 -3 -3 -3 -3 -3 -3 -3 -2 -2 -2 -1 -1 -1 -1 0 -1 -1 -1 -2 -1 -1 -1 -1 -1 -1 0 0 0 0 -1 -1 -1 -1 -1 -2 -2 -2 -2 -2 -2 -1 -1 -1 -2 -2 -2 -2 -2 -1 12 12 12 12 11 10 10 10 11 11 10 9 9 8 7 7 8 9 10 9 7 7 6 6 6 6 6 6 6 6 6 6 6 6 6 6 6 6 6 6 5 5 5 5 5 5 5 5 5 5 5 5 5 5 5 5 4 4 4 4 4 4 5 5 4 4 4 4 4 4 4 4 4 4 4 4 4 4 4 4 4 4 4 3 4 4 3 3 3 3 2 2 2 2 2 2 2 2 3 2 2 3 2 2 2 2 3 3 2 2 1 1 1 2 2 2 2 2 2 2 2 2 1 1 1 1 1 1 1 1 1 1 1 1 1 1 1 0 1 0 2 2 2 2 2 1 1 2 2 1 1 1 1 1 1 1 1 1 1 1 1 1 0 0 0 0 0 0 0 0 0 0 0 -1 -1 -1 -1 -1 -1 -1 -2 -1 -1 -1 -1 -1 -2 -2 -2 -2 0 0 0 -1 -1 -1 -1 -1 -1 0 -1 0 0 0 0 1 1 1 0 -1 -1 -1 -1 -1 -2 -1 -2 -2 -2 -2 -2 -2 -2 -3 -2 -2 -3 -3 -3 -3 -3 -3 -3 -3 -2 -2 -2 -2 -2 -3 -3 -3 -3 -2 -2 -1 -2 -1 -1 0 -1 -1 -1 -1 -1 -1 -1 0 0 0 0 0 0 -1 -1 -1 -1 0 -1 -1 -2 -2 -3 -2 -2 -1 -2 -3 -2 -2 -2 -2 -1 12 12 11 11 10 11 12 12 12 12 11 10 9 8 7 7 7 7 8 8 7 7 6 6 6 6 6 7 7 7 7 7 6 6 6 6 6 6 6 6 5 5 5 5 5 5 5 5 5 5 5 5 5 5 5 5 5 4 4 4 4 5 5 5 5 5 4 4 4 4 4 4 4 4 4 4 4 4 4 4 4 4 4 4 4 4 3 3 3 3 3 3 3 3 3 2 2 3 3 3 3 3 3 2 2 2 2 2 2 2 1 1 1 2 2 2 2 2 2 2 2 2 2 2 2 1 1 1 1 1 1 1 1 1 1 1 1 1 1 1 2 2 2 2 1 1 1 2 2 2 2 1 1 1 1 1 1 1 1 1 1 1 0 0 0 0 0 0 0 0 0 0 0 0 -1 -1 -1 -1 -1 -1 -1 -1 -1 -1 -1 -1 -1 -1 -1 -1 0 0 0 0 0 0 0 0 0 0 -1 0 0 0 0 0 1 0 0 -1 -1 -2 -1 -1 -1 -2 -2 -2 -2 -2 -2 -2 -2 -2 -2 -2 -2 -2 -3 -2 -2 -2 -2 -2 -2 -2 -2 -2 -1 -2 -2 -3 -3 -3 -2 -2 -2 -2 -1 -1 -1 0 -1 -1 -1 -1 0 0 0 0 1 0 0 0 0 0 0 0 -1 -1 -1 -2 -2 -3 -2 -2 -3 -2 -2 -1 -1 -1 -1 -1 -1 -2 13 13 12 12 11 12 12 12 11 11 11 10 10 9 9 8 8 7 7 6 7 7 6 6 6 7 7 7 7 7 7 7 7 7 7 7 7 6 6 6 6 6 6 6 6 6 6 5 5 5 5 5 5 5 5 5 5 5 5 5 5 5 5 5 5 5 5 4 4 4 4 4 4 4 4 4 4 4 4 4 4 4 4 4 4 4 4 3 3 3 3 3 3 3 3 3 2 3 3 3 3 3 3 3 2 2 2 2 3 2 2 2 2 2 2 2 2 2 2 2 2 2 2 2 2 2 2 2 2 1 1 1 1 1 1 1 1 1 1 1 2 2 2 2 2 2 2 2 2 2 2 2 1 1 1 1 1 1 1 1 1 1 1 1 1 1 1 1 0 0 0 0 1 0 0 0 -1 -1 -1 -1 -1 -1 -1 -1 -1 -1 -1 -1 -1 -1 0 0 0 0 0 0 0 0 0 0 0 0 0 0 0 0 0 0 0 -1 -1 -1 -2 -2 -2 -2 -2 -2 -2 -2 -2 -2 -2 -2 -2 -2 -2 -2 -2 -3 -2 -2 -2 -2 -2 -1 -2 -1 -1 -1 -2 -3 -2 -2 -1 -2 -1 -1 0 0 0 0 0 -1 0 -1 -1 0 0 0 0 0 0 0 0 0 0 0 0 -1 -2 -2 -2 -3 -2 -2 -3 -2 -2 -1 -1 -2 -1 -2 -2 -2 -2 14 13 12 12 13 13 12 12 11 10 10 9 9 9 9 8 8 8 8 7 7 7 7 7 7 7 7 7 7 7 7 7 7 7 7 7 7 7 7 6 6 6 6 6 6 6 6 5 5 5 5 5 5 5 5 5 5 5 5 5 5 5 5 5 5 5 5 5 5 5 5 5 5 5 5 5 5 4 4 4 4 4 4 4 4 4 4 4 3 3 4 4 3 3 3 3 3 3 3 3 3 3 3 3 3 3 3 3 2 2 2 2 2 2 2 2 2 2 2 2 2 2 2 2 2 2 2 2 2 2 2 1 1 1 1 1 1 1 1 2 2 2 2 2 2 2 2 2 2 2 2 2 1 1 1 2 2 2 2 2 2 1 1 1 1 1 1 1 1 0 0 0 1 0 0 -1 -1 -1 -1 -1 -1 -1 -1 -1 -1 -1 -1 -1 -1 0 0 0 0 0 0 0 0 0 0 0 0 0 0 0 0 0 -1 -1 -1 -1 -1 -1 -1 -1 -1 -1 -1 -1 -1 -2 -2 -2 -2 -2 -2 -2 -2 -2 -2 -3 -2 -2 -2 -2 -2 -2 -1 -1 -1 -2 -2 -2 -1 -1 -1 -2 -1 -1 0 0 0 0 0 -1 0 0 1 0 0 0 -1 0 -1 0 0 1 1 1 0 -1 -2 -2 -2 -2 -2 -2 -3 -3 -3 -3 -2 -1 -2 -2 -2 -2 -3 -3 14 13 13 14 14 14 13 12 11 10 10 10 10 10 10 9 8 7 7 7 7 7 7 7 8 8 8 8 7 7 7 7 7 7 7 7 7 7 6 6 6 6 6 6 6 6 6 6 6 6 5 5 6 6 5 5 5 5 5 5 5 5 5 5 5 5 5 5 5 5 5 5 5 5 5 5 5 4 4 4 4 4 4 4 4 4 4 4 4 4 4 4 4 4 3 3 3 3 3 3 3 3 3 3 3 3 3 2 2 2 2 2 2 2 3 3 2 2 2 2 2 2 2 2 2 2 2 2 2 2 2 2 2 2 2 2 1 1 2 2 2 2 2 2 2 2 2 2 2 2 2 1 1 2 2 2 2 2 2 1 1 1 1 1 1 1 1 1 1 0 1 1 0 0 0 -1 -1 -1 -1 -1 -1 -1 -1 -1 -1 -1 -1 -1 0 0 0 0 0 0 0 0 1 1 1 1 0 -1 0 0 0 -1 -1 -1 -1 -1 -1 -1 -1 -1 -1 -1 -1 -1 -1 -1 -2 -2 -2 -2 -2 -2 -2 -2 -2 -1 -2 -2 -2 -1 -1 -1 -1 -1 -1 -1 -1 -1 0 -1 -1 -1 -1 -1 -1 -1 0 0 0 0 0 1 1 1 0 -1 -1 -1 0 0 1 0 0 0 -1 -1 -1 -1 -1 -1 -2 -2 -3 -3 -3 -3 -3 -2 -2 -3 -2 -3 -3 -2 15 15 15 14 14 13 12 12 11 11 11 11 11 10 9 9 8 7 7 7 8 8 8 8 8 8 8 8 8 8 8 8 8 7 7 7 7 7 7 7 6 6 6 6 6 6 6 6 6 6 6 6 6 6 5 5 5 5 5 5 5 5 5 5 5 5 5 5 5 5 5 5 5 5 5 5 5 5 5 5 5 5 5 5 4 4 4 4 4 4 4 4 4 4 3 3 3 3 3 3 3 4 4 3 3 3 3 2 2 2 3 3 3 3 3 3 3 2 2 2 2 2 2 2 2 2 2 2 2 2 2 2 2 2 2 1 1 3 2 2 2 2 2 2 2 2 3 2 2 2 1 1 1 1 2 2 2 2 1 1 1 1 1 1 1 1 1 1 0 1 1 1 0 0 0 0 -1 0 -1 -1 -1 -1 -1 -1 -1 -1 -1 0 0 0 0 1 1 1 1 0 0 1 1 0 0 0 0 0 -1 -1 -1 -1 -1 -1 -1 -1 -1 -1 -1 -1 -1 -1 -1 -1 -1 -1 -2 -2 -2 -1 -1 -1 -1 -1 -1 -2 -2 -2 -1 -1 -1 -2 -2 -1 -1 0 0 0 0 -1 -1 0 0 0 1 0 1 1 2 1 0 1 0 -1 -1 0 1 0 -1 -1 -1 0 -1 -2 -1 0 0 0 -1 -2 -2 -3 -3 -3 -3 -2 -2 -3 -3 -3 -3 -1 15 14 13 13 12 12 11 11 11 10 10 10 10 9 8 8 7 8 8 8 8 8 8 8 8 8 8 8 8 8 8 8 8 8 8 7 7 7 7 7 7 7 7 6 6 6 6 6 6 6 6 6 5 5 5 6 6 5 5 5 5 5 5 5 5 5 5 5 5 5 5 5 5 5 5 5 5 5 5 5 5 5 4 4 4 4 4 5 4 4 4 4 4 3 3 3 3 3 3 4 4 3 3 3 3 3 3 3 3 3 3 3 3 3 3 3 3 3 3 3 2 2 2 2 2 2 2 2 2 2 2 2 2 2 1 2 2 2 2 2 2 2 2 2 3 2 2 2 2 1 1 2 2 2 2 2 2 1 1 1 1 1 1 1 1 1 0 0 1 0 0 0 0 0 -1 0 0 0 -1 -1 -1 -1 -1 -1 -1 1 1 1 1 1 1 1 1 1 1 1 1 1 0 0 -1 -1 -1 -1 -1 -1 -1 -1 -1 -1 -1 -1 -1 -1 -1 -1 -1 -1 -1 -1 -1 -1 -1 -1 -1 -1 -1 -1 -1 -1 -2 -2 -2 -1 -1 -2 -1 -1 0 -1 0 0 0 0 0 0 0 0 0 1 1 1 1 0 0 0 0 0 -1 0 0 0 0 -1 -1 -1 -1 -1 -1 -1 0 -1 -1 -1 -1 -2 -2 -2 -3 -3 -2 -3 -3 -2 -2 -1 -1 -1 14 13 13 13 13 12 11 10 9 9 10 9 8 8 8 8 8 8 8 8 8 8 8 8 8 8 8 8 8 8 8 8 7 7 7 7 7 7 7 7 7 6 6 6 6 6 6 6 6 6 6 6 6 6 6 6 5 6 6 6 6 5 5 5 5 5 5 5 5 5 5 5 5 5 5 5 5 5 5 5 4 4 4 5 5 5 5 4 4 4 4 3 3 3 3 4 4 4 4 3 3 3 3 3 3 3 3 3 3 3 3 3 3 3 3 3 3 3 3 3 3 2 2 2 2 2 2 2 2 2 2 2 3 3 3 3 3 3 3 2 2 2 2 3 2 2 2 1 2 2 2 2 2 2 2 1 1 1 1 1 1 1 1 1 0 1 1 0 0 0 0 0 0 0 -1 -1 -1 -1 -1 -1 0 0 1 1 1 1 1 1 1 1 1 1 1 0 0 0 0 0 -1 -1 0 0 0 0 0 0 0 -1 -1 -1 -1 -1 -1 -1 -1 -1 -1 -1 -1 -1 -1 -1 -1 -1 -1 -1 -1 -1 -2 -2 -2 -2 -2 -1 -1 -1 -1 -1 -1 -1 0 0 0 0 -1 0 0 1 1 1 0 0 0 0 0 -1 0 0 0 -1 -1 -1 -1 -1 -2 -1 0 -1 -1 -2 -2 -1 -2 -2 -2 -2 -3 -2 -3 -3 -2 -3 -1 -1 -1 0 0 14 14 13 12 11 10 10 9 8 9 8 8 8 8 8 9 9 8 8 8 8 8 8 8 8 8 8 8 8 8 8 8 7 7 7 7 7 7 7 7 7 6 6 6 6 6 6 6 6 6 6 6 6 6 5 6 6 6 6 6 5 5 5 5 5 5 6 5 5 5 5 5 5 5 5 5 5 5 5 5 5 5 5 5 5 5 4 4 4 3 3 3 3 4 4 4 4 4 4 4 4 3 3 3 3 3 3 3 3 3 3 3 3 3 3 3 3 3 3 3 3 3 2 2 2 2 2 2 2 2 3 3 3 3 3 3 3 3 3 3 3 3 2 2 2 2 2 2 2 2 2 2 2 2 1 1 1 1 1 1 1 1 1 1 1 1 0 0 0 0 0 0 -1 -1 -1 -1 -1 -1 -1 0 1 1 1 1 1 1 1 1 1 1 0 0 0 0 0 0 0 0 0 0 0 0 0 0 0 0 0 0 0 -1 -1 -1 -1 -1 -1 -1 -1 -1 0 0 0 -1 -1 -1 0 -1 -1 -1 -1 -1 -2 -2 -2 -2 -1 -1 -1 -1 0 0 0 -1 0 0 0 1 2 2 2 1 0 0 0 0 0 -1 -1 -1 -1 -1 -2 -1 -1 -1 0 0 -1 -2 -2 -2 -2 -2 -3 -2 -3 -2 -3 -3 -3 -3 -1 -1 -1 -1 0 0 15 14 13 13 12 11 10 9 9 8 8 8 8 8 9 9 9 9 9 9 9 9 9 9 8 8 8 8 8 8 8 8 8 8 8 8 8 8 8 7 7 7 7 7 7 7 7 7 7 7 7 7 7 6 6 6 6 6 7 7 7 6 6 7 7 7 6 7 7 7 6 6 6 6 6 6 6 6 6 6 5 6 6 6 5 5 5 5 5 5 4 4 4 4 4 5 5 5 5 5 4 4 4 4 4 4 4 4 4 4 4 4 4 4 4 4 4 4 4 4 3 3 3 3 3 3 3 3 3 3 4 4 4 4 4 4 4 4 4 4 4 3 3 3 3 3 3 3 3 3 3 3 2 2 2 2 2 2 2 2 2 2 2 2 2 2 1 1 0 0 0 0 0 0 0 0 0 0 0 0 0 0 0 0 1 1 0 0 0 0 -1 -1 -1 -1 -1 0 0 0 0 0 0 -1 -1 -1 -1 -1 -1 -1 -1 -1 -1 -1 -1 -1 -1 -1 -1 -1 -1 -1 -1 -1 -1 -1 -1 -1 -1 -1 -1 -1 -1 -1 -1 -1 -1 -1 -1 0 0 -1 -1 0 0 0 0 1 2 1 1 0 0 0 0 0 0 0 0 0 0 0 -1 -1 -1 -1 0 0 -1 -2 -2 -2 -3 -3 -2 -2 -3 -3 -3 -3 -3 -3 -3 -3 -3 -3 -3 -3 14 13 13 12 11 11 10 10 9 9 8 8 9 9 9 9 9 9 9 9 9 9 9 9 9 9 9 9 8 8 8 8 8 8 8 8 8 8 7 7 7 7 7 7 7 7 8 7 7 8 8 7 7 7 7 7 7 7 7 7 7 7 7 7 7 7 7 7 7 7 7 7 7 6 6 6 6 6 6 5 5 6 6 5 5 5 5 5 5 5 4 4 4 4 5 5 5 5 5 5 4 4 4 4 4 4 4 4 4 4 4 4 4 4 4 4 4 4 4 4 4 3 3 3 3 3 3 3 3 4 4 4 4 4 4 4 4 4 4 4 3 3 3 3 3 3 3 3 3 3 3 2 2 2 2 2 2 2 2 2 2 2 2 2 2 2 1 1 0 0 0 0 1 1 1 1 1 1 0 0 0 0 0 1 1 0 0 0 0 0 0 0 0 0 0 0 0 0 0 0 0 -1 0 -1 -1 -1 -1 -1 -1 -1 -1 -1 -1 -1 -1 -1 -1 -1 -1 -1 -1 0 0 0 0 0 0 0 0 0 -1 0 -1 0 0 -1 -1 0 0 0 0 0 0 0 1 1 1 0 0 0 1 1 1 0 0 1 1 1 0 -1 0 -1 -1 -1 -1 -1 -2 -2 -2 -2 -2 -1 -2 -2 -2 -3 -3 -3 -2 -3 -3 -3 -3 -3 -3 -3 13 13 13 12 11 10 10 10 9 9 9 9 9 9 9 9 9 9 9 9 9 9 9 9 9 9 9 9 9 9 8 9 8 8 8 8 8 8 7 7 7 7 7 7 8 8 8 7 8 8 8 8 8 7 7 7 7 7 7 7 7 7 7 7 7 7 7 7 7 7 7 7 7 7 7 6 6 6 6 6 6 6 6 6 6 6 5 5 5 5 4 4 4 5 5 5 5 5 5 5 5 4 4 4 4 4 4 4 4 4 4 4 4 4 4 4 4 4 4 4 4 3 3 3 3 3 3 3 4 4 4 4 4 4 4 4 4 4 4 4 3 3 3 3 3 3 3 3 3 3 3 3 3 2 2 2 2 2 2 2 2 2 2 2 2 2 1 1 1 1 1 1 1 1 1 1 0 0 0 0 0 0 1 1 1 0 0 0 0 0 0 0 0 0 0 0 0 0 0 0 0 0 0 0 -1 -1 -1 -1 -1 -1 -1 -1 -1 -1 -1 -1 -1 -1 -1 -1 -1 0 0 0 1 1 0 0 0 0 0 0 1 0 0 0 0 0 0 0 0 0 1 1 2 2 1 1 0 1 1 1 0 0 1 1 1 0 0 0 0 0 0 -1 -1 -1 0 -1 -1 -1 -1 -2 -2 -2 -3 -3 -3 -2 -3 -3 -3 -3 -3 -3 -3 13 13 12 12 11 10 10 10 9 9 9 9 9 9 9 9 9 9 9 9 9 9 9 9 9 9 9 9 9 9 8 8 8 8 8 8 8 8 8 8 8 7 7 7 7 7 7 7 7 7 7 8 8 8 8 7 8 8 7 7 7 7 7 7 7 7 7 7 7 7 7 7 7 7 7 7 6 6 6 6 6 6 6 6 6 6 6 6 6 5 5 5 5 5 5 5 5 5 5 5 5 5 5 4 5 5 5 5 5 5 5 5 4 4 4 4 4 4 4 4 4 4 4 4 4 3 3 3 4 4 4 4 4 4 4 4 4 4 4 4 4 3 3 3 4 3 3 3 3 3 3 3 3 3 3 3 3 2 3 3 2 2 2 2 1 1 1 1 1 1 1 1 2 1 1 1 1 0 1 1 0 0 1 1 1 0 0 0 0 0 0 0 0 0 0 0 0 0 0 0 0 0 0 0 0 -1 -1 0 -1 -1 -1 -1 -1 -1 -1 -1 -1 -1 -1 0 0 0 1 1 1 1 1 1 1 1 1 1 0 0 1 0 0 0 0 0 0 1 1 1 2 2 2 1 1 1 1 1 1 1 1 1 0 0 0 0 0 -1 -1 -1 -1 0 0 0 0 -1 -2 -2 -2 -2 -3 -3 -3 -2 -3 -3 -3 -3 -3 -3 12 12 11 10 10 9 9 9 9 9 10 10 10 10 10 10 10 10 9 9 9 9 9 9 9 9 9 9 9 9 9 8 9 8 8 8 8 8 8 8 8 8 7 7 7 7 7 7 8 8 8 8 8 8 8 8 8 8 8 7 7 8 8 8 7 8 7 7 7 7 7 7 7 7 7 7 6 6 6 6 6 6 6 6 6 6 6 6 6 6 5 5 5 5 5 5 5 5 5 5 5 5 5 5 5 5 5 5 5 5 5 5 5 4 4 4 4 4 4 4 4 4 4 4 4 4 4 5 5 5 5 4 4 4 4 4 4 4 4 4 4 3 4 4 4 3 3 3 3 3 3 3 3 3 3 3 3 3 2 3 3 2 2 2 1 1 1 1 1 2 2 2 1 1 1 1 1 1 1 0 0 1 1 0 0 1 1 1 1 1 1 0 0 0 0 0 0 0 0 0 0 0 0 0 0 0 0 0 -1 -1 0 0 -1 -1 0 0 0 0 0 1 1 0 1 1 1 1 1 2 2 2 1 1 1 0 0 0 1 1 1 1 2 1 1 2 2 2 2 2 1 1 1 1 2 1 1 0 0 0 1 0 0 -1 0 0 0 0 0 0 -1 -2 -2 -2 -2 -2 -3 -2 -3 -3 -3 -3 -3 11 11 11 10 10 10 9 9 9 9 10 10 10 10 10 10 10 10 10 10 10 10 10 9 9 9 9 9 9 9 9 9 9 9 9 8 8 8 8 8 8 8 8 8 8 8 8 8 8 8 8 9 9 8 8 8 8 8 8 8 8 8 8 8 8 8 8 8 7 7 7 7 7 7 7 7 7 6 6 6 6 6 6 6 6 7 7 6 6 6 6 5 5 5 5 5 5 5 5 5 5 5 5 5 5 5 5 5 5 5 5 5 5 5 5 5 5 4 4 4 4 4 4 4 4 4 4 5 5 5 5 5 5 4 4 5 5 5 4 4 4 4 4 4 4 4 4 3 3 3 3 3 3 3 3 3 3 3 3 2 3 3 3 3 2 2 1 1 1 2 2 2 2 2 1 1 1 1 1 1 1 1 1 1 1 1 1 1 1 1 1 1 0 0 0 0 0 0 0 0 0 0 0 0 0 0 0 0 0 0 -1 0 0 0 -1 -1 -1 0 0 1 1 1 0 1 1 2 2 2 2 2 2 2 2 1 1 2 1 1 2 2 2 2 2 1 2 2 2 2 2 2 2 2 2 2 1 1 0 0 0 1 0 0 0 0 0 1 0 0 -1 -1 -2 -2 -2 -2 -2 -2 -2 -3 -3 -3 -2 -2 11 10 10 10 11 10 10 10 10 10 10 10 10 10 10 10 10 10 10 10 10 10 10 10 9 10 10 9 9 9 9 9 9 9 9 9 8 8 8 8 8 8 8 8 8 8 8 8 8 9 9 9 8 8 8 8 8 8 8 8 8 8 7 7 8 8 8 8 7 7 7 7 7 7 7 7 7 6 6 6 6 7 7 6 6 6 6 6 6 6 5 5 6 6 6 5 5 5 5 5 5 5 5 5 5 5 5 5 5 5 5 5 5 5 5 5 5 4 4 4 4 4 4 4 4 5 5 5 5 5 5 5 5 5 5 5 4 4 4 4 4 4 4 4 4 4 3 3 3 3 4 3 3 3 3 3 3 3 3 3 3 3 2 2 2 1 2 2 2 2 2 2 2 2 1 2 1 1 1 1 1 1 1 1 1 1 1 1 1 1 1 1 0 0 0 0 0 0 0 0 0 0 0 0 0 0 0 0 0 0 0 0 0 0 0 0 1 1 2 1 0 1 1 1 1 2 3 3 2 2 2 2 2 2 2 3 2 2 2 2 2 1 2 2 1 1 1 1 2 2 2 2 1 1 0 1 1 1 1 0 0 1 1 0 0 -1 -1 -1 -2 -2 -2 -2 -1 -1 -2 -3 -3 -3 -3 -2 12 12 11 10 10 10 10 10 10 10 11 11 11 10 10 10 10 10 10 10 10 10 10 10 10 10 10 10 9 9 9 9 9 9 9 9 9 9 9 9 9 9 8 8 8 8 8 8 8 8 8 8 8 8 8 8 9 9 8 8 8 8 8 7 7 8 8 8 8 8 8 8 7 7 7 7 7 7 7 7 7 7 7 7 7 6 6 6 7 7 6 6 6 6 6 6 5 5 5 5 5 5 6 5 6 5 5 5 5 5 5 5 5 5 5 5 5 5 5 5 4 4 4 4 4 5 5 5 5 5 5 5 5 5 5 5 5 5 4 4 4 4 4 4 4 4 4 3 3 3 4 4 4 4 4 3 3 3 3 3 3 3 2 2 2 2 2 2 2 2 2 2 2 2 2 2 2 1 1 1 1 1 1 1 1 1 1 1 1 1 1 1 1 1 1 0 0 0 0 0 0 0 0 0 0 0 0 1 1 0 0 1 0 0 0 0 1 1 2 1 0 0 0 0 1 2 2 3 2 2 2 2 2 3 2 2 2 2 1 2 2 1 2 2 1 1 1 2 2 2 2 1 1 1 1 1 1 1 1 1 1 1 1 0 0 0 -1 -1 -1 -1 -1 -2 -1 -1 -2 -3 -3 -3 -3 -2 11 10 10 10 11 11 11 11 11 11 11 11 10 10 10 10 10 10 10 10 10 10 10 10 10 10 10 10 10 9 9 9 9 9 9 9 9 9 9 9 9 9 9 9 9 8 8 8 8 8 8 8 8 9 9 9 9 9 8 8 8 8 7 7 8 8 8 7 8 8 8 8 7 7 7 7 7 7 7 7 7 7 7 7 7 7 7 7 7 6 6 6 6 6 6 5 5 6 6 6 6 6 6 6 6 6 5 5 5 5 5 5 5 5 5 5 5 5 5 5 5 4 4 5 5 5 5 5 5 5 5 5 5 5 5 5 5 5 4 4 4 4 4 4 4 4 4 4 4 4 4 4 3 3 3 3 3 2 2 2 2 2 2 2 2 2 2 2 2 2 2 2 2 2 2 2 2 1 1 1 2 1 1 1 1 1 1 1 1 1 1 1 1 1 1 1 0 0 0 1 1 0 0 0 0 1 1 0 0 0 1 1 0 1 1 1 1 1 0 1 1 1 1 1 1 3 3 2 2 2 2 2 2 2 2 2 2 1 2 1 2 2 1 1 2 1 2 2 2 2 1 1 1 2 2 2 2 1 2 2 2 1 0 -1 -1 -1 -1 -1 -1 -1 -1 -1 -1 -2 -3 -3 -2 11 11 11 11 11 11 11 11 11 11 11 11 11 11 10 10 10 10 10 10 10 10 10 10 10 10 10 10 10 10 10 10 9 9 9 9 9 9 9 9 9 9 9 9 9 9 9 8 8 8 8 8 9 9 9 9 9 9 8 8 8 8 8 7 7 8 8 7 7 7 8 8 8 7 7 7 7 7 7 7 7 7 7 7 6 6 7 7 7 6 6 6 6 6 6 6 6 6 6 6 6 6 6 6 6 6 6 6 6 6 5 5 5 5 5 5 5 5 5 5 5 5 5 5 5 5 5 5 5 5 5 5 5 5 5 5 4 5 5 5 5 4 4 4 4 4 4 4 4 4 4 4 3 3 3 3 3 3 3 2 3 2 2 2 2 2 2 2 2 3 3 2 2 2 2 2 2 2 2 2 2 2 2 2 1 1 1 1 1 1 1 1 1 1 1 1 0 0 1 1 1 1 1 1 0 1 1 1 0 1 1 0 1 1 1 0 1 0 1 1 2 2 2 2 2 3 3 3 2 2 2 2 3 2 2 2 2 2 2 1 2 1 1 1 1 1 1 2 2 2 2 2 2 2 2 2 2 2 2 2 2 1 0 0 -1 0 -1 -1 -1 -1 -1 -1 -1 -2 -3 -3 -3 11 11 11 11 11 11 11 11 11 11 11 11 11 11 11 11 11 11 11 11 11 10 10 11 11 11 10 10 10 10 10 10 10 10 10 10 9 9 9 9 9 9 9 9 9 9 9 9 9 8 8 8 9 9 9 9 9 9 9 9 9 8 8 8 8 8 7 7 7 8 8 8 8 7 7 7 7 7 7 7 7 7 7 7 7 7 7 8 8 8 7 7 6 6 6 6 6 6 6 6 6 6 6 6 6 6 6 6 6 6 6 6 6 6 6 5 5 5 5 5 5 5 5 6 5 6 6 5 5 5 5 5 5 5 5 5 5 5 5 5 5 5 4 4 4 4 4 4 4 4 4 4 4 4 4 4 4 4 4 3 3 3 3 2 2 2 2 2 2 3 3 3 2 2 2 2 2 2 2 2 2 2 2 2 2 2 2 1 1 1 1 1 1 1 1 1 1 0 1 1 1 1 1 1 1 1 1 1 1 1 1 1 1 1 1 1 0 0 1 1 1 1 1 2 3 2 2 2 2 2 2 2 2 2 3 2 2 2 2 2 1 1 2 2 2 2 1 2 2 2 3 2 2 2 2 2 2 2 2 2 1 1 1 1 0 0 -1 -1 -1 -1 -1 -2 -1 -2 -2 -3 12 11 11 11 11 11 11 11 11 11 11 11 11 11 11 11 11 11 11 11 11 11 11 11 11 11 11 11 11 11 11 10 10 10 10 10 10 10 10 10 10 10 10 10 10 9 9 9 9 9 9 9 9 8 8 9 9 9 9 9 9 9 9 9 8 9 8 8 8 7 7 8 8 8 8 7 7 7 7 7 7 7 7 7 7 7 7 7 7 8 8 7 7 6 6 6 6 6 6 6 6 6 6 6 6 6 6 6 6 6 6 6 6 6 6 6 6 6 6 6 5 5 5 5 5 6 6 6 6 5 5 5 5 5 5 5 5 5 5 5 5 5 5 5 5 4 4 4 4 4 4 4 4 4 4 4 4 4 4 4 4 4 3 3 3 2 2 2 3 3 3 3 3 3 2 3 2 2 2 2 2 2 2 2 2 2 2 2 2 2 2 2 1 1 1 1 1 1 1 1 1 1 1 1 1 1 1 1 1 1 1 1 1 1 1 1 1 1 1 0 1 1 1 0 1 2 2 2 1 2 2 2 2 2 1 2 2 2 2 2 2 2 2 2 2 2 2 3 2 2 2 2 3 2 2 2 2 2 1 2 2 1 1 1 1 1 0 0 -1 -1 -1 -1 -1 -1 -1 -2 -2 -2 13 12 12 12 12 11 11 11 11 11 11 12 12 11 11 11 11 11 11 11 11 11 11 11 11 11 11 11 11 11 11 11 10 10 10 10 10 10 10 10 10 10 10 10 10 10 10 9 10 9 9 9 9 9 9 9 9 9 9 9 9 9 9 9 9 9 9 9 8 7 8 8 8 8 7 7 8 8 8 7 7 7 7 7 7 7 7 7 7 7 7 7 7 7 7 7 7 6 6 6 6 6 6 6 6 6 6 6 6 6 6 6 6 6 6 6 6 6 6 6 6 6 5 5 6 6 6 6 6 6 6 6 5 5 5 5 5 5 5 5 5 5 5 5 4 4 5 5 5 5 4 4 4 4 4 4 4 4 4 4 4 3 3 3 2 3 3 3 3 3 3 2 2 2 3 2 2 2 2 2 2 3 2 2 2 2 2 2 2 2 2 1 2 2 2 2 2 1 1 1 1 1 1 1 1 1 1 1 1 1 1 1 1 1 1 1 1 1 1 1 0 0 1 1 2 2 1 1 1 1 1 1 1 2 2 3 3 2 2 2 2 3 3 2 2 2 3 3 2 2 2 3 3 2 2 2 2 1 1 1 1 1 0 1 1 1 0 -1 -1 -1 -1 0 0 -1 13 13 13 12 11 12 11 11 11 11 12 12 12 12 12 12 12 11 11 11 11 11 11 11 11 11 11 11 11 11 11 11 11 11 10 10 10 10 10 10 10 10 10 10 10 10 10 10 9 9 9 9 9 9 9 9 9 9 9 9 9 9 9 9 9 9 9 8 8 8 8 8 8 8 7 8 8 8 7 8 7 7 7 7 7 7 8 8 7 8 8 8 8 8 7 7 6 6 7 7 6 6 6 6 6 7 7 7 6 6 6 6 6 6 6 6 6 6 6 6 6 6 5 6 6 6 6 6 6 6 6 6 6 6 5 5 5 5 5 5 5 5 5 5 5 5 5 5 5 5 4 4 4 4 4 4 4 4 4 4 3 4 3 3 3 3 3 4 3 3 3 2 2 3 3 3 3 3 3 3 3 2 2 3 3 3 2 2 2 2 2 2 2 2 2 2 2 2 1 1 1 1 1 1 1 1 1 1 1 1 1 0 0 0 0 1 1 1 1 0 0 0 1 2 1 1 1 1 1 2 2 2 2 2 3 3 3 2 3 2 3 3 3 2 2 2 3 2 2 3 3 3 2 2 3 2 2 1 2 1 1 1 0 0 1 0 -1 -1 0 -1 0 13 12 12 12 11 11 12 12 12 12 12 12 12 12 12 12 12 11 11 11 11 12 11 11 11 11 11 11 11 11 11 11 11 11 11 10 10 10 10 10 10 10 10 10 10 10 10 10 10 10 10 9 9 9 9 9 9 9 9 9 9 9 9 9 9 9 9 8 8 8 8 8 8 8 8 8 8 7 8 8 7 7 7 8 7 8 7 8 8 9 8 8 8 8 7 7 7 7 7 7 7 6 7 7 7 7 7 6 7 7 7 7 6 6 6 6 6 6 6 6 6 6 6 6 6 6 6 6 6 6 6 6 6 6 6 5 5 5 5 5 5 5 5 5 5 5 5 4 4 4 4 4 4 4 4 4 4 4 4 4 4 3 3 3 3 4 3 3 3 3 2 3 3 3 3 3 3 3 3 3 3 3 2 3 3 2 3 3 3 3 2 2 2 2 2 2 1 1 1 1 1 1 1 2 2 1 1 1 1 1 1 1 1 1 1 1 1 1 0 0 1 2 1 1 1 1 2 3 3 3 3 2 3 4 3 3 3 3 3 3 3 3 2 2 3 3 3 3 3 3 3 3 3 2 2 2 2 2 2 2 1 0 0 0 0 0 1 1 14 14 13 12 12 12 12 12 12 12 12 12 12 12 12 12 12 12 12 12 12 12 12 12 12 12 11 11 11 11 11 11 11 11 11 11 11 11 11 10 10 10 10 10 10 10 10 10 10 10 10 10 10 10 10 9 9 9 9 9 9 9 9 9 9 9 9 9 9 9 9 8 8 8 8 8 8 8 8 8 8 8 8 8 8 8 8 8 8 9 8 8 8 8 7 7 8 8 7 7 7 6 6 7 7 7 7 7 7 7 7 7 7 7 6 6 6 6 6 6 6 7 7 6 6 6 6 6 6 6 6 6 6 6 6 6 6 6 6 6 5 5 5 5 5 5 5 5 4 5 5 5 5 5 4 5 5 5 5 4 4 4 3 3 4 4 4 3 3 3 3 3 3 3 3 3 3 3 3 3 3 3 3 3 3 3 3 3 3 3 2 2 2 2 2 2 1 2 2 2 2 2 2 2 2 1 1 1 1 1 1 1 1 1 1 2 1 1 1 0 0 1 1 1 2 3 2 2 3 3 3 3 3 4 3 3 4 3 3 3 4 3 2 2 3 3 4 3 3 2 3 3 2 2 1 1 1 1 1 1 0 0 0 1 2 14 14 13 14 13 13 12 12 12 12 12 12 12 12 12 12 12 12 12 12 12 12 12 12 12 12 12 12 11 11 11 11 11 11 11 11 11 11 11 11 10 11 10 10 10 10 10 10 10 10 10 10 10 10 10 10 10 10 10 9 9 9 9 9 9 9 9 9 9 9 9 8 8 8 8 8 8 8 8 8 8 8 8 8 8 9 9 9 9 9 8 8 8 7 8 8 7 7 8 8 7 7 7 7 7 7 7 7 7 7 7 7 7 7 7 7 7 6 6 6 6 7 7 7 6 6 7 7 6 6 6 6 6 6 6 6 6 6 6 6 6 5 5 5 5 5 5 5 5 4 4 5 5 5 5 5 5 5 5 5 4 4 4 4 4 4 4 4 4 4 3 3 3 3 3 3 3 3 3 3 3 3 3 3 3 3 3 3 3 3 2 2 2 2 2 2 2 2 2 2 2 2 2 2 2 1 1 1 1 2 2 2 1 2 1 1 2 2 1 1 1 1 2 2 3 3 2 2 2 3 3 4 4 4 3 3 3 3 3 3 4 4 2 3 3 3 3 2 2 2 2 1 1 1 0 1 1 0 0 0 1 1 14 13 13 13 13 13 13 12 13 12 12 12 12 12 12 12 12 13 12 12 12 12 12 12 12 12 12 12 12 12 12 12 12 11 11 11 11 11 11 11 11 11 11 11 11 11 10 10 10 10 10 10 10 10 10 10 10 10 10 10 10 10 9 9 9 9 9 9 9 9 9 9 9 8 8 8 8 8 8 8 8 8 8 9 9 9 9 9 9 9 8 8 8 8 9 9 8 7 8 8 8 7 7 7 7 7 7 7 7 7 7 7 7 7 7 7 7 7 6 6 6 7 7 7 7 7 7 7 7 7 7 7 7 6 6 6 6 6 6 6 6 6 6 6 5 5 6 5 5 5 4 5 5 5 5 5 5 5 5 5 5 4 4 4 4 4 4 4 4 4 4 4 3 3 3 3 3 3 3 3 3 3 3 3 3 3 4 3 3 3 2 2 2 2 2 2 2 2 3 3 3 2 2 1 2 2 2 2 2 2 3 2 2 2 2 2 2 2 1 2 1 1 2 2 2 2 2 3 3 3 3 4 4 4 4 3 3 3 4 4 4 3 2 2 2 3 3 2 2 2 2 2 1 1 1 1 1 1 1 1 1 14 13 13 13 13 13 13 13 13 13 13 13 12 12 12 13 13 13 12 12 13 13 13 13 12 12 12 12 12 12 12 12 12 12 12 12 11 11 11 11 11 11 11 11 11 11 11 11 10 10 11 11 11 11 11 10 10 10 10 10 10 10 10 10 10 10 10 10 10 10 10 9 9 9 9 9 9 9 8 8 8 8 8 8 8 8 8 9 9 9 8 9 8 8 9 9 8 8 8 8 7 7 7 7 7 7 7 7 7 7 7 7 7 7 7 7 7 7 7 7 7 7 7 7 7 7 7 7 7 7 7 7 7 7 7 7 6 6 6 6 6 6 6 6 6 6 6 6 5 5 5 4 5 5 5 6 6 5 5 5 5 5 5 4 4 4 3 4 4 4 4 4 4 3 3 4 4 4 4 3 3 3 3 3 3 3 3 3 3 3 2 2 3 2 3 3 3 3 2 2 2 1 1 2 2 2 2 3 3 3 3 3 3 2 3 2 3 2 2 2 2 2 2 2 3 2 2 2 3 3 4 4 4 4 4 3 3 3 4 4 3 2 2 2 2 2 2 1 2 2 2 1 1 2 1 1 1 1 1 14 14 14 14 14 13 13 13 13 13 14 13 13 12 13 13 13 13 13 13 13 13 13 13 13 12 12 12 12 12 12 12 12 12 12 12 12 12 12 11 11 11 11 11 11 11 11 11 11 11 11 11 11 11 11 11 11 11 10 10 10 10 10 10 10 10 10 10 10 10 10 9 9 9 9 9 9 9 9 9 8 8 8 9 9 9 9 10 10 9 9 8 8 8 9 9 8 9 9 8 8 8 7 7 7 7 7 7 7 7 7 7 7 7 7 7 7 7 7 7 7 7 7 7 7 7 7 7 7 7 7 7 7 7 7 7 7 7 6 6 6 6 6 6 6 6 6 6 6 6 5 5 5 5 5 5 6 5 5 5 5 5 5 5 5 4 4 3 4 4 4 4 4 4 4 4 4 4 4 4 4 3 3 3 3 4 4 3 3 3 2 3 3 3 3 3 3 3 2 2 2 2 2 2 3 3 3 4 4 4 4 3 3 3 3 3 3 2 2 2 2 3 3 2 2 3 3 3 4 4 4 3 3 3 3 3 2 2 2 2 2 2 1 2 2 2 1 1 1 2 2 15 15 14 14 14 14 14 13 13 14 14 14 13 13 13 13 13 13 13 13 13 13 13 13 13 13 13 12 13 12 13 13 13 12 12 12 12 12 12 12 12 12 12 12 11 11 11 11 11 11 11 11 11 11 11 11 11 11 10 10 10 10 10 10 10 10 10 10 10 10 10 9 9 9 9 9 9 9 9 9 9 9 9 9 9 10 10 11 11 10 9 9 9 8 9 9 8 8 9 9 9 8 7 7 7 8 8 7 7 7 7 7 7 7 7 7 7 7 7 7 7 7 7 7 7 7 7 7 7 7 7 7 7 7 7 7 7 7 7 6 6 6 6 6 6 6 6 6 6 6 5 5 5 5 5 5 6 5 5 5 5 5 5 5 5 4 4 4 4 4 4 4 4 4 4 4 4 4 4 4 4 3 3 4 4 4 4 3 3 3 3 3 3 3 3 3 3 2 2 2 2 2 3 2 3 3 3 3 4 4 4 3 3 3 2 2 2 2 2 2 3 3 2 3 3 3 3 4 3 3 3 3 3 3 3 3 2 2 2 15 15 15 14 15 14 14 13 13 13 13 13 13 13 13 13 13 13 13 13 13 13 13 13 13 13 13 13 12 12 12 12 12 12 12 12 12 12 11 11 11 11 11 11 11 11 11 11 11 11 11 11 11 11 11 11 11 11 11 11 10 10 10 10 10 10 10 10 9 9 9 9 9 9 9 9 9 9 10 11 11 10 10 10 10 9 10 9 8 9 9 10 9 8 8 8 8 8 7 7 7 7 7 7 7 7 7 7 7 7 7 7 7 8 8 8 8 8 7 7 7 7 7 7 7 7 7 7 7 7 7 6 6 6 6 6 6 6 6 6 7 6 6 6 5 5 5 5 6 6 6 6 5 5 6 6 5 5 4 4 4 4 4 4 4 4 4 4 4 4 4 4 4 4 4 4 4 4 4 4 3 3 3 3 3 3 2 2 3 2 3 3 3 3 4 4 4 4 3 3 3 3 3 2 2 2 3 3 3 3 3 4 3 3 3 3 14 14 14 13 13 13 13 14 14 14 13 13 13 13 13 13 13 13 13 13 13 13 13 13 12 12 12 12 12 12 12 12 12 11 11 11 11 11 11 11 11 11 11 11 11 11 11 11 11 11 11 11 11 11 11 11 11 10 10 10 10 10 10 9 9 9 9 9 10 10 10 10 10 11 12 11 11 11 11 11 11 10 9 10 10 10 10 9 9 8 8 8 8 8 7 7 7 8 8 8 8 7 7 8 8 7 7 8 8 8 8 7 7 7 7 7 7 7 7 7 7 7 7 7 7 7 6 7 7 7 6 6 6 6 7 7 6 6 6 5 5 5 6 6 6 6 5 5 6 6 6 5 4 4 4 4 4 4 5 5 5 5 5 4 4 4 4 4 4 4 4 4 4 4 4 3 3 2 2 2 2 3 3 4 4 3 3 4 4 3 4 4 3 3 3 3 3 3 3 3 14 14 14 14 14 14 14 14 14 14 14 13 13 13 13 13 13 13 13 13 13 13 13 13 12 12 12 12 12 12 12 11 11 11 12 12 12 12 11 11 11 11 11 11 11 11 11 11 11 11 11 11 11 11 11 10 10 10 10 10 10 9 10 9 9 9 9 10 10 11 11 11 11 12 11 11 11 11 11 11 11 10 10 10 10 9 9 8 8 8 8 8 8 8 8 8 8 8 8 8 7 7 7 7 8 8 8 8 8 8 8 8 8 7 7 7 7 7 7 7 7 7 7 7 7 7 7 7 6 6 6 6 7 7 7 6 6 5 5 5 5 6 6 6 6 6 6 5 5 5 5 4 4 4 4 5 5 5 5 5 5 5 4 4 4 4 4 4 4 4 4 4 4 3 3 4 3 3 3 4 3 3 4 14 14 14 14 14 14 14 15 14 13 13 13 13 13 13 13 13 13 13 13 12 12 12 12 12 12 12 11 11 11 12 12 12 12 12 12 12 12 12 12 12 12 11 11 11 11 11 11 11 11 11 11 10 10 10 10 9 9 9 9 9 10 10 10 10 10 10 10 11 12 11 10 10 10 11 11 12 11 10 9 9 9 9 9 9 8 8 8 8 8 8 8 8 8 8 8 8 8 8 7 7 8 8 8 8 8 8 8 8 8 8 7 7 7 7 7 7 7 7 7 7 7 7 7 7 6 6 6 6 6 7 7 7 6 6 5 5 5 6 6 6 6 6 5 5 5 5 5 4 4 4 4 5 5 5 5 5 5 5 5 5 5 4 4 5 4 4 4 4 15 15 15 14 14 14 14 15 14 14 13 13 12 12 13 13 13 13 13 13 13 13 12 12 13 12 12 12 12 12 12 12 12 12 12 12 12 12 12 12 12 12 12 12 12 11 11 11 11 11 11 11 10 10 10 10 10 10 10 10 10 10 10 11 11 11 10 10 11 12 12 11 10 10 10 10 11 11 11 10 9 9 9 9 9 9 9 9 8 8 8 8 8 8 8 8 8 8 8 8 8 8 8 9 9 8 8 8 8 8 8 8 8 8 8 7 8 7 7 7 7 7 7 7 7 6 6 6 7 7 7 7 7 7 6 5 5 6 6 6 6 7 6 6 6 6 6 5 5 4 4 5 5 5 5 5 5 5 5 5 5 5 5 5 5 4 4 15 15 15 15 15 15 14 14 13 13 13 13 13 13 13 13 13 13 13 13 13 13 13 13 13 13 12 12 12 12 12 12 12 12 12 12 12 12 12 12 12 12 12 12 11 11 11 11 11 10 10 10 10 10 10 11 11 10 11 10 11 11 12 12 11 12 13 13 12 11 11 10 10 10 11 11 10 9 10 10 10 9 9 9 9 9 9 9 9 8 8 8 8 8 8 8 8 8 8 9 9 9 9 8 8 8 8 8 8 8 8 8 8 8 8 7 8 8 8 8 8 7 7 7 7 7 7 7 7 6 6 6 6 6 6 6 6 7 6 5 5 5 5 5 5 5 5 5 5 5 5 5 5 5 5 5 5 5 5 5 5 16 16 15 15 14 14 14 14 13 13 13 13 13 13 13 13 13 13 13 13 13 13 12 12 12 12 12 13 13 13 13 12 12 12 12 12 12 12 12 12 11 11 12 11 11 11 11 12 11 11 12 12 11 11 12 11 11 12 13 13 13 13 12 12 11 11 11 11 10 11 11 11 11 10 9 10 10 9 9 9 8 8 9 8 8 8 8 8 8 8 8 8 8 8 8 9 9 9 9 9 9 8 9 9 9 8 8 8 8 8 8 8 8 8 8 8 8 8 8 8 7 7 6 6 6 6 6 6 7 6 6 6 5 6 5 5 5 5 5 5 5 5 5 5 5 5 5 5 5 5 5 17 16 16 15 15 14 14 13 12 13 14 13 12 13 13 14 13 13 13 13 12 12 12 13 13 13 13 13 13 13 13 13 13 12 12 12 12 12 12 11 11 12 12 13 12 13 13 13 13 14 13 12 12 12 13 13 13 13 13 12 13 13 12 11 11 11 11 11 11 11 11 10 10 10 9 9 9 9 9 9 9 9 9 8 8 8 8 8 8 8 8 8 8 8 9 9 9 9 9 9 9 9 9 9 8 8 8 8 8 8 9 9 8 8 8 9 9 8 7 6 6 6 7 7 7 7 6 6 6 6 6 6 6 5 5 5 5 5 6 5 5 6 5 6 6 5 17 17 16 15 15 15 14 13 14 14 14 12 13 14 14 14 13 13 13 13 13 13 13 13 13 13 13 13 13 13 13 13 13 13 12 12 12 12 12 12 12 13 13 13 13 14 14 15 15 14 13 14 14 13 13 12 12 12 12 13 13 13 12 12 11 11 11 11 11 10 10 10 10 10 9 9 9 9 9 9 10 9 9 8 8 8 8 8 8 8 8 8 8 9 9 9 9 9 9 9 9 9 9 8 8 8 9 9 9 8 8 9 9 8 9 8 7 7 7 7 7 7 6 6 6 6 5 5 5 6 6 6 6 6 17 16 16 16 15 15 15 15 14 13 14 15 15 14 13 13 14 14 13 13 13 14 14 13 13 13 13 13 13 13 13 13 13 12 12 12 12 12 12 12 13 12 12 13 14 14 15 15 14 15 15 14 13 13 12 12 12 12 12 12 12 12 12 11 11 11 11 11 11 11 11 11 10 10 10 11 10 10 10 10 9 9 9 9 8 8 8 8 8 8 8 9 9 9 9 9 10 10 10 9 9 8 9 9 9 9 9 9 9 9 9 8 7 5 6 6 6 6 6 16 17 17 17 16 15 15 15 15 15 15 14 14 13 14 14 14 13 13 14 14 14 14 14 14 14 14 13 13 13 13 13 12 12 12 13 13 13 14 14 13 13 14 14 15 16 16 16 16 16 15 14 14 13 12 12 12 12 12 12 12 12 11 12 12 11 11 11 11 11 12 11 11 11 12 12 11 11 10 9 9 9 9 9 9 8 8 8 8 8 9 9 9 9 9 10 10 10 10 9 9 9 9 9 9 8 10 10 6 6 18 18 18 18 17 16 15 15 15 15 14 14 14 14 14 14 14 14 14 14 14 14 14 14 14 14 14 14 13 13 13 13 13 13 13 13 13 13 14 15 14 13 14 14 15 15 15 15 15 14 14 14 14 14 14 14 13 13 12 12 12 12 12 12 12 12 12 12 13 12 12 12 12 11 12 12 12 11 11 10 10 9 9 9 9 9 9 9 8 8 9 9 9 9 10 10 10 10 10 9 9 9 9 10 10 19 19 18 18 17 16 15 15 15 14 14 14 14 14 14 15 14 14 14 14 14 14 14 14 14 14 14 13 13 13 13 14 14 14 13 14 14 15 15 15 14 15 16 16 15 14 14 14 14 13 13 13 14 14 13 13 13 12 12 12 12 12 12 12 12 12 12 13 13 14 13 13 13 13 13 12 12 11 11 10 10 10 10 9 9 9 9 8 9 9 9 10 10 10 9 10 10 10 9 10 10 20 18 18 17 16 15 15 15 15 15 15 14 14 14 15 15 14 14 14 14 14 14 14 14 14 13 13 13 14 14 14 14 15 15 15 15 15 16 16 16 17 17 16 15 14 14 13 13 13 13 13 13 13 13 13 13 13 13 13 13 13 12 13 13 13 13 13 13 14 15 15 15 15 13 12 12 12 11 10 10 11 10 10 10 9 9 8 9 9 9 10 10 9 10 10 10 10 10 10 19 18 17 16 15 15 15 15 15 15 15 15 14 15 15 15 15 15 15 15 14 14 14 14 14 14 14 13 13 14 15 14 14 15 15 16 16 15 15 15 16 17 16 16 16 15 15 14 14 14 14 13 13 13 13 13 13 13 13 13 13 13 13 14 15 14 14 14 16 14 13 12 11 11 10 10 10 11 10 10 10 9 9 9 10 10 10 10 10 10 10 10 11 17 17 16 15 15 15 15 15 15 15 15 15 15 15 15 15 15 15 15 14 14 14 14 14 14 14 14 14 13 13 14 14 15 16 16 16 16 14 14 15 16 16 17 17 17 17 17 16 16 16 15 15 15 14 13 14 14 13 13 13 14 15 14 14 16 16 15 16 11 10 10 10 11 11 10 10 10 9 9 9 10 10 10 10 10 10 10 10 16 16 16 15 15 15 15 15 15 15 15 15 15 15 15 15 15 15 15 14 14 14 14 14 15 14 14 14 14 14 14 14 15 15 15 15 14 14 14 14 15 15 15 15 16 15 15 16 16 16 16 16 15 14 14 14 14 14 14 15 15 16 16 17 11 11 10 10 10 11 11 10 10 9 10 9 9 10 10 10 10 10 10 10 16 16 16 16 15 15 15 15 16 16 15 15 15 15 15 15 14 14 14 14 15 15 15 15 16 16 16 15 15 15 15 14 14 14 14 15 14 14 14 14 14 14 14 14 14 14 14 14 14 15 15 16 15 15 15 15 15 15 16 15 16 16 17 11 11 11 10 10 10 11 10 10 9 9 9 9 9 10 10 10 9 10 16 15 15 15 15 15 15 16 15 15 16 16 15 15 15 15 15 15 14 15 14 15 16 17 17 16 16 15 15 16 15 15 14 14 14 14 14 14 14 14 14 14 14 14 14 15 14 15 15 15 15 15 15 15 16 16 16 16 16 17 18 11 11 11 11 11 10 10 9 9 10 10 9 9 9 9 10 9 15 15 15 15 16 16 15 15 15 15 15 16 16 16 16 15 16 15 15 15 15 15 15 16 16 16 16 17 16 16 16 16 15 15 15 15 15 15 14 15 15 15 14 15 15 16 15 16 16 16 17 16 17 17 17 17 17 18 18 11 11 12 11 11 10 11 10 11 11 10 9 9 9 9 9 16 16 16 17 16 16 17 17 17 16 17 17 17 17 16 17 17 16 16 16 16 15 15 16 16 17 18 17 17 16 15 16 16 15 15 16 16 16 15 15 16 16 15 16 17 17 17 18 17 18 17 18 19 18 19 19 19 11 11 11 11 11 11 11 11 11 11 10 9 9 9 10 17 18 17 17 18 18 18 18 18 18 18 18 18 18 18 18 18 18 18 17 17 17 16 17 18 18 18 17 16 16 17 17 16 15 15 15 16 16 16 17 17 16 17 18 18 18 19 19 19 19 19 20 19 11 11 11 11 10 10 11 11 10 10 9 9 9 18 18 18 19 19 19 19 19 19 19 19 19 19 19 19 19 19 19 19 19 19 18 18 18 18 18 18 18 18 17 17 18 17 16 16 15 15 16 17 18 18 19 19 20 19 20 20 11 10 11 11 11 11 11 11 10 10 10 20 19 20 19 20 20 20 19 19 19 19 19 20 20 19 19 19 19 19 19 19 18 18 18 19 19 19 18 17 17 18 19 17 17 16 15 16 16 17 17 18 20 21 21 11 11 11 11 12 12 11 11 10 10 10 21 21 21 21 21 21 20 19 19 19 20 20 20 20 19 19 19 19 19 19 19 19 19 19 19 19 19 19 18 17 18 19 18 17 17 17 17 17 17 17 18 20 11 11 11 11 12 12 12 11 11 11 10 9 22 22 22 22 22 21 20 19 19 20 20 20 20 20 20 20 20 19 19 19 19 19 19 19 19 20 20 20 19 18 18 19 19 18 19 19 18 18 19 19 20 11 11 11 11 12 12 12 12 12 11 11 10 23 23 22 21 21 21 21 20 20 20 20 20 20 20 20 20 20 19 19 19 19 20 20 20 20 21 21 20 20 19 19 20 21 21 21 21 20 20 20 20 11 11 11 11 12 12 12 12 24 23 22 21 20 20 20 20 21 20 20 20 21 21 20 20 20 20 20 20 20 20 21 21 21 22 22 22 21 20 20 21 22 11 11 12 12 25 24 24 23 22 21 20 20 20 21 20 20 20 21 21 21 20 20 21 21 21 21 21 21 22 22 23 23 23 22 21 22 22 26 25 24 23 22 21 21 20 21 21 21 21 20 21 21 21 21 21 21 21 22 22 23 22 22 23 24 25 24 23 22 21 21 21 21 21 21 21 21 21 21 21 21 21 21 21 22 22 23 23 23 23 23 24 23 22 22 21 21 21 22 22 22 21 21 21 21 21 22 22 22 22 22 23 23 24 24 23 24 21 20 21 21 22 22 22 22 21 21 22 22 22 22 22 22 23 23 24 25 25 21 22 22 22 22 22 22 22 22 22 22 22 22 22 22 23 23 23 24 25 22 22 22 23 22 22 21 22 22 22 22 22 22 23 23 24 24 24 24 25 23 23 23 22 22 22 22 22 23 23 23 23 24 24 24 25 26 26 26 24 24 23 23 23 22 22 22 23 24 24 24 25 25 25 25 25 26 25 25 25 24 24 24 23 23 22 22 23 24 24 25 25 26 25 25 26 24 24 24 24 24 24 24 23 23 23 24 25 25 25 24 25 26 25 24 25 25 25 25 25 25 25 24 24 24 24 24 24 26 27 26 25 25 25 25 25 25 25 26 26 25 24 24 25 25 26 27 26 25 25 25 25 25 26 26 27 26 25 25 26 26 26 27 27 26 25 25 25 26 25 26 27 26 26 25 25 26 25 26 27 27 26 25 26 26 27 27 28 27 26 26 26 27 26 26 27 28 27 26 26 26 27 27 27 28 27 27 26 26 27 28 28 28 28 27 27 26 26 26 26 27 27 27 28 27 26 27 27 28 29 29 28 27 27 26 26 27 27 27 27 28 29 28 27 28 28 28 29 29 29 28 27 27 27 28 28 29 27 27 29 29 28 28 28 28 29 29 29 29 30 30 29 29 28 28 28 28 29 29 28 29 29 29 28 29 29 29 29 30 30 29 30 30 30 30 29 29 29 29 29 29 29 29 29 29 29 29 29 29 29 30 29 29 30 30 29 29 29 29 29 30 30 30 30 30 29 29 29 29 29 29 29 30 30 30 29 29 30 30 30 30 30 30 29 30 30 30 30 29 29 29 30 30 30 30 30 30 31 30 29 29 29 29 29 29 29 29 29 30 30 31 31 31 31 31 30 30 29 29 29 29 30 30 30 30 30 30 31 30 31 31 30 30 30 30 30 30 30 31 30 30 30 30 30 30 31 