29 29 29 29 29 29 29 29 29 29 29 29 29 29 29 29 29 29 29 29 29 29 29 29 29 30 30 30 30 30 30 30 30 30 30 30 30 31 29 29 29 29 29 29 29 29 29 29 29 29 29 29 29 29 29 29 29 29 29 29 30 30 30 30 30 30 30 30 30 30 30 30 30 30 30 31 31 31 29 29 29 29 29 29 29 29 29 29 29 29 29 29 29 29 29 29 29 29 29 29 29 29 30 30 30 30 30 30 30 30 30 30 30 30 30 30 30 30 30 30 31 31 31 31 31 31 31 31 29 29 29 29 29 29 29 29 29 29 29 29 29 29 29 29 29 29 29 29 29 29 29 29 29 30 30 30 30 30 30 30 30 30 30 30 30 30 30 30 30 30 30 30 30 30 30 30 30 30 30 30 31 31 31 31 31 31 31 31 31 31 31 31 31 31 31 31 31 31 29 29 29 29 29 29 29 29 29 29 29 29 29 29 29 29 29 29 29 29 29 29 29 29 29 30 30 30 30 30 30 30 30 30 30 30 30 30 30 30 30 30 30 30 30 30 30 30 30 30 30 30 30 30 31 30 30 30 31 31 31 31 31 31 31 31 31 31 31 31 31 31 31 31 31 31 31 31 31 31 29 29 29 29 29 29 29 29 29 29 29 29 29 29 29 29 29 29 29 29 29 29 29 29 30 30 30 30 30 30 30 30 30 30 30 30 30 30 30 30 30 30 30 30 30 30 30 30 30 30 30 30 30 30 30 30 30 30 30 30 30 31 31 31 31 31 31 31 31 31 31 31 31 31 31 31 31 31 31 31 31 31 31 31 31 31 29 29 29 29 29 29 29 29 29 29 29 29 29 29 29 29 29 29 29 29 29 29 30 30 30 30 30 30 30 30 30 30 30 30 30 30 30 30 30 30 30 30 30 30 30 30 30 30 30 30 30 30 30 30 30 31 31 30 30 31 31 31 31 31 31 31 31 31 31 31 31 31 31 31 31 31 31 31 31 31 31 31 31 31 31 31 31 29 29 29 29 29 29 29 29 29 29 29 29 29 29 29 29 29 29 29 29 29 29 29 29 30 30 30 30 30 30 30 30 30 30 30 30 30 30 30 30 30 30 30 30 30 30 30 30 30 30 30 30 30 30 30 30 30 31 31 31 31 31 31 31 31 31 31 31 31 31 31 31 31 31 31 31 31 31 31 31 31 31 31 31 31 31 31 31 31 31 31 31 29 29 29 29 29 29 29 29 29 29 29 29 29 29 29 29 29 29 29 29 29 29 29 29 29 29 30 30 30 30 30 30 30 30 30 30 30 30 30 30 30 30 30 30 30 30 30 30 30 30 30 30 30 30 30 30 30 30 30 31 31 31 31 31 31 31 31 31 31 31 31 31 31 31 31 31 31 31 31 31 31 31 31 31 31 31 31 31 31 31 31 31 31 29 29 29 29 29 29 29 29 29 29 29 29 29 29 29 29 29 29 29 29 29 29 29 29 29 29 29 29 29 30 30 30 30 30 30 30 30 30 30 30 30 30 30 30 30 30 30 30 30 30 30 30 30 30 30 30 30 30 30 30 30 30 31 31 31 31 31 31 31 31 31 31 31 31 31 31 31 31 31 31 31 31 31 31 31 31 31 31 31 31 31 31 31 31 31 31 31 31 29 29 29 29 29 29 29 29 29 29 29 29 29 29 29 29 29 29 29 29 29 29 29 29 29 29 29 29 29 29 30 30 30 30 30 30 30 30 30 30 30 30 30 30 30 30 30 30 30 30 30 30 30 30 30 30 30 30 30 30 30 30 31 31 31 31 31 31 31 31 31 31 31 31 31 31 31 31 31 31 31 31 31 31 31 31 31 31 31 31 31 31 31 31 31 31 31 31 31 31 29 29 29 29 29 29 29 29 29 29 29 29 29 29 29 29 29 29 29 29 29 29 29 29 29 29 29 29 29 29 29 30 30 30 30 30 30 30 30 30 30 30 30 30 30 30 30 30 30 30 30 30 30 30 30 30 30 30 30 30 30 30 31 31 31 31 31 31 31 31 31 31 31 31 31 31 31 31 31 31 31 31 31 31 31 31 31 31 31 31 31 31 31 31 31 31 31 31 31 31 31 31 29 29 29 29 29 29 29 29 29 29 29 29 29 29 29 29 29 29 29 29 29 29 29 29 29 29 29 29 29 29 29 29 30 30 30 30 30 30 30 30 30 30 30 30 30 30 30 30 30 30 30 30 30 30 30 30 30 30 30 30 30 30 30 30 31 31 31 31 31 31 31 31 31 31 31 31 31 31 31 31 31 31 31 31 31 31 31 31 31 31 31 31 31 31 31 31 31 31 31 31 31 31 31 28 28 29 29 29 29 29 29 29 29 29 29 29 29 29 29 29 29 29 29 29 29 29 29 29 29 29 29 29 29 29 29 29 30 30 30 30 30 30 30 30 30 30 30 30 30 30 30 30 30 30 30 30 30 30 30 30 30 30 30 30 30 30 30 30 30 31 31 31 31 31 31 31 31 31 31 31 31 31 31 31 31 31 31 31 31 31 31 31 31 31 31 31 31 31 31 31 31 31 31 31 31 31 31 31 31 31 28 28 28 28 29 29 29 29 29 29 29 29 29 29 29 29 29 29 29 29 29 29 29 29 29 29 29 29 29 29 29 29 29 30 30 30 30 30 30 30 30 30 30 30 30 30 30 30 30 30 30 30 30 30 30 30 30 30 30 30 30 30 30 30 30 30 30 31 31 31 31 31 31 31 31 31 31 31 31 31 31 31 31 31 31 31 31 31 31 31 31 31 31 31 31 31 31 31 31 31 31 31 31 31 31 31 31 31 31 28 28 28 28 28 28 28 28 29 29 29 29 29 29 29 29 29 29 29 29 29 29 29 29 29 29 29 29 29 29 29 29 29 29 29 29 29 30 30 30 30 30 30 30 30 30 30 30 30 30 30 30 30 30 30 30 30 30 30 30 30 30 30 30 30 30 30 30 30 30 30 31 31 31 31 31 31 31 31 31 31 31 31 31 31 31 31 31 31 31 31 31 31 31 31 31 31 31 31 31 31 31 31 31 31 31 31 31 31 31 31 31 31 31 27 27 27 28 28 28 28 28 28 28 28 28 28 28 28 28 28 28 29 29 29 29 29 29 29 29 29 29 29 29 29 29 29 29 29 29 29 29 29 29 29 29 29 29 29 29 30 30 30 30 30 30 30 30 30 30 30 30 30 30 30 30 30 30 30 30 30 30 30 30 30 30 30 30 30 30 30 30 30 30 31 31 30 30 31 31 31 31 31 31 31 31 31 31 31 31 31 31 31 31 31 31 31 31 31 31 31 31 31 31 31 31 31 31 31 31 31 31 31 31 31 31 31 27 27 27 27 27 27 28 28 28 28 28 28 28 28 28 28 28 28 28 28 28 28 28 28 29 29 29 29 29 29 29 29 29 29 29 29 29 29 29 29 29 29 29 29 29 29 29 29 29 29 29 29 30 30 30 30 30 30 30 30 30 30 30 30 30 30 30 30 30 30 30 30 30 30 30 30 30 30 30 30 30 30 30 30 30 30 31 30 30 30 31 31 31 31 31 31 31 31 31 31 31 31 31 31 31 31 31 31 31 31 31 31 31 31 31 31 31 31 31 31 31 31 31 31 31 31 31 31 31 27 27 27 27 27 27 27 28 28 28 28 28 28 28 28 28 28 28 28 28 28 28 28 28 28 28 28 28 29 29 29 29 29 29 29 29 29 29 29 29 29 29 29 29 29 29 29 29 29 29 29 29 29 29 29 29 29 30 30 30 30 30 30 30 30 30 30 30 30 30 30 30 30 30 30 30 30 30 30 30 30 30 30 30 30 30 30 30 30 30 31 30 30 30 31 31 31 31 31 31 31 31 31 31 31 31 31 31 31 31 31 31 31 31 31 31 31 31 31 31 31 31 31 31 31 31 31 31 31 31 31 31 31 31 27 27 27 27 27 27 27 27 28 28 28 28 28 28 28 28 28 28 28 28 28 28 28 28 28 28 28 28 28 28 28 29 29 29 29 29 29 29 29 29 29 29 29 29 29 29 29 29 29 29 29 29 29 29 29 29 29 29 29 30 30 30 30 30 30 30 30 30 30 30 30 30 30 30 30 30 30 30 30 30 30 30 30 30 30 30 30 30 30 30 30 30 31 31 30 30 31 31 31 31 31 31 31 31 31 31 31 31 31 31 31 31 31 31 31 31 31 31 31 31 31 31 31 31 31 31 31 31 31 31 31 31 31 31 31 31 32 27 27 27 27 27 27 27 27 27 27 28 28 28 28 28 28 28 28 28 28 28 28 28 28 28 28 28 28 28 28 28 28 29 29 29 29 29 29 29 29 29 29 29 29 29 29 29 29 29 29 29 29 29 29 29 29 29 29 29 29 30 30 30 30 30 30 30 30 30 30 30 30 30 30 30 30 30 30 30 30 30 30 30 30 30 30 30 30 30 30 30 30 30 30 31 31 31 31 31 31 31 31 31 31 31 31 31 31 31 31 31 31 31 31 31 31 31 31 31 31 31 31 31 31 31 31 31 31 31 31 31 31 31 31 31 31 32 27 27 27 27 27 27 27 27 27 27 27 27 27 27 27 27 27 28 28 28 28 28 28 28 28 28 28 28 28 28 28 28 28 28 28 28 28 28 28 28 28 28 29 29 29 29 29 29 29 29 29 29 29 29 29 29 29 29 29 29 29 29 29 29 29 29 29 29 29 30 30 30 30 30 30 30 30 30 30 30 30 30 30 30 30 30 30 30 30 30 30 30 30 30 30 30 30 30 30 30 30 30 30 30 31 31 31 31 31 31 31 31 31 31 31 31 31 31 31 31 31 31 31 31 31 31 31 31 31 31 31 31 31 31 31 31 31 31 31 31 31 31 31 31 31 32 32 27 27 27 27 27 27 27 27 27 27 27 27 27 27 27 27 27 27 27 27 27 27 28 28 28 28 28 28 28 28 28 28 28 28 28 28 28 28 28 28 28 28 28 28 28 28 28 28 28 29 29 29 29 29 29 29 29 29 29 29 29 29 29 29 29 29 29 29 29 29 29 29 29 29 29 29 29 30 30 30 30 30 30 30 30 30 30 30 30 30 30 30 30 30 30 30 30 30 30 30 30 30 30 30 30 30 30 30 30 30 30 30 30 31 31 31 31 31 31 31 31 31 31 31 31 31 31 31 31 31 31 31 31 31 31 31 31 31 31 31 31 31 31 31 31 31 31 31 31 31 31 31 32 32 32 27 27 27 27 27 27 27 27 27 27 27 27 27 27 27 27 27 27 27 27 27 27 27 28 28 28 28 28 28 28 28 28 28 28 28 28 28 28 28 28 28 28 28 28 28 28 28 28 28 28 29 29 29 29 29 29 29 29 29 29 29 29 29 29 29 29 29 29 29 29 29 29 29 29 29 29 29 30 30 30 30 30 30 30 30 30 30 30 30 30 30 30 30 30 30 30 30 30 30 30 30 30 30 30 30 30 30 30 30 30 30 30 30 31 31 31 31 31 31 31 31 31 31 31 31 31 31 31 31 31 31 31 31 31 31 31 31 31 31 31 31 31 31 31 31 31 31 31 31 31 31 32 32 32 32 32 32 27 27 27 27 27 27 27 27 27 27 27 27 27 27 27 27 27 27 27 27 27 27 27 27 28 28 28 28 28 28 28 28 28 28 28 28 28 28 28 28 28 28 28 28 28 28 28 28 28 29 29 29 29 29 29 29 29 29 29 29 29 29 29 29 29 29 29 29 29 29 29 29 29 29 29 29 29 29 30 30 30 30 30 30 30 30 30 30 30 30 30 30 30 30 30 30 30 30 30 30 30 30 30 30 30 30 30 30 30 30 30 30 30 30 30 31 31 31 31 31 31 31 31 31 31 31 31 31 31 31 31 31 31 31 31 31 31 31 31 31 31 31 31 31 31 31 31 31 31 31 31 32 32 32 32 32 32 32 32 26 26 26 26 26 26 27 27 27 27 27 27 27 27 27 27 27 27 27 27 27 27 27 27 27 27 27 27 27 27 27 28 28 28 28 28 28 28 28 28 28 28 28 28 28 28 28 28 28 28 28 28 28 28 28 28 28 29 29 29 29 29 29 29 29 29 29 29 29 29 29 29 29 29 29 29 29 29 29 29 29 29 29 29 30 30 30 30 30 30 30 30 30 30 30 30 30 30 30 30 30 30 30 30 30 30 30 30 30 30 30 30 30 30 30 30 30 30 30 30 30 30 31 31 31 31 31 31 31 31 31 31 31 31 31 31 31 31 31 31 31 31 31 31 31 31 31 31 31 31 31 31 31 31 31 31 31 31 32 32 32 32 32 32 32 32 32 32 32 32 32 32 32 32 26 26 26 26 26 26 26 26 27 27 27 27 27 27 27 27 27 27 27 27 27 27 27 27 27 27 27 27 27 27 27 27 27 28 28 28 28 28 28 28 28 28 28 28 28 28 28 28 28 28 28 28 28 28 28 28 28 28 28 29 29 29 29 29 29 29 29 29 29 29 29 29 29 29 29 29 29 29 29 29 29 29 29 29 29 29 29 30 30 30 30 30 30 30 30 30 30 30 30 30 30 30 30 30 30 30 30 30 30 30 30 30 30 30 30 30 30 30 30 30 30 30 30 30 31 31 31 31 31 31 31 31 31 31 31 31 31 31 31 31 31 31 31 31 31 31 31 31 31 31 31 31 31 31 31 31 31 31 31 31 32 32 32 32 32 32 32 32 32 32 32 32 32 32 32 32 32 32 26 26 26 26 26 26 26 26 26 27 27 27 27 27 27 27 27 27 27 27 27 27 27 27 27 27 27 27 27 27 27 27 27 28 28 28 28 28 28 28 28 28 28 28 28 28 28 28 28 28 28 28 28 28 28 28 28 28 28 29 29 29 29 29 29 29 29 29 29 29 29 29 29 29 29 29 29 29 29 29 29 29 29 29 29 29 29 29 29 30 30 30 30 30 30 30 30 30 30 30 30 30 30 30 30 30 30 30 30 30 30 30 30 30 30 30 30 30 30 31 30 30 30 30 31 31 31 31 31 31 31 31 31 31 31 31 31 31 31 31 31 31 31 31 31 31 31 31 31 31 31 31 31 31 31 31 31 31 31 32 32 32 32 32 32 32 32 32 32 32 32 32 32 32 32 32 32 32 26 26 26 26 26 26 26 26 26 26 27 27 27 27 27 27 27 27 27 27 27 27 27 27 27 27 27 27 27 27 27 27 27 28 28 28 28 28 28 28 28 28 28 28 28 28 28 28 28 28 28 28 28 28 28 28 28 28 28 29 29 29 29 29 29 29 29 29 29 29 29 29 29 29 29 29 29 29 29 29 29 29 29 29 29 29 29 30 29 30 30 30 30 30 30 30 30 30 30 30 30 30 30 30 30 30 30 30 30 30 30 30 30 30 30 30 30 30 30 30 30 30 30 30 30 31 31 31 31 31 31 31 31 31 31 31 31 31 31 31 31 31 31 31 31 31 31 31 31 31 31 31 31 31 31 31 31 31 31 32 32 32 32 32 32 32 32 32 32 32 32 32 32 32 32 32 32 32 32 26 26 26 26 26 26 26 26 26 26 26 26 26 26 26 26 27 27 27 27 27 27 27 27 27 27 27 27 27 27 27 27 27 27 27 27 27 27 28 28 28 28 28 28 28 28 28 28 28 28 28 28 28 28 28 28 28 28 28 28 28 28 28 28 28 29 29 29 29 29 29 29 29 29 29 29 29 29 29 29 29 29 29 29 29 29 29 29 29 29 29 29 29 30 30 30 30 30 30 30 30 30 30 30 30 30 30 30 30 30 30 30 30 30 30 30 30 30 30 30 30 30 30 30 30 30 30 30 30 30 31 31 31 31 31 31 31 31 31 31 31 31 31 31 31 31 31 31 31 31 31 31 31 31 31 31 31 31 31 31 31 31 31 31 31 32 32 32 32 32 32 32 32 32 32 32 32 32 32 32 32 32 32 32 32 25 25 26 26 26 26 26 26 26 26 26 26 26 26 26 26 26 26 26 26 26 26 26 26 26 27 27 27 27 27 27 27 27 27 27 27 27 27 27 27 27 27 27 27 27 27 27 28 28 28 28 28 28 28 28 28 28 28 28 28 28 28 28 28 28 28 28 28 28 28 28 28 28 28 29 29 29 29 29 29 29 29 29 29 29 29 29 29 29 29 29 29 29 29 29 29 29 29 29 29 29 29 30 30 30 30 30 30 30 30 30 30 30 30 30 30 30 30 30 30 30 30 30 30 30 30 30 30 30 30 30 30 30 30 30 30 30 30 31 31 31 31 31 31 31 31 31 31 31 31 31 31 31 31 31 31 31 31 31 31 31 31 31 31 31 31 31 31 31 31 31 31 31 32 32 32 32 32 32 32 32 32 32 32 32 32 32 32 32 32 32 32 32 32 25 25 25 25 25 26 26 26 26 26 26 26 26 26 26 26 26 26 26 26 26 26 26 26 26 26 26 26 27 27 27 27 27 27 27 27 27 27 27 27 27 27 27 27 27 27 27 27 27 27 28 28 28 28 28 28 28 28 28 28 28 28 28 28 28 28 28 28 28 28 28 28 28 28 28 28 28 29 29 29 29 29 29 29 29 29 29 29 29 29 29 29 29 29 29 29 29 29 29 29 29 29 29 29 29 30 30 30 30 30 30 30 30 30 30 30 30 30 30 30 30 30 30 30 30 30 30 30 30 30 30 30 30 30 30 30 30 30 30 30 30 31 31 31 31 31 31 31 31 31 31 31 31 31 31 31 31 31 31 31 31 31 31 31 31 31 31 31 31 31 31 31 31 31 31 31 32 32 32 32 32 32 32 32 32 32 32 32 32 32 32 32 32 32 32 32 32 25 25 25 25 25 25 25 25 25 25 26 26 26 26 26 26 26 26 26 26 26 26 26 26 26 26 26 26 26 26 26 26 26 27 27 27 27 27 27 27 27 27 27 27 27 27 27 27 27 27 27 27 27 27 27 28 28 28 28 28 28 28 28 28 28 28 28 28 28 28 28 28 28 28 28 28 28 28 28 28 28 28 29 29 29 29 29 29 29 29 29 29 29 29 29 29 29 29 29 29 29 29 29 29 29 29 29 29 29 30 30 30 30 30 30 30 30 30 30 30 30 30 30 30 30 30 30 30 30 30 30 30 30 30 30 30 30 30 30 30 30 30 30 30 31 31 31 31 31 31 31 31 31 31 31 31 31 31 31 31 31 31 31 31 31 31 31 31 31 31 31 31 31 31 31 31 31 31 31 31 32 32 32 32 32 32 32 32 32 32 32 32 32 32 32 32 32 32 32 32 32 32 32 32 32 25 25 25 25 25 25 25 25 25 25 26 26 26 26 26 26 26 26 26 26 26 26 26 26 26 26 26 26 26 26 26 26 27 27 27 27 27 27 27 27 27 27 27 27 27 27 27 27 27 27 27 27 27 27 27 27 28 28 28 28 28 28 28 28 28 28 28 28 28 28 28 28 28 28 28 28 28 28 28 28 28 28 29 29 29 29 29 29 29 29 29 29 29 29 29 29 29 29 29 29 29 29 29 29 29 29 29 29 29 29 30 30 30 30 30 30 30 30 30 30 30 30 30 30 30 30 30 30 30 30 30 30 30 30 30 30 30 30 30 30 30 30 30 30 30 31 31 31 31 31 31 31 31 31 31 31 31 31 31 31 31 31 31 31 31 31 31 31 31 31 31 31 31 31 31 31 31 31 31 31 32 32 32 32 32 32 32 32 32 32 32 32 32 32 32 32 32 32 32 32 32 32 32 32 32 32 32 32 25 25 25 25 25 25 25 25 25 25 26 26 26 26 26 26 26 26 26 26 26 26 26 26 26 26 26 26 26 26 26 26 26 27 27 27 27 27 27 27 27 27 27 27 27 27 27 27 27 27 27 27 27 27 27 27 27 28 28 28 28 28 28 28 28 28 28 28 28 28 28 28 28 28 28 28 28 28 28 28 28 28 28 29 29 29 29 29 29 29 29 29 29 29 29 29 29 29 29 29 29 29 29 29 29 29 29 29 29 29 30 30 30 30 30 30 30 30 30 30 30 30 30 30 30 30 30 30 30 30 30 30 30 30 30 30 30 30 30 30 30 30 30 30 30 31 31 31 31 31 31 31 31 31 31 31 31 31 31 31 31 31 31 31 31 31 31 31 31 31 31 31 31 31 31 31 31 31 31 31 32 32 32 32 32 32 32 32 32 32 32 32 32 32 32 32 32 32 32 32 32 32 32 32 32 32 32 32 32 32 25 25 25 25 25 25 25 25 25 26 26 26 26 26 26 26 26 26 26 26 26 26 26 26 26 26 26 26 26 26 26 26 27 27 27 27 27 27 27 27 27 27 27 27 27 27 27 27 27 27 27 27 27 27 27 27 28 28 28 28 28 28 28 28 28 28 28 28 28 28 28 28 28 28 28 28 28 28 28 28 28 28 29 29 29 29 29 29 29 29 29 29 29 29 29 29 29 29 29 29 29 29 29 29 29 29 29 29 29 30 30 30 30 30 30 30 30 30 30 30 30 30 30 30 30 30 30 30 30 30 30 30 30 30 30 30 30 30 30 30 30 30 30 30 31 31 31 31 31 31 31 31 31 31 31 31 31 31 31 31 31 31 31 31 31 31 31 31 31 31 31 31 31 31 31 31 31 31 31 32 32 32 32 32 32 32 32 32 32 32 32 32 32 32 32 32 32 32 32 32 32 32 32 32 32 32 32 32 32 25 25 25 25 25 25 25 25 25 26 26 26 26 26 26 26 26 26 26 26 26 26 26 26 26 26 26 26 26 26 26 26 26 27 27 27 27 27 27 27 27 27 27 27 27 27 27 27 27 27 27 27 27 27 27 27 27 28 28 28 28 28 28 28 28 28 28 28 28 28 28 28 28 28 28 28 28 28 28 28 28 28 28 29 29 29 29 29 29 29 29 29 29 29 29 29 29 29 29 29 29 29 29 29 29 29 29 29 29 29 30 30 30 30 30 30 30 30 30 30 30 30 30 30 30 30 30 30 30 30 30 30 30 30 30 30 30 30 30 30 30 30 30 30 30 31 31 31 31 31 31 31 31 31 31 31 31 31 31 31 31 31 31 31 31 31 31 31 31 31 31 31 31 31 31 31 31 31 31 32 32 32 32 32 32 32 32 32 32 32 32 32 32 32 32 32 32 32 32 32 32 32 32 32 32 32 32 32 32 32 25 25 25 25 25 25 25 25 25 26 26 26 26 26 26 26 26 26 26 26 26 26 26 26 26 26 26 26 26 26 26 26 27 27 27 27 27 27 27 27 27 27 27 27 27 27 27 27 27 27 27 27 27 27 27 27 28 28 28 28 28 28 28 28 28 28 28 28 28 28 28 28 28 28 28 28 28 28 28 28 28 28 29 29 29 29 29 29 29 29 29 29 29 29 29 29 29 29 29 29 29 29 29 29 29 29 29 29 30 30 30 30 30 30 30 30 30 30 30 30 30 30 30 30 30 30 30 30 30 30 30 30 30 30 30 30 30 30 30 30 30 30 30 31 31 31 31 31 31 31 31 31 31 31 31 31 31 31 31 31 31 31 31 31 31 31 31 31 31 31 31 31 31 31 31 31 31 32 32 32 32 32 32 32 32 32 32 32 32 32 32 32 32 32 32 32 32 32 32 32 32 32 32 32 32 32 32 32 32 32 32 32 25 25 25 25 25 25 25 25 26 26 26 26 26 26 26 26 26 26 26 26 26 26 26 26 26 26 26 26 26 26 26 27 27 27 27 27 27 27 27 27 27 27 27 27 27 27 27 27 27 27 27 27 27 27 27 27 28 28 28 28 28 28 28 28 28 28 28 28 28 28 28 28 28 28 28 28 28 28 28 28 28 29 29 29 29 29 29 29 29 29 29 29 29 29 29 29 29 29 29 29 29 29 29 29 29 29 29 29 30 30 30 30 30 30 30 30 30 30 30 30 30 30 30 30 30 30 30 30 30 30 30 30 30 30 30 30 30 30 30 30 30 30 31 31 31 31 31 31 31 31 31 31 31 31 31 31 31 31 31 31 31 31 31 31 31 31 31 31 31 31 31 31 31 31 31 31 32 32 32 32 32 32 32 32 32 32 32 32 32 32 32 32 32 32 32 32 32 32 32 32 32 32 32 32 32 32 32 32 32 32 32 32 25 25 25 25 25 25 25 25 25 26 26 26 26 26 26 26 26 26 26 26 26 26 26 26 26 26 26 26 26 26 26 26 27 27 27 27 27 27 27 27 27 27 27 27 27 27 27 27 27 27 27 27 27 27 27 27 28 28 28 28 28 28 28 28 28 28 28 28 28 28 28 28 28 28 28 28 28 28 28 28 28 28 29 29 29 29 29 29 29 29 29 29 29 29 29 29 29 29 29 29 29 29 29 29 29 29 29 29 30 30 30 30 30 30 30 30 30 30 30 30 30 30 30 30 30 30 30 30 30 30 30 30 30 30 30 30 30 30 30 30 30 30 31 31 31 31 31 31 31 31 31 31 31 31 31 31 31 31 31 31 31 31 31 31 31 31 31 31 31 31 31 31 31 31 31 31 31 31 31 32 32 32 32 32 32 32 32 32 32 32 32 32 32 32 32 32 32 32 32 32 32 32 32 32 32 32 32 32 32 32 32 32 32 25 25 25 25 25 25 25 25 25 26 26 26 26 26 26 26 26 26 26 26 26 26 26 26 26 26 26 26 26 26 26 26 26 27 27 27 27 27 27 27 27 27 27 27 27 27 27 27 27 27 27 27 27 27 27 27 27 28 28 28 28 28 28 28 28 28 28 28 28 28 28 28 28 28 28 28 28 28 28 28 28 28 28 29 29 29 29 29 29 29 29 29 29 29 29 29 29 29 29 29 29 29 29 29 29 29 29 29 29 30 30 30 30 30 30 30 30 30 30 30 30 30 30 30 30 30 30 30 30 30 30 30 30 30 30 30 30 30 30 30 30 30 31 31 31 31 31 31 31 31 31 31 31 31 31 31 31 31 31 31 31 31 31 31 31 31 31 31 31 31 31 31 31 31 31 31 31 31 32 32 32 32 32 32 32 32 32 32 32 32 32 32 32 32 32 32 32 32 32 32 32 32 32 32 32 32 32 32 32 32 32 32 32 32 32 25 25 25 25 26 26 26 26 26 26 26 26 26 26 26 26 26 26 26 26 26 26 26 26 26 26 26 27 27 27 27 27 27 27 27 27 27 27 27 27 27 27 27 27 27 27 27 27 27 27 27 27 27 27 27 27 27 27 27 28 28 28 28 28 28 28 28 28 28 28 28 28 28 28 28 28 28 28 28 28 28 28 28 28 28 28 28 29 29 29 29 29 29 29 29 29 29 29 29 29 29 29 29 29 29 29 29 29 29 29 29 29 29 30 30 30 30 30 30 30 30 30 30 30 30 30 30 30 30 30 30 30 30 30 30 30 30 30 30 30 30 30 31 31 31 31 31 31 31 31 31 31 31 31 31 31 31 31 31 31 31 31 31 31 31 31 31 31 31 31 31 31 31 31 31 31 31 32 32 32 32 32 32 32 32 32 32 32 32 32 32 32 32 32 32 32 32 32 32 32 32 32 32 32 32 32 32 32 32 32 32 32 32 32 32 32 25 25 25 25 25 26 26 26 26 26 26 26 26 26 26 26 26 26 26 26 26 26 26 26 26 26 26 26 26 27 27 27 27 27 27 27 27 27 27 27 27 27 27 27 27 27 27 27 27 27 27 27 27 27 27 27 27 27 27 27 28 28 28 28 28 28 28 28 28 28 28 28 28 28 28 28 28 28 28 28 28 28 28 28 28 28 28 28 29 29 29 29 29 29 29 29 29 29 29 29 29 29 29 29 29 29 29 29 29 29 29 29 29 29 30 30 30 30 30 30 30 30 30 30 30 30 30 30 30 30 30 30 30 30 30 30 30 30 30 30 30 30 30 31 31 31 31 31 31 31 31 31 31 31 31 31 31 31 31 31 31 31 31 31 31 31 31 31 31 31 31 31 31 31 31 31 31 31 32 32 32 32 32 32 32 32 32 32 32 32 32 32 32 32 32 32 32 32 32 32 32 32 32 32 32 32 32 32 32 32 32 32 32 32 32 32 32 25 25 25 25 25 25 26 26 26 26 26 26 26 26 26 26 26 26 26 26 26 26 26 26 26 26 26 26 26 27 27 27 27 27 27 27 27 27 27 27 27 27 27 27 27 27 27 27 27 27 27 27 27 27 27 27 27 27 27 27 27 28 28 28 28 28 28 28 28 28 28 28 28 28 28 28 28 28 28 28 28 28 28 28 28 28 28 28 29 29 29 29 29 29 29 29 29 29 29 29 29 29 29 29 29 29 29 29 29 29 29 29 29 29 30 30 30 30 30 30 30 30 30 30 30 30 30 30 30 30 30 30 30 30 30 30 30 30 30 30 30 30 30 31 31 31 31 31 31 31 31 31 31 31 31 31 31 31 31 31 31 31 31 31 31 31 31 31 31 31 31 31 31 31 31 31 31 31 31 32 32 32 32 32 32 32 32 32 32 32 32 32 32 32 32 32 32 32 32 32 32 32 32 32 32 32 32 32 32 32 32 32 32 32 32 32 25 25 25 25 25 25 26 26 26 26 26 26 26 26 26 26 26 26 26 26 26 26 26 26 26 26 26 26 26 26 27 27 27 27 27 27 27 27 27 27 27 27 27 27 27 27 27 27 27 27 27 27 27 27 27 27 27 27 27 27 27 28 28 28 28 28 28 28 28 28 28 28 28 28 28 28 28 28 28 28 28 28 28 28 28 28 28 28 29 29 29 29 29 29 29 29 29 29 29 29 29 29 29 29 29 29 29 29 29 29 29 29 29 29 30 30 30 30 30 30 30 30 30 30 30 30 30 30 30 30 30 30 30 30 30 30 30 30 30 30 30 30 30 31 31 31 31 31 31 31 31 31 31 31 31 31 31 31 31 31 31 31 31 31 31 31 31 31 31 31 31 31 31 31 31 31 31 31 31 32 32 32 32 32 32 32 32 32 32 32 32 32 32 32 32 32 32 32 32 32 32 32 32 32 32 32 32 32 32 32 32 32 32 32 32 32 32 25 25 25 25 25 25 25 26 26 26 26 26 26 26 26 26 26 26 26 26 26 26 26 26 26 26 26 26 26 26 26 26 27 27 27 27 27 27 27 27 27 27 27 27 27 27 27 27 27 27 27 27 27 27 27 27 27 27 27 27 27 28 28 28 28 28 28 28 28 28 28 28 28 28 28 28 28 28 28 28 28 28 28 28 28 28 28 28 29 29 29 29 29 29 29 29 29 29 29 29 29 29 29 29 29 29 29 29 29 29 29 29 29 29 29 30 30 30 30 30 30 30 30 30 30 30 30 30 30 30 30 30 30 30 30 30 30 30 30 30 30 30 30 30 31 31 31 31 31 31 31 31 31 31 31 31 31 31 31 31 31 31 31 31 31 31 31 31 31 31 31 31 31 31 31 31 31 31 31 32 32 32 32 32 32 32 32 32 32 32 32 32 32 32 32 32 32 32 32 32 32 32 32 32 32 32 32 32 32 32 32 32 32 32 32 32 32 32 25 25 25 25 25 25 26 26 26 26 26 26 26 26 26 26 26 26 26 26 26 26 26 26 26 26 26 26 26 26 26 27 27 27 27 27 27 27 27 27 27 27 27 27 27 27 27 27 27 27 27 27 27 27 27 27 27 27 27 27 27 28 28 28 28 28 28 28 28 28 28 28 28 28 28 28 28 28 28 28 28 28 28 28 28 28 28 28 29 29 29 29 29 29 29 29 29 29 29 29 29 29 29 29 29 29 29 29 29 29 29 29 29 29 30 30 30 30 30 30 30 30 30 30 30 30 30 30 30 30 30 30 30 30 30 30 30 30 30 30 30 30 30 31 31 31 31 31 31 31 31 31 31 31 31 31 31 31 31 31 31 31 31 31 31 31 31 31 31 31 31 31 31 31 31 31 31 31 32 32 32 32 32 32 32 32 32 32 32 32 32 32 32 32 32 32 32 32 32 32 32 32 32 32 32 32 32 32 32 32 32 32 32 32 32 32 32 32 32 25 25 25 25 26 26 26 26 26 26 26 26 26 26 26 26 26 26 26 26 26 26 26 26 26 26 26 26 26 27 27 27 27 27 27 27 27 27 27 27 27 27 27 27 27 27 27 27 27 27 27 27 27 27 27 27 27 27 28 28 28 28 28 28 28 28 28 28 28 28 28 28 28 28 28 28 28 28 28 28 28 28 28 28 28 29 29 29 29 29 29 29 29 29 29 29 29 29 29 29 29 29 29 29 29 29 29 29 29 29 29 29 30 30 30 30 30 30 30 30 30 30 30 30 30 30 30 30 30 30 30 30 30 30 30 30 30 30 30 30 30 31 31 31 31 31 31 31 31 31 31 31 31 31 31 31 31 31 31 31 31 31 31 31 31 31 31 31 31 31 31 31 31 31 31 31 32 32 32 32 32 32 32 32 32 32 32 32 32 32 32 32 32 32 32 32 32 32 32 32 32 32 32 32 32 32 32 32 32 32 32 32 32 32 32 32 32 33 33 33 25 25 25 25 26 26 26 26 26 26 26 26 26 26 26 26 26 26 26 26 26 26 26 26 26 26 26 26 26 27 27 27 27 27 27 27 27 27 27 27 27 27 27 27 27 27 27 27 27 27 27 27 27 27 27 27 27 27 28 28 28 28 28 28 28 28 28 28 28 28 28 28 28 28 28 28 28 28 28 28 28 28 28 28 29 29 29 29 29 29 29 29 29 29 29 29 29 29 29 29 29 29 29 29 29 29 29 29 29 29 29 29 30 30 30 30 30 30 30 30 30 30 30 30 30 30 30 30 30 30 30 30 30 30 30 30 30 30 30 31 31 31 31 31 31 31 31 31 31 31 31 31 31 31 31 31 31 31 31 31 31 31 31 31 31 31 31 31 31 31 31 31 31 31 31 32 32 32 32 32 32 32 32 32 32 32 32 32 32 32 32 32 32 32 32 32 32 32 32 32 32 32 32 32 32 32 32 32 32 32 32 32 32 32 32 32 33 33 33 33 33 33 25 25 25 25 26 26 26 26 26 26 26 26 26 26 26 26 26 26 26 26 26 26 26 26 26 26 26 26 26 26 27 27 27 27 27 27 27 27 27 27 27 27 27 27 27 27 27 27 27 27 27 27 27 27 27 27 27 27 27 28 28 28 28 28 28 28 28 28 28 28 28 28 28 28 28 28 28 28 28 28 28 28 28 28 28 29 29 29 29 29 29 29 29 29 29 29 29 29 29 29 29 29 29 29 29 29 29 29 29 29 29 29 30 30 30 30 30 30 30 30 30 30 30 30 30 30 30 30 30 30 30 30 30 30 30 30 30 30 30 31 31 31 31 31 31 31 31 31 31 31 31 31 31 31 31 31 31 31 31 31 31 31 31 31 31 31 31 31 31 31 31 31 31 31 31 32 32 32 32 32 32 32 32 32 32 32 32 32 32 32 32 32 32 32 32 32 32 32 32 32 32 32 32 32 32 32 32 32 32 32 32 32 32 32 32 32 33 33 33 33 33 25 25 25 25 25 26 26 26 26 26 26 26 26 26 26 26 26 26 26 26 26 26 26 26 26 26 26 26 26 27 27 27 27 27 27 27 27 27 27 27 27 27 27 27 27 27 27 27 27 27 27 27 27 27 27 27 27 27 27 28 28 28 28 28 28 28 28 28 28 28 28 28 28 28 28 28 28 28 28 28 28 28 28 28 28 29 29 29 29 29 29 29 29 29 29 29 29 29 29 29 29 29 29 29 29 29 29 29 29 29 29 30 30 30 30 30 30 30 30 30 30 30 30 30 30 30 30 30 30 30 30 30 30 30 30 30 30 30 30 30 31 31 31 31 31 31 31 31 31 31 31 31 31 31 31 31 31 31 31 31 31 31 31 31 31 31 31 31 31 31 31 31 31 31 31 31 32 32 32 32 32 32 32 32 32 32 32 32 32 32 32 32 32 32 32 32 32 32 32 32 32 32 32 32 32 32 32 32 32 32 32 32 32 32 32 32 32 33 33 33 33 33 33 33 33 33 33 33 25 25 25 25 25 26 26 26 26 26 26 26 26 26 26 26 26 26 26 26 26 26 26 26 26 26 26 26 26 27 27 27 27 27 27 27 27 27 27 27 27 27 27 27 27 27 27 27 27 27 27 27 27 27 27 27 27 27 27 28 28 28 28 28 28 28 28 28 28 28 28 28 28 28 28 28 28 28 28 28 28 28 28 28 28 29 29 29 29 29 29 29 29 29 29 29 29 29 29 29 29 29 29 29 29 29 29 29 29 29 29 30 30 30 30 30 30 30 30 30 30 30 30 30 30 30 30 30 30 30 30 30 30 30 30 30 30 30 30 30 30 31 31 31 31 31 31 31 31 31 31 31 31 31 31 31 31 31 31 31 31 31 31 31 31 31 31 31 31 31 31 31 31 31 31 32 32 32 32 32 32 32 32 32 32 32 32 32 32 32 32 32 32 32 32 32 32 32 32 32 32 32 32 32 32 32 32 32 32 32 32 32 32 32 32 32 32 32 32 33 33 33 33 33 33 33 33 33 33 25 25 25 25 25 25 26 26 26 26 26 26 26 26 26 26 26 26 26 26 26 26 26 26 26 26 26 26 26 26 27 27 27 27 27 27 27 27 27 27 27 27 27 27 27 27 27 27 27 27 27 27 27 27 27 27 27 27 27 27 28 28 28 28 28 28 28 28 28 28 28 28 28 28 28 28 28 28 28 28 28 28 28 28 28 28 29 29 29 29 29 29 29 29 29 29 29 29 29 29 29 29 29 29 29 29 29 29 29 29 29 29 30 30 30 30 30 30 30 30 30 30 30 30 30 30 30 30 30 30 30 30 30 30 30 30 30 30 30 30 31 31 31 31 31 31 31 31 31 31 31 31 31 31 31 31 31 31 31 31 31 31 31 31 31 31 31 31 31 31 31 31 31 31 31 32 32 32 32 32 32 32 32 32 32 32 32 32 32 32 32 32 32 32 32 32 32 32 32 32 32 32 32 32 32 32 32 32 32 32 32 32 32 32 32 32 32 32 32 33 33 33 33 33 33 33 33 33 25 25 25 25 25 25 25 25 26 26 26 26 26 26 26 26 26 26 26 26 26 26 26 26 26 26 26 26 26 26 26 27 26 27 27 27 27 27 27 27 27 27 27 27 27 27 27 27 27 27 27 27 27 27 27 27 27 27 27 27 27 28 28 28 28 28 28 28 28 28 28 28 28 28 28 28 28 28 28 28 28 28 28 28 28 28 29 29 29 29 29 29 29 29 29 29 29 29 29 29 29 29 29 29 29 29 29 29 29 29 29 29 30 30 30 30 30 30 30 30 30 30 30 30 30 30 30 30 30 30 30 30 30 30 30 30 30 30 30 30 31 31 31 31 31 31 31 31 31 31 31 31 31 31 31 31 31 31 31 31 31 31 31 31 31 31 31 31 31 31 31 31 31 31 31 31 32 32 32 32 32 32 32 32 32 32 32 32 32 32 32 32 32 32 32 32 32 32 32 32 32 32 32 32 32 32 32 32 32 32 32 32 32 32 32 32 32 32 32 33 33 33 33 33 33 33 33 33 25 25 25 25 25 25 25 25 26 26 26 26 26 26 26 26 26 26 26 26 26 26 26 26 26 26 26 26 26 26 26 26 26 27 27 27 27 27 27 27 27 27 27 27 27 27 27 27 27 27 27 27 27 27 27 27 27 27 27 27 27 28 28 28 28 28 28 28 28 28 28 28 28 28 28 28 28 28 28 28 28 28 28 28 29 28 28 28 29 29 29 29 29 29 29 29 29 29 29 29 29 29 29 29 29 29 29 29 29 29 29 29 29 30 30 30 30 30 30 30 30 30 30 30 30 30 30 30 30 30 30 30 30 30 30 30 30 30 30 30 30 30 31 31 31 31 31 31 31 31 31 31 31 31 31 31 31 31 31 31 31 31 31 31 31 31 31 31 31 31 31 31 31 31 31 31 32 32 32 32 32 32 32 32 32 32 32 32 32 32 32 32 32 32 32 32 32 32 32 32 32 32 32 32 32 32 32 32 32 32 32 32 32 32 32 32 32 32 32 33 33 33 33 33 33 33 33 33 25 25 25 25 25 25 25 25 26 26 26 26 26 26 26 26 26 26 26 26 26 26 26 26 26 26 26 26 26 26 26 26 26 27 27 27 27 27 27 27 27 27 27 27 27 27 27 27 27 27 27 27 27 27 27 27 27 27 27 27 27 28 28 28 28 28 28 28 28 28 28 28 28 28 28 28 28 28 28 28 28 28 29 29 29 29 29 29 29 29 29 29 29 29 29 29 29 29 29 29 29 29 29 29 29 29 29 29 29 29 29 29 30 30 30 30 30 30 30 30 30 30 30 30 30 30 30 30 30 30 30 30 30 30 30 30 30 30 30 30 30 31 31 31 31 31 31 31 31 31 31 31 31 31 31 31 31 31 31 31 31 31 31 31 31 31 31 31 31 31 31 31 31 31 31 32 32 32 32 32 32 32 32 32 32 32 32 32 32 32 32 32 32 32 32 32 32 32 32 32 32 32 32 32 32 32 32 32 32 32 32 32 32 32 32 32 32 32 32 33 33 33 33 33 33 33 33 25 25 25 25 25 25 25 25 25 26 26 26 26 26 26 26 26 26 26 26 26 26 26 26 26 26 26 26 26 26 26 26 26 26 27 27 27 27 27 27 27 27 27 27 27 27 27 27 27 27 27 27 27 27 27 27 27 27 27 27 27 28 28 28 28 28 28 28 28 28 28 28 28 28 28 28 28 28 28 28 28 28 29 29 29 29 29 29 29 29 29 29 29 29 29 29 29 29 29 29 29 29 29 29 29 29 29 29 29 29 29 29 29 30 30 30 30 30 30 30 30 30 30 30 30 30 30 30 30 30 30 30 30 30 30 30 30 30 30 30 30 30 31 31 31 31 31 31 31 31 31 31 31 31 31 31 31 31 31 31 31 31 31 31 31 31 31 31 31 31 31 31 31 31 31 31 32 32 32 32 32 32 32 32 32 32 32 32 32 32 32 32 32 32 32 32 32 32 32 32 32 32 32 32 32 32 32 32 32 32 32 32 32 32 32 32 32 32 32 33 33 33 33 33 33 33 33 25 25 25 25 25 25 25 25 26 26 26 26 26 26 26 26 26 26 26 26 26 26 26 26 26 26 26 26 26 26 26 26 26 27 27 27 27 27 27 27 27 27 27 27 27 27 27 27 27 27 27 27 27 27 27 27 27 27 27 27 27 27 28 28 28 28 28 28 28 28 28 28 28 28 28 28 28 28 28 28 28 29 29 29 29 29 29 29 29 29 29 29 29 29 29 29 29 29 29 29 29 29 29 29 29 29 29 29 29 29 29 29 30 30 30 30 30 30 30 30 30 30 30 30 30 30 30 30 30 30 30 30 30 30 30 30 30 30 30 30 30 30 31 31 31 31 31 31 31 31 31 31 31 31 31 31 31 31 31 31 31 31 31 31 31 31 31 31 31 31 31 31 31 31 31 32 32 32 32 32 32 32 32 32 32 32 32 32 32 32 32 32 32 32 32 32 32 32 32 32 32 32 32 32 32 32 32 32 32 32 32 32 32 32 32 32 32 32 33 33 33 33 33 33 33 33 25 25 25 25 25 25 25 26 26 26 26 26 26 26 26 26 26 26 26 26 26 26 26 26 26 26 26 26 26 26 26 26 27 27 27 27 27 27 27 27 27 27 27 27 27 27 27 27 27 27 27 27 27 27 27 27 27 27 27 27 28 28 28 28 28 28 28 28 28 28 28 28 28 28 28 28 28 28 28 29 29 29 29 29 29 29 29 29 29 29 29 29 29 29 29 29 29 29 29 29 29 29 29 29 29 29 29 29 29 29 29 30 30 30 30 30 30 30 30 30 30 30 30 30 30 30 30 30 30 30 30 30 30 30 30 30 30 30 30 30 30 31 31 31 31 31 31 31 31 31 31 31 31 31 31 31 31 31 31 31 31 31 31 31 31 31 31 31 31 31 31 31 31 31 32 32 32 32 32 32 32 32 32 32 32 32 32 32 32 32 32 32 32 32 32 32 32 32 32 32 32 32 32 32 32 32 32 32 32 32 32 32 32 32 32 32 33 33 33 33 33 33 33 33 25 25 25 25 25 26 26 26 26 26 26 26 26 26 26 26 26 26 26 26 26 26 26 26 26 26 26 26 26 27 27 27 27 27 27 27 27 27 27 27 27 27 27 27 27 27 27 27 27 27 27 27 27 27 27 27 27 27 27 28 28 28 28 28 28 28 28 28 28 28 28 28 28 28 28 28 28 28 29 29 29 29 29 29 29 29 29 29 29 29 29 29 29 29 29 29 29 29 29 29 29 29 29 29 29 29 29 29 30 30 30 30 30 30 30 30 30 30 30 30 30 30 30 30 30 30 30 30 30 30 30 30 30 30 30 30 30 30 31 31 31 31 31 31 31 31 31 31 31 31 31 31 31 31 31 31 31 31 31 31 31 31 31 31 31 31 31 31 31 31 31 32 32 32 32 32 32 32 32 32 32 32 32 32 32 32 32 32 32 32 32 32 32 32 32 32 32 32 32 32 32 32 32 32 32 32 32 32 32 32 32 32 32 32 33 33 33 33 33 33 33 25 25 25 25 25 26 26 26 26 26 26 26 26 26 26 26 26 26 26 26 26 26 26 26 26 26 26 26 26 27 27 27 27 27 27 27 27 27 27 27 27 27 27 27 27 27 27 27 27 27 27 27 27 27 27 27 27 27 27 27 28 28 28 28 28 28 28 28 28 28 28 28 28 28 28 28 28 28 29 29 29 29 29 29 29 29 29 29 29 29 29 29 29 29 29 29 29 29 29 29 29 29 29 29 29 29 29 30 30 30 30 30 30 30 30 30 30 30 30 30 30 30 30 30 30 30 30 30 30 30 30 30 30 30 30 30 30 30 31 31 31 31 31 31 31 31 31 31 31 31 31 31 31 31 31 31 31 31 31 31 31 31 31 31 31 31 31 31 31 31 31 32 32 32 32 32 32 32 32 32 32 32 32 32 32 32 32 32 32 32 32 32 32 32 32 32 32 32 32 32 32 32 32 32 32 32 32 32 32 32 32 32 32 33 33 33 33 33 33 33 25 25 25 25 25 26 26 26 26 26 26 26 26 26 26 26 26 26 26 26 26 26 26 26 26 26 26 26 26 26 27 27 27 27 27 27 27 27 27 27 27 27 27 27 27 27 27 27 27 27 27 27 27 27 27 27 27 27 27 27 28 28 28 28 28 28 28 28 28 28 28 28 28 28 28 28 28 28 28 29 29 29 29 29 29 29 29 29 29 29 29 29 29 29 29 29 29 29 29 29 29 29 29 29 29 29 29 29 30 30 30 30 30 30 30 30 30 30 30 30 30 30 30 30 30 30 30 30 30 30 30 30 30 30 30 30 30 30 31 31 31 31 31 31 31 31 31 31 31 31 31 31 31 31 31 31 31 31 31 31 31 31 31 31 31 31 31 31 31 31 31 32 32 32 32 32 32 32 32 32 32 32 32 32 32 32 32 32 32 32 32 32 32 32 32 32 32 32 32 32 32 32 32 32 32 32 32 32 32 32 32 32 32 33 33 33 33 33 33 33 25 25 25 25 25 25 25 26 26 26 26 26 26 26 26 26 26 26 26 26 26 26 26 26 26 26 26 26 26 26 26 26 27 27 27 27 27 27 27 27 27 27 27 27 27 27 27 27 27 27 27 27 27 27 27 27 27 27 27 27 27 28 28 28 28 28 28 28 28 28 28 28 28 28 28 28 28 28 28 28 28 29 29 29 29 29 29 29 29 29 29 29 29 29 29 29 29 29 29 29 29 29 29 29 29 29 29 29 29 29 30 30 30 30 30 30 30 30 30 30 30 30 30 30 30 30 30 30 30 30 30 30 30 30 30 30 30 30 30 30 31 31 31 31 31 31 31 31 31 31 31 31 31 31 31 31 31 31 31 31 31 31 31 31 31 31 31 31 31 31 31 31 31 32 32 32 32 32 32 32 32 32 32 32 32 32 32 32 32 32 32 32 32 32 32 32 32 32 32 32 32 32 32 32 32 32 32 32 32 32 32 32 32 32 33 33 33 33 33 33 33 25 25 25 25 25 25 25 25 25 25 26 26 26 26 26 26 26 26 26 26 26 26 26 26 26 26 26 26 26 26 26 26 26 26 26 27 27 27 27 27 27 27 27 27 27 27 27 27 27 27 27 27 27 27 27 27 27 27 27 27 27 27 27 28 28 28 28 28 28 28 28 28 28 28 28 28 28 28 28 28 28 28 29 29 29 29 29 29 29 29 29 29 29 29 29 29 29 29 29 29 29 29 29 29 29 29 29 29 29 29 29 29 30 30 30 30 30 30 30 30 30 30 30 30 30 30 30 30 30 30 30 30 30 30 30 30 30 30 30 30 30 30 31 31 31 31 31 31 31 31 31 31 31 31 31 31 31 31 31 31 31 31 31 31 31 31 31 31 31 31 31 31 31 31 31 32 32 32 32 32 32 32 32 32 32 32 32 32 32 32 32 32 32 32 32 32 32 32 32 32 32 32 32 32 32 32 32 32 32 32 32 32 32 32 32 33 33 33 33 33 33 33 25 25 25 25 25 25 25 25 25 25 25 25 25 26 26 26 26 26 26 26 26 26 26 26 26 26 26 26 26 26 26 26 26 26 26 26 27 27 27 27 27 27 27 27 27 27 27 27 27 27 27 27 27 27 27 27 27 27 27 27 27 27 27 28 28 28 28 28 28 28 28 28 28 28 28 28 28 28 28 28 28 28 28 28 29 29 29 29 29 29 29 29 29 29 29 29 29 29 29 29 29 29 29 29 29 29 29 29 29 29 29 29 29 29 30 30 30 30 30 30 30 30 30 30 30 30 30 30 30 30 30 30 30 30 30 30 30 30 30 30 30 30 30 30 31 31 31 31 31 31 31 31 31 31 31 31 31 31 31 31 31 31 31 31 31 31 31 31 31 31 31 31 31 31 31 31 32 32 32 32 32 32 32 32 32 32 32 32 32 32 32 32 32 32 32 32 32 32 32 32 32 32 32 32 32 32 32 32 32 32 32 32 32 32 32 32 33 33 33 33 33 33 25 25 25 25 25 25 25 25 25 25 25 25 25 25 26 26 26 26 26 26 26 26 26 26 26 26 26 26 26 26 26 26 26 26 26 26 26 27 27 27 27 27 27 27 27 27 27 27 27 27 27 27 27 27 27 27 27 27 27 27 27 27 27 27 28 28 28 28 28 28 28 28 28 28 28 28 28 28 28 28 28 28 28 28 28 29 29 29 29 29 29 29 29 29 29 29 29 29 29 29 29 29 29 29 29 29 29 29 29 29 29 29 29 29 30 30 30 30 30 30 30 30 30 30 30 30 30 30 30 30 30 30 30 30 30 30 30 30 30 30 30 30 30 30 30 31 31 31 31 31 31 31 31 31 31 31 31 31 31 31 31 31 31 31 31 31 31 31 31 31 31 31 31 31 31 31 31 32 32 32 32 32 32 32 32 32 32 32 32 32 32 32 32 32 32 32 32 32 32 32 32 32 32 32 32 32 32 32 32 32 32 32 32 32 32 32 32 33 33 33 33 33 25 25 25 25 25 25 25 25 25 25 25 25 25 25 25 25 25 25 26 26 26 26 26 26 26 26 26 26 26 26 26 26 26 26 26 26 26 26 26 26 26 27 27 27 27 27 27 27 27 27 27 27 27 27 27 27 27 27 27 27 27 27 27 27 27 27 27 28 28 28 28 28 28 28 28 28 28 28 28 28 28 28 28 28 28 28 28 28 29 28 29 29 29 29 29 29 29 29 29 29 29 29 29 29 29 29 29 29 29 29 29 29 29 29 29 29 29 30 30 30 30 30 30 30 30 30 30 30 30 30 30 30 30 30 30 30 30 30 30 30 30 30 30 30 30 30 30 30 31 31 31 31 31 31 31 31 31 31 31 31 31 31 31 31 31 31 31 31 31 31 31 31 31 31 31 31 31 31 31 31 31 32 32 32 32 32 32 32 32 32 32 32 32 32 32 32 32 32 32 32 32 32 32 32 32 32 32 32 32 32 32 32 32 32 32 32 32 32 32 32 33 33 33 33 25 25 25 25 25 25 25 25 25 25 25 25 25 25 25 25 25 25 26 26 26 26 26 26 26 26 26 26 26 26 26 26 26 26 26 26 26 26 26 26 26 26 27 27 27 27 27 27 27 27 27 27 27 27 27 27 27 27 27 27 27 27 27 27 27 27 27 27 28 28 28 28 28 28 28 28 28 28 28 28 28 28 28 28 28 28 28 28 28 28 29 29 29 29 29 29 29 29 29 29 29 29 29 29 29 29 29 29 29 29 29 29 29 29 29 29 29 30 30 30 30 30 30 30 30 30 30 30 30 30 30 30 30 30 30 30 30 30 30 30 30 30 30 30 30 30 30 30 30 31 31 31 31 31 31 31 31 31 31 31 31 31 31 31 31 31 31 31 31 31 31 31 31 31 31 31 31 31 31 31 31 32 32 32 32 32 32 32 32 32 32 32 32 32 32 32 32 32 32 32 32 32 32 32 32 32 32 32 32 32 32 32 32 32 32 32 32 32 32 32 32 33 33 25 25 25 25 25 25 25 25 25 25 25 25 25 25 25 25 25 25 25 25 26 26 26 26 26 26 26 26 26 26 26 26 26 26 26 26 26 26 26 26 26 26 26 27 27 27 27 27 27 27 27 27 27 27 27 27 27 27 27 27 27 27 27 27 27 27 27 27 27 28 28 28 28 28 28 28 28 28 28 28 28 28 28 28 28 28 28 28 28 28 29 29 29 29 29 29 29 29 29 29 29 29 29 29 29 29 29 29 29 29 29 29 29 29 29 29 29 29 30 30 30 30 30 30 30 30 30 30 30 30 30 30 30 30 30 30 30 30 30 30 30 30 30 30 30 30 30 30 31 31 31 31 31 31 31 31 31 31 31 31 31 31 31 31 31 31 31 31 31 31 31 31 31 31 31 31 31 31 31 31 31 32 32 32 32 32 32 32 32 32 32 32 32 32 32 32 32 32 32 32 32 32 32 32 32 32 32 32 32 32 32 32 32 32 32 32 32 32 32 32 32 32 32 25 25 25 25 25 25 25 25 25 25 25 25 25 25 25 25 25 25 25 25 26 26 26 26 26 26 26 26 26 26 26 26 26 26 26 26 26 26 26 26 26 26 27 27 27 27 27 27 27 27 27 27 27 27 27 27 27 27 27 27 27 27 27 27 27 27 27 27 28 28 28 28 28 28 28 28 28 28 28 28 28 28 28 28 28 28 28 28 28 28 29 29 29 29 29 29 29 29 29 29 29 29 29 29 29 29 29 29 29 29 29 29 29 29 29 29 29 29 30 30 30 30 30 30 30 30 30 30 30 30 30 30 30 30 30 30 30 30 30 30 30 30 30 30 30 30 30 30 30 31 31 31 31 31 31 31 31 31 31 31 31 31 31 31 31 31 31 31 31 31 31 31 31 31 31 31 31 31 31 31 32 32 32 32 32 32 32 32 32 32 32 32 32 32 32 32 32 32 32 32 32 32 32 32 32 32 32 32 32 32 32 32 32 32 32 32 32 32 32 32 32 32 25 25 25 25 25 25 25 25 25 25 25 25 25 25 25 25 25 25 25 25 25 25 25 26 26 26 26 26 26 26 26 26 26 26 26 26 26 26 26 26 26 26 26 26 26 27 27 27 27 27 27 27 27 27 27 27 27 27 27 27 27 27 27 27 27 27 27 27 27 27 27 28 28 28 28 28 28 28 28 28 28 28 28 28 28 28 28 28 28 28 28 28 28 29 29 29 29 29 29 29 29 29 29 29 29 29 29 29 29 29 29 29 29 29 29 29 29 29 29 29 30 30 30 30 30 30 30 30 30 30 30 30 30 30 30 30 30 30 30 30 30 30 30 30 30 30 30 30 30 30 30 31 31 31 31 31 31 31 31 31 31 31 31 31 31 31 31 31 31 31 31 31 31 31 31 31 31 31 31 31 31 31 32 32 32 32 32 32 32 32 32 32 32 32 32 32 32 32 32 32 32 32 32 32 32 32 32 32 32 32 32 32 32 32 32 32 32 32 32 32 32 32 32 32 32 25 25 25 25 25 25 25 25 25 25 25 25 25 25 25 25 25 25 25 25 25 25 25 25 25 26 26 26 26 26 26 26 26 26 26 26 26 26 26 26 26 26 26 26 26 26 26 27 27 27 27 27 27 27 27 27 27 27 27 27 27 27 27 27 27 27 27 27 27 27 27 27 27 28 28 28 28 28 28 28 28 28 28 28 28 28 28 28 28 28 28 28 28 28 29 29 29 29 29 29 29 29 29 29 29 29 29 29 29 29 29 29 29 29 29 29 29 29 29 29 29 29 30 30 30 30 30 30 30 30 30 30 30 30 30 30 30 30 30 30 30 30 30 30 30 30 30 30 30 30 30 30 30 31 31 31 31 31 31 31 31 31 31 31 31 31 31 31 31 31 31 31 31 31 31 31 31 31 31 31 31 31 31 31 32 32 32 32 32 32 32 32 32 32 32 32 32 32 32 32 32 32 32 32 32 32 32 32 32 32 32 32 32 32 32 32 32 32 32 32 32 32 32 32 32 32 32 32 33 25 25 25 25 25 25 25 25 25 25 25 25 25 25 25 25 25 25 25 25 25 25 25 25 25 25 26 26 26 26 26 26 26 26 26 26 26 26 26 26 26 26 26 26 26 26 26 26 27 27 27 27 27 27 27 27 27 27 27 27 27 27 27 27 27 27 27 27 27 27 27 27 27 27 28 28 28 28 28 28 28 28 28 28 28 28 28 28 28 28 28 28 28 28 28 29 29 29 29 29 29 29 29 29 29 29 29 29 29 29 29 29 29 29 29 29 29 29 29 29 29 29 30 30 30 30 30 30 30 30 30 30 30 30 30 30 30 30 30 30 30 30 30 30 30 30 30 30 30 30 30 30 30 31 31 31 31 31 31 31 31 31 31 31 31 31 31 31 31 31 31 31 31 31 31 31 31 31 31 31 31 31 31 31 32 32 32 32 32 32 32 32 32 32 32 32 32 32 32 32 32 32 32 32 32 32 32 32 32 32 32 32 32 32 32 32 32 32 32 32 32 32 32 32 32 32 32 32 32 33 24 25 25 25 25 25 25 25 25 25 25 25 25 25 25 25 25 25 25 25 25 25 25 25 25 25 26 25 26 26 26 26 26 26 26 26 26 26 26 26 26 26 26 26 26 26 26 26 26 27 27 27 27 27 27 27 27 27 27 27 27 27 27 27 27 27 27 27 27 27 27 27 27 27 28 28 28 28 28 28 28 28 28 28 28 28 28 28 28 28 28 28 28 28 28 28 29 29 29 29 29 29 29 29 29 29 29 29 29 29 29 29 29 29 29 29 29 29 29 29 29 29 29 30 30 30 30 30 30 30 30 30 30 30 30 30 30 30 30 30 30 30 30 30 30 30 30 30 30 30 30 30 30 31 31 31 31 31 31 31 31 31 31 31 31 31 31 31 31 31 31 31 31 31 31 31 31 31 31 31 31 31 31 31 31 32 32 32 32 32 32 32 32 32 32 32 32 32 32 32 32 32 32 32 32 32 32 32 32 32 32 32 32 32 32 32 32 32 32 32 32 32 32 32 32 32 32 32 32 33 33 25 25 25 25 25 25 25 25 25 25 25 25 25 25 25 25 25 25 25 25 25 25 25 25 26 26 26 26 26 26 26 26 26 26 26 26 26 26 26 26 26 26 26 26 26 27 27 27 27 27 27 27 27 27 27 27 27 27 27 27 27 27 27 27 27 27 27 27 27 27 28 28 28 28 28 28 28 28 28 28 28 28 28 28 28 28 28 28 28 28 28 29 29 29 29 29 29 29 29 29 29 29 29 29 29 29 29 29 29 29 29 29 29 29 29 29 29 29 30 30 30 30 30 30 30 30 30 30 30 30 30 30 30 30 30 30 30 30 30 30 30 30 30 30 30 30 30 30 31 31 31 31 31 31 31 31 31 31 31 31 31 31 31 31 31 31 31 31 31 31 31 31 31 31 31 31 31 31 31 31 32 32 32 32 32 32 32 32 32 32 32 32 32 32 32 32 32 32 32 32 32 32 32 32 32 32 32 32 32 32 32 32 32 32 32 32 32 32 32 32 32 32 32 33 33 33 33 24 25 25 25 25 25 25 25 25 25 25 25 25 25 25 25 25 25 25 25 25 26 26 26 26 26 26 26 26 26 26 26 26 26 26 26 26 26 26 26 26 26 26 27 27 27 27 27 27 27 27 27 27 27 27 27 27 27 27 27 27 27 27 27 27 27 27 27 28 28 28 28 28 28 28 28 28 28 28 28 28 28 28 28 28 28 28 28 28 29 29 29 29 29 29 29 29 29 29 29 29 29 29 29 29 29 29 29 29 29 29 29 29 29 29 29 30 30 30 30 30 30 30 30 30 30 30 30 30 30 30 30 30 30 30 30 30 30 30 30 30 30 30 30 30 30 31 31 31 31 31 31 31 31 31 31 31 31 31 31 31 31 31 31 31 31 31 31 31 31 31 31 31 31 31 31 32 32 32 32 32 32 32 32 32 32 32 32 32 32 32 32 32 32 32 32 32 32 32 32 32 32 32 32 32 32 32 32 32 32 32 32 32 32 32 32 32 32 32 32 32 32 32 33 24 24 24 24 24 25 25 25 25 25 25 25 25 25 25 25 25 25 26 26 26 26 26 26 26 26 26 26 26 26 26 26 26 26 26 26 26 26 26 26 27 27 27 27 27 27 27 27 27 27 27 27 27 27 27 27 27 27 27 27 27 27 27 27 27 28 28 28 28 28 28 28 28 28 28 28 28 28 28 28 28 28 28 28 28 29 29 29 29 29 29 29 29 29 29 29 29 29 29 29 29 29 29 29 29 29 29 29 29 29 29 29 30 30 30 30 30 30 30 30 30 30 30 30 30 30 30 30 30 30 30 30 30 30 30 30 30 30 30 30 30 30 30 30 31 31 31 31 31 31 31 31 31 31 31 31 31 31 31 31 31 31 31 31 31 31 31 31 31 31 31 31 31 32 32 32 32 32 32 32 32 32 32 32 32 32 32 32 32 32 32 32 32 32 32 32 32 32 32 32 32 32 32 32 32 32 32 32 32 32 32 32 32 32 32 32 32 32 32 32 33 25 25 25 25 25 25 25 25 25 25 26 26 26 26 26 26 26 26 26 26 26 26 26 26 26 26 26 26 26 26 27 27 27 27 27 27 27 27 27 27 27 27 27 27 27 27 27 27 27 27 27 27 27 27 27 28 28 28 28 28 28 28 28 28 28 28 28 28 28 28 28 28 28 28 28 28 29 29 29 29 29 29 29 29 29 29 29 29 29 29 29 29 29 29 29 29 29 29 29 29 29 29 29 30 30 30 30 30 30 30 30 30 30 30 30 30 30 30 30 30 30 30 30 30 30 30 30 30 30 30 30 30 30 30 31 31 31 31 31 31 31 31 31 31 31 31 31 31 31 31 31 31 31 31 31 31 31 31 31 31 31 31 31 31 31 32 32 32 32 32 32 32 32 32 32 32 32 32 32 32 32 32 32 32 32 32 32 32 32 32 32 32 32 32 32 32 32 32 32 32 32 32 32 32 32 32 32 32 32 32 25 25 25 25 25 25 25 25 25 26 26 26 26 26 26 26 26 26 26 26 26 26 26 26 26 26 26 26 26 27 27 27 27 27 27 27 27 27 27 27 27 27 27 27 27 27 27 27 27 27 27 27 27 27 28 28 28 28 28 28 28 28 28 28 28 28 28 28 28 28 28 28 28 28 29 29 29 29 29 29 29 29 29 29 29 29 29 29 29 29 29 29 29 29 29 29 29 29 29 29 29 30 30 30 30 30 30 30 30 30 30 30 30 30 30 30 30 30 30 30 30 30 30 30 30 30 30 30 30 30 30 30 31 31 31 31 31 31 31 31 31 31 31 31 31 31 31 31 31 31 31 31 31 31 31 31 31 31 31 31 31 31 31 31 32 32 32 32 32 32 32 32 32 32 32 32 32 32 32 32 32 32 32 32 32 32 32 32 32 32 32 32 32 32 32 32 32 32 32 32 32 32 32 32 32 32 32 25 25 25 25 25 25 25 25 26 26 26 26 26 26 26 26 26 26 26 26 26 26 26 26 26 26 26 26 26 27 27 27 27 27 27 27 27 27 27 27 27 27 27 27 27 27 27 27 27 27 27 27 27 27 28 28 28 28 28 28 28 28 28 28 28 28 28 28 28 28 28 28 28 28 29 29 29 29 29 29 29 29 29 29 29 29 29 29 29 29 29 29 29 29 29 29 29 29 29 29 29 30 30 30 30 30 30 30 30 30 30 30 30 30 30 30 30 30 30 30 30 30 30 30 30 30 30 30 30 30 30 31 31 31 31 31 31 31 31 31 31 31 31 31 31 31 31 31 31 31 31 31 31 31 31 31 31 31 31 31 31 31 31 31 32 32 32 32 32 32 32 32 32 32 32 32 32 32 32 32 32 32 32 32 32 32 32 32 32 32 32 32 32 32 32 32 32 32 32 32 32 32 32 32 25 25 25 25 25 25 25 25 26 26 26 26 26 26 26 26 26 26 26 26 26 26 26 26 26 26 26 26 26 26 27 27 27 27 27 27 27 27 27 27 27 27 27 27 27 27 27 27 27 27 27 27 27 27 27 28 28 28 28 28 28 28 28 28 28 28 28 28 28 28 28 28 28 28 28 29 29 29 29 29 29 29 29 29 29 29 29 29 29 29 29 29 29 29 29 29 29 29 29 29 29 29 30 30 30 30 30 30 30 30 30 30 30 30 30 30 30 30 30 30 30 30 30 30 30 30 30 30 30 30 30 30 31 31 31 31 31 31 31 31 31 31 31 31 31 31 31 31 31 31 31 31 31 31 31 31 31 31 31 31 31 31 31 31 32 32 32 32 32 32 32 32 32 32 32 32 32 32 32 32 32 32 32 32 32 32 32 32 32 32 32 32 32 32 32 32 32 32 32 32 32 32 25 25 25 25 25 25 25 25 26 26 26 26 26 26 26 26 26 26 26 26 26 26 26 26 26 26 26 26 26 26 26 27 27 27 27 27 27 27 27 27 27 27 27 27 27 27 27 27 27 27 27 27 27 27 27 28 28 28 28 28 28 28 28 28 28 28 28 28 28 28 28 28 28 28 28 29 29 29 29 29 29 29 29 29 29 29 29 29 29 29 29 29 29 29 29 29 29 29 29 29 29 29 30 30 30 30 30 30 30 30 30 30 30 30 30 30 30 30 30 30 30 30 30 30 30 30 30 30 30 30 30 30 30 31 31 31 31 31 31 31 31 31 31 31 31 31 31 31 31 31 31 31 31 31 31 31 31 31 31 31 31 31 31 31 31 32 32 32 32 32 32 32 32 32 32 32 32 32 32 32 32 32 32 32 32 32 32 32 32 32 32 32 32 32 32 32 32 32 32 32 32 24 24 24 24 25 25 25 25 25 25 25 25 25 25 25 25 26 26 26 26 26 26 26 26 26 26 26 26 26 26 26 26 26 26 26 26 26 26 26 26 27 27 27 27 27 27 27 27 27 27 27 27 27 27 27 27 27 27 27 27 27 27 27 27 28 28 28 28 28 28 28 28 28 28 28 28 28 28 28 28 28 28 28 28 29 29 29 29 29 29 29 29 29 29 29 29 29 29 29 29 29 29 29 29 29 29 29 29 29 29 29 30 30 30 30 30 30 30 30 30 30 30 30 30 30 30 30 30 30 30 30 30 30 30 30 30 30 30 30 30 30 31 31 31 31 31 31 31 31 31 31 31 31 31 31 31 31 31 31 31 31 31 31 31 31 31 31 31 31 31 31 31 31 31 32 32 32 32 32 32 32 32 32 32 32 32 32 32 32 32 32 32 32 32 32 32 32 32 32 32 32 32 32 32 32 32 32 32 32 24 24 24 24 25 25 25 25 25 25 25 25 25 25 25 25 25 25 25 25 25 25 26 26 26 26 26 26 26 26 26 26 26 26 26 26 26 26 26 26 26 26 26 26 26 26 27 27 27 27 27 27 27 27 27 27 27 27 27 27 27 27 27 27 27 27 27 27 27 27 28 28 28 28 28 28 28 28 28 28 28 28 28 28 28 28 28 28 28 29 29 29 29 29 29 29 29 29 29 29 29 29 29 29 29 29 29 29 29 29 29 29 29 29 29 29 30 30 30 30 30 30 30 30 30 30 30 30 30 30 30 30 30 30 30 30 30 30 30 30 30 30 30 30 30 30 30 31 31 31 31 31 31 31 31 31 31 31 31 31 31 31 31 31 31 31 31 31 31 31 31 31 31 31 31 31 31 31 31 32 32 32 32 32 32 32 32 32 32 32 32 32 32 32 32 32 32 32 32 32 32 32 32 32 32 32 32 32 32 32 32 32 32 32 32 32 32 32 32 32 32 24 24 24 24 25 25 25 25 25 25 25 25 25 25 25 25 25 25 25 25 25 25 26 26 26 26 26 26 26 26 26 26 26 26 26 26 26 26 26 26 26 26 26 26 26 26 26 27 27 27 27 27 27 27 27 27 27 27 27 27 27 27 27 27 27 27 27 27 27 27 27 28 28 28 28 28 28 28 28 28 28 28 28 28 28 28 28 28 28 28 29 29 29 29 29 29 29 29 29 29 29 29 29 29 29 29 29 29 29 29 29 29 29 29 29 29 29 30 30 30 30 30 30 30 30 30 30 30 30 30 30 30 30 30 30 30 30 30 30 30 30 30 30 30 30 30 30 30 31 31 31 31 31 31 31 31 31 31 31 31 31 31 31 31 31 31 31 31 31 31 31 31 31 31 31 31 31 31 31 31 32 32 32 32 32 32 32 32 32 32 32 32 32 32 32 32 32 32 32 32 32 32 32 32 32 32 32 32 32 32 32 32 32 32 32 32 32 32 32 32 32 33 33 24 24 24 24 24 24 25 25 25 25 25 25 25 25 25 25 25 25 25 25 25 25 25 26 26 26 26 26 26 26 26 26 26 26 26 26 26 26 26 26 26 26 26 26 26 26 26 26 27 27 27 27 27 27 27 27 27 27 27 27 27 27 27 27 27 27 27 27 27 27 27 28 28 28 28 28 28 28 28 28 28 28 28 28 28 28 28 28 28 28 28 29 29 29 29 29 29 29 29 29 29 29 29 29 29 29 29 29 29 29 29 29 29 29 29 29 29 30 30 30 30 30 30 30 30 30 30 30 30 30 30 30 30 30 30 30 30 30 30 30 30 30 30 30 30 30 30 30 31 31 31 31 31 31 31 31 31 31 31 31 31 31 31 31 31 31 31 31 31 31 31 31 31 31 31 31 31 31 31 31 32 32 32 32 32 32 32 32 32 32 32 32 32 32 32 32 32 32 32 32 32 32 32 32 32 32 32 32 32 32 32 32 32 32 32 32 32 32 32 32 32 33 33 33 33 24 24 24 24 24 24 24 24 25 25 25 25 25 25 25 25 25 25 25 25 25 25 25 25 25 26 26 26 26 26 26 26 26 26 26 26 26 26 26 26 26 26 26 26 26 26 26 26 26 27 27 27 27 27 27 27 27 27 27 27 27 27 27 27 27 27 27 27 27 27 27 27 28 28 28 28 28 28 28 28 28 28 28 28 28 28 28 28 28 28 28 28 28 29 29 29 29 29 29 29 29 29 29 29 29 29 29 29 29 29 29 29 29 29 29 29 29 29 29 30 30 30 30 30 30 30 30 30 30 30 30 30 30 30 30 30 30 30 30 30 30 30 30 30 30 30 30 30 30 30 31 31 31 31 31 31 31 31 31 31 31 31 31 31 31 31 31 31 31 31 31 31 31 31 31 31 31 31 31 31 31 31 32 32 32 32 32 32 32 32 32 32 32 32 32 32 32 32 32 32 32 32 32 32 32 32 32 32 32 32 32 32 32 32 32 32 32 32 32 32 32 32 33 33 33 33 33 24 24 24 24 24 24 24 24 25 25 25 25 25 25 25 25 25 25 25 25 25 25 25 25 25 26 26 26 26 26 26 26 26 26 26 26 26 26 26 26 26 26 26 26 26 26 26 26 26 27 27 27 27 27 27 27 27 27 27 27 27 27 27 27 27 27 27 27 27 27 27 28 28 28 28 28 28 28 28 28 28 28 28 28 28 28 28 28 28 28 28 28 29 29 29 29 29 29 29 29 29 29 29 29 29 29 29 29 29 29 29 29 29 29 29 29 29 29 29 30 30 29 30 30 30 30 30 30 30 30 30 30 30 30 30 30 30 30 30 30 30 30 30 30 30 30 30 30 30 30 31 31 31 31 31 31 31 31 31 31 31 31 31 31 31 31 31 31 31 31 31 31 31 31 31 31 31 31 31 31 31 31 32 32 32 32 32 32 32 32 32 32 32 32 32 32 32 32 32 32 32 32 32 32 32 32 32 32 32 32 32 32 32 32 32 32 32 32 32 32 32 33 33 33 33 33 33 24 24 24 24 24 24 24 25 25 25 25 25 25 25 25 25 25 25 25 25 25 25 25 25 25 26 26 26 26 26 26 26 26 26 26 26 26 26 26 26 26 26 26 26 26 26 26 26 26 27 27 27 27 27 27 27 27 27 27 27 27 27 27 27 27 27 27 27 27 27 28 28 28 28 28 28 28 28 28 28 28 28 28 28 28 28 28 28 28 28 28 28 29 29 29 29 29 29 29 29 29 29 29 29 29 29 29 29 29 29 29 29 29 29 29 29 29 29 30 30 29 30 30 30 30 30 30 30 30 30 30 30 30 30 30 30 30 30 30 30 30 30 30 30 30 30 30 30 30 30 30 31 31 31 31 31 31 31 31 31 31 31 31 31 31 31 31 31 31 31 31 31 31 31 31 31 31 31 31 31 31 31 32 32 32 32 32 32 32 32 32 32 32 32 32 32 32 32 32 32 32 32 32 32 32 32 32 32 32 32 32 32 32 32 32 32 32 32 32 32 33 33 33 33 33 24 24 24 24 24 24 24 25 25 25 25 25 25 25 25 25 25 25 25 25 25 25 25 25 26 26 26 26 26 26 26 26 26 26 26 26 26 26 26 26 26 26 26 26 26 26 26 26 27 27 27 27 27 27 27 27 27 27 27 27 27 27 27 27 27 27 27 27 28 28 28 28 28 28 28 28 28 28 28 28 28 28 28 28 28 28 28 28 28 28 29 29 29 29 29 29 29 29 29 29 29 29 29 29 29 29 29 29 29 29 29 29 29 29 29 29 29 30 29 29 30 30 30 30 30 30 30 30 30 30 30 30 30 30 30 30 30 30 30 30 30 30 30 30 30 30 30 30 30 31 31 31 31 31 31 31 31 31 31 31 31 31 31 31 31 31 31 31 31 31 31 31 31 31 31 31 31 31 31 31 32 32 32 32 32 32 32 32 32 32 32 32 32 32 32 32 32 32 32 32 32 32 32 32 32 32 32 32 32 32 32 32 32 32 32 32 32 32 33 33 33 33 24 24 24 24 24 24 24 25 25 25 25 25 25 25 25 25 25 25 25 25 25 25 25 25 25 26 26 26 26 26 26 26 26 26 26 26 26 26 26 26 26 26 26 26 26 26 26 26 27 27 27 27 27 27 27 27 27 27 27 27 27 27 27 27 27 27 27 28 28 28 28 28 28 28 28 28 28 28 28 28 28 28 28 28 28 28 28 28 28 28 29 29 29 29 29 29 29 29 29 29 29 29 29 29 29 29 29 29 29 29 29 29 29 29 29 29 29 29 29 29 30 30 30 30 30 30 30 30 30 30 30 30 30 30 30 30 30 30 30 30 30 30 30 30 30 30 30 30 31 31 31 31 31 31 31 31 31 31 31 31 31 31 31 31 31 31 31 31 31 31 31 31 31 31 31 31 31 31 31 31 32 32 32 32 32 32 32 32 32 32 32 32 32 32 32 32 32 32 32 32 32 32 32 32 32 32 32 32 32 32 32 32 32 32 32 32 32 33 33 33 33 33 33 33 24 24 24 24 25 25 25 25 25 25 25 25 25 25 25 25 25 25 25 25 25 25 25 25 25 25 25 25 26 26 26 26 26 26 26 26 26 26 26 26 26 26 26 26 26 26 26 26 26 26 26 26 27 27 27 27 27 27 27 27 27 27 27 27 27 27 27 27 27 27 28 28 28 28 28 28 28 28 28 28 28 28 28 28 28 28 28 28 28 28 28 28 28 28 28 28 28 28 29 29 29 29 29 29 29 29 29 29 29 29 29 29 29 29 29 29 29 29 29 29 29 29 29 29 29 29 30 30 29 30 30 30 30 30 30 30 30 30 30 30 30 30 30 30 30 30 30 30 30 30 30 30 30 30 30 30 30 30 31 31 31 31 31 31 31 31 31 31 31 31 31 31 31 31 31 31 31 31 31 31 31 31 31 31 31 31 31 31 31 31 32 32 32 32 32 32 32 32 32 32 32 32 32 32 32 32 32 32 32 32 32 32 32 32 32 32 33 33 33 33 33 33 33 33 33 33 33 24 24 24 24 24 24 25 25 25 25 25 25 25 25 25 25 25 25 25 25 25 25 25 25 25 25 25 25 25 26 26 26 26 26 26 26 26 26 26 26 26 26 26 26 26 26 26 26 26 26 26 26 26 26 27 27 27 27 27 27 27 27 27 27 27 27 27 27 27 27 27 27 28 28 28 28 28 28 28 28 28 28 28 28 28 28 28 28 28 28 28 28 28 28 28 28 28 28 28 28 29 29 29 29 29 29 29 29 29 29 29 29 29 29 29 29 29 29 29 29 29 29 29 29 29 29 29 29 30 30 30 30 30 30 30 30 30 30 30 30 30 30 30 30 30 30 30 30 30 30 30 30 30 30 30 30 30 30 30 30 31 31 31 31 31 31 31 31 31 31 31 31 31 31 31 31 31 31 31 31 31 31 31 31 31 31 31 31 31 31 31 31 32 32 32 32 32 32 32 32 32 32 32 32 32 32 32 32 32 32 32 32 32 32 32 32 32 33 33 33 33 33 33 33 33 33 33 33 24 24 24 24 24 24 24 24 24 24 24 24 24 24 25 25 25 25 25 25 25 25 25 25 25 25 25 25 25 25 25 25 25 25 25 25 26 26 26 26 26 26 26 26 26 26 26 26 26 26 26 26 26 26 26 26 26 26 26 26 26 27 27 27 27 27 27 27 27 27 27 27 27 27 27 27 27 27 28 28 28 28 28 28 28 28 28 28 28 28 28 28 28 28 28 28 28 28 28 28 28 28 28 28 28 28 29 29 29 29 29 29 29 29 29 29 29 29 29 29 29 29 29 29 29 29 29 29 29 29 29 29 29 29 29 29 30 30 30 30 30 30 30 30 30 30 30 30 30 30 30 30 30 30 30 30 30 30 30 30 30 30 30 30 30 30 30 31 31 31 31 31 31 31 31 31 31 31 31 31 31 31 31 31 31 31 31 31 31 31 31 31 31 31 31 31 31 31 31 32 32 32 32 32 32 32 32 32 32 32 32 32 32 32 32 32 32 32 32 32 32 32 32 33 33 33 33 33 33 33 33 33 33 33 33 24 24 24 24 24 24 24 24 24 24 24 24 24 24 24 24 25 25 25 25 25 25 25 25 25 25 25 25 25 25 25 25 25 25 25 25 25 25 26 26 26 26 26 26 26 26 26 26 26 26 26 26 26 26 26 26 26 26 26 26 26 26 26 27 27 27 27 27 27 27 27 27 27 27 27 27 27 27 27 27 28 28 28 28 28 28 28 28 28 28 28 28 28 28 28 28 28 28 28 28 28 28 28 28 28 28 28 28 29 29 29 29 29 29 29 29 29 29 29 29 29 29 29 29 29 29 29 29 29 29 29 29 29 29 29 29 29 30 30 30 30 30 30 30 30 30 30 30 30 30 30 30 30 30 30 30 30 30 30 30 30 30 30 30 30 30 30 30 31 31 31 31 31 31 31 31 31 31 31 31 31 31 31 31 31 31 31 31 31 31 31 31 31 31 31 31 31 31 31 31 31 32 32 32 32 32 32 32 32 32 32 32 32 32 32 32 32 32 32 32 32 32 32 32 33 33 33 33 33 33 33 33 33 33 33 33 24 24 24 24 24 24 24 24 24 24 24 24 24 24 24 24 24 24 24 25 25 25 25 25 25 25 25 25 25 25 25 25 25 25 25 25 25 25 25 26 26 26 26 26 26 26 26 26 26 26 26 26 26 26 26 26 26 26 26 26 26 26 26 26 27 27 27 27 27 27 27 27 27 27 27 27 27 27 27 27 27 28 28 28 28 28 28 28 28 28 28 28 28 28 28 28 28 28 28 28 28 28 28 28 28 28 28 28 28 29 29 29 29 29 29 29 29 29 29 29 29 29 29 29 29 29 29 29 29 29 29 29 29 29 29 29 29 29 30 30 30 30 30 30 30 30 30 30 30 30 30 30 30 30 30 30 30 30 30 30 30 30 30 30 30 30 30 30 30 30 31 31 31 31 31 31 31 31 31 31 31 31 31 31 31 31 31 31 31 31 31 31 31 31 31 31 31 31 31 31 31 31 32 32 32 32 32 32 32 32 32 32 32 32 32 32 32 32 32 32 32 32 32 32 33 33 33 33 33 33 33 33 33 33 33 33 33 33 24 24 24 24 24 24 24 24 24 24 24 24 24 24 24 24 24 24 24 25 25 25 25 25 25 25 25 25 25 25 25 25 25 25 25 25 25 25 25 26 26 26 26 26 26 26 26 26 26 26 26 26 26 26 26 26 26 26 26 26 26 26 26 26 27 27 27 27 27 27 27 27 27 27 27 27 27 27 27 27 27 28 28 28 28 28 28 28 28 28 28 28 28 28 28 28 28 28 28 28 28 28 28 28 28 28 28 28 29 29 29 29 29 29 29 29 29 29 29 29 29 29 29 29 29 29 29 29 29 29 29 29 29 29 29 29 29 30 30 30 30 30 30 30 30 30 30 30 30 30 30 30 30 30 30 30 30 30 30 30 30 30 30 30 30 30 30 30 30 30 31 31 31 31 31 31 31 31 31 31 31 31 31 31 31 31 31 31 31 31 31 31 31 31 31 31 31 31 31 31 31 32 32 31 31 32 32 32 32 32 32 32 32 32 32 32 32 32 32 32 32 32 32 33 33 33 33 33 33 33 33 33 33 33 33 33 33 33 24 24 24 24 24 24 24 24 24 24 24 24 24 24 24 24 24 25 25 25 25 25 25 25 25 25 25 25 25 25 25 25 25 25 25 25 25 25 26 26 26 26 26 26 26 26 26 26 26 26 26 26 26 26 26 26 26 26 26 26 26 26 26 27 27 27 27 27 27 27 27 27 27 27 27 27 27 27 27 28 28 28 28 28 28 28 28 28 28 28 28 28 28 28 28 28 28 28 28 28 28 28 28 28 28 28 28 29 29 29 29 29 29 29 29 29 29 29 29 29 29 29 29 29 29 29 29 29 29 29 29 29 29 29 29 29 30 30 30 30 30 30 30 30 30 30 30 30 30 30 30 30 30 30 30 30 30 30 30 30 30 30 30 30 30 30 30 30 30 31 31 31 31 31 31 31 31 31 31 31 31 31 31 31 31 31 31 31 31 31 31 31 31 31 31 31 31 31 31 31 31 31 31 31 32 32 32 32 32 32 32 32 32 32 32 32 32 32 32 32 32 33 33 33 33 33 33 33 33 33 33 33 33 33 33 33 33 33 24 24 24 24 24 24 24 24 24 24 24 24 24 24 24 24 25 25 25 25 25 25 25 25 25 25 25 25 25 25 25 25 25 25 25 25 25 26 26 26 26 26 26 26 26 26 26 26 26 26 26 26 26 26 26 26 26 26 26 26 26 27 27 27 27 27 27 27 27 27 27 27 27 27 27 27 27 27 28 28 28 28 28 28 28 28 28 28 28 28 28 28 28 28 28 28 28 28 28 28 28 28 28 28 28 29 29 29 29 29 29 29 29 29 29 29 29 29 29 29 29 29 29 29 29 29 29 29 29 29 29 29 29 29 29 30 30 30 30 30 30 30 30 30 30 30 30 30 30 30 30 30 30 30 30 30 30 30 30 30 30 30 30 30 30 30 30 30 31 31 31 31 31 31 31 31 31 31 31 31 31 31 31 31 31 31 31 31 31 31 31 31 31 31 31 31 31 31 31 31 31 32 32 32 32 32 32 32 32 32 32 32 32 32 32 32 32 32 32 33 33 33 33 33 33 33 33 33 33 33 33 33 33 33 33 33 33 24 24 24 24 24 24 24 24 24 24 24 24 24 24 24 24 24 25 25 25 25 25 25 25 25 25 25 25 25 25 25 25 25 25 25 25 25 26 26 26 26 26 26 26 26 26 26 26 26 26 26 26 26 26 26 26 26 26 26 26 26 27 27 27 27 27 27 27 27 27 27 27 27 27 27 27 27 27 28 28 28 28 28 28 28 28 28 28 28 28 28 28 28 28 28 28 28 28 28 28 28 28 28 28 28 29 29 29 29 29 29 29 29 29 29 29 29 29 29 29 29 29 29 29 29 29 29 29 29 29 29 29 29 29 30 30 30 30 30 30 30 30 30 30 30 30 30 30 30 30 30 30 30 30 30 30 30 30 30 30 30 30 30 30 30 30 30 30 31 31 31 31 31 31 31 31 31 31 31 31 31 31 31 31 31 31 31 31 31 31 31 31 31 31 31 31 31 31 31 31 31 31 31 32 32 32 32 32 32 32 32 32 32 32 32 32 32 32 33 33 33 33 33 33 33 33 33 33 33 33 33 33 33 33 33 33 33 24 24 24 24 24 24 24 24 24 25 25 25 25 25 25 25 25 25 25 25 25 25 25 25 25 25 25 25 25 26 26 26 26 26 26 26 26 26 26 26 26 26 26 26 26 26 26 26 26 26 26 26 26 27 27 27 27 27 27 27 27 27 27 27 27 27 27 27 27 27 28 28 28 28 28 28 28 28 28 28 28 28 28 28 28 28 28 28 28 28 28 28 28 28 28 28 28 29 29 29 29 29 29 29 29 29 29 29 29 29 29 29 29 29 29 29 29 29 29 29 29 29 29 29 29 29 30 30 30 30 30 30 30 30 30 30 30 30 30 30 30 30 30 30 30 30 30 30 30 30 30 30 30 30 30 30 30 30 30 31 31 31 31 31 31 31 31 31 31 31 31 31 31 31 31 31 31 31 31 31 31 31 31 31 31 31 31 31 31 31 31 31 31 31 32 32 32 32 32 32 32 32 32 32 32 32 32 32 32 33 33 33 33 33 33 33 33 33 33 33 33 33 33 33 33 33 33 33 33 33 24 24 24 24 24 24 24 24 25 25 25 25 25 25 25 25 25 25 25 25 25 25 25 25 25 25 25 25 25 26 26 26 26 26 26 26 26 26 26 26 26 26 26 26 26 26 26 26 26 26 26 26 26 27 27 27 27 27 27 27 27 27 27 27 27 27 27 27 27 27 28 28 28 28 28 28 28 28 28 28 28 28 28 28 28 28 28 28 28 28 28 28 28 28 28 28 29 29 29 29 29 29 29 29 29 29 29 29 29 29 29 29 29 29 29 29 29 29 29 29 29 29 29 29 29 29 30 30 30 30 30 30 30 30 30 30 30 30 30 30 30 30 30 30 30 30 30 30 30 30 30 30 30 30 30 30 30 30 31 31 31 31 31 31 31 31 31 31 31 31 31 31 31 31 31 31 31 31 31 31 31 31 31 31 31 31 31 31 31 31 31 31 32 32 32 32 32 32 32 32 32 32 32 32 32 32 32 32 33 33 33 33 33 33 33 33 33 33 33 33 33 33 33 33 33 33 33 33 33 33 33 33 24 24 24 24 24 24 24 24 25 25 25 25 25 25 25 25 25 25 25 25 25 25 25 25 25 25 25 25 25 25 26 26 26 26 26 26 26 26 26 26 26 26 26 26 26 26 26 26 26 26 26 26 26 26 27 27 27 27 27 27 27 27 27 27 27 27 27 27 27 27 28 28 28 28 28 28 28 28 28 28 28 28 28 28 28 28 28 28 28 28 28 28 28 28 28 28 28 29 29 29 29 29 29 29 29 29 29 29 29 29 29 29 29 29 29 29 29 29 29 29 29 29 29 29 29 29 29 30 30 30 30 30 30 30 30 30 30 30 30 30 30 30 30 30 30 30 30 30 30 30 30 30 30 30 30 30 30 30 31 31 31 31 31 31 31 31 31 31 31 31 31 31 31 31 31 31 31 31 31 31 31 31 31 31 31 31 31 31 31 31 31 31 32 32 32 32 32 32 32 32 32 32 32 32 32 32 32 32 33 33 33 33 33 33 33 33 33 33 33 33 33 33 33 33 33 33 33 33 33 33 33 33 33 33 33 33 33 33 24 24 24 24 24 24 24 24 25 25 25 25 25 25 25 25 25 25 25 25 25 25 25 25 25 25 25 25 25 25 25 26 26 26 26 26 26 26 26 26 26 26 26 26 26 26 26 26 26 26 26 26 26 26 26 27 27 27 27 27 27 27 27 27 27 27 27 27 27 27 27 28 28 28 28 28 28 28 28 28 28 28 28 28 28 28 28 28 28 28 28 28 28 28 28 28 28 28 29 29 29 29 29 29 29 29 29 29 29 29 29 29 29 29 29 29 29 29 29 29 29 29 29 29 29 29 29 29 29 29 29 30 30 30 30 30 30 30 30 30 30 30 30 30 30 30 30 30 30 30 30 30 30 30 30 30 30 30 31 31 31 31 31 31 31 31 31 31 31 31 31 31 31 31 31 31 31 31 31 31 31 31 31 31 31 31 31 31 31 31 31 31 31 32 32 32 32 32 32 32 32 32 32 32 32 32 32 32 32 32 33 33 33 33 33 33 33 33 33 33 33 33 33 33 33 33 33 33 33 33 33 33 33 33 33 33 33 33 33 33 33 33 24 24 24 24 24 24 24 24 25 25 25 25 25 25 25 25 25 25 25 25 25 25 25 25 25 25 25 25 25 25 25 25 26 26 26 26 26 26 26 26 26 26 26 26 26 26 26 26 26 26 26 26 26 26 26 27 27 27 27 27 27 27 27 27 27 27 27 27 27 27 27 27 28 28 28 28 28 28 28 28 28 28 28 28 28 28 28 28 28 28 28 28 28 28 28 28 28 28 28 28 29 29 29 29 29 29 29 29 29 29 29 29 29 29 29 29 29 29 29 29 29 29 29 29 29 29 29 29 29 29 29 29 29 29 30 30 30 30 30 30 30 30 30 30 30 30 30 30 30 30 30 30 30 30 30 30 30 30 31 31 31 31 31 31 31 31 31 31 31 31 31 31 31 31 31 31 31 31 31 31 31 31 31 31 31 31 31 31 31 31 31 31 31 31 31 32 32 32 32 32 32 32 32 32 32 32 32 32 32 32 32 32 33 33 33 33 33 33 33 33 33 33 33 33 33 33 33 33 33 33 33 33 33 33 33 33 33 33 33 33 33 33 33 33 33 33 24 24 24 24 24 24 24 24 24 25 25 25 25 25 25 25 25 25 25 25 25 25 25 25 25 25 25 25 25 25 25 25 26 26 26 26 26 26 26 26 26 26 26 26 26 26 26 26 26 26 26 26 26 26 26 27 27 27 27 27 27 27 27 27 27 27 27 27 27 27 27 27 28 28 28 28 28 28 28 28 28 28 28 28 28 28 28 28 28 28 28 28 28 28 28 28 28 28 28 28 28 29 29 29 29 29 29 29 29 29 29 29 29 29 29 29 29 29 29 29 29 29 29 29 29 29 29 29 29 29 29 29 29 29 29 30 30 30 30 30 30 30 30 30 30 30 30 30 30 30 30 30 30 30 30 30 30 31 31 31 31 31 31 31 31 31 31 31 31 31 31 31 31 31 31 31 31 31 31 31 31 31 31 31 31 31 31 31 31 31 31 31 31 31 31 32 32 32 32 32 32 32 32 32 32 32 32 32 32 32 32 32 33 33 33 33 33 33 33 33 33 33 33 33 33 33 33 33 33 33 33 33 33 33 33 33 33 33 33 33 33 33 33 33 33 33 33 33 33 33 24 24 24 24 24 24 24 24 25 25 25 25 25 25 25 25 25 25 25 25 25 25 25 25 25 25 25 25 25 25 25 25 26 26 26 26 26 26 26 26 26 26 26 26 26 26 26 26 26 26 26 26 26 26 27 27 27 27 27 27 27 27 27 27 27 27 27 27 27 27 27 28 28 28 28 28 28 28 28 28 28 28 28 28 28 28 28 28 28 28 28 28 28 28 28 28 28 28 28 28 29 29 29 29 29 29 29 29 29 29 29 29 29 29 29 29 29 29 29 29 29 29 29 29 29 29 29 30 30 30 30 30 29 29 29 30 30 30 30 30 30 30 30 30 30 30 30 30 30 30 30 30 30 30 30 31 30 31 31 31 31 31 31 31 31 31 31 31 31 31 31 31 31 31 31 31 31 31 31 31 31 31 31 31 31 31 31 31 31 31 31 31 31 31 32 32 32 32 32 32 32 32 32 32 32 32 32 32 32 32 32 33 33 33 33 33 33 33 33 33 33 33 33 33 33 33 33 33 33 33 33 33 33 33 33 33 33 33 33 33 33 33 33 33 33 33 33 33 24 24 24 24 24 24 24 25 25 25 25 25 25 25 25 25 25 25 25 25 25 25 25 25 25 25 25 25 25 25 26 26 26 26 26 26 26 26 26 26 26 26 26 26 26 26 26 26 26 26 26 26 27 27 27 27 27 27 27 27 27 27 27 27 27 27 27 27 28 28 28 28 28 28 28 28 28 28 28 28 28 28 28 28 28 28 28 28 28 28 28 28 28 28 28 28 28 28 29 29 29 29 29 29 29 29 29 29 29 29 29 29 29 29 29 29 29 29 29 29 29 29 29 30 30 30 30 30 30 30 30 30 30 29 30 30 30 30 30 30 30 30 30 30 30 30 30 30 30 30 30 30 30 30 31 31 31 31 31 31 31 31 31 31 31 31 31 31 31 31 31 31 31 31 31 31 31 31 31 31 31 31 31 31 31 31 31 31 31 31 31 32 32 32 32 32 32 32 32 32 32 32 32 32 32 32 32 32 32 32 33 33 33 33 33 33 33 33 33 33 33 33 33 33 33 33 33 33 33 33 33 33 33 33 33 33 33 33 33 33 33 33 33 33 33 33 24 24 24 24 24 25 25 25 25 25 25 25 25 25 25 25 25 25 25 25 25 25 25 25 25 25 25 25 26 26 26 26 26 26 26 26 26 26 26 26 26 26 26 26 26 26 26 26 26 27 27 27 27 27 27 27 27 27 27 27 27 27 27 27 27 27 28 28 28 28 28 28 28 28 28 28 28 28 28 28 28 28 28 28 28 28 28 28 28 28 28 28 28 28 28 29 29 29 29 29 29 29 29 29 29 29 29 29 29 29 29 29 29 29 29 29 29 29 29 29 30 30 30 30 30 30 30 30 30 30 30 29 30 30 30 30 30 30 30 30 30 30 30 30 30 30 30 30 30 30 30 31 31 31 31 31 31 31 31 31 31 31 31 31 31 31 31 31 31 31 31 31 31 31 31 31 31 31 31 31 31 31 31 31 31 31 31 31 31 32 32 32 32 32 32 32 32 32 32 32 32 32 32 32 32 32 32 32 32 33 33 33 33 33 33 33 33 33 33 33 33 33 33 33 33 33 33 33 33 33 33 33 33 33 33 33 33 33 33 33 33 33 33 33 24 24 24 24 24 25 25 25 25 25 25 25 25 25 25 25 25 25 25 25 25 25 25 25 25 25 26 26 26 26 26 26 26 26 26 26 26 26 26 26 26 26 26 26 26 26 27 27 27 27 27 27 27 27 27 27 27 27 27 27 27 27 27 27 28 28 28 28 28 28 28 28 28 28 28 28 28 28 28 28 28 28 28 28 28 28 28 28 28 28 28 28 28 29 29 29 29 29 29 29 29 29 29 29 29 29 29 29 29 29 29 29 29 29 29 29 29 29 30 30 30 30 30 30 30 30 30 30 30 30 30 30 30 30 30 30 30 30 30 30 30 30 30 30 30 30 30 31 31 31 31 31 31 31 31 31 31 31 31 31 31 31 31 31 31 31 31 31 31 31 31 31 31 31 31 31 31 31 31 31 31 31 31 31 31 31 31 31 32 32 32 32 32 32 32 32 32 32 32 32 32 32 32 32 32 32 32 33 33 33 33 33 33 33 33 33 33 33 33 33 33 33 33 33 33 33 33 33 33 33 33 33 33 33 33 33 33 33 33 33 33 24 24 24 24 25 25 25 25 25 25 25 25 25 25 25 25 25 25 25 25 25 25 25 26 26 26 26 26 26 26 26 26 26 26 26 26 26 26 26 26 26 26 26 27 27 27 27 27 27 27 27 27 27 27 27 27 27 27 27 27 27 27 28 28 28 28 28 28 28 28 28 28 28 28 28 28 28 28 28 28 28 28 28 28 28 28 28 28 28 28 28 29 29 29 29 29 29 29 29 29 29 29 29 29 29 29 29 29 29 29 29 29 29 29 29 29 30 30 30 30 30 30 30 30 30 30 30 30 30 30 30 30 30 30 30 30 30 30 30 30 30 30 30 30 30 31 31 31 31 31 31 31 31 31 31 31 31 31 31 31 31 31 31 31 31 31 31 31 31 31 31 31 31 31 31 31 31 31 31 31 31 31 31 31 31 32 32 32 32 32 32 32 32 32 32 32 32 32 32 32 32 32 32 32 32 32 32 33 33 33 33 33 33 33 33 33 33 33 33 33 33 33 33 33 33 33 33 33 33 33 33 33 33 33 33 33 33 33 33 24 24 24 24 25 25 25 25 25 25 25 25 25 25 25 25 25 25 25 25 25 25 25 25 26 26 26 26 26 26 26 26 26 26 26 26 26 26 26 26 27 27 27 27 27 27 27 27 27 27 27 27 27 27 27 27 27 27 27 27 28 28 28 28 28 28 28 28 28 28 28 28 28 28 28 28 28 28 28 28 28 28 28 28 28 28 28 29 28 29 29 29 29 29 29 29 29 29 29 29 29 29 29 29 29 29 29 29 29 29 29 29 29 29 29 30 30 30 30 30 30 30 30 30 30 30 30 30 30 30 30 30 30 30 30 30 30 30 30 30 30 30 31 31 31 31 31 31 31 31 31 31 31 31 31 31 31 31 31 31 31 31 31 31 31 31 31 31 31 31 31 31 31 31 31 31 31 31 31 31 31 31 31 32 32 32 32 32 32 32 32 32 32 32 32 32 32 32 32 32 32 32 32 32 32 33 33 33 33 33 33 33 33 33 33 33 33 33 33 33 33 33 33 33 33 33 33 33 33 33 33 33 33 33 33 33 33 33 33 24 24 24 24 24 25 25 25 25 25 25 25 25 25 25 25 25 25 25 25 25 25 25 25 25 25 26 26 26 26 26 26 26 26 26 26 27 27 27 27 27 27 27 27 27 27 27 27 27 27 27 27 27 27 27 27 27 28 28 28 28 28 28 28 28 28 28 28 28 28 28 28 28 28 28 28 28 28 28 28 28 28 28 28 29 29 29 29 29 29 29 29 29 29 29 29 29 29 29 29 29 29 29 29 29 29 29 29 29 29 29 29 29 30 30 30 30 30 30 30 30 30 30 30 30 30 30 30 30 30 30 30 30 30 30 30 30 30 30 31 31 31 31 31 31 31 31 31 31 31 31 31 31 31 31 31 31 31 31 31 31 31 31 31 31 31 31 31 31 31 31 31 31 31 31 31 31 31 31 31 31 31 32 32 32 32 32 32 32 32 32 32 32 32 32 32 32 32 32 32 32 32 32 32 33 33 33 33 33 33 33 33 33 33 33 33 33 33 33 33 33 33 33 33 33 33 33 33 33 33 33 33 33 33 33 33 33 33 33 33 33 33 25 25 25 25 25 25 26 26 26 26 26 26 26 26 26 26 26 26 26 27 27 27 27 27 27 27 27 27 27 27 27 27 27 27 27 27 27 27 27 27 27 27 27 27 27 27 28 28 28 27 27 28 28 28 28 28 28 28 28 28 28 28 28 28 28 28 28 28 28 29 29 29 29 29 29 29 29 29 29 29 29 29 29 29 29 29 29 29 29 29 29 29 29 29 29 29 29 29 30 30 30 30 30 30 30 30 30 30 30 30 30 30 30 30 30 30 30 30 30 30 30 30 30 31 31 31 31 31 31 31 31 31 31 31 31 31 31 31 31 31 31 31 31 31 31 31 31 31 31 31 31 31 31 31 31 31 31 31 31 31 31 31 31 31 31 31 31 31 32 32 32 32 32 32 32 32 32 32 32 32 32 32 32 32 32 32 32 32 32 33 33 33 33 33 33 33 33 33 33 33 33 33 33 33 33 33 33 33 33 33 33 33 33 33 33 33 33 32 32 33 33 33 33 33 33 33 33 33 33 33 33 25 25 25 25 25 25 26 26 26 26 26 26 26 26 26 26 26 26 26 26 26 26 26 26 26 26 26 27 27 27 27 27 27 27 27 27 27 27 27 27 27 27 27 27 27 27 27 27 27 27 27 28 28 28 28 28 28 28 28 28 28 28 28 28 28 28 28 28 28 29 29 29 29 29 29 29 29 29 29 29 29 29 29 29 29 29 29 29 29 29 29 29 29 29 29 29 29 29 29 30 30 30 30 30 30 30 30 30 30 30 30 30 30 30 30 30 30 30 30 30 30 30 30 30 31 31 31 31 31 31 31 31 31 31 31 31 31 31 31 31 31 31 31 31 31 31 31 31 31 31 31 31 31 31 31 31 31 31 31 31 31 31 31 31 31 31 31 31 31 32 32 32 32 32 32 32 32 32 32 32 32 32 32 32 32 32 32 32 32 32 32 32 32 32 33 33 33 33 33 33 33 33 33 33 33 33 33 33 33 33 33 33 33 33 33 33 33 33 33 33 33 33 33 33 33 33 33 33 33 33 33 33 33 33 33 32 25 25 25 25 25 25 26 26 26 26 26 26 26 26 26 26 26 26 26 26 26 26 26 26 26 26 27 26 27 26 26 26 27 27 27 27 27 27 27 27 27 27 27 27 27 27 27 27 27 27 28 28 28 28 28 28 28 28 28 28 28 28 28 28 28 28 28 28 28 29 29 29 29 29 29 29 29 29 29 29 29 29 29 29 29 29 29 29 29 29 29 29 29 29 29 29 29 29 29 29 29 30 30 30 30 30 30 30 30 30 30 30 30 30 30 30 30 30 30 30 30 30 30 31 31 31 31 31 31 31 31 31 31 31 31 31 31 31 31 31 31 31 31 31 31 31 31 31 31 31 31 31 31 31 31 31 31 31 31 31 31 31 31 31 31 31 31 31 32 32 32 32 32 32 32 32 32 32 32 32 32 32 32 32 32 32 32 32 32 32 32 32 32 32 32 32 33 33 33 33 33 33 33 33 33 33 33 33 33 33 33 33 33 33 33 33 33 33 33 33 33 33 33 33 33 33 33 33 33 33 33 33 33 33 33 32 32 32 32 32 24 24 24 24 25 25 25 25 25 25 25 26 26 26 26 26 26 26 26 26 26 26 26 26 26 26 26 26 26 27 26 26 27 26 26 26 27 27 27 27 27 27 27 27 27 27 27 27 27 27 27 27 27 28 28 28 28 28 28 28 28 28 28 28 28 28 28 28 28 28 28 28 29 29 29 29 29 29 29 29 29 29 29 29 29 29 29 29 29 29 29 29 29 29 29 29 29 29 29 29 29 29 29 29 29 30 30 30 30 30 30 30 30 30 30 30 30 30 30 30 30 30 30 30 30 30 30 30 30 31 31 31 31 31 31 31 31 31 31 31 31 31 31 31 31 31 31 31 31 31 31 31 31 31 31 31 31 31 31 31 31 31 31 31 31 31 31 31 31 31 31 32 32 32 32 32 32 32 32 32 32 32 32 32 32 32 32 32 32 32 32 32 32 32 32 32 32 32 32 32 32 33 33 33 33 33 33 33 33 33 32 32 32 33 33 33 33 33 33 33 33 33 33 33 33 33 32 33 33 33 33 33 33 33 33 33 33 32 32 32 32 32 32 24 24 24 24 24 25 25 25 25 25 25 25 25 25 25 25 26 26 26 26 26 26 26 26 26 26 26 26 26 26 26 26 26 27 26 27 26 26 26 27 26 27 27 27 27 27 27 27 27 27 27 27 27 27 27 27 27 28 27 27 27 28 28 28 28 28 28 28 28 28 28 28 28 28 28 28 29 29 29 29 29 29 29 29 29 29 29 29 29 29 29 29 29 29 29 29 29 29 29 29 29 29 29 29 29 29 29 30 30 30 30 30 30 30 30 30 30 30 30 30 30 30 30 30 30 30 30 30 30 30 30 30 30 30 31 31 31 31 31 31 31 31 31 31 31 31 31 31 31 31 31 31 31 31 31 31 31 31 31 31 31 31 31 31 31 31 31 31 31 31 31 31 31 31 32 32 32 32 32 32 32 32 32 32 32 32 32 32 32 32 32 32 32 32 32 32 32 32 32 32 32 32 32 32 32 32 32 32 33 33 33 33 33 33 33 33 33 33 33 33 33 33 32 32 33 33 33 33 33 32 33 33 33 33 33 33 33 33 33 33 32 32 32 32 32 32 32 32 32 33 24 24 24 24 24 24 24 24 25 25 25 25 25 25 25 25 25 25 25 25 25 26 25 26 26 26 26 26 25 26 26 26 26 26 26 27 26 26 27 27 27 27 27 27 27 27 26 27 27 27 27 27 27 27 27 27 27 27 27 27 27 27 27 27 27 27 27 27 28 28 28 28 28 28 28 28 28 28 28 28 28 28 28 28 29 29 29 29 29 29 29 29 29 29 29 29 29 29 29 29 29 29 29 29 29 29 29 29 29 29 30 30 30 30 30 30 30 30 30 30 30 30 30 30 30 30 30 30 30 30 30 30 30 30 30 30 30 30 30 30 31 31 31 31 31 31 31 31 31 31 31 31 31 31 31 31 31 31 31 31 31 31 31 31 31 31 31 31 31 31 31 31 31 31 31 31 31 31 31 31 32 32 32 32 32 32 32 32 32 32 32 32 32 32 32 32 32 32 32 32 32 32 32 32 32 32 32 32 32 32 32 32 32 32 32 32 32 32 32 32 32 32 32 32 32 32 32 32 32 32 33 33 33 33 32 32 32 33 33 33 32 32 32 32 32 32 32 32 32 32 32 32 32 32 32 32 32 32 24 24 24 24 24 24 24 24 24 25 25 25 25 25 25 25 25 25 25 25 25 25 26 25 26 26 26 26 26 25 26 26 26 26 26 27 26 26 26 27 27 27 27 27 27 27 26 27 27 27 27 27 27 27 27 27 27 27 28 27 27 27 27 27 27 27 27 28 28 28 28 28 28 28 28 28 28 28 28 28 28 28 28 28 28 28 28 28 28 28 29 29 29 29 29 29 29 29 29 29 29 29 29 29 29 29 29 29 29 29 29 30 30 30 30 30 30 30 30 30 30 30 30 30 30 30 30 30 30 30 30 30 30 30 30 30 30 30 30 30 31 31 31 31 31 31 31 31 31 31 31 31 31 31 31 31 31 31 31 31 31 31 31 31 31 31 31 31 31 31 31 31 31 31 31 31 31 31 31 31 32 32 32 32 32 32 32 32 32 32 32 32 32 32 32 32 32 32 32 32 32 32 32 32 32 32 32 32 32 32 32 32 32 32 32 32 32 32 32 32 32 32 32 32 32 32 32 32 32 32 33 33 33 32 32 32 32 32 32 33 32 32 32 32 32 32 32 32 32 32 32 32 32 32 32 32 32 32 32 24 24 24 24 24 24 24 24 24 24 24 24 24 24 24 24 25 25 25 25 25 25 25 25 25 25 25 25 25 25 25 25 25 25 25 25 26 26 26 26 25 26 26 27 26 26 26 26 26 26 26 27 27 27 27 27 27 26 27 27 27 27 27 27 27 27 27 27 27 27 27 27 27 27 27 28 28 27 28 28 28 28 28 28 28 28 28 28 28 28 28 28 28 28 28 28 28 28 28 28 28 28 28 28 28 28 28 28 29 29 29 29 29 29 29 29 29 29 29 29 29 29 29 30 30 30 30 30 30 30 30 30 30 30 30 30 30 30 30 30 30 30 30 30 30 30 30 30 30 30 30 31 31 31 31 31 31 31 31 31 31 31 31 31 31 31 31 31 31 31 31 31 31 31 31 31 31 31 31 31 31 31 31 31 31 31 31 31 31 31 31 32 32 32 32 32 32 32 32 32 32 32 32 32 32 32 32 32 32 32 32 32 32 32 32 32 32 32 32 32 32 32 32 32 32 32 32 32 32 32 32 32 32 32 32 32 32 32 32 32 32 33 33 32 32 32 32 32 32 32 32 32 32 32 32 32 32 32 32 32 32 32 32 32 32 32 32 32 32 32 32 32 32 23 23 23 24 24 24 24 24 24 24 24 24 24 24 24 24 24 24 24 24 24 24 25 25 25 25 25 25 25 25 25 25 25 25 25 25 25 25 25 25 25 25 25 26 26 26 26 25 26 26 26 26 26 26 26 26 26 26 26 27 27 27 27 27 27 27 27 27 27 27 28 27 28 27 27 27 28 28 27 28 28 28 28 28 28 28 28 28 28 28 28 28 28 28 28 28 28 28 28 28 28 28 28 28 28 28 28 28 28 29 28 29 29 29 29 29 29 29 29 29 29 29 29 29 29 29 29 29 29 29 29 30 30 30 30 30 30 30 30 30 30 30 30 30 30 30 30 30 30 30 30 30 30 30 30 30 30 31 31 31 31 31 31 31 31 31 31 31 31 31 31 31 31 31 31 31 31 31 31 31 31 31 31 31 31 31 31 31 31 31 31 31 31 31 31 31 31 31 32 32 32 32 32 32 32 32 32 32 32 32 32 32 32 32 32 32 32 32 32 32 32 32 32 32 32 32 32 32 32 32 32 32 32 32 32 32 32 32 32 32 32 32 32 32 32 32 32 32 33 32 32 32 32 33 32 32 32 32 32 32 32 32 32 32 32 32 32 32 32 32 32 32 32 32 32 32 32 32 32 32 32 23 23 23 23 24 24 24 24 24 24 24 24 24 24 24 24 24 24 24 24 24 24 24 25 25 25 25 25 25 25 25 25 25 25 25 25 25 25 25 25 26 25 25 26 26 26 26 26 26 26 26 26 26 26 26 26 26 27 27 27 26 27 27 27 27 27 27 27 27 27 27 27 27 27 27 28 28 28 28 28 28 28 28 28 28 28 28 28 28 28 28 28 28 28 28 28 28 28 28 28 28 28 28 28 28 28 29 29 29 29 29 29 29 29 29 29 29 29 29 29 29 29 29 29 29 29 29 29 29 29 29 29 30 30 30 30 30 30 30 30 30 30 30 30 30 30 30 30 30 30 30 30 30 30 30 30 30 30 30 31 31 31 31 31 31 31 31 31 31 31 31 31 31 31 31 31 31 31 31 31 31 31 31 31 31 31 31 31 31 31 31 31 31 31 31 31 31 31 31 32 32 32 32 32 32 32 32 32 32 32 32 32 32 32 32 32 32 32 32 32 32 32 32 32 32 32 32 32 32 32 32 32 32 32 32 32 32 32 32 32 32 32 32 32 32 32 32 32 32 33 32 32 32 32 32 32 32 32 32 32 32 32 31 32 32 32 32 32 32 32 32 32 32 32 32 32 32 32 32 32 32 32 23 23 23 23 23 23 23 24 24 24 24 24 24 24 24 24 24 24 24 24 24 24 24 24 24 25 25 25 24 24 24 24 25 25 25 25 25 25 25 25 25 25 26 26 26 26 26 26 26 26 26 26 26 26 26 26 26 26 27 27 27 27 27 27 27 27 27 27 27 27 27 27 27 27 27 27 27 27 27 28 28 28 28 27 27 27 28 28 28 28 28 28 28 28 28 28 28 28 28 28 28 28 28 28 28 28 28 28 28 28 28 28 29 29 29 29 29 29 29 29 29 29 29 29 29 29 29 29 29 29 29 29 29 29 29 30 30 30 30 30 30 30 30 30 30 30 30 30 30 30 30 30 30 30 30 30 30 30 30 30 30 31 31 31 31 31 31 31 31 31 31 31 31 31 31 31 31 31 31 31 31 31 31 31 31 31 31 31 31 31 31 31 31 31 31 31 31 31 31 31 31 32 32 32 32 32 32 32 32 32 32 32 32 32 32 32 32 32 32 32 32 32 32 32 32 32 32 32 32 32 32 32 32 32 32 32 32 32 32 32 32 32 32 32 32 32 32 32 32 32 32 32 32 32 32 32 32 32 32 32 32 32 32 32 32 32 32 32 32 32 32 32 32 32 32 32 32 32 32 32 32 32 32 32 23 23 23 23 23 23 23 23 23 23 23 23 24 24 24 24 24 24 24 24 24 24 24 24 24 24 24 24 24 24 24 24 24 24 24 24 24 25 24 25 25 25 25 25 25 25 25 25 25 25 25 26 26 26 26 26 26 26 26 26 27 27 27 27 27 27 27 27 27 27 27 27 27 27 27 27 27 27 27 27 27 27 27 27 27 27 27 27 27 27 27 27 27 27 27 28 28 28 28 28 28 28 28 28 28 28 28 28 28 28 28 28 28 28 28 28 29 29 29 29 29 29 29 29 29 29 29 29 29 29 29 29 29 29 29 29 29 29 29 29 29 30 30 30 30 30 30 30 30 30 30 30 30 30 30 30 30 30 30 30 30 30 30 30 30 30 30 31 31 31 31 31 31 31 31 31 31 31 31 31 31 31 31 31 31 31 31 31 31 31 31 31 31 31 31 31 31 31 31 31 31 31 31 31 31 31 32 32 32 32 32 32 32 32 32 32 32 32 32 32 32 32 32 32 32 32 32 32 32 32 32 32 32 32 32 32 32 32 32 32 32 32 32 32 32 32 32 32 32 32 32 32 32 32 32 32 32 32 32 32 32 32 32 32 32 32 32 32 32 33 33 32 32 32 32 33 33 32 32 32 32 32 32 32 32 32 32 32 32 23 23 23 23 23 23 23 23 23 23 23 23 23 23 23 23 24 24 24 24 24 24 24 24 24 24 24 24 24 24 24 24 24 24 24 24 24 24 24 24 24 24 25 25 25 25 25 25 25 25 25 25 25 25 25 25 25 26 25 25 26 26 26 26 26 26 26 26 26 26 26 27 26 26 26 26 27 27 27 27 27 27 27 27 26 27 27 27 27 27 27 27 27 27 27 27 27 27 27 27 28 28 28 28 28 28 28 28 28 28 28 28 28 28 28 28 28 28 28 28 29 29 29 29 29 29 29 29 29 29 29 29 29 29 29 29 29 29 29 29 29 29 29 29 29 29 30 30 30 30 30 30 30 30 30 30 30 30 30 30 30 30 30 30 30 30 30 30 30 30 30 30 31 31 31 31 31 31 31 31 31 31 31 31 31 31 31 31 31 31 31 31 31 31 31 31 31 31 31 31 31 31 31 31 31 31 31 31 31 31 32 32 32 32 32 32 32 32 32 32 32 32 32 32 32 32 32 32 32 32 32 32 32 32 32 32 32 32 32 32 32 32 32 32 32 32 32 32 32 32 32 32 32 32 32 32 32 32 32 32 32 32 32 32 32 32 32 32 32 32 32 32 32 32 32 32 32 32 32 33 33 32 32 32 32 32 32 32 32 32 23 23 23 23 23 23 23 23 23 23 23 23 23 23 23 23 23 23 24 24 24 24 24 24 24 24 24 24 24 24 24 24 24 24 24 24 24 24 24 24 24 24 25 25 25 25 25 25 25 25 25 25 25 25 25 25 25 25 25 25 25 26 26 26 26 26 26 26 26 26 26 26 26 26 26 26 26 26 27 27 27 27 27 27 27 27 27 27 27 27 27 27 27 27 27 27 27 27 27 28 28 28 28 28 28 28 28 28 28 28 28 28 28 28 28 28 28 28 28 28 29 29 29 29 29 29 29 29 29 29 29 29 29 29 29 29 29 29 29 29 29 29 29 29 29 29 29 29 30 30 30 30 30 30 30 30 30 30 30 30 30 30 30 30 30 30 30 30 30 30 30 30 30 30 31 31 31 31 31 31 31 31 31 31 31 31 31 31 31 31 31 31 31 31 31 31 31 31 31 31 31 31 31 31 31 31 31 31 31 31 31 32 32 32 32 32 32 32 32 32 32 32 32 32 32 32 32 32 32 32 32 32 32 32 32 32 32 32 32 32 32 32 32 32 32 32 32 32 32 32 32 32 32 32 32 32 32 32 32 32 32 32 32 32 32 32 32 32 32 32 32 32 32 32 32 32 32 32 32 32 32 32 32 32 32 32 32 32 23 23 23 23 23 23 23 23 23 23 23 23 23 23 23 23 23 23 23 23 23 24 23 24 24 24 24 24 24 24 24 24 24 24 24 24 24 24 24 24 24 25 25 25 25 25 25 25 25 25 25 25 25 25 25 25 25 25 25 25 26 26 26 26 26 26 26 26 26 26 26 26 26 26 26 26 26 27 27 27 27 27 27 27 27 27 27 27 27 27 27 27 27 27 27 27 28 28 28 28 28 28 28 28 28 28 28 28 28 28 28 28 28 28 28 28 28 28 28 29 29 29 29 29 29 29 29 29 29 29 29 29 29 29 29 29 29 29 29 29 29 29 29 29 29 29 29 29 30 30 30 30 30 30 30 30 30 30 30 30 30 30 30 30 30 30 30 30 30 30 30 30 30 31 31 31 31 31 31 31 31 31 31 31 31 31 31 31 31 31 31 31 31 31 31 31 31 31 31 31 31 31 31 31 31 31 31 31 31 31 32 32 32 32 32 32 32 32 32 32 32 32 32 32 32 32 32 32 32 32 32 32 32 32 32 32 32 32 32 32 32 32 32 32 32 32 32 32 32 32 32 32 32 32 32 32 32 32 32 32 32 32 32 32 32 32 32 32 32 32 32 32 32 32 32 32 32 32 32 32 32 32 32 32 32 32 32 23 23 23 23 23 23 23 23 23 23 23 23 23 23 23 23 23 23 23 23 23 23 24 23 24 24 24 24 24 24 24 24 24 24 24 24 24 24 24 24 24 25 25 25 25 25 25 25 25 25 25 25 25 25 25 25 25 25 25 26 26 26 26 26 26 26 26 26 26 26 26 26 26 26 26 26 26 26 26 27 26 27 27 27 27 27 27 27 27 27 27 27 27 27 27 27 28 28 28 28 28 28 28 28 28 28 28 28 28 28 28 28 28 28 28 28 28 29 29 29 29 29 29 29 29 29 29 29 29 29 29 29 29 29 29 29 29 29 29 29 29 29 29 29 29 29 29 30 30 30 30 30 30 30 30 30 30 30 30 30 30 30 30 30 30 30 30 30 30 30 30 30 31 31 31 31 31 31 31 31 31 31 31 31 31 31 31 31 31 31 31 31 31 31 31 31 31 31 31 31 31 31 31 31 31 31 31 31 31 32 32 32 32 32 32 32 32 32 32 32 32 32 32 32 32 32 32 32 32 32 32 32 32 32 32 32 32 32 32 32 32 32 32 32 32 32 32 32 32 32 32 32 32 32 32 32 32 32 32 32 32 32 32 32 32 32 32 32 32 32 32 32 32 32 32 32 32 32 32 32 32 32 32 32 32 32 22 23 23 23 23 23 23 23 23 23 23 23 23 23 23 23 23 23 23 23 24 23 24 24 24 24 24 24 24 24 24 24 24 24 24 24 24 24 24 24 25 25 25 25 25 25 25 25 25 25 25 25 25 25 25 25 25 25 25 26 26 26 26 26 26 26 26 26 26 26 26 26 26 26 26 26 26 26 26 26 27 27 27 27 27 27 27 27 27 27 27 27 27 27 27 28 28 28 28 28 28 28 28 28 28 28 28 28 28 28 28 28 28 28 28 28 28 28 29 29 29 29 29 29 29 29 29 29 29 29 29 29 29 29 29 29 29 29 29 29 29 29 29 29 29 29 29 29 30 30 30 30 30 30 30 30 30 30 30 30 30 30 30 30 30 30 30 30 30 30 30 30 30 31 31 31 31 31 31 31 31 31 31 31 31 31 31 31 31 31 31 31 31 31 31 31 31 31 31 31 31 31 31 31 31 31 31 31 31 32 32 32 32 32 32 32 32 32 32 32 32 32 32 32 32 32 32 32 32 32 32 32 32 32 32 32 32 32 32 32 32 32 32 32 32 32 32 32 32 32 32 32 32 32 32 32 32 32 32 32 32 32 32 32 32 32 32 32 32 32 32 32 32 32 32 32 32 32 32 32 32 32 32 32 32 32 32 22 22 23 23 23 23 23 23 23 23 23 23 23 23 23 23 23 23 23 24 24 24 24 24 24 24 24 24 24 24 24 24 24 24 24 24 24 24 24 24 24 25 25 25 25 25 25 25 25 25 25 25 25 25 25 25 25 25 26 26 26 26 26 26 26 26 26 26 26 26 26 26 26 26 26 26 26 27 27 27 27 27 27 27 27 27 27 27 27 27 27 27 27 27 27 27 28 27 28 28 28 28 28 28 28 28 28 28 28 28 28 28 28 28 28 28 28 28 29 29 29 29 29 29 29 29 29 29 29 29 29 29 29 29 29 29 29 29 29 29 29 29 29 29 29 29 29 29 30 30 30 30 30 30 30 30 30 30 30 30 30 30 30 30 30 30 30 30 30 30 30 30 31 31 31 31 31 31 31 31 31 31 31 31 31 31 31 31 31 31 31 31 31 31 31 31 31 31 31 31 31 31 31 31 31 31 31 31 32 32 32 32 32 32 32 32 32 32 32 32 32 32 32 32 32 32 32 32 32 32 32 32 32 32 32 32 32 32 32 32 32 32 32 32 32 32 32 32 32 32 32 32 32 32 32 32 32 32 32 32 32 32 32 32 32 32 32 32 32 32 32 32 32 32 32 32 32 32 32 32 32 32 32 32 32 22 22 22 23 23 23 23 23 23 23 23 23 23 23 23 23 23 23 23 24 24 24 24 24 24 24 24 24 24 24 24 24 24 24 24 24 24 24 24 24 25 25 25 25 25 25 25 25 25 25 25 25 25 25 25 25 25 26 26 26 26 26 26 26 26 26 26 26 26 26 26 26 26 26 26 26 27 27 27 27 27 27 27 27 27 27 27 27 27 27 27 27 27 27 27 28 28 28 28 28 28 28 28 28 28 28 28 28 28 28 28 28 28 28 28 28 28 28 29 29 29 29 29 29 29 29 29 29 29 29 29 29 29 29 29 29 29 29 29 29 29 29 29 30 29 29 29 29 30 30 30 30 30 30 30 30 30 30 30 30 30 30 30 30 30 30 30 30 30 30 30 30 31 31 31 31 31 31 31 31 31 31 31 31 31 31 31 31 31 31 31 31 31 31 31 31 31 31 31 31 31 31 31 31 31 31 31 32 32 32 32 32 32 32 32 32 32 32 32 32 32 32 32 32 32 32 32 32 32 32 32 32 32 32 32 32 32 32 32 32 32 32 32 32 32 32 32 32 32 32 32 32 32 32 32 32 32 32 32 32 32 32 32 32 32 32 32 32 32 32 32 32 32 32 32 32 32 32 32 32 32 32 32 22 22 22 22 22 23 23 23 23 23 23 23 23 23 23 23 23 23 23 23 24 24 24 24 24 24 24 24 24 24 24 24 24 24 24 24 24 24 24 24 24 24 25 25 25 25 25 25 25 25 25 25 25 25 25 25 25 25 26 26 26 26 26 26 26 26 26 26 26 26 26 26 26 26 26 26 26 27 27 27 27 27 27 27 27 27 27 27 27 27 27 27 27 27 27 27 27 28 28 28 28 28 28 28 28 28 28 28 28 28 28 28 28 28 28 28 28 28 28 29 29 29 29 29 29 29 29 29 29 29 29 29 29 29 29 29 29 29 29 29 29 29 29 29 30 30 30 29 29 29 30 30 30 30 30 30 30 30 30 30 30 30 30 30 30 30 30 30 30 30 30 30 30 30 31 31 31 31 31 31 31 31 31 31 31 31 31 31 31 31 31 31 31 31 31 31 31 31 31 31 31 31 31 31 31 31 31 31 32 32 32 32 32 32 32 32 32 32 32 32 32 32 32 32 32 32 32 32 32 32 32 32 32 32 32 32 32 32 32 32 32 32 32 32 32 32 32 32 32 32 32 32 32 32 32 32 32 32 32 32 32 32 32 32 32 32 32 32 32 32 32 32 32 32 32 32 32 32 32 32 32 32 32 22 22 22 22 22 23 23 23 23 23 23 23 23 23 23 23 23 23 23 23 23 24 24 24 24 24 24 24 24 24 24 24 24 24 24 24 24 24 24 24 24 24 24 25 25 25 25 25 25 25 25 25 25 25 25 25 25 25 26 26 26 26 26 26 26 26 26 26 26 26 26 26 26 26 26 26 26 26 26 27 27 27 27 27 27 27 27 27 27 27 27 27 27 27 27 27 27 27 27 28 28 28 28 28 28 28 28 28 28 28 28 28 28 28 28 28 28 28 28 28 28 29 29 29 29 29 29 29 29 29 29 29 29 29 29 29 29 29 29 29 29 29 29 29 29 30 30 30 30 29 29 30 30 30 30 30 30 30 30 30 30 30 30 30 30 30 30 30 30 30 30 30 30 30 30 31 31 31 31 31 31 31 31 31 31 31 31 31 31 31 31 31 31 31 31 31 31 31 31 31 31 31 31 31 31 31 31 31 32 32 32 32 32 32 32 32 32 32 32 32 32 32 32 32 32 32 32 32 32 32 32 32 32 32 32 32 32 32 32 32 32 32 32 32 32 32 32 32 32 32 32 32 32 32 32 32 32 32 32 32 32 32 32 32 32 32 32 32 32 32 32 32 32 32 32 32 32 32 32 32 32 32 32 22 22 22 22 22 22 23 23 23 23 23 23 23 23 23 23 23 23 23 23 23 23 24 24 24 24 24 24 24 24 24 24 24 24 24 24 24 24 24 24 24 24 24 25 25 25 25 25 25 25 25 25 25 25 25 25 25 25 26 26 26 26 26 26 26 26 26 26 26 26 26 26 26 26 26 26 26 26 26 27 27 27 27 27 27 27 27 27 27 27 27 27 27 27 27 27 27 27 27 27 28 28 28 28 28 28 28 28 28 28 28 28 28 28 28 28 28 28 28 28 28 28 29 29 29 29 29 29 29 29 29 29 29 29 29 29 29 29 29 29 29 29 29 29 29 30 30 30 30 30 29 30 30 30 30 30 30 30 30 30 30 30 30 30 30 30 30 30 30 30 30 30 30 30 30 31 31 31 31 31 31 31 31 31 31 31 31 31 31 31 31 31 31 31 31 31 31 31 31 31 31 31 31 31 31 31 31 31 32 32 32 32 32 32 32 32 32 32 32 32 32 32 32 32 32 32 32 32 32 32 32 32 32 32 32 32 32 32 32 32 32 32 32 32 32 32 32 32 32 32 32 32 32 32 32 32 32 32 32 32 32 32 32 32 32 32 32 32 32 32 32 32 32 32 32 32 32 32 32 32 32 32 22 22 22 22 22 22 22 22 23 23 23 23 23 23 23 23 23 23 23 23 23 23 23 24 24 24 24 24 24 24 24 24 24 24 24 24 24 24 24 24 24 24 24 24 25 25 25 25 25 25 25 25 25 25 25 25 25 25 26 26 26 26 26 26 26 26 26 26 26 26 26 26 26 26 26 26 26 26 27 27 27 27 27 27 27 27 27 27 27 27 27 27 27 27 27 27 27 27 27 27 28 28 28 28 28 28 28 28 28 28 28 28 28 28 28 28 28 28 28 28 28 28 29 29 29 29 29 29 29 29 29 29 29 29 29 29 29 29 29 29 29 29 29 29 29 29 30 30 30 30 29 29 30 30 30 30 30 30 30 30 30 30 30 30 30 30 30 30 30 30 30 30 30 30 30 30 31 31 31 31 31 31 31 31 31 31 31 31 31 31 31 31 31 31 31 31 31 31 31 31 31 31 31 31 31 31 31 31 32 32 32 32 32 32 32 32 32 32 32 32 32 32 32 32 32 32 32 32 32 32 32 32 32 32 32 32 32 32 32 32 32 32 32 32 32 32 32 32 32 32 32 32 32 32 32 32 32 32 32 32 32 32 32 32 32 32 32 32 32 32 32 32 32 32 32 32 32 32 32 32 32 32 22 22 22 22 22 22 22 22 22 23 23 23 23 23 23 23 23 23 23 23 23 23 23 23 23 24 24 24 24 24 24 24 24 24 24 24 24 24 24 24 24 24 24 24 24 24 25 25 25 25 25 25 25 25 25 25 25 25 25 26 26 26 26 26 26 26 26 26 26 26 26 26 26 26 26 26 26 26 26 26 27 27 27 27 27 27 27 27 27 27 27 27 27 27 27 27 27 27 27 27 27 27 28 28 28 28 28 28 28 28 28 28 28 28 28 28 28 28 28 28 28 28 28 28 29 29 29 29 29 29 29 29 29 29 29 29 29 29 29 29 29 29 29 29 29 29 29 30 30 30 30 30 29 30 30 30 30 30 30 30 30 30 30 30 30 30 30 30 30 30 30 30 30 30 30 30 30 31 31 31 31 31 31 31 31 31 31 31 31 31 31 31 31 31 31 31 31 31 31 31 31 31 31 31 31 31 31 31 31 32 32 32 32 32 32 32 32 32 32 32 32 32 32 32 32 32 32 32 32 32 32 32 32 32 32 32 32 32 32 32 32 32 32 32 32 32 32 32 32 32 32 32 32 32 32 32 32 32 32 32 32 32 32 32 32 32 32 32 32 32 32 32 32 32 32 32 32 32 32 32 32 32 22 22 22 22 22 22 22 22 23 23 23 23 23 23 23 23 23 23 23 23 23 23 23 23 23 23 24 24 24 24 24 24 24 24 24 24 24 24 24 24 24 24 24 24 24 24 25 25 25 25 25 25 25 25 25 25 25 25 26 26 26 26 26 26 26 26 26 26 26 26 26 26 26 26 26 26 26 26 26 26 27 27 27 27 27 27 27 27 27 27 27 27 27 27 27 27 27 27 27 27 27 28 28 28 28 28 28 28 28 28 28 28 28 28 28 28 28 28 28 28 28 28 28 28 29 29 29 29 29 29 29 29 29 29 29 29 29 29 29 29 29 29 29 29 29 29 29 29 29 30 29 29 30 30 30 30 30 30 30 30 30 30 30 30 30 30 30 30 30 30 30 30 30 30 30 30 30 31 31 31 31 31 31 31 31 31 31 31 31 31 31 31 31 31 31 31 31 31 31 31 31 31 31 31 31 31 31 31 32 32 32 32 32 32 32 32 32 32 32 32 32 32 32 32 32 32 32 32 32 32 32 32 32 32 32 32 32 32 32 32 32 32 32 32 32 32 32 32 32 32 32 32 32 32 32 32 32 32 32 32 32 32 32 32 32 32 32 32 32 32 32 32 32 32 32 32 22 22 22 22 22 22 22 22 23 23 23 23 23 23 23 23 23 23 23 23 23 23 23 23 23 23 24 24 24 24 24 24 24 24 24 24 24 24 24 24 24 24 24 24 24 24 24 24 25 25 25 25 25 25 25 25 25 25 26 26 26 26 26 26 26 26 26 26 26 26 26 26 26 26 26 26 26 26 26 26 26 27 27 27 27 27 27 27 27 27 27 27 27 27 27 27 27 27 27 27 27 27 28 28 28 28 28 28 28 28 28 28 28 28 28 28 28 28 28 28 28 28 28 28 29 29 29 29 29 29 29 29 29 29 29 29 29 29 29 29 29 29 29 29 29 29 29 29 29 29 29 29 30 30 30 30 30 30 30 30 30 30 30 30 30 30 30 30 30 30 30 30 30 30 30 30 30 31 31 31 31 31 31 31 31 31 31 31 31 31 31 31 31 31 31 31 31 31 31 31 31 31 31 31 31 31 31 31 32 32 32 32 32 32 32 32 32 32 32 32 32 32 32 32 32 32 32 32 32 32 32 32 32 32 32 32 32 32 32 32 32 32 32 32 32 32 32 32 32 32 32 32 32 32 32 32 32 32 32 32 32 32 32 32 32 32 32 32 32 32 32 22 22 22 22 22 22 22 22 23 23 23 23 23 23 23 23 23 23 23 23 23 23 23 23 23 23 23 24 24 24 24 24 24 24 24 24 24 24 24 24 24 24 24 24 24 24 24 24 25 25 25 25 25 25 25 25 25 25 25 26 26 26 26 26 26 26 26 26 26 26 26 26 26 26 26 26 26 26 26 26 26 27 27 27 27 27 27 27 27 27 27 27 27 27 27 27 27 27 27 27 27 27 28 28 28 28 28 28 28 28 28 28 28 28 28 28 28 28 28 28 28 28 28 28 28 29 29 29 29 29 29 29 29 29 29 29 29 29 29 29 29 29 29 29 29 29 29 29 29 29 29 30 30 30 30 30 30 30 30 30 30 30 30 30 30 30 30 30 30 30 30 30 30 30 30 30 30 30 31 31 31 31 31 31 31 31 31 31 31 31 31 31 31 31 31 31 31 31 31 31 31 31 31 31 31 31 31 31 32 32 32 32 32 32 32 32 32 32 32 32 32 32 32 32 32 32 32 32 32 32 32 32 32 32 32 32 32 32 32 32 32 32 32 32 32 32 32 32 32 32 32 32 32 32 32 32 32 32 32 32 32 32 32 32 32 32 32 32 32 32 32 32 22 22 22 22 22 22 22 22 22 23 23 23 23 23 23 23 23 23 23 23 23 23 23 23 23 23 23 23 23 24 24 24 24 24 24 24 24 24 24 24 24 24 24 24 24 24 24 24 24 25 25 25 25 25 25 25 25 25 25 25 26 26 26 26 26 26 26 26 26 26 26 26 26 26 26 26 26 26 26 26 26 27 27 27 27 27 27 27 27 27 27 27 27 27 27 27 27 27 27 27 27 27 27 28 28 28 28 28 28 28 28 28 28 28 28 28 28 28 28 28 28 28 28 28 28 29 29 29 29 29 29 29 29 29 29 29 29 29 29 29 29 29 29 29 29 29 29 29 29 30 30 30 30 30 30 30 30 30 30 30 30 30 30 30 30 30 30 30 30 30 30 30 30 30 30 30 30 30 30 31 31 31 31 31 31 31 31 31 31 31 31 31 31 31 31 31 31 31 31 31 31 31 31 31 31 31 31 31 32 32 32 32 32 32 32 32 32 32 32 32 32 32 32 32 32 32 32 32 32 32 32 32 32 32 32 32 32 32 32 32 32 32 32 32 32 32 32 32 32 32 32 32 32 32 32 32 32 32 32 32 32 32 32 32 32 32 32 32 32 32 32 32 32 32 22 22 22 22 22 22 22 22 22 22 22 22 22 23 23 23 23 23 23 23 23 23 23 23 23 23 23 23 23 23 24 24 24 24 24 24 24 24 24 24 24 24 24 24 24 24 24 25 25 25 25 25 25 25 25 25 25 25 25 25 25 25 25 25 26 26 26 26 26 26 26 26 26 26 26 26 26 26 26 26 26 26 26 26 26 27 27 27 27 27 27 27 27 27 27 27 27 27 27 27 27 27 27 27 27 27 28 28 28 28 28 28 28 28 28 28 28 28 28 28 28 28 28 28 28 28 28 28 28 29 29 29 29 29 29 29 29 29 29 29 29 29 29 29 29 29 29 29 29 29 29 29 29 29 29 29 30 30 30 30 30 30 30 30 30 30 30 30 30 30 30 30 30 30 30 30 30 30 30 30 30 30 30 30 30 30 30 30 31 31 31 31 31 31 31 31 31 31 31 31 31 31 31 31 31 31 31 31 31 32 32 32 33 33 33 33 33 33 33 33 33 33 33 33 33 33 33 33 33 33 33 33 33 33 33 33 33 33 33 33 33 33 33 33 33 33 33 33 33 33 33 33 33 33 33 33 33 33 33 32 32 32 32 32 32 32 32 32 32 32 32 32 32 32 32 32 32 32 22 22 22 22 22 22 22 22 22 22 22 22 22 22 23 23 23 23 23 23 23 23 23 23 23 23 23 23 23 23 23 23 24 24 24 24 24 24 24 24 24 24 24 24 24 24 24 24 24 25 25 25 25 25 25 25 25 25 25 25 25 25 25 25 25 25 25 26 26 26 26 26 26 26 26 26 26 26 26 26 26 26 26 26 26 26 26 27 27 27 27 27 27 27 27 27 27 27 27 27 27 27 27 27 27 27 27 27 28 28 28 28 28 28 28 28 28 28 28 28 28 28 28 28 28 28 28 28 28 28 28 28 29 29 29 29 29 29 29 29 29 29 29 29 29 29 29 29 29 29 29 29 29 29 29 29 29 29 30 30 30 30 30 30 30 30 30 30 30 30 30 30 30 30 30 30 30 30 30 30 30 30 30 30 30 30 30 30 30 30 30 31 31 31 31 31 31 31 31 31 31 31 31 31 31 31 31 31 31 31 31 32 32 32 32 33 33 33 33 33 33 33 33 33 33 33 33 33 33 33 33 33 33 33 33 33 33 33 33 33 33 33 33 33 33 32 33 33 33 33 33 33 33 33 33 33 33 33 33 33 33 32 32 32 32 32 32 32 32 32 32 32 32 32 32 32 32 32 32 32 22 22 22 22 22 22 22 22 22 22 22 22 22 22 22 22 22 22 23 23 23 23 23 23 23 23 23 23 23 23 23 23 23 23 23 24 24 24 24 24 24 24 24 24 24 24 24 24 24 24 24 24 25 25 25 25 25 25 25 25 25 25 25 25 25 25 25 25 25 25 25 26 26 26 26 26 26 26 26 26 26 26 26 26 26 26 26 26 26 26 27 27 27 27 27 27 27 27 27 27 27 27 27 27 27 27 27 27 27 27 28 28 28 28 28 28 28 28 28 28 28 28 28 28 28 28 28 28 28 28 28 28 28 28 28 29 29 29 29 29 29 29 29 29 29 29 29 29 29 29 29 29 29 29 29 29 29 29 29 29 30 30 30 30 30 30 30 30 30 30 30 30 30 30 30 30 30 30 30 30 30 30 30 30 30 30 30 30 30 30 30 30 30 31 31 30 31 31 31 31 31 31 31 31 31 31 31 31 31 31 31 31 31 32 32 32 32 32 33 33 33 33 33 33 33 33 33 33 33 33 33 33 33 33 33 33 33 33 33 33 33 33 33 33 33 33 33 32 32 32 33 33 33 33 33 33 33 33 33 33 33 33 33 32 32 32 32 32 32 32 32 32 32 32 32 32 32 32 32 32 32 32 22 22 22 22 22 22 22 22 23 23 23 23 23 23 23 23 23 23 23 23 23 23 23 23 23 23 24 24 24 24 24 24 24 24 24 24 24 24 24 24 24 24 24 24 25 25 25 25 25 25 25 25 25 25 25 25 25 25 25 25 25 25 25 26 26 26 26 26 26 26 26 26 26 26 26 26 26 26 26 26 26 27 27 27 27 27 27 27 27 27 27 27 27 27 27 27 27 27 27 27 27 27 28 28 28 28 28 28 28 28 28 28 28 28 28 28 28 28 28 28 28 28 28 28 28 28 28 29 29 29 29 29 29 29 29 29 29 29 29 29 29 29 29 29 29 29 29 29 29 29 29 29 30 30 30 30 30 30 30 30 30 30 30 30 30 30 30 30 30 30 30 30 30 30 30 30 30 30 30 30 30 30 30 30 30 31 30 31 31 31 31 31 31 31 31 31 31 31 31 31 31 31 31 31 32 32 32 32 32 32 33 33 33 33 33 33 33 33 33 33 33 33 33 33 33 33 33 33 33 33 33 33 33 33 33 33 33 33 33 33 32 32 32 33 33 33 33 33 33 33 33 33 33 33 32 32 32 32 32 32 32 32 32 32 32 32 32 32 32 32 32 32 32 22 22 22 22 22 22 22 23 23 23 23 23 23 23 23 23 23 23 23 23 23 23 23 23 23 24 24 24 24 24 24 24 24 24 24 24 24 24 24 24 24 24 25 25 25 25 25 25 25 25 25 25 25 25 25 25 25 25 25 25 25 26 26 26 26 26 26 26 26 26 26 26 26 26 26 26 26 26 26 27 27 27 27 27 27 27 27 27 27 27 27 27 27 27 27 27 27 27 27 28 28 28 28 28 28 28 28 28 28 28 28 28 28 28 28 28 28 28 28 28 28 28 28 28 28 29 29 29 29 29 29 29 29 29 29 29 29 29 29 29 29 29 29 29 29 29 29 29 29 29 30 30 30 30 30 30 30 30 30 30 30 30 30 30 30 30 30 30 30 30 30 30 30 30 30 30 30 30 30 30 30 30 30 30 30 31 31 30 31 31 31 31 31 31 31 31 31 31 31 31 31 31 32 32 32 32 32 32 32 33 33 33 33 33 33 33 33 33 33 33 33 33 33 33 33 33 33 33 33 33 33 33 33 33 33 33 33 33 33 32 32 32 32 32 32 32 32 32 32 32 33 32 32 32 32 32 32 32 32 32 32 32 32 32 32 32 32 32 32 32 32 32 32 32 32 32 22 22 22 22 22 22 22 23 23 23 23 23 23 23 23 23 23 23 23 23 23 23 23 23 23 24 24 24 24 24 24 24 24 24 24 24 24 24 24 24 24 24 25 25 25 25 25 25 25 25 25 25 25 25 25 25 25 25 25 25 25 26 26 26 26 26 26 26 26 26 26 26 26 26 26 26 26 26 26 27 27 27 27 27 27 27 27 27 27 27 27 27 27 27 27 27 27 27 27 28 28 28 28 28 28 28 28 28 28 28 28 28 28 28 28 28 28 28 28 28 28 28 28 28 28 29 29 29 29 29 29 29 29 29 29 29 29 29 29 29 29 29 29 29 29 29 29 29 29 29 30 30 30 30 30 30 30 30 30 30 30 30 30 30 30 30 30 30 30 30 30 30 30 30 30 30 30 30 30 30 30 30 30 30 30 31 31 31 31 31 31 31 31 31 31 31 31 31 31 31 31 32 32 32 32 32 32 32 32 32 33 33 33 33 33 33 33 33 33 33 33 33 33 33 33 33 33 33 33 33 33 33 33 33 33 33 33 33 33 33 32 32 32 32 32 32 32 32 32 32 32 32 32 32 32 32 32 32 32 32 32 32 32 32 32 32 32 32 32 32 32 32 32 32 32 32 32 32 32 32 22 22 22 22 22 22 22 22 22 22 23 23 23 23 23 23 23 23 23 23 23 23 23 23 23 23 23 24 24 24 24 24 24 24 24 24 24 24 24 24 24 24 24 24 24 25 25 25 25 25 25 25 25 25 25 25 25 25 25 25 25 25 25 26 26 26 26 26 26 26 26 26 26 26 26 26 26 26 26 26 26 26 27 27 27 27 27 27 27 27 27 27 27 27 27 27 27 27 27 27 27 27 28 27 28 28 28 28 28 28 28 28 28 28 28 28 28 28 28 28 28 28 28 28 28 28 28 29 29 29 29 29 29 29 29 29 29 29 29 29 29 29 29 29 29 29 29 29 29 29 29 29 30 30 30 30 30 30 30 30 30 30 30 30 30 30 30 30 30 30 30 30 30 30 30 30 30 30 30 30 30 30 30 30 30 30 30 30 31 31 30 31 30 31 31 31 31 31 31 31 31 31 31 32 32 32 32 32 32 32 32 32 32 32 33 33 33 33 33 33 33 33 33 33 33 33 33 33 33 33 33 33 33 33 33 33 33 33 33 33 33 33 33 33 33 33 33 33 32 32 32 32 32 32 32 32 32 32 32 32 32 32 32 32 32 32 32 32 32 32 32 32 32 32 32 32 32 32 32 32 32 32 32 32 32 22 22 22 22 22 22 22 22 22 22 22 22 22 23 23 23 23 23 23 23 23 23 23 23 23 23 23 23 23 23 24 24 24 24 24 24 24 24 24 24 24 24 24 24 24 24 24 25 25 25 25 25 25 25 25 25 25 25 25 25 25 25 25 25 25 25 26 26 26 26 26 26 26 26 26 26 26 26 26 26 26 26 26 26 26 27 27 27 27 27 27 27 27 27 27 27 27 27 27 27 27 27 27 27 28 27 27 28 28 28 28 28 28 28 28 28 28 28 28 28 28 28 28 28 28 28 28 28 28 28 29 29 29 29 29 29 29 29 29 29 29 29 29 29 29 29 29 29 29 29 29 29 29 29 29 30 30 30 30 30 30 30 30 30 30 30 30 30 30 30 30 30 30 30 30 30 30 30 30 30 30 30 30 30 30 30 30 30 30 30 30 31 31 30 30 30 31 31 31 31 31 31 31 31 31 32 32 32 32 32 32 32 32 32 32 32 32 33 33 33 33 33 33 33 33 33 33 33 33 33 33 33 33 33 33 33 33 33 33 33 33 33 33 33 33 33 33 33 33 33 33 32 32 32 32 32 32 32 32 32 32 32 32 32 32 32 32 32 32 32 32 32 32 32 32 32 32 32 32 32 32 32 32 32 32 32 32 32 32 32 21 21 22 22 22 22 22 22 22 22 22 22 22 22 22 22 22 23 23 23 23 23 23 23 23 23 23 23 23 23 23 23 23 23 24 24 24 24 24 24 24 24 24 24 24 24 24 24 24 24 24 25 25 25 25 25 25 25 25 25 25 25 25 25 25 25 25 25 25 26 26 26 26 26 26 26 26 26 26 26 26 26 26 26 26 26 26 26 26 27 27 27 27 27 27 27 27 27 27 27 27 27 27 27 27 27 27 27 27 27 27 28 28 28 28 28 28 28 28 28 28 28 28 28 28 28 28 28 28 28 28 28 28 29 29 29 29 29 29 29 29 29 29 29 29 29 29 29 29 29 29 29 29 29 29 29 29 29 30 30 30 30 30 30 30 30 30 30 30 30 30 30 30 30 30 30 30 30 30 30 30 30 30 30 30 30 30 30 30 30 30 30 31 31 30 30 31 30 30 31 31 31 31 31 31 31 31 31 32 32 32 32 32 32 32 32 32 32 32 32 32 33 33 33 33 33 33 33 33 33 33 33 33 33 33 33 33 33 33 33 33 33 33 33 33 33 33 33 33 33 33 33 33 32 32 32 32 32 32 32 32 32 32 32 32 32 32 32 32 32 32 32 32 32 32 32 32 32 32 32 32 32 32 32 32 32 32 32 32 32 32 32 32 32 21 21 21 21 21 21 21 22 22 22 22 22 22 22 22 22 22 22 22 22 23 23 23 23 23 23 23 23 23 23 23 23 23 23 23 23 23 24 24 24 24 24 24 24 24 24 24 24 24 24 24 24 24 25 25 25 25 25 25 25 25 25 25 25 25 25 25 25 25 25 25 25 26 26 26 26 26 26 26 26 26 26 26 26 26 26 26 26 26 26 27 27 27 27 27 27 27 27 27 27 27 27 27 27 27 27 27 27 27 27 27 27 27 27 28 28 28 28 28 28 28 28 28 28 28 28 28 28 28 28 28 28 28 28 28 28 29 29 29 29 29 29 29 29 29 29 29 29 29 29 29 29 29 29 29 29 29 29 29 29 30 30 30 30 30 30 30 30 30 30 30 30 30 30 30 30 30 30 30 30 30 30 30 30 30 30 30 30 30 30 30 30 30 30 30 30 31 30 31 30 30 30 31 31 31 31 31 31 31 31 32 32 32 32 32 32 32 32 32 32 32 32 32 32 32 33 33 33 33 33 33 33 33 33 33 33 33 33 33 33 33 33 33 33 33 33 33 33 33 33 33 33 32 32 32 32 32 32 32 32 32 32 32 32 32 32 32 32 32 32 32 32 32 32 32 32 32 32 32 32 32 32 32 32 32 32 32 32 32 32 32 32 32 32 32 32 32 21 21 21 21 21 21 21 21 21 21 21 22 22 22 22 22 22 22 22 22 22 23 23 23 23 23 23 23 23 23 23 23 23 23 23 23 24 24 24 24 24 24 24 24 24 24 24 24 24 24 24 24 24 25 25 25 25 25 25 25 25 25 25 25 25 25 25 25 25 25 25 25 26 26 26 26 26 26 26 26 26 26 26 26 26 26 26 26 26 26 27 27 27 27 27 27 27 27 27 27 27 27 27 27 27 27 27 27 27 27 27 27 28 28 28 28 28 28 28 28 28 28 28 28 28 28 28 28 28 28 28 28 28 28 28 29 29 29 29 29 29 29 29 29 29 29 29 29 29 29 29 29 29 29 29 29 29 29 29 30 30 30 30 30 30 30 30 30 30 30 30 30 30 30 30 30 30 30 30 30 30 30 30 30 30 30 30 30 30 30 30 30 30 30 30 30 30 30 30 30 30 30 31 31 31 31 31 31 31 32 32 32 32 32 32 32 32 32 32 32 32 32 32 32 32 32 32 33 32 33 33 33 33 33 33 33 33 33 33 33 33 33 33 33 33 33 33 33 33 33 33 33 32 32 32 32 32 32 32 32 32 32 32 32 32 32 32 32 32 32 32 32 32 32 32 32 32 32 32 32 32 32 32 32 32 32 32 32 32 32 32 32 32 32 32 32 21 21 21 21 21 21 21 21 21 21 21 21 21 21 21 22 22 22 22 22 23 23 23 23 23 23 23 23 23 23 24 24 24 24 24 24 24 24 24 24 24 24 24 24 24 24 25 25 25 25 25 25 25 25 25 25 25 25 25 25 25 25 25 25 25 25 26 26 26 26 26 26 26 26 26 26 26 26 26 26 26 26 26 26 27 27 27 27 27 27 27 27 27 27 27 27 27 27 27 27 27 27 27 27 27 27 28 28 28 28 28 28 28 28 28 28 28 28 28 28 28 28 28 28 28 28 28 28 29 29 29 29 29 29 29 29 29 29 29 29 29 29 29 29 29 29 29 29 29 29 29 29 30 30 30 30 30 30 30 30 30 30 30 30 30 30 30 30 30 30 30 30 30 30 30 30 30 30 30 30 30 30 30 30 30 30 30 30 30 30 30 30 30 30 30 30 31 31 31 31 31 31 32 32 32 32 32 32 32 32 32 32 32 32 32 32 32 32 32 32 32 32 32 33 33 33 33 33 33 33 33 33 33 33 33 33 33 33 33 33 33 33 33 33 33 32 32 32 32 32 32 32 32 32 32 32 32 32 32 32 32 32 32 32 32 32 32 32 32 32 32 32 32 32 32 32 32 32 32 32 32 32 32 32 32 32 32 32 32 21 21 21 21 21 21 21 21 21 21 21 21 21 21 21 21 23 23 23 23 23 23 23 23 23 24 24 24 24 24 24 24 24 24 24 24 24 24 24 24 25 25 25 25 25 25 25 25 25 25 25 25 25 25 25 25 25 25 25 26 26 26 26 26 26 26 26 26 26 26 26 26 26 26 26 26 26 26 27 27 27 27 27 27 27 27 27 27 27 27 27 27 27 27 27 27 27 27 27 27 27 28 28 28 28 28 28 28 28 28 28 28 28 28 28 28 28 28 28 28 28 28 29 29 29 29 29 29 29 29 29 29 29 29 29 29 29 29 29 29 29 29 29 29 29 29 30 30 30 30 30 30 30 30 30 30 30 30 30 30 30 30 30 30 30 30 30 30 30 30 30 30 30 30 30 30 30 30 30 30 30 30 30 30 30 30 30 30 30 30 31 31 31 31 31 31 32 32 32 32 32 32 32 32 32 32 32 32 32 32 32 32 32 32 32 32 32 32 32 33 33 33 33 33 33 33 33 33 33 33 33 33 33 33 33 33 33 33 33 32 32 32 32 32 32 32 32 32 32 32 32 32 32 32 32 32 32 32 32 32 32 32 32 32 32 32 32 32 32 32 32 32 32 32 32 32 32 32 32 32 32 32 32 21 21 21 21 21 21 21 21 21 21 21 21 21 21 23 23 23 23 23 23 23 24 24 24 24 24 24 24 24 24 24 24 24 24 24 24 24 25 25 25 25 25 25 25 25 25 25 25 25 25 25 25 25 25 25 25 26 26 26 26 26 26 26 26 26 26 26 26 26 26 26 26 26 26 26 27 27 27 27 27 27 27 27 27 27 27 27 27 27 27 27 27 27 27 27 27 27 28 28 28 28 28 28 28 28 28 28 28 28 28 28 28 28 28 28 28 28 28 28 29 29 29 29 29 29 29 29 29 29 29 29 29 29 29 29 29 29 29 29 29 29 29 30 30 30 30 30 30 30 30 30 30 30 30 30 30 30 30 30 30 30 30 30 30 30 30 30 30 30 30 30 30 30 30 30 30 30 30 30 30 30 30 30 30 30 30 30 30 30 30 30 31 32 32 32 32 32 32 32 32 32 32 32 32 32 32 32 32 32 32 32 32 32 32 32 32 32 32 33 33 33 33 33 33 33 33 33 33 33 33 33 33 33 32 32 32 32 32 32 32 32 32 32 32 32 32 32 32 32 32 32 32 32 32 32 32 32 32 32 32 32 32 32 32 32 32 32 32 32 32 32 32 32 32 32 32 21 21 21 21 21 21 21 21 21 21 23 23 23 23 23 23 24 24 24 24 24 24 24 24 24 24 24 24 24 24 24 25 25 25 25 25 25 25 25 25 25 25 25 25 25 25 25 25 25 25 25 25 26 26 26 26 26 26 26 26 26 26 26 26 26 26 26 26 26 27 27 27 27 27 27 27 27 27 27 27 27 27 27 27 27 27 27 27 27 27 27 28 28 28 28 28 28 28 28 28 28 28 28 28 28 28 28 28 28 28 28 28 28 29 29 29 29 29 29 29 29 29 29 29 29 29 29 29 29 29 29 29 29 29 29 29 30 30 30 30 30 30 30 30 30 30 30 30 30 30 30 30 30 30 30 30 30 30 30 30 30 30 30 30 30 30 30 30 30 30 30 30 30 30 30 30 30 30 30 30 30 30 30 30 30 30 32 32 32 32 32 32 32 32 32 32 32 32 32 32 32 32 32 32 32 32 32 32 32 32 32 32 32 33 33 33 33 33 33 33 33 33 32 32 32 33 32 32 32 32 32 32 32 32 32 32 32 32 32 32 32 32 32 32 32 32 32 32 32 32 32 32 32 32 32 32 32 32 32 32 32 32 32 32 32 32 32 20 21 21 21 21 21 21 21 23 23 23 23 23 23 24 24 24 24 24 24 24 24 24 24 24 24 24 24 24 24 24 25 25 25 25 25 25 25 25 25 25 25 25 25 25 25 25 25 25 25 25 26 26 26 26 26 26 26 26 26 26 26 26 26 26 26 26 26 27 27 27 27 27 27 27 27 27 27 27 27 27 27 27 27 27 27 27 27 27 27 28 28 28 28 28 28 28 28 28 28 28 28 28 28 28 28 28 28 28 28 28 28 29 29 29 29 29 29 29 29 29 29 29 29 29 29 29 29 29 29 29 29 29 29 30 30 30 30 30 30 30 30 30 30 30 30 30 30 30 30 30 30 30 30 30 30 30 30 30 30 30 30 30 30 30 30 30 30 30 30 30 30 30 30 30 30 30 30 30 30 30 30 30 30 32 32 32 32 32 32 32 32 32 32 32 32 32 32 32 32 32 32 32 32 32 32 32 32 32 32 32 32 33 33 33 33 33 33 33 33 33 32 32 32 32 32 32 32 32 32 32 32 32 32 32 32 32 32 32 32 32 32 32 32 32 32 32 32 32 32 32 32 32 32 32 32 32 32 21 21 21 21 21 21 23 23 23 23 23 23 23 23 24 24 24 24 24 24 24 24 24 24 24 24 24 24 24 24 25 25 25 25 25 25 25 25 25 25 25 25 25 25 25 25 25 25 25 25 26 26 26 26 26 26 26 26 26 26 26 26 26 26 26 26 26 26 27 27 27 27 27 27 27 27 27 27 27 27 27 27 27 27 27 27 27 27 27 27 28 28 28 28 28 28 28 28 28 28 28 28 28 28 28 28 28 28 28 28 28 28 29 29 29 29 29 29 29 29 29 29 29 29 29 29 29 29 29 29 29 29 29 29 30 30 30 30 30 30 30 30 30 30 30 30 30 30 30 30 30 30 30 30 30 30 30 30 30 30 30 30 30 30 30 30 30 30 30 30 30 30 30 30 30 31 30 30 31 31 30 31 31 32 32 32 32 32 32 32 32 32 32 32 32 32 32 32 32 32 32 32 32 32 32 32 32 32 32 32 32 32 32 32 33 32 32 32 33 33 32 32 32 32 32 32 32 32 32 32 32 32 32 32 32 32 32 32 32 32 32 32 32 32 32 32 32 23 23 23 23 23 23 23 23 23 23 24 24 24 24 24 24 24 24 24 24 24 24 24 24 24 24 25 25 25 25 25 25 25 25 25 25 25 25 25 25 25 25 25 25 25 25 25 26 26 26 26 26 26 26 26 26 26 26 26 26 26 26 26 27 27 27 27 27 27 27 27 27 27 27 27 27 27 27 27 27 27 27 27 27 27 27 28 28 28 28 28 28 28 28 28 28 28 28 28 28 28 28 28 28 28 28 28 28 28 29 29 29 29 29 29 29 29 29 29 29 29 29 29 29 29 29 29 29 29 30 30 30 30 30 30 30 30 30 30 30 30 30 30 30 30 30 30 30 30 30 30 30 30 30 30 30 30 30 30 30 30 30 30 30 30 30 30 30 30 30 30 31 30 30 31 31 31 31 32 32 32 32 32 32 32 32 32 32 32 32 32 32 32 32 32 32 32 32 32 32 32 32 32 32 32 32 32 32 32 32 32 32 32 32 32 32 32 32 32 32 32 32 32 32 32 32 32 32 32 32 32 32 32 32 32 32 32 32 32 32 32 23 23 23 23 23 23 23 23 23 23 24 24 24 24 24 24 24 24 24 24 24 24 24 24 24 24 25 25 25 25 25 25 25 25 25 25 25 25 25 25 25 25 25 25 25 25 25 26 26 26 26 26 26 26 26 26 26 26 26 26 26 26 26 26 27 27 27 27 27 27 27 27 27 27 27 27 27 27 27 27 27 27 27 27 27 28 28 28 28 28 28 28 28 28 28 28 28 28 28 28 28 28 28 28 28 28 28 28 28 28 29 29 29 29 29 29 29 29 29 29 29 29 29 29 29 29 29 29 29 30 30 30 30 30 30 30 30 30 30 30 30 30 30 30 30 30 30 30 30 30 30 30 30 30 30 30 30 30 30 30 30 30 30 30 30 30 30 30 30 30 30 30 31 30 30 30 30 31 32 32 32 32 32 32 32 32 32 32 32 32 32 32 32 32 32 32 32 32 32 32 32 32 32 32 32 32 32 32 32 32 32 32 32 32 32 32 32 32 32 32 32 32 32 32 32 32 32 32 32 32 32 32 32 32 32 32 32 32 32 32 32 23 23 23 23 23 23 23 23 23 23 23 24 24 24 24 24 24 24 24 24 24 24 24 24 24 24 24 25 25 25 25 25 25 25 25 25 25 25 25 25 25 25 25 25 25 25 26 26 26 26 26 26 26 26 26 26 26 26 26 26 26 26 26 26 26 27 27 27 27 27 27 27 27 27 27 27 27 27 27 27 27 27 27 27 27 27 28 28 28 28 28 28 28 28 28 28 28 28 28 28 28 28 28 28 28 28 28 28 28 29 29 29 29 29 29 29 29 29 29 29 29 29 29 29 29 29 29 29 29 29 30 30 30 30 30 30 30 30 30 30 30 30 30 30 29 30 30 30 29 30 30 30 30 30 30 30 30 30 30 30 30 30 30 30 30 30 30 30 30 30 30 30 30 31 30 30 30 30 32 32 32 32 32 32 32 32 32 32 32 32 32 32 32 32 32 32 32 32 32 32 32 32 32 32 32 32 32 32 32 32 32 32 32 32 32 32 32 32 32 32 32 32 32 32 32 32 32 32 32 32 32 32 32 32 32 32 32 32 32 32 32 23 23 23 23 23 23 23 23 23 23 23 24 24 24 24 24 24 24 24 24 24 24 24 24 24 24 24 25 24 25 25 25 25 25 25 25 25 25 25 25 25 25 25 25 25 25 25 26 26 26 26 26 26 26 26 26 26 26 26 26 26 26 26 26 26 26 27 27 27 27 27 27 27 27 27 27 27 27 27 27 27 27 27 27 27 27 27 28 28 28 28 28 28 28 28 28 28 28 28 28 28 28 28 28 28 28 28 28 28 29 29 29 29 29 29 29 29 29 29 29 29 29 29 29 29 29 29 29 29 30 30 30 30 29 30 30 30 30 30 30 30 30 29 29 29 30 30 30 29 29 30 30 30 30 30 30 30 30 30 30 30 30 30 30 30 30 30 30 30 30 30 30 30 30 30 30 30 30 32 32 32 32 32 32 32 32 32 32 32 32 32 32 32 32 32 32 32 32 32 32 32 32 32 32 32 32 32 32 32 32 32 32 32 32 32 32 32 32 32 32 32 32 32 32 32 32 32 32 32 32 32 32 32 32 32 32 32 32 32 32 32 23 23 23 23 23 23 23 23 23 23 23 23 23 23 23 23 24 24 24 24 24 24 24 24 24 24 24 24 24 24 24 24 24 25 25 25 25 25 25 25 25 25 25 25 25 25 25 25 25 25 25 25 26 26 26 26 26 26 26 26 26 26 26 26 26 26 26 26 26 26 27 27 27 27 27 27 27 27 27 27 27 27 27 27 27 27 27 27 27 27 27 27 28 28 28 28 28 28 28 28 28 28 28 28 28 28 28 28 28 28 28 28 28 29 29 29 29 29 29 29 29 29 29 29 29 29 29 29 29 29 29 29 29 30 30 29 30 29 29 29 29 29 29 29 29 29 29 29 30 30 30 30 30 29 30 30 30 30 30 30 30 30 30 30 30 30 30 30 30 30 30 30 30 30 30 30 30 30 30 30 30 30 32 32 32 32 32 32 32 32 32 32 32 32 32 32 32 32 32 32 32 32 32 32 32 32 32 32 32 32 32 32 32 32 32 32 32 32 32 32 32 32 32 32 32 32 32 32 32 32 32 32 32 32 32 32 32 32 32 32 32 32 32 32 31 31 23 23 23 23 23 23 23 23 23 23 23 23 23 23 23 24 24 24 24 24 24 24 24 24 24 24 24 24 24 24 24 24 25 25 25 25 25 25 25 25 25 25 25 25 25 25 25 25 25 25 25 26 26 26 26 26 26 26 26 26 26 26 26 26 26 26 26 26 26 26 27 27 27 27 27 27 27 27 27 27 27 27 27 27 27 27 27 27 27 27 27 28 28 28 28 28 28 28 28 28 28 28 28 28 28 28 28 28 28 28 28 28 28 29 29 29 29 29 29 29 29 29 29 29 29 29 29 29 29 29 29 29 30 29 29 29 30 29 29 29 30 29 29 29 29 30 30 30 30 30 30 30 30 29 30 30 30 30 30 30 30 30 30 30 30 30 30 30 30 30 30 30 30 30 30 30 30 30 30 30 30 32 32 32 32 32 32 32 32 32 32 32 32 32 32 32 32 32 32 32 32 32 32 32 32 32 32 32 32 32 32 32 32 32 32 32 32 32 32 32 32 32 32 32 32 32 32 32 32 32 32 32 32 32 32 32 32 32 32 32 32 32 32 32 32 31 31 22 22 23 23 23 23 23 23 23 23 23 23 23 23 23 23 23 23 24 24 24 24 24 24 24 24 24 24 24 24 24 24 24 24 24 24 25 25 25 25 25 25 25 25 25 25 25 25 25 25 25 25 25 25 25 26 26 26 26 26 26 26 26 26 26 26 26 26 26 26 26 26 27 27 27 27 27 27 27 27 27 27 27 27 27 27 27 27 27 27 27 27 27 27 28 28 28 28 28 28 28 28 28 28 28 28 28 28 28 28 28 28 28 28 28 28 29 29 29 29 29 29 29 29 29 29 29 29 29 29 29 29 29 29 29 29 29 29 29 30 30 30 30 30 30 29 29 30 30 30 30 30 30 29 30 29 30 30 30 30 30 30 30 30 30 30 30 30 30 30 30 30 30 30 30 30 30 30 30 30 30 30 30 32 32 32 32 32 32 32 32 32 32 32 32 32 32 32 32 32 32 32 32 32 32 32 32 32 32 32 32 32 32 32 32 32 32 32 32 32 32 32 32 32 32 32 32 32 32 32 32 32 32 32 32 32 32 32 32 32 32 32 32 32 32 32 32 32 31 22 23 23 23 23 23 23 23 23 23 23 23 23 23 23 23 23 24 24 24 24 24 24 24 24 24 24 24 24 24 24 24 24 24 24 25 25 25 25 25 25 25 25 25 25 25 25 25 25 25 25 25 25 25 26 26 26 26 26 26 26 26 26 26 26 26 26 26 26 26 26 27 27 27 27 27 27 27 27 27 27 27 27 27 27 27 27 27 27 27 27 27 27 27 28 28 28 28 28 28 28 28 28 28 28 28 28 28 28 28 28 28 28 28 28 28 29 29 29 29 29 29 29 29 29 29 29 29 29 29 29 29 29 29 29 29 29 29 29 30 30 30 30 30 30 29 30 30 30 30 30 30 30 30 30 29 30 30 30 30 30 30 30 30 30 30 30 30 30 30 30 30 30 30 30 30 30 30 30 30 30 30 32 32 32 32 32 32 32 32 32 32 32 32 32 32 32 32 32 32 32 32 32 32 32 32 32 32 32 32 32 32 32 32 32 32 32 32 32 32 32 32 32 32 32 32 32 32 32 32 32 32 32 32 32 32 32 32 32 32 32 32 32 31 31 32 32 31 31 22 22 22 22 23 23 23 23 23 23 23 23 23 23 23 23 23 23 23 23 24 24 24 24 24 24 24 24 24 24 24 24 24 24 24 24 24 24 25 25 25 25 25 25 25 25 25 25 25 25 25 25 25 25 25 25 26 26 26 26 26 26 26 26 26 26 26 26 26 26 26 26 26 26 27 27 27 27 27 27 27 27 27 27 27 27 27 27 27 27 27 27 27 27 27 27 28 28 28 28 28 28 28 28 28 28 28 28 28 28 28 28 28 28 28 28 28 28 28 28 28 29 29 29 29 29 29 29 29 29 29 29 29 29 29 29 29 29 29 29 29 29 29 29 29 30 30 30 30 30 30 30 30 30 30 30 29 29 29 30 30 30 30 30 30 30 30 30 30 30 30 30 30 30 30 30 30 30 30 30 30 30 30 30 32 32 32 32 32 32 32 32 32 32 32 32 32 32 32 32 32 32 32 32 32 32 32 32 32 32 32 32 32 32 32 32 32 32 32 32 32 32 32 32 32 32 32 32 32 32 32 32 32 32 32 32 32 32 32 32 32 32 32 31 31 31 31 31 31 31 31 22 22 23 23 23 23 23 23 23 23 23 23 23 23 23 23 23 24 24 24 24 24 24 24 24 24 24 24 24 24 24 24 24 24 24 24 25 25 25 25 25 25 25 25 25 25 25 25 25 25 25 25 25 25 26 26 26 26 26 26 26 26 26 26 26 26 26 26 26 26 26 27 27 27 27 27 27 27 27 27 27 27 27 27 27 27 27 27 27 27 27 27 27 27 28 28 28 28 28 28 28 28 28 28 28 28 28 28 28 28 28 28 28 28 28 28 29 29 29 29 29 29 29 29 29 29 29 29 29 29 29 29 29 29 29 29 29 29 29 29 29 29 29 30 30 30 30 30 30 30 30 30 30 30 29 29 30 30 30 30 30 30 30 30 30 30 30 30 30 30 30 30 30 30 30 30 30 30 30 30 30 32 32 32 32 32 32 32 32 32 32 32 32 32 32 32 32 32 32 32 32 32 32 32 32 32 32 32 32 32 32 32 32 32 32 32 32 32 32 32 32 32 32 32 32 32 32 32 32 32 32 32 32 32 32 32 32 32 32 31 32 32 32 31 31 31 31 31 31 22 22 22 22 22 23 23 23 23 23 23 23 23 23 23 23 23 23 23 23 23 24 24 24 24 24 24 24 24 24 24 24 24 24 24 24 24 24 24 25 25 25 25 25 25 25 25 25 25 25 25 25 25 25 25 25 25 26 26 26 26 26 26 26 26 26 26 26 26 26 26 26 26 26 26 27 27 27 27 27 27 27 27 27 27 27 27 27 27 27 27 27 27 27 27 27 27 28 28 28 28 28 28 28 28 28 28 28 28 28 28 28 28 28 28 28 28 28 28 29 29 29 29 29 29 29 29 29 29 29 29 29 29 29 29 29 29 29 29 29 29 29 29 29 29 29 29 30 30 30 30 30 30 30 30 30 30 29 29 30 30 30 30 30 30 30 30 30 30 30 30 30 30 30 30 30 30 30 30 30 30 30 30 30 32 32 32 32 32 32 32 32 32 32 32 32 32 32 32 32 32 32 32 32 32 32 32 32 32 32 32 32 32 32 32 32 32 32 32 32 32 32 32 32 32 32 32 32 32 32 32 32 32 32 32 32 32 32 32 32 32 31 32 32 32 32 32 31 31 31 31 31 31 31 31 31 31 31 31 31 31 31 31 31 31 31 31 31 31 31 22 22 23 23 23 23 23 23 23 23 23 23 23 23 23 23 23 23 24 24 24 24 24 24 24 24 24 24 24 24 24 24 24 24 24 24 24 25 25 25 25 25 25 25 25 25 25 25 25 25 25 25 25 25 25 26 26 26 26 26 26 26 26 26 26 26 26 26 26 26 26 26 27 27 27 27 27 27 27 27 27 27 27 27 27 27 27 27 27 27 27 27 27 27 27 27 28 28 28 28 28 28 28 28 28 28 28 28 28 28 28 28 28 28 28 28 29 29 29 29 29 29 29 29 29 29 29 29 29 29 29 29 29 29 29 29 29 29 29 29 29 29 30 29 30 30 29 29 30 30 30 29 29 29 29 29 29 30 30 30 30 30 30 30 30 30 30 30 30 30 30 30 30 30 30 30 30 30 30 30 30 32 32 32 32 32 32 32 32 32 32 32 32 32 32 32 32 32 32 32 32 32 32 32 32 32 32 32 32 32 32 32 32 32 32 32 32 32 32 32 32 32 32 32 32 32 32 32 32 32 32 32 32 32 32 32 32 31 32 32 32 32 32 32 32 31 31 31 31 31 31 31 31 31 31 31 31 31 31 31 31 31 31 31 31 31 31 31 31 31 22 22 22 22 23 23 23 23 23 23 23 23 23 23 23 23 23 23 23 23 24 24 24 24 24 24 24 24 24 24 24 24 24 24 24 24 24 24 24 25 25 25 25 25 25 25 25 25 25 25 25 25 25 25 25 25 25 26 26 26 26 26 26 26 26 26 26 26 26 26 26 26 26 26 27 27 27 27 27 27 27 27 27 27 27 27 27 27 27 27 27 27 27 27 27 27 27 28 28 28 28 28 28 28 28 28 28 28 28 28 28 28 28 28 28 28 28 28 29 29 29 29 29 29 29 29 29 29 29 29 29 29 29 29 29 29 29 29 29 29 29 29 29 29 30 30 30 29 29 29 29 29 29 29 29 29 29 29 29 30 30 30 30 30 30 30 30 30 30 30 30 30 30 30 30 30 30 30 30 30 30 30 32 32 32 32 32 32 32 32 32 32 32 32 32 32 32 32 32 32 32 32 32 32 32 32 32 32 32 32 32 32 32 32 32 32 32 32 32 32 32 32 32 32 32 32 32 32 32 32 32 32 32 32 32 32 32 32 32 32 32 32 32 32 32 31 31 31 31 31 31 31 31 32 32 32 32 32 31 31 31 31 31 31 31 31 31 31 31 31 31 31 31 22 22 22 22 23 23 23 23 23 23 23 23 23 23 23 23 23 23 23 24 24 24 24 24 24 24 24 24 24 24 24 24 24 24 24 24 24 24 24 25 25 25 25 25 25 25 25 25 25 25 25 25 25 25 25 25 25 26 26 26 26 26 26 26 26 26 26 26 26 26 26 26 26 26 27 27 27 27 27 27 27 27 27 27 27 27 27 27 27 27 27 27 27 27 27 27 28 28 28 28 28 28 28 28 28 28 28 28 28 28 28 28 28 28 28 28 28 28 29 29 29 29 29 29 29 29 29 29 29 29 29 29 29 29 29 29 29 29 29 29 29 29 30 30 30 29 29 29 29 29 29 29 29 29 29 30 30 29 29 29 30 30 30 30 30 30 30 30 30 30 30 30 30 30 30 30 30 30 30 30 30 32 32 32 32 32 32 32 32 32 32 32 32 32 32 32 32 32 32 32 32 32 32 32 32 32 32 32 32 32 32 32 32 32 32 32 32 32 32 32 32 32 32 32 32 32 32 32 32 32 32 32 32 32 32 32 32 32 32 32 32 32 32 32 32 31 31 31 31 31 31 31 32 32 32 32 31 31 31 31 31 31 31 31 31 31 31 31 31 31 31 31 31 22 22 22 22 22 22 23 23 23 23 23 23 23 23 23 23 23 23 23 23 23 23 24 24 24 24 24 24 24 24 24 24 24 24 24 24 24 24 24 24 24 24 24 25 25 25 25 25 25 25 25 25 25 25 25 25 25 25 25 25 26 26 26 26 26 26 26 26 26 26 26 26 26 26 26 26 27 27 27 27 27 27 27 27 27 27 27 27 27 27 27 27 27 27 27 27 27 27 27 27 28 28 28 28 28 28 28 28 28 28 28 28 28 28 28 28 28 28 28 28 28 28 28 28 28 29 29 29 29 29 29 29 29 29 29 29 29 29 29 29 29 29 29 30 30 29 29 29 29 29 29 29 29 29 29 29 29 29 30 30 29 29 29 29 30 30 30 30 30 30 30 30 30 30 30 30 30 30 30 30 30 30 30 32 32 32 32 32 32 32 32 32 32 32 32 32 32 32 32 32 32 32 32 32 32 32 32 32 32 32 32 32 32 32 32 32 32 32 32 32 32 32 32 32 32 32 32 32 32 32 32 32 32 32 32 32 32 32 32 32 32 32 32 32 32 32 32 31 31 31 31 31 31 31 31 31 31 31 31 31 31 31 31 31 31 31 31 31 31 31 31 31 31 31 31 31 22 22 22 22 22 22 22 22 23 23 23 23 23 23 23 23 23 23 23 23 23 23 23 24 24 24 24 24 24 24 24 24 24 24 24 24 24 24 24 24 24 24 24 24 25 25 25 25 25 25 25 25 25 25 25 25 25 25 25 25 25 26 26 26 26 26 26 26 26 26 26 26 26 26 26 26 26 26 27 27 27 27 27 27 27 27 27 27 27 27 27 27 27 27 27 27 27 27 27 27 27 27 28 28 28 28 28 28 28 28 28 28 28 28 28 28 28 28 28 28 28 28 28 28 28 28 28 28 28 29 29 29 29 29 29 29 29 29 29 29 29 29 29 29 29 30 29 29 29 29 29 29 29 29 29 29 29 29 29 29 30 30 30 30 29 29 30 30 30 30 30 30 30 30 30 30 30 30 30 30 30 30 30 30 32 32 32 32 32 32 32 32 32 32 32 32 32 32 32 32 32 32 32 32 32 32 32 32 32 32 32 32 32 32 32 32 32 32 32 32 32 32 32 32 32 32 32 32 32 32 32 32 32 32 32 32 32 32 32 32 32 32 32 32 32 32 32 32 32 31 31 31 31 31 31 31 31 31 31 31 31 31 31 31 31 31 31 31 31 31 31 31 31 31 31 31 31 22 22 22 22 22 22 23 23 23 23 23 23 23 23 23 23 23 23 23 23 23 23 24 24 24 24 24 24 24 24 24 24 24 24 24 24 24 24 24 24 24 24 25 25 25 25 25 25 25 25 25 25 25 25 25 25 25 25 25 25 26 26 26 26 26 26 26 26 26 26 26 26 26 26 26 26 26 27 27 27 27 27 27 27 27 27 27 27 27 27 27 27 27 27 27 27 27 27 27 27 28 28 28 28 28 28 28 28 28 28 28 28 28 28 28 28 28 28 28 28 28 28 28 28 28 28 28 28 29 29 29 29 29 29 29 29 29 29 29 29 29 29 29 29 29 29 29 29 29 30 29 29 29 29 29 29 29 29 29 29 30 30 30 29 29 30 30 30 30 30 30 30 30 30 30 30 30 30 30 30 30 30 32 32 32 32 32 32 32 32 32 32 32 32 32 32 32 32 32 32 32 32 32 32 32 32 32 32 32 32 32 32 32 32 32 32 32 32 32 32 32 32 32 32 32 32 32 32 32 32 32 32 32 32 32 32 32 32 32 32 32 32 32 32 32 32 32 32 31 31 31 31 31 31 31 31 31 31 31 31 31 31 31 31 31 31 31 31 31 31 31 31 31 31 31 22 22 22 22 22 22 22 22 22 23 23 23 23 23 23 23 23 23 23 23 23 23 23 23 23 24 24 24 24 24 24 24 24 24 24 24 24 24 24 24 24 24 24 24 25 25 25 25 25 25 25 25 25 25 25 25 25 25 25 25 25 25 25 25 26 26 26 26 26 26 26 26 26 26 26 26 26 26 27 27 27 27 27 27 27 27 27 27 27 27 27 27 27 27 27 27 27 27 27 27 27 27 28 28 28 28 28 28 28 28 28 28 28 28 28 28 28 28 28 28 28 28 28 28 28 29 28 28 28 28 28 29 29 29 29 29 29 29 29 29 29 29 29 29 29 29 29 29 29 29 29 29 29 29 29 29 29 30 29 29 29 29 30 30 30 29 29 29 30 30 30 30 30 30 30 30 30 30 30 30 30 30 30 30 32 32 32 32 32 32 32 32 32 32 32 32 32 32 32 32 32 32 32 32 32 32 32 32 32 32 32 32 32 32 32 32 32 32 32 32 32 32 32 32 32 32 32 32 32 32 32 32 32 32 32 32 32 32 32 32 32 32 32 32 32 32 32 32 32 32 31 31 31 32 31 31 31 31 31 31 31 32 31 31 31 31 31 31 31 31 31 31 31 31 31 31 31 31 27 27 27 26 22 22 22 22 22 22 22 22 22 23 23 23 23 23 23 23 23 23 23 23 23 23 23 23 24 24 24 24 24 24 24 24 24 24 24 24 24 24 24 24 24 24 24 25 25 25 25 25 25 25 25 25 25 25 25 25 25 25 25 25 25 25 25 25 25 26 26 26 26 26 26 26 26 26 26 26 26 26 27 27 27 27 27 27 27 27 27 27 27 27 27 27 27 27 27 27 27 27 27 27 27 27 27 28 28 28 28 28 28 28 28 28 28 28 28 28 28 28 28 28 28 28 28 28 28 29 29 29 29 28 29 29 29 29 29 29 29 29 29 29 29 29 29 29 29 29 29 29 29 29 29 29 29 29 30 29 30 30 30 30 30 30 30 30 29 29 29 29 30 30 30 30 30 30 30 30 30 30 30 30 30 30 30 32 32 32 32 32 32 32 32 32 32 32 32 32 32 32 32 32 32 32 32 32 32 32 32 32 32 32 32 32 32 32 32 32 32 32 32 32 32 32 32 32 32 32 32 32 32 32 32 32 32 32 32 32 32 32 32 32 32 32 32 32 32 32 32 32 32 32 32 31 31 32 31 32 32 32 32 32 32 31 31 31 31 31 31 31 31 31 31 31 31 31 31 31 31 27 27 27 27 28 27 27 26 22 22 22 22 22 22 22 22 22 22 23 23 23 23 23 23 23 23 23 23 23 23 23 23 23 23 23 24 24 24 24 24 24 24 24 24 24 24 24 24 24 24 24 24 25 25 25 25 25 25 25 25 25 25 25 25 25 25 25 25 25 25 25 25 25 25 25 26 26 26 26 26 26 26 26 26 26 26 26 27 27 27 27 27 27 27 27 27 27 27 27 27 27 27 27 27 27 27 27 27 27 27 27 27 27 28 28 28 28 28 28 28 28 28 28 28 28 28 28 28 28 28 28 28 28 28 28 29 29 29 29 29 29 29 29 29 29 29 29 29 29 29 29 29 29 30 29 29 29 29 29 29 29 29 29 29 29 29 29 30 30 30 30 30 30 30 30 29 29 29 30 30 30 30 30 30 30 30 30 30 30 30 30 30 32 32 32 32 32 32 32 32 32 32 32 32 32 32 32 32 32 32 32 32 32 32 32 32 32 32 32 32 32 32 32 32 32 32 32 32 32 32 32 32 32 32 32 32 32 32 32 32 32 32 32 32 32 32 32 32 32 32 32 32 32 32 32 32 32 32 32 32 32 32 31 31 32 32 32 32 32 32 31 31 31 31 31 31 31 31 31 31 31 31 31 31 31 27 27 27 28 28 28 28 27 27 26 22 22 22 22 22 22 22 22 22 22 22 22 22 23 23 23 23 23 23 23 23 23 23 23 23 23 23 23 23 23 23 23 24 24 24 24 24 24 24 24 24 24 24 24 24 24 24 24 25 25 25 25 25 25 25 25 25 25 25 25 25 25 25 25 25 25 26 25 26 26 26 26 26 26 26 26 26 26 26 26 26 27 27 27 27 27 27 27 27 27 27 27 27 27 27 27 27 27 27 27 27 27 27 27 27 27 28 28 28 28 28 28 28 28 28 28 28 28 28 28 28 28 28 28 28 28 28 28 28 28 29 29 29 29 29 29 29 29 29 29 29 29 29 29 29 29 29 29 29 29 29 29 29 29 29 29 29 29 29 29 29 30 30 29 29 30 30 30 30 30 29 29 30 30 30 30 30 30 30 30 30 30 30 30 30 30 32 32 32 32 32 32 32 32 32 32 32 32 32 32 32 32 32 32 32 32 32 32 32 32 32 32 32 32 32 32 32 32 32 32 32 32 32 32 32 32 32 32 32 32 32 32 32 32 32 32 32 32 32 32 32 32 32 32 32 32 32 32 32 32 32 32 32 32 32 32 32 32 32 32 32 32 32 32 31 31 31 31 31 31 31 31 31 31 31 31 31 31 31 27 27 27 27 28 28 28 28 28 27 27 26 26 22 22 22 22 22 22 22 22 22 22 22 22 22 22 22 22 22 22 23 23 23 23 23 23 23 23 23 23 23 23 23 24 24 24 24 24 24 24 24 24 24 24 24 24 24 24 24 24 25 25 25 25 25 25 25 25 25 25 25 25 25 25 25 25 25 26 26 25 26 26 26 26 26 26 26 26 26 26 26 26 26 26 27 27 27 27 27 27 27 27 27 27 27 27 27 27 27 27 27 27 27 27 27 27 27 27 28 28 28 28 28 28 28 28 28 28 28 28 28 28 28 28 28 28 28 28 28 28 29 28 29 29 29 29 29 29 29 29 29 29 29 29 29 29 29 29 29 29 29 29 29 29 29 29 29 29 29 29 29 29 29 30 30 30 29 29 29 29 30 30 30 29 29 30 30 30 30 30 30 30 30 30 30 30 30 30 32 32 32 32 32 32 32 32 32 32 32 32 32 32 32 32 32 32 32 32 32 32 32 32 32 32 32 32 32 32 32 32 32 32 32 32 32 32 32 32 32 32 32 32 32 32 32 32 32 32 32 32 32 32 32 32 32 32 32 32 32 32 32 32 32 32 32 32 32 32 32 32 32 32 32 32 32 31 31 31 31 31 31 31 31 31 31 31 31 31 31 31 31 31 27 27 28 28 28 28 28 28 28 27 27 28 27 26 26 22 22 22 22 22 22 22 22 22 22 22 22 22 22 22 22 22 22 22 22 22 22 23 23 23 23 23 23 23 23 23 23 24 24 24 24 24 24 24 24 24 24 24 24 24 24 24 24 24 24 25 25 25 25 25 25 25 25 25 25 25 25 25 25 25 25 26 26 26 26 26 26 26 26 26 26 26 26 26 26 26 26 26 27 27 27 27 27 27 27 27 27 27 27 27 27 27 27 27 27 27 27 27 27 27 27 27 27 28 28 28 28 28 28 28 28 28 28 28 28 28 28 28 28 28 28 28 28 28 29 28 29 29 29 29 29 29 29 29 29 29 29 29 29 29 29 29 29 29 29 29 29 29 29 29 29 29 29 29 29 29 29 30 30 29 29 30 29 29 29 30 29 29 29 29 29 30 30 30 30 30 30 30 30 30 30 30 32 32 32 32 32 32 32 32 32 32 32 32 32 32 32 32 32 32 32 32 32 32 32 32 32 32 32 32 32 32 32 32 32 32 32 32 32 32 32 32 32 32 32 32 32 32 32 32 32 32 32 32 32 32 32 32 32 32 32 32 32 32 32 32 32 32 32 31 32 32 31 32 31 31 32 32 32 31 31 31 31 31 31 31 31 31 31 31 31 31 31 31 31 31 31 28 28 28 28 27 27 27 28 27 27 28 28 28 28 28 28 28 28 28 27 26 26 26 22 22 22 22 22 22 22 22 22 22 22 22 22 22 22 22 22 22 22 22 22 23 23 23 23 23 23 23 23 23 23 23 23 24 24 24 24 24 24 24 24 24 24 24 24 24 24 24 24 25 25 25 25 25 25 25 25 25 25 25 25 25 25 25 25 25 26 26 26 26 26 26 26 26 26 26 26 26 26 26 26 26 26 27 27 27 26 27 27 27 27 27 27 27 27 27 27 27 27 27 27 27 27 27 27 27 27 28 28 28 28 28 28 28 28 28 28 28 28 28 28 28 28 28 28 28 28 28 29 28 28 29 29 29 29 29 29 29 29 29 29 29 29 29 29 29 29 29 29 29 29 29 29 29 29 29 29 29 29 29 29 30 30 30 30 29 29 29 29 29 29 30 30 29 29 29 29 29 29 30 30 30 30 30 30 30 31 31 31 31 31 31 31 31 31 32 31 31 31 32 32 32 32 32 32 32 32 32 32 32 32 32 32 32 32 32 32 32 32 32 32 32 32 32 32 32 32 32 32 32 32 32 32 32 32 32 32 32 32 32 32 32 32 32 32 32 32 32 32 32 32 32 32 32 31 32 32 31 32 32 32 32 31 31 31 31 31 31 31 31 31 31 31 31 31 31 31 31 31 31 31 31 31 31 30 29 29 29 29 28 28 28 28 28 28 28 28 28 28 27 28 28 28 28 28 28 28 28 29 28 28 27 27 27 27 26 26 21 21 22 22 22 22 22 21 21 22 22 22 22 22 22 22 22 22 22 22 22 22 22 22 22 23 23 23 23 23 23 23 23 23 24 24 24 24 24 24 24 24 24 24 24 24 24 24 24 24 24 24 24 24 25 25 25 25 25 25 25 25 25 25 25 25 25 25 25 26 26 26 26 26 26 26 26 26 26 26 26 26 26 26 26 26 27 27 27 26 26 27 27 27 27 27 27 27 27 27 27 27 27 27 27 27 27 27 27 27 28 28 28 28 28 28 28 28 28 28 28 28 28 28 28 28 28 28 28 28 28 28 28 29 28 28 29 29 29 29 29 29 29 29 29 29 29 29 29 29 29 29 29 29 29 29 29 29 29 29 29 29 29 29 29 30 29 29 29 30 29 30 30 29 29 30 30 29 29 30 30 29 29 29 30 30 30 30 30 31 31 31 31 31 31 31 32 32 31 32 32 32 31 32 32 32 32 32 32 32 32 32 32 32 32 32 32 32 32 32 32 32 32 32 32 32 32 32 32 32 32 32 32 32 32 32 32 32 32 32 32 32 32 32 32 32 32 32 32 32 32 32 32 32 32 32 32 32 32 32 32 32 32 32 32 31 31 31 31 31 31 31 31 31 31 31 31 31 31 31 31 31 31 31 31 31 31 30 31 30 30 30 30 29 29 29 29 29 29 29 29 29 29 29 29 29 29 29 28 28 29 28 28 29 28 28 29 28 28 28 28 28 28 28 29 29 29 29 28 28 27 27 27 27 27 27 27 21 21 22 22 21 21 21 21 22 22 22 22 22 22 22 22 22 22 22 22 22 22 22 22 22 22 23 23 23 23 23 23 24 24 24 24 24 24 24 24 24 24 24 24 24 24 24 24 24 24 24 24 24 24 25 25 25 25 25 25 25 25 25 25 25 25 25 25 26 26 26 26 26 26 26 26 26 26 26 26 26 26 26 26 26 27 27 27 26 27 27 27 27 27 27 27 27 27 27 27 27 27 27 27 27 27 27 27 27 28 28 28 28 27 27 27 27 27 28 27 28 28 28 28 28 28 28 28 28 28 28 28 28 29 28 28 29 29 29 29 29 29 29 29 29 29 29 29 29 29 29 29 29 29 29 29 29 29 29 29 29 29 29 29 29 29 30 30 30 30 30 29 29 29 30 30 29 30 30 30 30 30 30 30 30 30 30 30 31 31 32 32 31 32 32 32 32 32 32 32 32 32 31 32 32 32 32 32 32 32 32 32 32 32 32 32 32 32 32 32 32 32 32 32 32 32 32 32 32 32 32 32 32 32 32 32 32 32 32 32 32 32 32 32 32 32 32 32 32 32 32 32 32 32 32 32 32 32 32 32 32 32 32 32 31 31 31 31 31 31 31 31 31 31 31 31 31 31 31 31 31 31 31 31 31 31 31 31 30 30 30 30 30 30 30 30 30 30 29 29 29 29 29 30 29 29 29 29 29 29 29 29 29 29 29 29 27 28 29 29 29 29 29 29 29 29 29 29 29 29 29 29 29 29 29 29 28 28 28 28 28 27 27 27 27 27 27 21 21 21 21 21 21 21 21 22 22 22 22 22 22 22 22 22 22 22 22 22 23 23 22 22 23 23 23 23 23 23 23 23 23 24 24 24 24 24 24 24 24 24 24 24 24 24 24 24 24 24 24 24 24 24 24 25 25 25 25 25 25 25 25 25 25 25 25 25 25 26 26 26 26 26 26 26 26 26 26 26 26 26 26 26 26 26 27 27 26 26 27 27 27 27 27 27 27 27 27 27 27 27 27 27 27 27 27 27 27 27 28 27 27 27 27 27 28 28 28 27 27 28 28 28 28 28 28 28 28 28 28 28 28 29 29 29 29 29 29 29 29 29 29 29 29 29 29 29 29 29 29 29 29 29 29 29 29 29 29 29 29 29 29 29 30 30 29 29 30 29 29 29 29 29 30 30 29 30 30 30 30 30 30 30 30 30 30 30 31 31 32 32 32 32 32 32 32 32 32 32 32 32 32 31 32 32 32 32 32 32 32 32 32 32 32 32 32 32 32 32 32 32 32 32 32 32 32 32 32 32 32 32 32 32 32 32 32 32 32 32 32 32 32 32 32 32 32 32 32 32 32 32 32 32 32 32 32 32 32 32 32 32 32 31 31 31 31 31 31 31 31 31 31 31 32 32 31 31 31 31 31 31 31 31 31 31 31 31 30 30 30 30 30 30 30 30 29 29 29 29 29 29 30 30 30 29 30 29 29 29 29 29 29 29 29 29 29 29 29 29 29 28 27 29 29 29 29 29 29 29 29 29 29 29 29 29 29 29 29 29 29 29 28 28 28 28 28 27 27 27 27 27 27 27 27 21 21 21 21 21 21 21 21 21 21 22 22 22 22 22 22 22 22 22 22 22 22 23 22 22 22 22 23 23 22 22 23 23 23 23 24 24 24 23 24 24 24 24 24 24 24 24 24 24 24 24 24 24 24 24 24 24 24 24 24 25 25 25 25 25 25 25 25 25 25 25 25 26 26 26 26 26 26 26 26 26 26 26 26 26 26 26 26 26 27 27 26 26 26 27 27 27 27 27 27 27 27 27 27 27 27 27 27 27 27 27 27 27 27 27 27 27 27 27 28 28 28 28 28 28 28 28 28 28 28 28 28 28 28 28 28 28 28 29 29 29 29 29 29 29 29 29 29 29 29 29 29 29 29 29 29 29 29 29 29 29 29 29 29 30 30 30 30 29 29 29 29 29 29 29 29 29 30 30 30 30 30 30 30 30 30 30 30 30 30 30 32 32 32 32 32 32 32 32 32 32 32 32 32 32 32 31 32 32 32 32 32 32 32 32 32 32 32 32 32 32 32 32 32 32 32 32 32 32 32 32 32 32 32 32 32 32 32 32 32 32 32 32 32 32 32 32 32 32 32 32 32 32 32 32 32 32 32 32 32 32 32 32 32 32 32 31 31 31 31 31 31 31 31 31 31 31 31 31 31 31 31 31 31 31 31 31 31 31 31 31 30 31 31 30 30 29 29 30 30 30 29 29 30 29 29 29 30 30 30 29 29 29 29 29 30 29 30 29 29 29 29 29 29 29 29 28 29 29 28 28 28 28 29 29 29 29 29 29 29 29 29 29 29 29 29 29 29 29 29 29 29 28 28 28 28 28 28 27 27 27 27 27 27 27 27 27 27 21 21 21 21 21 21 21 21 22 21 21 21 21 21 22 22 22 22 22 22 22 23 23 23 23 23 23 23 23 23 23 23 23 22 22 23 23 23 23 23 24 24 24 24 24 24 24 24 24 24 24 24 24 24 24 24 24 24 24 24 24 25 25 25 25 25 25 25 25 25 25 25 25 25 25 26 26 26 26 26 26 26 26 26 26 26 26 26 26 26 26 26 27 26 26 26 27 27 27 27 27 27 27 27 27 27 27 27 27 27 27 27 27 27 27 27 27 27 27 27 27 28 28 28 28 28 28 28 28 28 28 28 28 28 28 28 28 28 28 28 28 29 29 28 29 28 29 29 29 29 29 29 29 29 29 29 29 29 29 29 29 29 29 29 29 29 29 29 29 29 29 29 29 29 29 29 29 29 30 30 30 30 30 30 30 30 30 30 30 30 30 30 30 32 32 32 32 32 32 32 32 32 32 32 32 32 32 32 31 32 32 32 32 32 32 32 32 32 32 32 32 32 32 32 32 32 32 32 32 32 32 32 32 32 32 32 32 32 32 32 32 32 32 32 32 32 32 32 32 32 32 32 32 32 32 32 32 32 32 32 32 32 32 32 31 32 31 31 31 31 31 31 31 31 31 31 31 31 31 31 31 31 31 31 31 31 31 31 31 31 31 31 31 31 31 30 30 30 29 30 31 31 30 30 30 30 30 30 30 30 30 29 29 29 30 30 30 30 30 30 29 29 29 29 29 29 29 29 28 29 29 29 28 28 28 28 29 29 29 29 29 29 29 29 29 29 29 29 28 29 29 29 29 29 29 29 29 28 28 27 27 27 27 27 27 27 27 27 27 27 27 27 27 21 21 21 21 21 21 21 21 21 22 21 21 21 21 22 22 22 22 22 22 22 22 22 22 23 23 23 23 23 23 23 23 23 23 23 23 23 23 23 24 24 24 24 23 24 24 24 24 24 24 24 24 24 24 24 24 24 24 24 24 24 25 25 25 25 25 25 25 25 25 25 25 25 25 25 25 25 26 26 26 26 26 26 26 26 26 26 26 26 26 26 26 26 26 26 26 26 26 27 27 27 27 27 27 27 27 27 27 27 27 27 27 27 27 27 27 27 27 27 28 28 28 27 28 28 28 28 28 28 28 28 28 28 28 28 28 28 28 28 28 28 28 29 28 28 28 29 29 29 29 29 29 29 29 29 29 29 29 29 29 29 29 29 29 29 29 29 29 29 29 29 30 30 29 30 29 29 30 30 30 30 30 30 30 30 30 30 30 30 30 30 30 30 31 31 31 32 32 32 32 32 32 32 32 32 32 32 31 31 32 32 32 32 32 32 32 32 32 32 32 32 32 32 32 32 32 32 32 32 32 32 32 32 32 32 32 32 32 32 32 32 32 32 32 32 32 32 32 32 32 32 32 32 32 32 32 32 32 32 32 32 32 32 31 31 31 31 32 32 32 31 31 31 31 31 31 31 31 31 31 31 31 31 31 31 31 31 31 31 31 31 31 31 30 30 30 30 30 30 30 30 30 31 30 30 31 31 30 31 30 30 29 29 30 30 30 30 30 30 29 29 29 29 29 29 29 30 29 28 29 29 29 28 28 28 28 29 29 29 29 29 29 29 29 29 29 29 29 29 29 29 28 28 29 29 29 28 28 28 27 27 27 28 27 27 27 27 28 27 27 27 27 27 27 27 27 27 27 27 27 27 27 21 21 21 21 21 21 21 21 21 21 22 21 21 21 22 22 22 22 22 22 22 22 22 22 22 22 22 22 22 22 23 23 24 23 23 23 23 23 23 24 24 24 24 24 24 24 24 24 24 24 24 24 24 24 24 24 24 24 24 24 24 25 25 25 25 25 25 25 25 25 25 25 25 25 25 25 25 26 26 26 26 26 26 26 26 26 26 26 26 26 26 26 26 26 26 26 26 26 26 26 26 26 26 27 27 27 27 27 27 27 27 27 27 27 27 27 27 27 27 27 27 27 27 27 28 28 28 28 28 28 28 28 28 28 28 28 28 28 28 28 28 28 28 28 28 28 28 28 29 29 29 29 29 29 29 29 29 29 29 29 29 29 29 29 29 29 29 29 29 29 29 29 30 29 29 29 29 29 30 30 30 30 30 30 30 29 30 30 30 30 30 30 30 31 31 31 31 31 31 31 32 32 32 32 32 32 32 32 32 32 32 32 32 32 32 32 32 32 32 32 32 32 32 32 32 32 32 32 32 32 32 32 32 32 32 32 32 32 32 32 32 32 32 32 32 32 32 32 32 32 32 32 32 32 32 32 32 32 32 32 32 32 32 32 32 32 32 32 32 32 32 31 31 31 31 31 31 31 31 31 31 31 31 31 31 31 31 31 31 31 31 31 31 30 30 30 30 31 31 31 30 30 30 30 30 30 31 31 31 31 30 29 29 30 30 30 29 29 29 29 29 29 29 30 29 30 30 29 28 29 29 29 29 28 27 28 28 29 29 29 29 29 29 29 29 29 29 29 29 29 29 29 29 29 29 28 28 28 28 28 28 28 27 28 28 28 28 28 28 28 28 27 27 27 27 27 27 27 27 27 27 27 27 27 27 27 21 21 21 21 21 21 21 21 21 21 21 21 21 21 21 22 22 22 22 22 22 22 22 22 22 22 22 22 22 22 22 23 23 23 23 24 23 23 23 23 23 24 24 24 24 24 24 24 24 24 24 24 24 24 24 24 24 24 24 24 24 24 25 25 25 25 25 25 25 25 25 25 25 25 25 25 25 25 26 26 26 26 26 26 26 26 26 26 26 26 26 26 26 26 26 26 26 26 26 26 26 26 27 27 27 27 27 27 27 27 27 27 27 27 27 27 27 27 27 27 27 27 27 27 28 28 28 28 28 28 28 28 28 28 28 28 28 28 28 28 28 28 28 28 28 28 28 28 28 29 29 29 29 29 29 29 29 29 29 29 29 29 29 29 29 29 29 29 29 29 29 29 29 29 29 29 29 29 29 29 29 29 29 29 29 29 29 29 29 29 29 29 29 29 31 31 31 31 31 31 31 31 31 31 31 31 31 32 32 32 32 32 32 32 32 32 32 32 32 32 32 32 32 32 32 32 32 32 32 32 32 32 32 32 32 32 32 32 32 32 32 32 32 32 32 32 32 32 32 32 32 32 32 32 32 32 32 32 32 32 32 32 32 32 32 32 32 32 32 32 32 32 31 31 31 31 31 31 31 31 31 31 31 31 31 31 31 31 31 31 30 31 31 31 30 30 30 31 31 31 31 30 30 31 30 30 30 30 30 31 30 30 30 30 30 30 29 30 30 29 30 30 29 29 30 30 30 30 29 29 29 29 29 30 28 28 27 28 29 29 29 29 29 29 29 29 29 29 29 29 28 28 29 29 29 29 29 28 28 28 28 28 28 28 27 28 28 28 28 28 28 28 28 28 27 27 27 27 27 27 27 27 27 27 27 27 27 27 27 27 21 21 21 21 21 21 21 21 21 21 21 21 21 21 21 21 21 22 22 22 22 22 22 22 22 22 22 22 22 22 22 22 23 22 23 23 23 23 23 23 23 23 23 24 24 23 23 23 23 23 24 24 24 24 24 24 24 24 24 24 24 24 24 25 25 25 25 25 25 25 25 25 25 25 25 25 25 25 26 26 26 26 26 26 26 26 26 26 26 26 26 26 26 26 26 26 26 26 26 26 26 26 27 27 27 27 27 27 27 27 27 27 27 27 27 27 27 27 27 27 27 27 27 27 27 27 27 28 28 28 28 28 28 28 28 28 28 28 28 28 28 28 28 28 28 28 28 28 28 28 29 29 29 29 29 29 29 29 29 29 29 29 29 29 29 29 29 29 29 29 29 29 29 29 29 29 29 29 29 29 29 29 29 29 29 29 29 29 29 29 29 29 29 29 29 31 31 31 31 31 31 31 31 31 31 31 31 31 31 31 31 32 32 32 32 32 32 32 32 32 32 32 32 32 32 32 32 32 32 32 32 32 32 32 32 32 32 32 32 32 32 32 32 32 32 32 32 32 32 32 32 32 32 32 32 32 32 32 32 32 32 32 32 32 32 32 32 32 32 32 32 32 32 31 31 31 31 31 31 31 31 31 31 31 31 31 31 31 31 31 31 31 31 31 31 30 30 30 30 30 30 30 30 30 30 30 30 30 30 30 30 30 30 30 30 31 30 30 30 30 30 30 30 29 29 29 30 30 30 30 29 29 29 29 29 29 29 28 27 28 29 29 29 29 29 29 29 29 29 29 29 29 29 28 28 28 28 28 29 29 28 28 28 28 28 28 27 27 28 28 28 28 28 28 28 28 28 28 27 27 27 27 27 27 27 27 27 27 27 27 27 27 27 27 21 21 21 21 21 21 21 21 21 21 21 21 21 21 21 21 21 21 21 21 22 21 22 22 22 22 22 22 22 22 22 22 22 22 22 22 23 23 23 23 23 23 23 23 24 23 23 23 23 23 23 23 24 24 24 24 24 24 24 24 24 24 24 25 25 25 25 25 25 25 25 25 25 25 25 25 25 26 26 26 26 26 26 26 26 26 26 26 26 26 26 26 26 26 26 27 27 27 27 27 27 27 27 27 27 27 27 27 27 27 27 27 27 27 27 28 28 28 28 28 28 28 28 28 28 28 28 28 28 28 28 28 29 29 29 29 29 28 29 29 29 29 29 29 29 29 29 29 29 29 29 29 29 29 30 30 30 29 29 29 29 29 29 29 29 29 29 29 29 30 30 30 29 30 30 30 30 30 30 30 30 29 30 30 30 30 30 30 30 30 30 30 30 30 30 32 32 32 32 32 32 32 32 32 32 32 32 32 32 32 32 32 32 32 33 33 33 33 33 33 33 33 33 33 33 33 33 33 33 33 33 33 33 33 33 33 33 33 33 33 33 33 33 33 33 33 33 33 33 33 33 33 33 33 33 33 33 33 33 33 33 33 33 33 33 33 33 33 33 33 33 33 33 33 33 32 32 32 32 32 32 32 32 32 32 32 32 32 32 32 33 32 32 32 32 31 31 31 31 31 32 32 31 31 31 31 31 31 31 31 31 31 31 32 32 32 31 31 32 31 31 31 30 30 30 30 31 31 31 31 30 30 30 30 31 30 30 28 28 29 29 29 30 30 29 29 29 29 30 30 30 30 29 29 29 29 29 28 29 29 29 29 29 29 29 29 28 28 27 27 28 28 28 28 28 28 28 28 28 27 27 27 27 27 27 27 27 27 27 27 27 27 27 27 27 27 27 20 20 20 21 21 21 21 21 21 21 21 21 21 21 21 21 21 22 22 22 22 22 22 22 22 22 22 22 22 22 22 22 22 22 22 22 23 22 23 23 23 23 23 23 23 23 23 23 23 23 23 23 23 24 24 24 24 24 24 24 24 24 24 24 24 24 25 25 25 25 25 25 25 25 25 25 25 25 25 25 25 25 25 26 26 26 26 26 26 26 26 26 26 26 26 26 26 27 27 27 27 27 27 27 27 27 27 27 27 27 27 27 27 27 27 27 27 27 28 28 28 28 28 28 28 28 28 28 28 28 28 28 28 28 28 28 29 29 28 28 29 29 29 29 29 29 29 29 29 29 29 29 29 29 29 29 29 30 30 29 29 29 29 29 29 29 29 29 29 29 29 29 29 29 30 29 30 30 30 30 30 30 29 29 29 30 30 30 30 30 30 30 30 30 30 30 30 30 32 32 32 32 32 32 32 32 32 32 32 32 32 33 33 33 32 32 32 33 33 33 33 33 33 33 33 33 33 33 33 33 33 33 33 33 33 33 33 33 33 33 33 33 33 33 33 33 33 33 33 33 33 33 33 33 33 33 33 33 33 33 33 33 33 33 33 33 33 33 33 33 33 33 33 33 33 33 33 33 32 32 32 32 32 32 32 32 32 32 32 32 32 32 33 33 33 33 33 32 31 31 30 31 31 31 31 31 31 31 31 31 31 31 31 31 31 31 32 32 31 32 31 32 31 31 31 31 30 30 30 30 31 31 31 30 30 30 30 30 30 29 28 28 29 29 29 29 30 30 29 29 30 30 30 30 30 30 30 29 29 29 29 29 29 29 28 28 29 29 29 28 28 28 27 28 28 28 27 28 28 28 28 28 27 27 27 27 27 27 27 27 27 27 27 27 27 27 27 27 27 27 27 27 20 20 20 21 21 21 21 21 21 21 21 21 21 21 21 21 21 21 21 22 22 22 22 22 22 22 22 22 22 22 23 23 23 23 23 23 23 23 23 23 23 23 23 23 23 23 23 23 23 23 23 23 23 24 24 24 24 24 24 24 24 24 24 24 24 24 25 25 25 25 25 25 25 25 25 25 25 25 25 25 25 26 26 26 26 26 26 26 26 26 26 26 26 26 26 26 27 27 27 27 27 27 27 27 27 27 27 27 27 27 27 27 27 27 27 27 27 28 28 28 28 28 28 28 28 28 28 28 28 28 28 28 28 28 29 28 29 28 28 28 29 29 29 29 28 29 29 29 29 29 29 29 29 29 29 29 29 30 30 30 29 29 29 30 29 29 29 30 30 30 30 29 29 29 29 29 29 29 29 30 30 29 30 30 30 30 30 30 30 30 30 30 30 30 30 30 30 30 32 32 32 32 32 32 32 32 32 32 32 32 33 33 33 33 32 32 32 33 33 33 33 33 33 33 33 33 33 33 33 33 33 33 33 33 33 33 33 33 33 33 33 33 33 33 33 33 33 33 33 33 33 33 33 33 33 33 33 33 33 33 33 33 33 33 33 33 33 33 33 33 33 33 33 33 33 33 33 33 33 33 32 32 32 32 32 32 32 32 32 32 32 32 32 33 32 32 32 32 30 30 30 31 31 31 32 31 31 31 31 31 31 31 31 31 31 31 32 32 31 31 31 31 31 31 31 31 31 31 30 30 31 31 32 31 31 30 30 30 29 30 29 28 28 28 29 29 29 29 30 30 30 30 30 30 30 30 30 30 30 30 29 29 29 29 29 29 28 28 28 29 28 28 28 28 28 28 28 28 28 27 27 27 27 27 27 27 27 27 27 27 27 27 27 27 27 27 27 27 27 27 27 27 27 27 26 20 20 21 21 21 21 21 21 21 21 21 21 21 21 21 21 21 21 21 21 22 22 22 22 22 22 22 22 22 22 22 22 22 23 23 23 23 23 23 23 23 23 23 23 23 23 23 23 23 23 23 23 24 24 24 24 24 24 24 24 24 24 24 24 24 25 25 25 25 25 25 25 25 25 25 25 25 25 25 25 25 25 25 26 26 26 26 26 26 26 26 26 26 26 26 27 27 27 27 27 27 27 27 27 27 27 27 27 27 27 27 27 27 27 27 27 28 28 28 28 28 28 28 28 28 28 28 28 28 28 28 28 28 28 28 28 28 28 29 29 29 29 29 28 29 29 29 29 29 29 29 29 29 29 29 29 29 30 30 30 30 30 30 29 29 29 29 30 29 30 30 30 30 29 30 30 29 29 30 30 29 30 30 30 30 30 30 30 30 30 30 30 30 30 30 30 30 32 32 32 32 32 32 32 32 32 32 32 33 33 33 33 33 32 32 32 33 33 33 33 33 33 33 33 33 33 33 33 33 33 33 33 33 33 33 33 33 33 33 33 33 33 33 33 33 33 33 33 33 33 33 33 33 33 33 33 33 33 33 33 33 33 33 33 33 33 33 33 33 33 33 33 33 33 33 33 33 33 33 33 33 32 32 32 32 32 32 32 32 32 32 32 32 32 32 32 32 30 30 31 31 32 32 32 32 32 32 31 31 31 31 31 31 31 31 32 32 31 31 31 31 31 31 31 31 31 31 31 31 31 31 31 31 31 30 30 30 29 29 30 29 28 28 29 29 29 29 29 30 30 30 30 30 30 30 29 30 30 30 29 29 29 29 29 29 29 29 29 28 28 28 28 28 28 28 28 28 28 28 27 27 27 27 27 27 27 27 27 27 27 27 27 27 27 27 27 27 27 27 27 27 27 27 27 27 20 20 20 21 21 21 21 21 21 21 21 21 21 21 21 21 21 21 21 21 21 21 21 22 22 22 22 22 22 22 22 22 22 22 23 23 23 23 23 23 23 23 23 23 23 23 23 23 23 23 24 24 24 24 24 24 24 24 24 24 24 24 24 24 24 24 25 25 25 25 25 25 25 25 25 25 25 25 25 25 25 25 25 26 26 26 26 26 26 26 26 26 26 26 26 27 27 27 27 27 27 27 27 27 27 27 27 27 27 27 27 27 27 27 27 27 28 28 28 28 28 28 28 28 28 28 28 28 28 28 28 28 28 28 28 28 28 29 29 28 28 29 28 29 29 29 29 29 29 29 29 29 29 29 29 29 29 30 30 30 30 30 30 29 29 29 29 29 29 29 30 30 30 30 30 30 30 29 30 30 30 30 30 30 30 30 30 30 30 30 30 30 30 30 30 30 31 32 32 32 32 32 32 32 33 32 32 32 33 33 33 33 33 32 33 32 33 33 33 33 33 33 33 33 33 33 33 33 33 33 33 33 33 33 33 33 33 33 33 33 33 33 33 33 33 33 33 33 33 33 33 33 33 33 33 33 33 33 33 33 33 33 33 33 33 33 33 33 33 33 33 33 33 33 33 33 33 33 33 33 33 33 32 32 32 32 32 32 32 32 32 32 32 32 32 32 32 30 30 31 31 31 32 32 31 31 31 31 31 31 31 31 31 31 31 32 31 31 31 31 31 31 31 31 31 31 31 32 31 31 31 31 32 31 31 30 30 29 29 29 29 29 28 29 29 29 29 29 30 30 30 30 30 30 30 30 29 29 30 29 29 29 29 29 29 29 29 29 29 28 28 28 28 28 28 28 28 28 28 28 27 27 27 27 27 27 27 27 27 27 27 27 27 27 27 27 27 27 26 20 20 20 20 20 20 20 20 21 21 21 21 21 21 21 21 21 21 21 21 21 21 21 21 21 22 22 22 22 22 22 22 22 22 22 22 23 23 23 23 23 23 23 23 23 23 23 23 23 23 23 23 24 24 24 24 24 24 24 24 24 24 24 24 24 24 24 24 25 25 25 25 25 25 25 25 25 25 25 25 25 25 25 26 26 26 26 26 26 26 26 26 26 26 26 26 26 27 27 27 27 27 27 27 27 27 27 27 27 27 27 27 27 27 27 27 27 28 28 28 28 28 28 28 28 28 28 28 28 28 28 28 28 28 28 28 28 28 28 28 29 29 28 28 28 29 29 29 29 29 29 29 29 29 29 29 29 29 29 30 30 30 30 30 30 29 29 29 29 29 29 29 29 30 30 30 30 30 30 30 30 30 30 30 30 30 30 30 30 30 30 30 30 30 30 30 30 31 31 32 32 32 32 32 32 32 32 32 33 33 33 33 33 33 32 32 33 33 33 33 33 33 33 33 33 33 33 33 33 33 33 33 33 33 33 33 33 33 33 33 33 33 33 33 33 33 33 33 33 33 33 33 33 33 33 33 33 33 33 33 33 33 33 33 33 33 33 33 33 33 33 33 33 33 33 33 33 33 33 33 33 33 33 33 32 32 32 32 32 32 32 32 32 32 32 32 32 32 32 31 31 31 31 31 31 31 31 31 31 31 31 31 31 31 31 31 31 32 31 31 31 31 31 31 31 31 31 31 31 31 31 32 31 31 31 31 31 31 30 30 30 29 29 29 29 28 29 29 29 30 30 30 30 30 30 30 30 30 30 30 29 29 30 29 29 29 29 29 29 29 29 29 29 28 28 28 28 28 28 28 28 28 28 27 27 27 27 27 27 27 27 27 27 27 27 27 27 27 27 27 20 20 20 20 20 20 20 20 21 21 21 21 21 21 21 21 21 21 21 21 21 21 21 21 22 22 22 22 22 22 22 22 22 22 22 22 23 23 23 23 23 23 23 23 23 23 24 23 23 23 23 23 24 24 24 24 24 24 24 24 24 24 24 24 24 24 24 25 25 25 25 25 25 25 25 25 25 25 25 25 25 26 26 26 26 26 26 26 26 26 26 26 26 26 26 26 26 27 27 27 27 27 27 27 27 27 27 27 27 27 27 27 27 27 27 27 27 27 28 28 28 28 28 28 28 28 28 28 28 28 28 28 28 28 28 28 28 28 28 28 28 28 28 28 29 29 29 29 29 29 29 29 29 29 29 29 29 29 29 29 30 29 30 30 30 29 29 29 29 29 29 29 29 29 30 29 29 30 30 30 30 30 30 30 30 30 30 30 30 30 30 30 30 30 30 30 30 30 30 32 32 32 32 32 32 32 32 32 32 32 33 33 33 33 32 33 33 33 33 33 33 33 33 33 33 33 33 33 33 33 33 33 33 33 33 33 33 33 33 33 33 33 33 33 33 33 33 33 33 33 33 33 33 33 33 33 33 33 33 33 33 33 33 33 33 33 33 33 33 33 33 33 33 33 33 33 33 33 33 33 33 33 33 33 33 33 32 32 32 32 32 32 32 32 32 32 32 32 31 30 30 31 32 31 31 31 31 31 31 31 31 31 31 31 31 31 32 32 31 31 31 31 31 31 31 31 31 31 31 31 31 31 31 31 30 30 30 31 31 30 30 30 30 30 30 30 29 29 29 29 30 30 30 30 30 30 30 30 30 30 30 30 29 29 29 29 29 29 29 29 29 29 29 29 29 28 28 28 28 28 28 28 28 28 27 28 27 27 27 27 27 27 27 27 27 27 27 27 19 19 19 19 19 19 19 20 20 20 20 20 20 20 21 21 21 21 21 21 21 21 21 21 21 21 21 21 21 21 22 22 22 22 22 22 22 22 22 22 22 22 23 23 23 23 23 23 23 23 23 23 24 24 24 23 23 24 24 24 24 24 24 24 24 24 24 24 24 24 24 25 24 24 25 25 25 25 25 25 25 25 25 25 25 25 25 25 25 26 26 26 26 26 26 26 26 26 26 26 26 26 26 27 27 27 27 27 27 27 27 27 27 27 27 27 27 27 27 27 27 27 27 27 27 28 28 28 28 28 28 28 28 28 28 28 28 28 28 28 28 28 28 28 28 28 28 28 28 28 28 28 29 29 29 29 29 29 29 29 29 29 29 29 29 30 30 30 30 30 29 29 29 29 29 29 29 29 29 29 29 29 29 30 29 29 30 30 30 30 30 30 30 30 30 30 30 30 30 30 30 30 30 30 30 32 32 32 32 32 32 32 32 32 32 32 32 32 32 32 32 32 32 33 33 33 33 33 33 33 33 33 33 33 33 33 33 33 33 33 33 33 33 33 33 33 33 33 33 33 33 33 33 33 33 33 33 33 33 33 33 33 33 33 33 33 33 33 33 33 33 33 33 33 33 33 33 33 33 33 33 33 33 33 33 33 33 33 33 33 33 33 33 33 33 32 32 32 32 32 32 32 32 31 31 30 31 31 31 31 31 31 31 31 31 32 31 31 31 31 31 31 31 31 31 31 31 31 31 31 32 31 31 31 31 31 31 31 31 31 30 30 30 30 30 30 30 30 30 30 30 30 29 29 28 29 29 29 29 30 30 30 30 30 30 30 30 30 30 30 29 29 29 29 29 29 29 29 29 29 29 29 29 28 28 28 28 28 28 28 28 28 28 28 28 28 27 27 27 27 19 19 19 19 19 19 20 20 20 20 20 20 20 20 20 21 21 21 21 21 21 21 21 21 21 21 21 21 21 21 21 22 22 22 22 22 22 22 22 22 22 22 23 23 23 23 23 23 23 23 23 23 23 24 24 23 23 23 24 24 24 24 24 24 24 24 24 24 24 24 24 25 25 25 25 25 25 25 25 25 25 25 25 25 25 25 25 25 25 26 26 26 26 26 26 26 26 26 26 26 26 26 26 26 27 27 27 27 27 27 27 27 27 27 27 27 27 27 27 27 27 27 27 27 27 28 28 28 28 28 28 28 28 28 28 28 28 28 28 28 28 28 28 28 28 28 28 28 28 28 28 29 29 29 29 29 29 29 29 29 29 29 29 29 29 29 29 29 29 30 29 29 29 29 29 29 29 29 29 29 29 29 29 29 29 29 30 30 30 30 30 30 30 30 30 30 30 30 30 30 30 30 30 31 30 32 32 32 32 32 32 32 32 33 33 33 32 32 32 32 32 32 33 33 33 33 33 33 33 33 33 33 33 33 33 33 33 33 33 33 33 33 33 33 33 33 33 33 33 33 33 33 33 33 33 33 33 33 33 33 33 33 33 33 33 33 33 33 33 33 33 33 33 33 33 33 33 33 33 33 33 33 33 33 33 33 33 33 33 33 33 33 33 33 33 32 32 32 32 32 32 32 32 32 32 32 31 31 31 31 31 31 31 31 31 32 31 31 31 31 31 31 32 31 31 31 31 31 31 31 31 31 31 32 32 31 31 32 31 31 30 30 30 30 30 30 30 30 30 30 30 29 29 29 28 29 29 29 29 29 30 30 30 30 30 30 30 30 30 30 30 29 29 29 29 29 29 29 29 29 29 29 29 29 28 28 28 28 28 28 28 28 28 28 28 28 28 19 19 19 19 19 19 19 19 19 20 20 20 20 20 20 20 21 21 21 21 21 21 21 21 21 21 21 21 21 21 21 21 21 22 22 22 22 22 22 22 22 22 23 22 22 23 23 23 23 23 23 23 23 23 23 23 23 23 23 24 24 24 24 24 24 24 24 24 24 24 24 24 24 25 25 25 25 25 25 25 25 25 25 25 25 25 25 25 25 25 25 26 26 26 26 26 26 26 26 26 26 26 26 26 26 27 27 27 27 27 27 27 27 27 27 27 27 27 27 27 27 27 27 27 28 28 28 28 28 28 28 28 28 28 28 28 28 28 28 28 28 28 28 28 28 28 28 28 28 28 29 29 29 29 29 29 29 29 29 29 29 29 29 29 29 29 29 29 29 29 29 30 30 29 29 29 29 29 29 29 29 29 29 29 29 30 29 29 30 30 30 30 30 30 30 30 30 30 30 30 30 31 31 30 30 32 32 32 32 32 32 33 33 33 33 33 33 33 33 32 32 33 33 33 33 33 33 33 33 33 33 33 33 33 33 33 33 33 33 33 33 33 33 33 33 33 33 33 33 33 33 33 33 33 33 33 33 33 33 33 33 33 33 33 33 33 33 33 33 33 33 33 33 33 33 33 33 33 33 33 33 33 33 33 33 33 33 33 33 33 33 33 33 33 33 33 33 33 32 32 32 32 32 33 33 32 31 31 31 31 31 31 31 31 31 32 31 31 31 31 31 32 31 31 31 31 32 32 32 32 31 32 31 31 32 32 31 31 31 30 30 31 31 31 30 30 31 31 30 30 30 29 29 29 28 29 29 30 30 30 30 30 30 30 30 30 30 30 30 30 30 29 29 29 29 29 29 28 28 29 29 29 29 28 28 28 28 28 28 28 28 28 28 28 28 28 28 19 19 19 20 20 20 20 19 19 20 20 20 20 20 20 20 21 21 21 21 21 21 21 21 21 21 21 21 21 21 22 22 22 21 21 22 22 22 22 22 22 22 22 22 23 22 23 23 23 23 23 23 23 23 23 23 23 23 23 23 23 24 24 24 24 24 24 24 24 24 24 24 24 24 25 25 25 25 25 25 25 25 25 25 25 25 25 25 25 25 25 25 25 26 26 26 26 26 26 26 26 26 26 26 27 27 27 27 27 27 27 27 27 27 27 27 27 27 27 27 27 27 27 27 28 28 28 28 28 28 28 28 28 28 28 28 28 28 28 28 28 28 28 28 28 28 28 29 29 29 29 29 29 29 29 29 29 29 29 29 29 29 29 29 29 29 29 29 29 29 29 29 29 29 29 29 29 29 29 29 29 29 29 29 29 30 29 29 29 30 30 30 30 30 30 30 31 30 30 30 30 31 31 31 31 32 32 32 32 32 33 33 33 33 33 33 33 33 33 33 33 33 33 33 33 33 33 33 33 33 33 33 33 33 33 33 33 33 33 33 33 33 33 33 33 33 33 33 33 33 33 33 33 33 33 33 33 33 33 33 33 33 33 33 33 33 33 33 33 33 33 33 33 33 33 33 33 33 33 33 33 33 33 33 33 33 33 33 33 33 33 33 33 33 33 33 33 33 32 32 32 32 33 33 33 31 31 31 31 31 31 31 31 31 32 32 31 31 31 31 31 31 31 31 31 31 32 31 32 32 32 32 31 31 32 32 32 31 31 30 31 31 31 30 30 30 31 30 30 30 30 30 29 29 29 29 28 28 29 29 29 30 30 30 30 30 30 30 30 30 30 30 30 30 29 29 29 29 29 29 29 29 28 29 29 29 28 28 28 28 28 29 29 28 28 28 28 28 28 27 19 19 19 20 20 21 20 20 20 20 20 20 20 20 20 21 21 21 21 21 21 21 21 21 21 21 21 21 21 22 22 22 22 22 22 22 22 22 22 22 22 22 22 22 23 23 23 23 23 23 23 23 23 23 23 23 23 23 23 23 24 24 24 24 24 24 24 24 24 24 24 24 24 24 24 24 25 25 25 25 25 25 25 25 25 25 25 25 25 25 25 25 25 26 26 26 26 26 26 26 26 26 26 27 27 27 27 27 27 27 27 27 27 27 27 27 27 27 27 27 27 27 28 28 28 28 28 28 28 28 28 28 28 28 28 28 28 28 28 28 28 28 28 28 28 29 29 28 29 29 29 29 29 29 29 29 29 29 29 29 29 29 29 29 29 29 29 29 29 30 29 29 29 29 29 29 29 29 29 29 29 29 29 30 29 29 29 30 30 30 30 30 30 30 30 30 30 30 30 30 30 31 31 31 33 32 32 32 33 33 33 33 33 33 33 33 33 33 33 33 33 33 33 33 33 33 33 33 33 33 33 33 33 33 33 33 33 33 33 33 33 33 33 33 33 33 33 33 33 33 33 33 33 33 33 33 33 33 33 33 33 33 33 33 33 33 33 33 33 33 33 33 33 33 34 33 33 33 33 33 33 33 33 33 33 33 33 33 33 33 33 33 33 33 33 33 33 32 32 32 32 32 32 33 31 31 31 31 31 32 31 31 31 32 31 31 31 31 31 31 31 31 31 31 31 31 31 32 31 32 32 31 31 31 31 32 31 31 31 31 31 31 31 30 30 30 30 31 31 31 30 30 30 29 29 29 29 28 28 29 29 29 29 30 30 30 30 30 30 30 30 30 30 30 30 30 30 30 30 30 29 29 29 29 28 28 28 28 28 28 28 28 29 29 29 28 28 28 28 28 27 19 19 19 19 19 20 21 21 20 20 20 20 20 20 21 21 21 21 21 21 21 21 21 21 21 21 21 21 21 22 22 22 22 22 22 22 22 22 22 22 22 22 22 23 23 23 23 23 23 23 23 24 23 23 23 23 23 23 23 23 24 24 24 24 24 24 24 24 24 24 24 24 24 24 24 24 24 24 25 25 25 25 25 25 25 25 25 25 25 25 26 26 26 26 26 26 26 26 26 26 26 26 26 26 26 27 27 27 27 27 27 27 27 27 27 27 27 27 27 27 27 28 28 28 28 28 28 28 28 28 28 28 28 28 28 28 28 28 28 28 28 28 28 28 28 28 28 28 28 29 29 29 29 29 29 29 29 29 29 29 29 29 29 29 30 30 30 29 29 29 29 29 30 30 29 29 29 29 29 29 29 29 29 29 29 30 30 30 30 30 30 30 30 30 30 30 30 30 30 30 30 30 30 31 32 32 33 33 32 32 33 33 33 33 33 33 33 33 33 33 33 33 33 33 33 33 33 33 33 33 33 33 33 33 33 33 33 33 33 33 33 33 33 33 33 33 33 33 33 33 33 33 33 33 33 33 33 33 33 33 33 33 33 33 33 33 33 33 33 33 33 33 33 33 33 33 33 33 33 33 33 33 33 33 33 33 33 33 33 33 33 33 33 34 33 33 32 32 33 32 33 33 32 32 31 31 31 31 31 32 31 31 32 31 31 31 31 31 31 31 31 31 31 31 31 31 31 31 31 31 31 31 31 32 32 32 32 31 31 31 32 32 31 30 30 31 30 30 30 31 30 30 30 30 29 29 29 29 29 28 29 29 30 30 30 30 30 31 31 31 31 30 30 30 30 30 30 30 30 30 30 30 29 29 29 29 29 29 29 28 28 28 28 29 28 28 28 28 28 27 19 19 19 19 20 20 20 21 21 20 20 20 21 21 21 21 21 21 21 21 21 21 21 22 21 21 21 21 21 22 22 22 22 22 22 22 22 22 22 22 22 23 22 23 23 23 23 23 23 23 23 24 24 23 23 23 23 23 23 23 24 24 24 24 24 24 24 24 24 24 24 24 24 24 24 24 24 24 24 25 25 25 25 25 25 25 25 25 26 26 26 26 26 26 26 26 26 26 26 26 26 26 26 26 27 27 27 27 27 27 27 27 27 27 27 27 27 27 27 27 27 27 28 28 28 28 28 28 28 28 28 28 28 28 28 28 28 28 28 28 28 28 28 28 28 28 29 29 29 29 29 29 29 29 29 29 29 29 29 29 29 29 30 29 30 29 29 29 29 29 30 30 30 29 29 29 29 29 29 29 30 29 29 30 30 30 30 30 30 30 30 30 30 30 30 30 30 30 30 30 30 30 30 32 33 33 33 33 33 33 33 33 33 33 33 33 33 33 33 33 33 33 33 33 33 33 33 33 33 33 33 33 33 33 33 33 33 33 33 33 33 33 33 33 33 33 33 33 33 33 33 33 33 33 33 33 33 33 33 33 33 33 33 33 33 33 33 33 33 34 33 33 33 33 34 33 33 33 33 33 33 33 33 33 33 33 34 34 33 33 34 34 34 33 33 33 33 33 33 33 33 33 32 31 31 31 31 31 31 31 32 31 31 31 31 31 31 31 31 31 32 32 31 31 31 32 31 32 31 31 31 31 31 32 32 32 32 32 32 32 32 32 31 31 31 31 30 30 30 30 30 30 30 30 29 29 29 29 29 29 29 29 29 29 29 29 29 29 30 30 30 30 30 30 30 30 31 30 30 30 30 30 30 30 30 30 30 30 30 29 29 29 29 29 28 28 28 28 19 19 19 19 19 19 20 20 21 20 20 20 21 21 21 21 20 20 21 21 21 21 22 22 22 22 22 22 21 22 22 22 22 22 22 22 22 22 22 22 22 23 23 23 23 23 23 23 23 23 23 23 24 23 23 23 23 23 23 23 24 24 24 24 24 24 24 24 24 24 24 24 24 24 24 24 24 24 24 24 25 25 25 25 25 25 25 26 26 26 26 26 26 26 26 26 26 26 26 26 26 26 27 27 27 27 27 27 27 27 27 27 27 27 27 27 27 27 27 27 27 27 27 27 27 28 28 28 28 28 28 27 28 28 28 28 28 28 28 28 28 28 28 28 28 28 28 29 29 29 29 29 29 29 29 29 29 29 29 29 29 29 29 29 29 29 29 29 29 30 30 30 29 30 30 29 29 29 29 29 29 29 29 29 30 30 30 30 30 30 30 30 30 30 30 30 30 30 30 30 30 30 30 32 33 33 33 33 33 33 33 33 33 33 33 33 33 33 33 33 33 33 33 33 33 33 33 33 33 33 33 33 33 33 33 33 33 33 33 33 33 33 33 33 33 33 33 33 33 33 33 33 33 33 33 33 33 33 33 33 33 33 33 33 33 33 33 34 34 34 34 33 34 33 34 34 33 33 33 33 33 33 33 33 33 33 33 33 34 34 34 34 33 33 33 33 33 33 33 33 33 33 32 31 31 31 31 31 31 32 31 31 31 31 31 31 31 31 31 31 31 32 31 30 31 31 31 31 32 31 31 32 32 32 32 32 31 32 31 32 32 32 32 31 31 31 31 30 30 30 30 30 30 29 29 29 29 29 29 29 29 29 29 29 29 29 29 29 30 30 30 30 30 30 30 30 30 30 30 30 30 30 30 30 30 30 30 30 30 29 29 29 29 29 28 28 28 28 19 19 19 19 19 19 19 20 20 20 20 20 20 21 21 21 21 21 21 21 21 21 22 22 22 22 22 22 22 22 22 22 22 22 22 22 22 22 22 22 22 22 22 23 23 23 23 23 23 23 23 23 23 23 23 23 23 23 23 23 23 24 24 24 24 24 24 24 24 24 24 24 24 24 24 24 24 24 24 24 24 25 25 25 25 25 25 25 26 26 26 26 26 26 26 26 26 26 26 26 26 26 26 27 27 27 27 27 27 27 27 27 27 27 27 27 27 27 27 27 27 27 27 27 28 28 28 28 28 28 28 27 28 28 28 28 28 28 28 28 28 28 28 28 28 28 28 28 29 29 29 29 29 29 29 29 29 29 29 29 29 29 29 29 29 29 29 29 29 29 30 29 29 30 29 29 29 29 29 30 30 30 29 29 30 30 30 30 30 30 30 30 30 30 30 30 30 30 30 30 30 30 30 32 33 33 33 33 33 33 33 33 33 33 33 33 33 33 33 33 33 33 33 33 33 33 33 33 33 33 33 33 33 33 33 33 33 33 33 33 33 33 33 33 33 33 33 33 33 33 33 33 33 34 33 33 33 33 33 33 33 33 33 33 33 33 33 33 34 34 34 34 33 34 34 34 34 33 33 33 33 33 33 33 33 33 33 33 33 33 33 34 33 33 33 33 33 33 33 33 33 33 33 31 31 31 31 31 31 31 31 31 31 31 31 31 32 32 31 32 32 32 32 31 30 30 31 31 32 32 32 32 32 32 32 32 31 31 31 32 32 32 32 32 32 32 31 31 30 30 30 30 30 30 30 29 30 29 29 29 29 29 29 29 29 30 30 30 30 30 30 30 30 30 30 30 30 30 30 30 30 30 30 30 30 30 30 29 30 30 29 29 29 29 29 29 28 28 29 19 19 19 19 19 19 19 19 20 20 20 20 20 20 21 21 21 21 21 21 21 21 22 22 22 22 22 22 22 22 22 22 22 22 22 22 22 22 22 22 22 22 22 22 23 23 23 23 23 23 23 23 23 23 23 24 23 23 23 23 23 23 24 24 24 24 24 24 24 24 24 24 25 25 24 24 25 25 24 25 25 25 25 25 25 26 26 26 26 26 26 26 26 26 26 26 26 26 26 26 26 26 27 27 27 27 27 27 26 27 27 27 27 27 27 27 27 27 27 27 27 27 27 27 28 28 28 28 28 28 28 28 28 28 28 28 28 28 28 28 28 28 28 28 28 28 28 28 28 29 29 29 29 29 29 29 29 29 29 29 29 29 29 29 29 29 29 29 29 30 30 29 29 29 29 29 29 29 30 30 30 30 30 30 30 30 30 30 30 30 30 30 30 30 30 30 30 30 30 30 30 30 30 32 32 33 33 33 33 33 33 33 33 33 33 33 33 33 33 33 33 33 33 33 33 33 33 33 33 33 33 33 33 33 33 33 33 33 33 33 33 33 33 33 33 33 33 33 33 33 33 33 34 34 34 34 34 33 33 33 33 33 33 33 33 33 33 33 33 34 34 34 34 34 34 34 34 34 33 33 33 33 33 33 33 33 33 33 33 33 33 33 34 33 33 33 33 33 33 33 33 33 33 31 31 31 31 31 31 31 31 31 31 32 31 31 31 31 32 32 32 32 32 31 30 30 31 31 31 32 32 32 32 32 32 32 31 31 32 32 32 32 31 31 31 32 31 30 30 30 30 30 30 30 30 30 29 29 29 29 29 30 29 29 29 29 29 30 30 30 30 30 30 30 30 30 30 30 30 30 30 30 30 30 30 30 29 29 30 30 29 29 29 29 29 28 28 28 28 19 19 19 19 19 19 19 20 20 20 20 21 21 21 21 21 21 21 21 21 21 21 22 22 22 22 22 22 22 22 22 22 22 22 22 22 22 22 22 22 22 23 23 23 23 23 23 23 23 23 23 23 23 23 23 24 23 23 23 23 23 24 24 24 24 24 24 24 25 25 25 25 25 25 25 25 25 25 25 25 25 25 25 26 26 26 26 26 26 26 26 26 26 26 26 26 26 26 26 26 26 26 26 26 27 26 26 27 27 27 27 27 27 27 27 27 27 27 27 27 27 27 28 28 28 28 28 28 28 28 28 28 28 28 28 28 28 28 28 28 28 28 28 28 28 28 28 28 28 29 29 29 29 29 29 29 29 29 29 29 29 29 29 29 29 29 29 29 29 29 29 29 29 29 29 29 29 30 30 30 30 30 30 30 30 30 30 30 30 30 30 30 30 30 30 30 30 30 30 30 30 30 32 32 32 33 33 33 33 33 33 33 33 33 33 33 33 33 33 33 33 33 33 33 33 33 33 33 33 33 33 33 33 33 33 33 33 33 33 33 33 33 33 33 33 33 33 33 33 33 33 33 33 33 33 34 33 33 33 33 33 33 33 33 33 33 33 33 33 34 34 34 34 34 34 34 33 33 33 33 33 33 33 33 33 33 33 33 33 33 33 33 34 34 34 33 33 33 33 33 33 33 31 32 31 31 31 31 31 31 31 31 32 31 31 31 31 31 31 31 32 32 31 30 30 31 31 31 31 31 32 32 32 32 31 31 31 32 32 32 31 31 31 31 32 31 31 31 30 30 30 30 30 30 30 30 30 30 29 30 30 29 29 29 30 30 30 30 30 31 30 30 30 30 30 30 30 30 30 30 30 30 30 30 30 29 29 29 29 29 29 29 29 29 29 28 28 28 28 19 19 19 19 19 20 20 20 20 20 20 20 21 21 21 22 22 22 21 21 21 21 22 22 22 22 22 22 22 22 22 22 22 22 22 22 22 22 22 22 23 23 23 23 23 23 23 23 23 23 23 23 23 23 24 23 23 23 23 23 23 24 24 24 24 24 24 25 25 25 25 25 25 25 25 25 25 25 25 25 25 25 25 25 26 26 26 26 26 26 26 26 26 26 26 26 26 26 26 26 26 26 26 26 26 26 27 27 27 27 27 27 27 27 27 27 27 27 27 27 27 28 28 28 28 28 28 28 28 28 28 28 28 28 28 28 28 28 28 28 28 28 28 28 28 28 29 29 28 28 28 29 29 29 29 29 29 29 29 29 29 29 29 29 29 29 29 29 29 29 29 29 29 29 29 30 30 30 30 30 30 30 30 30 30 30 30 30 30 30 30 30 30 30 30 30 30 30 31 30 30 30 32 32 32 33 33 33 33 33 33 33 33 33 33 33 33 33 33 33 33 33 33 33 33 33 33 33 33 33 33 33 33 33 33 33 33 33 33 33 33 33 34 34 33 33 33 33 33 33 33 34 34 33 33 33 33 33 33 33 33 33 33 33 33 33 33 33 33 33 34 34 34 34 34 34 33 33 33 33 33 33 33 33 33 33 33 33 33 33 34 34 34 34 34 34 33 33 33 33 33 33 32 32 32 32 31 32 31 31 31 31 32 32 31 31 31 32 31 31 31 32 32 31 30 30 31 31 31 31 31 32 31 31 31 31 32 32 32 31 31 31 31 31 32 32 31 31 31 30 30 31 30 30 30 30 30 30 30 29 29 29 29 29 30 30 30 30 30 31 31 31 30 30 30 30 30 30 30 30 30 30 30 30 30 30 29 29 29 29 29 29 29 29 29 29 28 28 28 28 19 19 19 19 20 20 20 20 20 20 20 20 20 21 21 21 21 21 22 21 21 21 22 22 22 21 22 22 22 22 22 22 22 22 22 22 22 22 22 22 23 23 23 23 23 23 23 23 23 23 23 24 23 23 23 23 23 23 23 23 23 23 24 24 24 24 25 25 25 25 25 25 25 25 25 25 25 25 25 25 25 25 25 25 25 26 25 26 26 26 26 26 26 26 26 26 26 26 26 26 26 26 26 26 27 27 27 27 27 27 27 27 27 27 27 27 27 27 27 27 27 28 28 28 28 28 28 28 28 28 28 28 28 28 28 28 28 28 28 28 28 28 28 28 28 29 29 29 28 28 28 29 29 29 29 29 29 29 29 29 29 29 29 29 29 29 29 29 29 29 29 29 29 30 29 30 30 30 30 30 30 30 30 30 30 30 30 30 30 30 30 30 30 30 30 30 30 30 31 31 30 30 32 32 32 33 33 33 33 33 33 33 33 33 33 33 33 33 33 33 33 33 33 33 33 33 33 33 33 33 33 33 33 33 33 33 33 33 33 33 34 34 34 34 33 33 33 33 33 33 34 34 33 33 33 33 33 33 33 33 33 33 33 33 33 33 33 33 33 34 33 33 34 34 34 34 34 33 33 33 33 33 33 33 33 33 33 33 33 34 33 33 33 34 34 34 33 33 33 33 34 34 32 32 32 31 31 32 31 31 31 32 32 32 31 31 31 32 32 31 31 31 32 31 30 30 31 31 31 31 32 32 31 31 31 31 31 32 32 31 31 31 31 31 32 32 32 31 31 31 31 31 31 31 31 30 30 30 30 30 30 29 29 29 30 30 30 30 30 31 31 30 30 30 30 30 30 30 30 30 30 30 30 30 30 30 29 29 29 29 29 29 29 29 29 29 28 29 29 29 28 19 19 19 20 20 20 19 20 20 20 20 20 20 20 20 21 21 21 21 21 21 21 21 22 22 22 22 22 22 22 22 22 22 22 22 22 22 22 22 22 22 23 23 23 23 23 23 23 23 23 23 23 23 23 23 23 23 23 24 23 23 23 23 24 24 24 24 24 24 24 25 25 25 25 25 25 25 25 25 25 25 25 25 25 25 25 25 25 25 25 25 26 26 26 26 26 26 26 26 26 26 26 26 26 27 27 27 27 27 27 27 27 27 27 27 27 27 27 27 27 27 28 28 28 28 28 28 28 28 28 28 28 28 28 28 28 28 28 28 28 28 28 28 28 28 28 28 28 28 28 28 28 28 29 29 29 29 29 29 29 29 29 29 29 29 29 29 29 29 29 29 29 29 29 30 30 30 30 30 30 30 30 30 30 30 30 30 30 30 30 30 30 30 30 30 30 30 30 30 30 31 31 30 32 32 32 33 33 33 33 33 33 33 33 33 33 33 33 33 33 33 33 33 33 33 33 33 33 33 33 33 33 33 33 33 33 33 33 33 34 34 34 34 34 34 34 33 33 33 33 33 33 33 33 33 33 33 33 33 33 33 33 33 33 33 33 33 33 33 33 34 33 34 33 34 34 34 34 34 33 33 33 33 33 34 34 34 33 34 34 33 33 34 34 34 34 34 33 34 33 33 34 34 32 32 32 32 31 32 31 31 31 31 32 32 32 31 31 31 32 32 31 31 31 31 30 30 31 31 31 31 31 31 31 30 31 32 31 31 31 31 31 31 31 32 32 32 32 31 31 31 31 31 31 30 30 30 31 30 30 30 30 29 29 30 30 30 30 30 30 30 31 31 30 30 30 30 30 30 30 30 29 29 29 30 29 29 29 29 29 29 29 29 29 29 29 29 28 29 29 29 29 28 18 18 18 18 19 19 19 19 20 19 19 20 20 20 20 21 21 21 21 21 22 22 21 21 22 22 22 22 22 22 22 22 22 22 22 22 22 22 22 22 22 22 22 22 23 23 23 23 23 23 23 23 23 23 23 23 23 23 23 23 24 24 24 24 24 24 24 24 24 24 24 25 25 25 25 25 25 25 25 25 25 25 25 25 25 25 25 25 25 25 25 25 25 26 26 26 26 26 26 26 26 26 26 26 26 26 27 27 27 27 27 27 27 27 27 27 27 27 27 27 27 27 27 28 28 28 28 28 28 28 28 28 28 28 28 28 28 28 28 28 28 28 28 28 28 28 28 28 28 28 28 28 28 28 29 29 29 29 29 29 29 29 29 29 29 29 29 29 29 29 29 29 29 29 29 29 29 30 30 30 30 30 30 30 30 30 30 30 30 30 30 30 30 30 30 30 30 30 30 30 30 30 30 30 30 32 32 32 32 33 33 33 33 33 33 33 33 33 33 33 33 33 33 33 33 33 33 33 33 33 33 33 33 33 33 33 33 33 33 34 34 34 34 34 34 34 34 34 33 33 33 33 33 33 33 33 33 33 33 33 33 33 33 34 33 33 33 33 33 33 33 33 33 33 34 33 33 34 34 34 34 33 33 33 34 34 34 34 34 34 33 33 34 34 33 34 34 34 34 34 33 33 33 33 33 32 32 32 31 31 32 31 31 31 31 31 32 32 32 31 31 31 32 32 32 32 32 31 31 31 31 31 31 31 31 31 31 31 32 31 31 31 31 31 31 31 31 32 31 32 31 31 31 31 31 31 30 30 30 30 30 30 30 30 30 29 30 30 30 30 30 31 31 31 31 31 31 31 30 30 30 30 30 30 30 30 30 30 29 29 29 29 29 29 29 29 29 29 29 29 29 29 29 29 29 18 18 18 18 18 18 19 19 19 19 20 20 20 20 20 20 20 20 21 21 22 21 22 22 21 21 21 21 22 22 22 22 22 22 22 22 22 22 22 22 22 22 22 22 22 22 23 23 23 23 23 23 23 23 23 23 23 23 23 23 23 23 24 24 24 24 24 24 24 24 24 25 25 25 25 25 25 25 25 25 25 25 25 25 25 25 25 25 25 25 25 25 25 25 26 26 26 26 26 26 26 26 26 26 26 26 26 26 26 27 27 27 27 27 27 27 27 27 27 27 27 27 27 28 28 28 28 28 28 28 28 28 28 28 28 28 28 28 28 28 28 28 28 28 28 28 28 28 28 28 28 28 28 28 28 28 29 29 29 29 29 29 29 29 29 29 29 29 29 29 29 29 29 29 29 29 29 29 30 30 30 30 30 30 30 30 30 30 30 30 30 30 30 30 30 30 30 30 30 30 30 30 30 30 30 30 30 32 32 32 32 33 33 33 33 33 33 33 33 33 33 33 33 33 33 33 33 33 33 33 33 33 33 33 33 33 33 33 33 34 34 34 34 34 34 34 34 34 34 34 34 33 33 33 34 33 33 33 33 34 33 33 33 34 34 34 34 33 33 33 33 33 33 33 33 33 33 33 33 34 33 34 34 33 33 33 34 34 34 33 33 33 33 33 33 34 34 34 34 34 34 34 33 34 33 33 33 32 32 32 31 32 31 31 31 31 31 31 31 32 32 31 32 31 31 32 32 32 32 31 31 31 31 31 31 31 31 32 32 32 31 31 31 31 31 31 31 31 31 32 32 31 31 31 31 31 31 31 30 30 30 30 30 30 30 30 29 29 29 30 30 30 30 30 31 31 31 31 31 30 30 30 30 30 30 30 30 30 30 30 30 29 29 30 29 29 29 29 29 29 29 29 29 29 29 29 29 18 19 19 19 19 19 19 19 19 19 19 19 20 20 20 20 21 21 21 21 21 21 21 21 21 22 22 21 21 21 22 22 22 22 22 22 22 22 21 22 22 22 22 22 22 22 23 23 23 23 23 23 23 23 23 23 23 23 23 23 23 23 24 24 24 24 24 24 24 24 24 25 25 25 25 25 25 25 25 25 25 25 25 25 25 25 25 25 25 25 25 25 25 25 26 26 26 26 26 26 26 26 26 26 26 26 26 26 26 26 27 27 27 27 27 27 27 27 27 27 27 27 28 28 28 28 28 28 28 28 28 28 28 28 28 28 28 28 28 28 28 28 28 28 28 28 28 28 28 28 28 28 28 28 28 28 28 29 29 29 29 29 29 29 29 29 29 29 29 29 29 29 29 29 29 30 30 30 30 30 30 30 30 30 30 30 30 30 30 30 30 30 30 30 30 30 30 30 30 30 30 30 30 30 30 30 30 32 32 33 32 33 33 33 33 33 33 33 33 33 33 33 33 33 33 33 33 33 33 33 33 33 33 33 33 33 33 33 33 33 34 34 34 34 34 34 34 34 34 34 34 33 33 33 34 33 33 34 34 33 33 33 33 34 33 34 34 34 34 33 33 33 33 33 34 34 33 33 34 33 34 34 34 34 33 33 33 34 34 33 33 33 34 34 34 34 34 34 34 34 34 34 33 34 34 33 33 32 32 31 31 31 31 31 32 32 32 31 31 31 32 32 32 32 31 32 32 32 32 32 32 31 31 31 31 31 31 32 32 32 32 32 32 31 31 31 31 31 31 32 31 31 31 31 31 31 31 31 31 31 30 30 30 30 30 30 29 29 29 30 30 30 30 30 31 31 31 30 30 30 30 30 30 30 30 30 30 30 30 30 30 30 29 30 30 29 29 29 29 29 29 29 29 29 29 29 29 28 18 19 19 19 19 19 19 19 19 19 19 19 20 20 20 20 21 21 22 21 21 21 21 21 21 21 21 21 21 21 22 22 22 22 22 22 22 22 22 22 22 22 23 22 23 22 22 23 23 23 23 23 23 23 23 23 23 23 23 23 23 23 23 24 24 24 24 24 24 24 24 25 25 25 25 25 25 25 25 25 25 25 25 25 25 25 25 25 25 25 25 25 25 26 26 26 26 26 26 26 26 26 26 26 26 26 26 26 27 27 27 27 27 27 27 27 27 27 27 27 27 27 27 27 28 28 28 27 27 28 28 28 28 28 28 28 28 28 28 28 28 28 28 28 28 28 28 28 28 28 29 28 28 28 28 28 28 29 29 29 29 29 29 29 29 29 29 29 29 29 29 29 29 30 30 30 30 30 30 30 30 30 30 30 30 30 30 30 30 30 30 30 30 30 30 30 30 30 30 30 30 30 30 30 30 30 30 32 32 33 33 33 33 33 33 33 33 33 33 33 33 33 33 33 33 33 33 33 33 33 33 33 33 33 33 33 33 33 33 34 34 34 34 34 34 34 34 34 34 34 34 34 33 33 34 33 33 34 34 33 33 33 33 33 33 33 33 34 34 34 34 34 33 33 34 34 34 33 34 34 34 34 34 34 34 34 34 34 34 33 33 33 33 34 34 34 34 34 34 34 34 33 34 34 33 33 33 32 32 31 31 31 31 32 32 32 32 31 31 31 32 32 32 32 31 32 32 32 32 32 32 32 32 31 31 31 31 32 32 32 32 32 32 32 31 31 31 31 31 32 31 31 31 31 31 31 31 31 31 31 30 30 30 30 30 30 30 29 29 30 30 30 30 30 30 31 31 30 30 30 30 30 30 30 30 30 30 30 29 29 29 29 29 29 29 29 29 30 30 29 29 29 29 29 29 29 29 28 18 18 18 19 19 19 19 20 20 19 19 20 20 20 20 20 21 21 21 21 21 21 21 21 21 21 21 21 21 21 21 21 22 22 22 22 22 22 22 22 22 22 22 22 23 23 22 22 23 23 23 23 23 23 23 23 23 23 23 23 23 23 23 23 24 24 24 24 24 24 24 24 25 25 25 25 25 25 25 25 25 25 25 25 25 26 26 26 25 25 25 26 26 26 26 26 26 26 26 26 26 26 26 26 26 26 27 27 27 27 27 27 27 27 27 27 27 27 27 27 27 27 27 27 27 27 27 27 28 28 28 28 28 27 27 28 28 28 28 28 28 28 28 28 28 29 29 29 29 28 28 28 28 28 28 28 29 28 29 29 29 29 29 29 29 29 29 29 29 29 29 29 29 29 29 30 30 30 30 30 30 30 30 30 30 30 30 30 30 30 30 30 30 30 30 30 30 30 30 30 30 30 30 30 30 30 30 30 32 32 32 33 33 33 33 33 33 33 33 33 33 33 33 33 33 33 33 33 33 33 33 33 33 33 33 33 33 33 33 34 34 34 34 34 34 34 34 34 34 34 34 34 34 33 33 33 33 34 34 34 34 33 34 33 33 34 33 33 34 34 34 34 34 34 33 33 34 34 34 33 34 34 34 34 34 34 34 34 34 34 34 34 34 34 34 33 34 34 34 34 34 34 34 34 34 33 33 33 32 32 32 32 31 32 32 32 32 31 31 31 31 32 32 32 32 32 32 32 32 32 32 32 32 32 32 31 31 31 32 32 32 32 32 32 32 31 31 31 31 31 31 31 31 31 31 31 31 31 31 31 31 31 31 30 31 31 30 30 29 29 29 29 29 30 30 30 31 31 30 30 30 30 30 30 30 30 30 30 30 30 30 30 29 29 29 29 29 30 29 29 29 29 29 29 29 29 29 29 28 18 18 19 19 19 20 20 20 20 20 20 20 20 21 21 20 21 21 21 21 21 21 21 21 21 21 21 21 21 21 21 21 21 22 22 22 22 23 22 22 22 22 23 23 23 23 23 23 23 23 23 23 23 23 23 23 23 23 23 23 23 23 23 24 24 24 24 24 24 24 24 25 25 25 25 25 25 25 25 25 25 25 25 25 26 26 26 25 26 26 26 26 26 26 26 26 26 26 26 26 26 27 27 27 27 27 27 27 27 27 27 27 27 27 27 27 27 27 27 27 27 27 27 27 27 28 28 28 28 28 28 28 28 28 28 28 28 28 28 28 28 28 28 28 29 29 29 28 28 28 29 29 28 29 29 29 29 29 29 29 29 29 29 29 29 30 30 29 29 29 29 29 29 29 29 29 30 30 30 30 30 30 30 30 30 30 30 30 30 30 30 30 30 30 30 30 30 30 30 30 30 30 30 30 30 30 32 32 32 33 33 33 33 33 33 33 33 33 33 33 33 33 33 33 33 33 33 33 33 33 33 33 33 33 33 33 34 34 34 34 34 34 34 34 34 34 34 34 34 34 34 33 33 33 33 34 34 34 33 34 34 34 33 34 34 34 33 34 34 34 34 34 34 33 33 34 34 34 34 34 34 34 34 34 34 34 34 33 33 34 34 34 34 34 33 34 33 34 34 34 35 35 34 33 33 33 32 32 32 32 32 32 32 32 31 31 31 31 31 31 32 32 32 32 32 32 32 31 31 32 31 31 31 31 31 31 32 32 31 31 31 32 31 31 31 31 31 31 31 31 31 31 31 31 31 31 31 31 31 31 31 31 31 30 30 30 29 29 30 30 30 30 30 30 30 31 31 30 31 31 30 30 30 30 30 30 30 30 30 30 30 30 30 30 30 30 29 29 29 29 29 29 29 29 29 29 28 28 18 18 18 19 19 19 20 19 20 20 20 20 20 20 20 20 20 21 21 21 22 21 21 21 21 21 21 21 21 21 21 21 21 22 22 22 23 23 22 22 22 22 22 22 23 23 23 23 23 23 23 23 23 23 23 23 23 23 23 23 23 23 23 23 23 24 24 24 24 24 24 24 24 25 25 25 25 25 25 25 25 25 25 25 25 26 26 26 26 26 26 26 26 26 26 26 26 26 26 26 26 26 26 26 27 27 27 27 27 27 27 27 27 27 27 27 27 27 27 27 27 27 27 27 27 27 28 28 28 28 28 28 28 28 28 28 28 28 28 28 28 28 28 28 29 29 29 29 28 28 28 28 28 29 28 28 29 29 29 29 29 29 29 29 29 29 29 29 30 30 30 29 29 29 29 29 29 29 29 30 30 30 30 30 30 30 30 30 30 30 30 30 30 30 30 30 30 30 30 30 30 30 30 30 30 31 31 33 32 32 32 33 33 33 33 33 33 33 33 33 33 33 33 33 33 33 33 33 33 33 33 33 33 33 33 33 33 34 34 34 34 34 34 34 34 34 34 34 34 34 34 34 33 33 33 34 34 34 34 34 34 34 34 33 34 34 34 34 34 34 34 34 34 34 34 33 34 34 34 34 34 34 34 34 34 34 34 34 33 33 33 33 34 34 34 34 34 34 33 34 34 34 34 35 34 33 33 32 33 32 32 32 32 32 32 32 32 31 32 32 31 31 31 32 32 32 32 32 32 31 31 32 32 32 32 32 31 32 32 31 31 32 32 32 32 31 32 31 31 31 31 30 30 31 31 31 31 31 31 31 31 31 31 31 31 30 30 30 29 30 30 30 30 30 30 31 31 31 30 31 31 31 30 30 30 30 30 30 30 30 30 30 30 30 30 30 30 29 29 29 30 29 29 29 29 29 29 28 28 18 18 18 18 19 19 19 19 19 19 20 20 20 20 20 20 20 21 21 21 22 22 21 21 21 21 22 22 21 21 21 21 21 22 22 23 23 23 23 23 22 22 22 23 23 23 23 23 23 23 23 23 23 23 23 23 23 23 23 23 23 23 23 24 24 24 24 24 24 24 24 24 25 25 25 25 25 25 25 25 25 25 25 25 25 26 26 26 26 26 26 26 26 26 26 26 26 26 26 26 26 26 26 26 27 27 27 27 27 27 27 27 27 27 27 27 27 27 27 27 27 27 27 27 27 27 27 27 27 27 28 28 28 28 28 28 28 28 28 28 28 29 29 29 29 29 29 29 29 29 28 28 28 28 28 29 29 29 29 29 29 29 29 29 29 29 29 29 29 30 30 29 29 29 29 29 29 29 30 30 30 30 30 30 30 30 30 30 30 30 30 30 30 30 30 30 30 30 30 30 30 30 30 31 31 31 33 33 33 33 33 33 33 33 33 33 33 33 33 33 33 33 33 33 33 33 33 33 33 33 33 33 33 33 33 33 34 34 34 34 34 34 34 34 34 34 34 34 34 34 34 33 34 34 34 34 34 34 34 34 34 34 33 34 34 34 34 34 34 34 34 34 34 34 34 34 34 34 34 34 34 34 34 34 34 34 34 33 34 34 34 34 34 34 34 35 34 34 34 34 34 34 34 34 34 34 32 33 33 33 33 33 33 32 32 32 32 32 32 32 32 31 31 32 32 32 31 31 31 32 32 32 32 32 31 32 32 31 32 32 32 32 32 32 31 32 32 31 31 31 31 31 30 30 31 31 31 31 31 31 31 31 31 31 30 30 30 29 30 30 30 30 30 30 31 31 31 30 30 31 31 30 30 30 30 30 30 30 30 30 30 30 30 30 30 30 29 30 30 29 29 29 29 29 29 29 28 28 28 18 19 19 19 19 19 19 20 20 20 20 20 20 21 21 21 21 21 21 22 21 21 22 22 22 22 22 22 22 22 22 22 22 22 23 23 23 22 22 22 23 23 23 23 23 23 23 23 23 23 23 23 23 23 23 23 23 23 23 23 23 23 24 24 24 24 24 24 24 25 25 25 25 25 25 25 25 25 25 25 25 25 25 26 26 26 26 26 26 26 26 26 26 26 26 26 26 26 26 26 26 26 27 27 27 27 27 27 27 27 27 27 27 27 27 27 27 27 27 27 27 27 27 27 28 28 28 27 27 28 28 28 28 28 28 28 28 28 28 28 29 29 29 29 29 29 29 29 29 29 29 29 28 28 29 29 29 29 29 29 29 29 29 29 29 29 29 29 29 30 30 29 29 29 29 30 30 30 30 30 30 30 30 30 30 30 30 30 30 30 30 30 30 30 30 30 30 30 30 31 31 31 31 31 33 33 33 33 33 33 33 33 33 33 33 33 33 33 33 33 33 33 33 33 33 33 33 33 33 33 33 33 33 33 33 34 34 34 34 34 34 34 34 34 34 34 34 34 34 33 33 33 34 34 34 34 34 34 34 34 34 34 34 34 34 34 34 34 34 34 34 34 34 34 34 34 34 34 34 34 34 34 34 34 33 33 34 34 34 34 34 34 34 35 34 34 34 34 34 34 34 34 34 35 33 33 33 33 33 33 33 32 33 32 32 32 32 32 32 32 31 32 32 32 32 32 32 32 32 32 31 31 32 32 32 32 32 32 32 32 32 32 32 32 32 32 31 31 31 30 30 30 30 30 31 31 31 31 31 31 31 30 30 30 30 29 30 30 30 30 30 31 31 31 31 30 30 30 30 30 30 30 30 30 30 30 30 30 30 30 30 30 30 29 29 30 30 30 30 29 29 29 29 29 28 28 28 28 18 19 19 18 18 19 19 19 19 20 21 21 20 20 21 20 20 21 22 22 22 22 22 22 22 22 22 22 23 23 22 22 22 22 22 23 23 23 23 23 23 22 23 23 23 23 22 23 23 23 23 24 24 24 23 23 23 23 23 24 23 23 23 24 24 24 24 24 24 25 25 25 25 25 25 25 25 25 25 25 25 25 25 25 26 26 26 26 26 26 26 26 26 26 26 26 26 26 26 26 26 26 26 26 27 27 27 27 27 27 27 27 27 27 27 27 27 27 27 27 27 27 27 27 28 28 28 28 27 28 28 28 28 28 28 28 28 28 28 28 29 28 28 29 29 29 29 29 29 29 29 29 29 29 29 29 29 29 29 29 29 29 29 29 29 29 29 29 29 29 30 30 30 30 30 30 30 30 30 30 30 30 30 30 30 30 30 30 30 30 30 30 30 30 30 30 30 30 31 31 31 31 31 31 33 33 33 33 33 33 33 33 33 33 33 33 33 33 33 33 33 33 33 33 33 33 33 33 33 33 33 33 33 33 33 34 34 34 34 34 34 34 34 34 34 34 34 34 34 34 33 34 34 34 34 34 34 34 34 34 34 34 34 34 34 34 34 34 34 34 34 34 34 34 34 34 34 34 34 34 34 34 34 34 34 34 33 34 34 34 34 34 34 34 34 34 34 35 34 34 34 34 34 34 33 32 33 33 33 33 32 32 33 33 33 33 32 32 32 32 32 32 33 33 32 32 32 32 32 32 32 32 32 32 32 32 32 32 32 33 33 32 32 32 32 32 31 31 30 31 31 30 31 30 30 30 31 31 31 30 30 30 30 30 30 30 30 30 30 30 31 31 31 31 31 31 30 30 30 30 30 30 30 30 30 30 30 30 30 30 30 30 30 30 30 30 30 30 30 29 29 29 29 29 28 28 28 28 28 18 18 18 18 19 19 20 20 20 20 20 21 21 20 20 20 20 21 21 22 22 22 22 21 21 22 22 22 23 23 23 23 22 22 22 23 23 22 22 22 22 23 23 23 23 23 22 23 23 23 24 24 23 23 23 23 23 23 23 24 24 23 23 23 24 24 24 24 24 24 25 25 25 25 25 25 25 25 25 25 25 25 25 26 26 26 26 26 26 26 26 26 26 26 26 26 26 26 26 26 26 26 27 27 26 27 27 27 27 27 27 27 27 27 27 27 27 27 27 27 28 28 28 28 28 28 28 28 28 28 28 28 28 28 28 28 28 28 28 28 28 28 28 29 29 29 29 29 29 29 29 29 29 29 29 29 29 29 29 29 30 29 30 29 29 29 29 29 29 29 29 30 30 30 30 30 30 30 30 30 30 30 30 30 30 30 30 30 30 30 30 30 30 30 30 30 30 31 31 31 31 31 31 31 33 33 33 33 33 33 33 33 33 33 33 33 33 33 33 33 33 33 33 33 33 33 33 33 33 34 34 33 33 33 33 34 34 34 34 34 34 34 34 34 34 34 34 34 34 34 33 33 34 34 34 34 34 34 34 34 34 34 34 34 34 34 34 34 34 34 34 34 34 34 34 34 34 34 34 34 34 34 34 34 34 34 34 34 34 34 34 35 34 34 34 34 34 34 34 34 34 34 34 34 32 32 33 33 33 33 32 32 32 33 33 33 33 33 33 33 32 32 33 33 32 32 33 33 32 32 32 32 32 32 32 32 32 32 32 32 32 33 32 33 32 32 31 31 31 31 31 31 31 31 30 30 30 31 31 31 31 30 30 30 30 30 30 30 30 30 31 31 31 31 31 31 31 31 30 30 30 30 30 30 30 30 30 30 30 30 30 30 30 30 30 30 30 30 30 29 29 29 29 29 28 28 28 28 28 28 18 19 20 19 20 20 20 20 20 20 21 20 20 20 20 21 21 21 21 21 21 21 21 21 21 21 22 22 23 23 23 23 23 23 23 23 22 22 22 22 22 23 23 23 23 23 23 23 23 24 24 24 24 23 23 23 23 23 24 24 24 24 24 24 24 24 24 24 24 24 25 25 25 25 25 25 25 25 25 25 25 25 25 26 26 26 26 26 26 26 26 26 26 26 26 26 26 26 26 26 26 26 27 27 27 26 27 27 27 27 27 27 27 27 27 27 27 27 27 28 28 28 28 28 28 28 28 28 28 28 28 28 28 28 28 28 28 28 28 28 28 28 29 29 29 29 29 29 29 29 29 29 29 29 29 29 29 29 29 29 29 29 29 29 29 29 29 29 29 29 29 29 30 30 30 30 30 30 30 30 30 30 30 30 30 30 30 30 30 30 30 30 30 30 31 31 31 31 31 31 31 31 31 33 33 33 33 33 33 33 33 33 33 33 33 33 33 33 33 33 33 33 33 33 33 33 33 34 34 33 33 33 33 33 34 34 34 34 34 34 34 34 34 34 34 34 34 34 34 34 34 34 34 34 34 34 34 34 34 34 34 34 34 34 34 34 34 34 34 34 34 34 34 34 34 34 34 34 34 34 34 34 34 34 34 33 33 34 34 34 35 34 33 34 33 34 33 34 34 34 34 34 34 32 32 33 32 33 33 32 32 32 33 33 33 33 33 33 33 33 33 33 33 33 32 32 32 32 32 32 32 32 32 32 32 32 32 32 32 32 32 32 32 32 32 31 31 31 31 31 30 31 31 30 30 30 30 30 31 31 30 30 31 30 30 31 31 30 30 31 31 31 31 31 31 31 30 30 30 30 30 30 30 30 30 30 30 30 30 30 30 30 30 30 30 30 30 30 29 29 29 29 29 28 28 28 28 28 28 28 19 19 19 19 19 20 20 20 20 20 19 20 20 21 21 20 21 21 20 21 21 21 21 21 22 22 23 23 22 23 23 23 23 23 23 23 22 22 22 23 23 23 23 23 23 23 24 24 24 24 24 23 23 23 23 23 24 24 24 24 24 24 24 24 25 24 25 24 25 25 25 25 25 25 25 25 25 25 25 25 25 25 26 25 26 26 26 26 26 26 26 26 26 26 26 26 26 26 26 26 26 26 26 27 27 27 27 27 27 27 27 27 27 27 27 27 28 28 28 28 28 28 28 28 28 28 28 28 28 28 28 28 28 28 28 28 28 28 28 28 28 29 28 28 29 29 29 29 29 29 29 29 30 29 29 29 29 29 29 29 29 29 29 30 30 29 29 29 29 29 29 29 30 30 30 30 30 30 30 30 30 30 30 30 30 30 30 30 30 30 31 31 31 31 31 31 31 31 31 31 31 33 33 33 33 33 33 33 33 33 33 33 33 33 33 33 33 33 33 33 33 33 33 33 33 34 34 34 33 33 33 33 34 34 34 34 34 34 34 34 34 34 34 34 34 34 34 34 34 34 34 34 34 34 34 34 34 34 34 34 34 34 34 34 34 34 34 34 34 34 34 34 34 34 34 34 34 34 34 34 34 34 33 33 34 34 34 34 34 33 33 33 33 33 33 34 34 35 35 34 34 32 32 33 32 33 33 32 32 33 33 33 33 33 33 33 33 33 33 33 33 33 33 32 32 32 32 32 32 32 32 32 32 32 32 32 32 32 32 32 32 33 33 32 31 31 31 30 30 30 30 31 31 31 31 30 30 30 31 31 31 31 31 31 31 31 31 31 31 31 31 31 30 30 30 30 30 30 30 30 30 30 30 30 30 30 30 30 30 30 30 30 30 30 30 30 29 29 29 29 29 28 28 28 28 28 28 28 28 18 18 19 19 19 19 19 19 20 20 19 20 20 21 21 20 21 21 20 21 22 21 21 21 22 22 22 23 22 23 23 23 23 23 23 23 23 22 22 23 23 23 23 23 23 23 23 23 24 24 24 24 24 23 23 23 24 24 24 24 24 24 24 25 25 25 25 25 25 25 25 25 25 25 25 25 25 25 25 25 25 25 26 25 25 26 26 26 26 26 26 26 26 26 26 26 26 26 26 26 26 26 26 26 27 27 27 27 27 27 27 27 27 27 27 27 28 28 28 28 28 28 28 28 28 28 28 28 28 28 28 28 28 28 28 28 28 28 28 28 28 28 29 29 29 29 29 29 29 29 29 30 30 30 29 29 29 29 29 29 29 29 29 30 30 30 29 29 29 29 29 29 29 29 30 30 30 30 30 30 30 30 30 30 30 30 30 30 30 31 31 31 31 31 31 31 31 31 31 31 31 33 33 33 33 33 33 33 33 33 33 33 33 33 33 33 33 33 33 34 33 33 33 33 34 34 34 34 34 33 33 33 34 34 34 34 34 34 34 34 34 34 34 34 34 34 34 34 34 34 34 34 34 34 34 34 34 34 34 34 34 34 34 34 34 34 34 34 34 34 34 34 34 34 34 34 34 34 34 34 34 34 34 34 34 35 33 34 34 33 33 34 34 33 34 34 34 34 35 34 34 32 32 32 32 32 32 32 32 32 32 33 33 32 33 32 33 32 33 32 32 33 33 32 32 32 32 32 32 33 33 33 32 32 32 32 32 32 33 32 32 33 33 32 32 32 31 30 30 30 31 31 31 31 31 30 31 30 31 31 31 31 31 31 31 31 31 30 30 31 31 31 31 31 31 31 31 30 30 30 30 30 30 30 30 30 30 30 30 30 30 30 30 30 30 30 29 29 29 29 29 28 28 28 28 28 28 28 28 28 28 28 28 18 18 18 18 19 19 20 20 21 21 20 20 20 20 20 20 21 22 22 21 21 22 22 22 22 22 22 23 23 23 23 23 24 23 23 23 23 22 23 23 23 23 23 23 23 24 24 24 24 24 23 23 23 24 24 24 24 24 24 24 24 25 25 25 25 25 24 25 25 25 25 25 25 25 25 25 25 25 25 26 26 26 26 26 26 26 26 26 26 26 26 26 26 26 26 26 26 26 26 26 26 27 27 27 27 27 27 27 27 27 27 27 27 27 27 28 28 28 28 28 28 28 28 28 28 28 28 28 28 28 28 28 28 29 29 28 28 28 29 29 29 29 29 29 29 29 29 29 30 30 29 29 29 29 29 29 29 29 30 30 30 30 30 29 29 29 29 29 29 29 29 30 30 30 30 30 30 30 30 30 30 30 30 30 30 30 30 31 31 31 31 31 31 31 31 31 31 31 33 33 33 33 33 33 33 33 33 33 33 33 33 33 33 33 33 34 34 34 34 34 34 34 34 34 34 34 34 33 34 34 34 34 34 34 34 34 34 34 34 34 34 34 34 34 34 34 34 34 34 34 34 34 34 34 34 34 34 34 34 34 34 34 34 34 34 34 34 34 34 34 34 34 34 34 34 34 34 34 33 33 34 35 35 34 33 33 33 34 34 34 33 34 34 34 35 35 34 34 32 32 32 32 32 32 32 33 32 32 32 33 32 33 32 33 32 32 32 32 33 33 33 33 33 33 33 33 33 33 32 32 32 32 32 32 33 33 33 32 33 33 33 33 33 32 31 30 30 31 31 31 31 31 31 31 31 31 31 31 30 31 31 31 31 31 31 30 30 31 31 31 31 31 31 31 31 30 30 30 30 30 30 30 30 30 30 30 30 30 30 30 30 30 30 30 29 29 29 29 28 28 28 28 28 28 28 28 28 28 28 28 28 28 28 28 28 28 28 28 19 19 20 19 20 21 20 19 20 20 20 20 21 21 21 21 21 22 22 22 21 22 23 22 22 23 23 23 24 24 24 23 23 23 23 23 23 23 23 23 23 23 23 24 23 24 24 24 24 24 24 24 24 24 24 24 24 24 24 24 24 24 25 25 25 25 25 25 25 25 25 25 25 25 25 25 26 26 26 26 26 26 26 26 26 26 26 26 26 26 26 26 26 27 27 27 27 27 27 27 27 27 27 27 27 27 27 27 27 27 27 28 28 28 28 28 28 28 28 28 28 28 28 28 28 28 28 28 28 28 29 29 29 29 29 29 29 29 29 29 29 29 29 29 29 30 29 29 29 29 30 29 30 30 30 30 30 30 30 30 30 30 29 29 30 29 29 29 30 30 30 30 30 30 30 30 30 30 30 30 31 31 31 31 31 31 31 31 31 31 31 31 31 31 33 33 33 33 33 33 33 33 33 33 33 33 33 33 34 34 34 34 34 34 34 34 34 34 34 34 34 34 34 34 34 34 34 34 34 34 34 34 34 34 34 34 34 34 34 34 34 34 34 34 34 34 34 34 34 34 34 34 34 34 34 34 34 34 34 34 34 34 34 34 34 34 34 34 34 34 34 34 34 34 33 33 33 34 34 34 33 33 33 34 34 34 34 34 34 34 34 34 34 34 32 32 32 32 32 32 32 32 32 32 32 32 32 32 32 32 32 32 32 32 33 33 33 33 33 33 33 32 32 32 32 32 32 32 32 32 32 32 32 32 33 33 33 33 33 32 31 30 31 31 31 31 31 31 31 31 31 31 31 31 31 31 31 31 31 31 31 30 30 31 31 31 31 31 31 31 31 31 31 30 30 30 30 30 30 30 30 30 30 30 30 30 30 30 30 29 29 29 29 29 28 28 28 28 28 28 28 28 28 28 28 28 28 28 28 28 28 28 28 28 28 19 19 19 19 19 19 20 20 20 21 20 21 21 22 22 22 22 22 22 22 22 22 23 23 23 24 24 24 24 24 24 23 23 24 23 23 24 24 23 23 23 24 24 24 24 24 24 24 24 24 24 24 25 24 25 25 25 25 25 25 25 25 25 25 25 25 25 25 25 25 25 25 25 25 25 26 26 26 26 26 26 26 26 26 26 26 27 27 27 27 27 27 27 27 27 27 27 27 27 27 27 27 27 27 27 27 28 28 28 28 28 28 28 28 28 28 28 28 28 28 28 28 28 28 28 29 29 29 29 29 29 29 29 29 29 29 29 29 29 29 29 29 29 29 29 29 30 30 30 30 30 30 30 30 30 30 30 30 30 30 30 30 29 30 30 30 30 30 30 30 30 30 30 30 30 31 31 31 31 31 31 31 31 31 31 31 31 31 31 33 33 33 33 33 33 33 33 33 33 33 33 33 34 34 34 34 34 34 34 34 34 34 34 34 34 34 34 34 34 34 34 34 34 34 34 34 34 34 34 34 34 34 34 34 34 34 34 34 34 34 34 34 34 34 34 34 34 34 34 34 34 34 34 34 34 34 34 34 34 34 34 34 34 34 34 34 34 34 34 34 34 34 33 33 33 34 33 33 34 34 34 33 33 34 34 34 34 34 34 32 32 32 32 32 32 32 32 32 32 32 32 32 32 32 32 32 33 32 32 32 32 33 33 33 33 32 32 33 32 32 32 32 32 32 32 32 32 32 32 32 33 33 32 32 31 31 31 31 31 31 31 31 31 31 31 31 31 31 31 31 31 31 31 31 31 30 30 30 30 31 31 31 31 31 31 31 31 31 31 31 30 30 30 30 30 30 30 30 30 30 29 29 29 29 29 29 29 29 29 28 28 28 28 28 28 28 28 28 28 28 28 28 28 28 28 28 28 28 28 28 28 19 19 20 20 20 21 21 22 22 22 22 21 22 22 22 22 23 23 24 23 24 23 23 24 23 24 24 24 24 24 24 24 24 23 23 23 24 24 24 24 24 24 24 24 24 24 24 24 25 25 25 25 25 25 25 25 25 25 26 25 25 25 25 25 25 25 25 25 26 26 26 26 26 26 26 26 26 26 26 27 27 27 27 27 27 27 27 27 27 27 27 27 27 27 27 27 27 27 27 27 28 28 28 28 28 28 28 28 28 28 28 28 28 28 28 28 28 28 28 28 28 29 29 29 29 29 29 29 29 29 29 29 29 29 29 29 29 29 29 29 29 30 30 30 30 30 30 30 30 30 30 30 31 31 31 30 30 30 30 30 30 30 30 30 30 30 30 31 31 31 31 31 31 31 31 31 31 31 31 31 31 31 31 33 33 33 33 33 33 33 33 33 33 33 33 33 33 33 34 34 34 34 34 34 34 34 34 34 34 34 34 34 34 34 34 34 34 34 34 34 34 34 34 34 34 34 34 34 34 34 34 34 34 34 34 34 34 34 34 34 34 34 34 34 34 34 34 34 34 34 34 34 34 34 34 34 34 34 34 34 34 34 34 34 35 35 34 33 33 33 33 33 34 34 34 33 34 34 34 34 34 34 34 32 32 32 32 32 32 32 33 32 32 33 32 32 32 32 32 33 33 32 33 33 33 33 33 33 33 33 33 33 33 32 33 33 32 32 32 32 33 32 32 32 32 32 32 32 31 31 31 31 31 31 31 31 31 31 31 31 31 31 31 31 31 32 32 31 31 30 30 30 30 31 31 31 31 31 31 31 31 31 31 31 30 30 30 31 31 30 30 30 30 30 30 29 29 29 29 30 30 29 29 28 28 28 28 28 28 28 28 28 28 28 28 28 28 28 28 28 28 28 28 28 28 20 20 20 21 22 22 22 21 22 21 22 22 23 23 23 23 23 22 23 23 23 22 23 23 24 25 25 25 25 25 24 23 23 24 24 24 24 24 24 24 24 24 24 24 24 25 25 25 25 25 25 25 25 25 25 25 25 25 25 25 25 25 25 25 25 25 26 26 26 26 26 26 26 26 26 26 26 26 26 27 27 27 27 27 27 27 27 27 27 27 27 27 27 27 27 27 27 27 27 28 28 28 28 28 28 28 28 28 28 28 28 28 28 28 28 28 28 29 29 29 29 29 29 29 29 29 29 29 29 29 29 29 29 29 30 29 29 29 29 30 30 30 30 30 30 30 30 30 30 30 30 30 31 30 30 30 30 31 31 30 30 30 30 30 30 30 30 30 30 30 31 31 31 31 31 31 31 31 31 31 31 33 33 33 33 33 33 33 33 33 33 33 33 33 33 33 33 34 34 34 34 34 34 34 34 34 34 34 34 34 34 34 34 34 34 34 34 34 34 34 34 34 34 34 34 34 34 34 34 34 34 34 34 34 34 34 34 34 34 34 34 34 34 34 34 34 34 34 34 34 34 34 34 34 34 34 34 34 34 34 34 34 35 34 34 33 33 33 33 34 34 34 34 33 33 34 34 34 35 35 34 32 32 32 32 32 32 33 32 32 32 33 32 32 32 32 32 33 32 32 33 33 33 33 33 33 33 33 33 33 33 33 33 32 32 32 32 33 33 33 32 32 32 32 32 32 31 31 31 31 31 31 31 31 31 31 31 31 31 31 31 31 31 31 32 32 32 31 30 30 30 31 31 31 31 31 31 31 31 31 30 30 30 30 30 30 30 30 30 30 30 30 30 29 29 29 29 30 30 29 29 28 28 28 28 28 28 28 28 28 28 28 28 28 28 28 28 28 28 28 28 28 28 20 21 22 22 22 22 21 22 22 23 23 23 23 23 23 22 22 22 23 23 23 23 23 24 24 24 25 25 25 24 23 24 24 25 25 24 24 24 24 24 24 24 24 25 25 25 25 25 25 25 25 25 25 25 26 26 26 26 26 26 26 26 26 26 26 26 26 26 26 26 26 26 26 26 27 26 27 27 27 27 27 27 27 27 27 27 27 27 27 27 27 27 27 27 27 27 27 28 28 28 28 28 28 28 28 28 28 28 28 28 28 28 28 28 28 28 29 29 29 29 29 29 29 29 29 29 29 29 29 29 29 29 29 29 29 29 30 30 30 30 30 30 30 30 30 30 30 30 30 30 30 30 30 30 30 31 31 30 30 30 31 31 30 30 30 30 30 30 30 31 31 31 31 31 31 31 31 31 31 33 33 33 33 33 33 33 33 33 33 33 33 33 33 33 33 33 34 34 34 34 34 34 34 34 34 34 34 34 34 34 34 34 34 34 34 34 34 34 34 34 34 34 34 34 34 34 34 34 34 34 34 34 34 34 34 34 34 34 34 34 34 34 34 34 34 34 34 34 34 34 34 34 34 34 34 34 34 35 34 34 34 34 34 34 34 34 34 34 34 34 33 33 33 33 34 34 34 34 35 32 32 32 32 32 33 32 32 32 32 33 32 32 32 32 32 32 32 32 32 32 33 33 33 33 33 33 33 33 33 33 33 33 33 32 32 33 33 32 32 32 32 32 33 32 31 31 31 31 31 31 32 32 32 31 31 31 31 31 31 31 31 31 31 32 32 31 31 30 30 30 31 31 31 31 31 31 31 31 31 30 30 30 30 30 30 30 30 30 30 30 30 30 30 29 29 30 30 29 29 28 28 28 28 28 28 28 28 28 28 28 28 28 28 28 28 28 28 28 28 28 28 21 21 21 21 21 22 22 22 22 23 23 23 23 23 22 22 23 24 24 24 24 24 23 24 24 24 25 25 25 25 25 25 25 25 25 25 24 24 24 24 24 25 25 25 25 25 25 25 25 25 26 26 26 26 26 26 26 26 26 26 26 26 26 25 26 26 26 26 26 26 26 26 27 27 27 27 27 27 27 27 27 27 27 27 27 27 27 27 27 27 27 27 27 27 27 28 28 28 28 28 28 28 28 28 28 28 28 28 28 28 28 28 29 29 29 29 29 29 29 29 29 29 29 29 29 29 29 29 29 29 29 29 29 29 29 30 30 30 30 30 30 30 30 30 30 30 30 30 31 30 30 30 31 31 30 30 30 30 30 31 30 30 30 30 31 31 30 30 30 31 31 31 31 31 31 31 31 31 33 33 33 33 33 33 33 33 33 33 33 33 33 33 33 33 33 33 34 34 34 34 34 34 34 34 34 34 34 34 34 34 34 34 34 34 34 34 34 34 34 34 34 34 34 34 34 34 34 34 34 34 34 34 34 34 34 34 34 34 34 35 34 34 34 35 34 34 34 34 34 34 34 34 34 34 34 35 35 35 34 34 34 34 34 34 34 34 34 33 33 33 34 34 34 34 35 34 34 34 32 32 32 32 32 32 32 32 33 32 32 32 32 32 33 32 32 32 32 32 32 32 33 33 33 33 33 33 33 33 33 33 33 32 32 32 33 33 33 32 32 32 32 33 33 32 31 31 31 31 31 32 32 32 32 32 32 31 31 31 31 31 31 31 31 32 31 31 31 31 30 30 30 30 31 31 31 31 31 31 31 31 30 30 30 30 30 30 30 30 30 30 30 30 29 30 30 30 29 29 28 28 28 28 28 28 28 28 28 28 28 28 28 28 28 28 28 28 28 28 28 21 22 21 22 22 22 22 22 22 22 22 22 23 22 23 23 23 23 24 24 25 25 24 24 24 24 24 25 25 25 25 25 26 25 25 25 25 25 24 25 25 25 25 25 25 25 25 25 26 26 26 26 26 26 26 26 26 26 26 26 26 25 26 26 26 26 26 26 26 26 26 26 27 27 27 27 27 27 27 27 27 27 27 27 27 27 27 27 27 27 27 27 27 27 27 28 28 28 28 28 28 28 28 28 28 28 28 28 28 28 29 29 29 29 29 29 29 28 29 29 29 29 29 29 29 29 29 29 29 30 30 29 29 30 30 29 29 30 30 30 30 30 30 30 30 30 30 30 30 31 31 31 31 31 31 30 30 30 30 30 30 30 30 30 31 31 31 30 31 31 31 31 31 31 31 31 31 31 33 33 33 33 33 33 33 33 33 33 33 33 33 33 33 33 33 33 34 34 34 34 34 34 34 34 34 34 34 34 34 34 34 34 34 34 34 34 34 34 34 34 34 34 34 34 34 34 34 34 34 34 34 34 34 34 34 34 34 34 34 35 34 34 35 35 34 34 34 34 34 34 34 34 35 35 35 35 35 35 35 35 34 34 34 34 34 34 34 33 33 34 34 34 34 34 35 35 34 34 32 32 32 32 32 32 32 32 32 32 32 32 32 33 32 32 32 32 32 32 32 32 32 33 33 33 33 33 33 33 33 32 32 32 33 33 33 33 32 32 33 32 32 33 33 32 31 31 31 31 31 32 32 32 32 31 31 31 31 31 31 31 31 31 31 32 32 32 31 31 31 31 30 30 31 31 31 31 31 31 30 30 30 30 30 30 30 30 30 30 30 30 30 30 29 29 30 30 29 29 27 28 28 28 28 28 28 28 28 28 28 28 28 28 28 28 28 28 28 28 28 21 21 22 22 22 22 22 22 22 22 22 22 22 23 23 23 23 24 24 23 24 25 25 25 25 24 24 24 24 24 25 24 25 25 25 25 25 25 25 25 25 25 25 25 25 24 25 25 25 25 26 26 26 26 26 26 26 26 26 26 26 25 26 26 26 26 26 26 26 26 26 27 27 27 27 27 27 27 27 27 27 27 27 27 27 27 27 27 27 27 27 27 28 28 27 27 27 27 27 27 28 28 28 28 28 28 28 28 28 28 28 28 28 28 28 28 28 28 29 29 29 29 29 29 29 29 29 29 29 30 29 29 29 29 29 30 30 29 30 30 30 30 30 30 30 30 31 30 30 31 31 31 31 31 31 30 30 30 30 30 30 30 30 30 30 30 31 31 31 31 31 31 31 31 31 31 31 31 31 33 33 33 33 33 33 33 33 33 33 33 33 33 33 33 33 33 33 33 34 34 34 34 34 34 34 34 34 34 34 34 34 34 34 34 34 34 34 34 34 34 34 34 34 34 34 34 34 34 34 34 34 34 34 34 34 34 34 34 34 34 35 35 35 35 35 35 35 35 34 34 34 34 35 34 35 35 35 35 35 35 35 35 35 34 34 34 34 34 34 33 33 33 33 34 34 34 35 35 34 32 32 32 32 32 32 32 32 32 32 32 32 33 32 33 32 32 32 32 32 32 33 33 33 33 33 33 33 34 33 33 33 33 32 32 33 33 33 33 33 32 32 32 32 33 32 31 31 31 31 31 32 32 32 32 31 31 31 31 31 31 31 31 31 32 32 32 32 31 31 31 31 31 31 31 31 31 31 31 31 31 30 30 30 31 30 30 30 30 30 30 30 30 30 30 30 30 30 29 29 27 28 28 28 28 28 28 28 28 28 28 28 28 28 28 28 28 28 28 28 28 22 22 22 22 22 21 22 22 22 23 23 23 23 23 23 23 23 23 23 24 24 24 25 25 24 24 24 24 24 24 24 24 26 26 25 25 25 25 25 25 25 25 24 24 25 25 25 25 25 26 26 26 26 26 26 26 26 26 26 25 26 26 26 26 26 26 26 26 27 27 27 27 27 27 27 27 27 27 27 27 27 27 27 27 28 28 28 27 27 28 28 27 27 27 27 27 28 28 28 28 28 28 28 28 28 28 28 28 28 28 28 29 29 29 28 28 28 29 29 29 29 29 29 29 30 29 29 29 30 30 29 29 29 29 30 30 30 30 30 30 30 30 30 30 31 31 30 31 31 31 31 31 31 30 30 30 30 30 30 30 31 31 31 31 31 31 31 31 31 31 31 31 31 31 31 31 31 33 33 33 33 33 33 33 33 33 34 33 33 33 33 34 33 33 34 34 34 34 34 34 34 34 34 34 34 34 34 34 34 34 34 34 34 34 34 34 34 34 34 34 34 34 34 34 34 34 34 34 34 34 34 34 34 34 34 34 34 34 34 35 35 35 35 35 35 35 35 35 34 34 35 35 35 35 35 35 35 35 35 35 35 34 34 34 34 34 34 33 33 33 33 34 34 34 35 35 35 33 32 32 32 32 32 32 32 32 32 32 32 32 32 32 32 32 32 32 32 32 33 33 33 33 33 33 33 33 34 33 33 33 33 33 33 33 33 33 33 33 33 32 33 33 32 31 31 31 31 31 32 32 32 32 31 31 31 31 31 31 31 31 31 31 32 32 31 31 31 31 31 31 31 31 31 31 31 31 31 31 31 30 30 30 31 31 30 30 30 30 30 30 30 30 30 30 30 29 29 28 28 28 28 28 28 28 28 28 28 28 28 28 28 28 28 28 28 28 28 21 22 22 21 22 22 22 23 23 23 23 23 23 23 23 24 23 24 23 23 23 24 25 26 25 25 25 24 24 25 25 25 25 26 26 26 25 25 25 25 25 25 25 25 25 25 25 26 26 25 26 26 26 26 26 26 26 26 26 26 26 26 26 26 26 26 26 26 26 26 27 27 27 27 27 27 27 27 27 27 27 27 28 27 28 28 28 28 27 28 28 28 27 27 28 28 28 28 28 28 28 28 28 28 28 28 28 28 28 28 28 29 29 29 29 29 29 29 29 29 29 29 29 30 30 29 29 29 30 30 30 30 30 29 30 30 30 30 30 30 30 31 31 31 30 30 30 31 31 31 31 31 31 31 30 30 30 30 30 30 30 31 31 31 31 31 31 31 31 31 31 31 31 31 31 31 31 33 33 33 33 33 33 33 33 33 34 33 33 34 34 33 34 34 34 34 34 34 34 34 34 34 34 34 34 34 34 34 34 34 34 34 34 34 34 34 34 34 34 34 34 34 34 34 34 34 34 34 34 34 34 34 34 34 35 34 34 34 34 35 35 35 35 35 35 35 35 35 35 34 35 35 35 35 35 35 35 35 35 35 35 35 34 34 34 34 34 34 33 33 33 34 34 35 35 35 35 33 33 33 32 32 32 32 32 32 32 32 32 32 32 32 32 32 32 32 32 32 33 33 33 33 33 32 33 33 33 33 33 33 33 33 33 33 33 33 33 33 33 33 33 33 33 32 31 31 31 31 31 31 32 31 31 31 31 31 31 31 31 31 31 31 31 32 32 32 31 31 31 31 31 31 31 31 31 31 31 31 31 31 31 31 31 31 30 30 30 30 30 30 30 30 30 30 30 30 29 28 28 28 28 28 28 28 28 28 28 28 28 28 28 28 28 28 28 22 22 22 22 22 22 22 22 22 23 23 23 23 24 24 24 24 24 24 23 23 24 25 26 26 26 26 24 24 25 25 25 25 26 26 25 25 25 25 25 25 25 26 26 25 25 26 25 26 26 26 26 26 26 26 26 26 26 26 25 26 26 26 26 26 27 27 26 26 26 26 27 27 27 27 27 27 27 27 27 27 27 27 27 28 28 28 28 27 28 28 28 28 27 27 28 28 28 28 28 28 28 28 28 28 28 28 28 28 28 28 28 28 29 29 29 29 29 29 29 30 29 29 30 30 29 29 30 29 30 30 30 30 30 30 30 31 30 30 30 30 30 30 30 31 30 30 30 30 31 31 31 31 31 31 31 30 31 31 30 30 31 31 31 31 31 31 31 31 31 31 31 31 31 31 31 31 33 33 33 33 33 33 33 33 33 34 34 34 33 33 34 34 34 34 34 34 34 34 34 34 34 34 34 34 34 34 34 34 34 34 34 34 34 34 34 34 34 34 34 34 34 34 34 34 34 34 34 34 34 34 34 34 34 34 34 35 34 34 34 35 34 35 35 35 35 35 34 34 35 35 35 35 35 35 35 35 35 35 35 35 35 34 34 35 35 34 34 33 33 34 34 35 35 35 35 35 33 33 33 33 33 33 32 32 32 32 32 32 32 32 32 32 32 32 32 32 32 33 33 32 33 32 33 33 33 32 33 33 33 33 33 33 33 33 32 32 33 33 33 33 33 32 33 32 31 31 31 31 31 31 31 31 32 31 31 31 31 31 31 31 31 31 31 32 32 32 32 31 31 31 31 31 31 31 31 31 31 31 31 31 31 31 31 30 30 30 30 30 30 30 30 30 29 29 29 29 28 28 28 28 28 28 28 28 28 28 28 28 28 28 28 28 28 22 22 22 22 22 22 22 22 23 23 23 23 23 23 23 23 23 24 24 24 24 24 25 25 25 26 26 25 24 24 25 25 25 26 26 25 25 25 25 25 25 25 26 26 26 26 26 26 26 26 26 26 26 26 26 26 26 26 26 26 25 26 26 27 27 27 27 27 27 26 26 26 27 27 27 27 27 27 27 27 27 27 28 28 28 28 27 28 28 28 28 28 28 28 28 28 28 28 28 28 28 28 27 28 28 28 29 29 29 29 28 28 28 29 29 29 29 29 29 29 29 29 29 29 30 30 30 30 30 30 30 30 30 30 30 31 31 30 30 30 30 30 30 30 30 30 30 30 30 30 30 31 31 31 31 31 31 31 31 31 30 30 31 31 31 31 31 31 31 31 31 31 31 31 31 31 32 33 33 33 33 34 34 33 33 34 34 34 34 34 34 34 34 34 34 34 34 34 34 34 34 34 34 34 34 34 34 34 34 34 34 34 34 34 34 34 34 34 34 34 34 34 34 34 34 34 34 34 34 34 34 34 34 34 34 34 34 34 35 34 34 34 35 35 35 35 34 35 35 35 35 35 35 35 35 35 35 35 35 35 35 35 34 35 35 35 34 34 34 33 33 34 35 35 35 35 35 33 33 33 33 33 33 33 32 32 32 32 32 32 32 32 32 32 32 32 32 32 32 33 33 33 33 32 33 33 33 33 33 33 33 33 33 33 33 32 32 32 32 32 33 32 32 32 33 32 31 31 31 31 32 31 32 32 31 31 31 31 31 31 31 31 31 31 31 32 31 31 31 31 31 31 31 31 31 31 31 31 31 31 31 31 31 31 30 30 30 30 30 30 30 30 29 29 29 30 29 28 28 28 28 28 28 28 28 28 28 28 28 28 28 28 28 28 22 22 21 22 22 23 23 23 23 23 23 23 23 24 25 25 25 25 25 25 25 25 25 26 26 25 25 25 25 25 26 26 27 27 27 26 26 25 25 26 26 26 26 26 26 26 26 26 26 26 26 26 26 26 26 26 26 25 26 26 26 27 27 27 27 27 27 27 26 26 27 27 27 27 27 27 27 27 28 28 28 28 27 28 28 28 28 28 28 28 28 28 28 28 27 27 27 27 28 28 28 28 28 28 29 29 29 29 29 28 28 29 29 29 29 29 29 29 29 29 29 29 29 29 30 30 30 30 30 30 30 30 30 31 30 30 30 30 30 30 30 30 30 30 30 30 30 30 30 30 31 31 31 31 31 31 31 31 30 31 31 31 31 31 31 31 31 31 31 31 32 32 31 32 33 33 33 33 34 34 33 34 34 34 34 34 34 34 34 34 34 34 34 34 34 34 34 34 34 34 34 34 34 34 34 34 34 34 34 34 34 34 34 34 34 35 35 35 35 35 35 34 34 34 34 34 34 35 35 34 35 34 34 34 35 35 34 34 35 35 35 35 35 35 35 34 34 35 35 35 35 35 35 35 35 35 35 35 35 35 35 35 34 34 34 34 33 34 35 35 35 36 36 35 33 33 33 33 33 32 32 32 32 32 32 32 33 32 32 32 32 32 33 33 33 33 33 33 33 33 33 33 33 33 33 33 33 33 33 33 33 32 33 32 32 32 32 32 33 32 32 32 33 33 32 31 32 32 32 32 33 31 31 31 31 31 31 31 31 31 31 31 31 32 32 32 31 31 31 31 31 31 31 31 31 31 31 31 31 31 31 30 30 30 30 30 30 30 30 30 30 30 30 30 28 28 28 28 28 28 28 28 28 28 28 28 28 28 28 28 22 21 22 22 23 22 23 23 23 23 24 24 25 25 25 25 25 25 25 25 26 26 26 26 26 26 26 25 26 26 26 27 27 26 25 25 25 26 26 26 26 26 26 26 26 26 26 26 26 26 26 26 26 26 26 26 25 26 26 27 27 27 27 27 27 28 27 27 27 27 27 28 27 27 27 27 27 27 27 27 27 28 28 28 28 28 28 28 28 28 27 27 27 28 28 27 28 28 28 28 28 28 28 29 29 29 29 28 28 29 29 29 29 29 30 29 29 29 29 29 29 29 29 29 29 30 30 30 30 30 31 30 30 30 30 30 30 30 30 30 30 31 30 30 30 30 30 30 30 30 31 31 31 31 31 30 30 31 31 31 31 31 31 31 31 32 32 31 31 31 31 31 34 34 34 34 34 34 34 34 34 34 34 34 34 34 34 34 34 34 34 34 34 34 34 34 34 34 34 34 34 34 34 34 34 34 35 34 34 34 34 34 34 35 34 34 34 34 35 35 35 34 34 34 34 35 35 35 35 35 35 35 35 34 35 35 35 35 35 35 35 35 35 35 35 35 35 35 35 35 35 35 35 35 35 35 35 35 35 34 34 34 34 34 34 34 35 35 35 35 36 35 33 33 33 33 33 33 32 32 32 32 32 32 32 33 33 33 33 33 33 33 33 33 33 33 33 33 33 33 33 33 33 33 33 33 33 33 33 32 32 32 32 32 32 32 32 32 32 32 32 33 33 32 32 32 32 32 33 31 31 31 31 31 31 31 31 31 31 31 31 32 32 32 31 31 31 31 31 31 31 31 31 31 31 31 31 31 31 31 30 30 30 30 30 30 30 30 30 30 30 30 28 28 28 28 28 28 28 28 28 28 28 28 28 28 21 22 22 22 23 22 23 23 23 23 23 24 25 25 25 24 25 26 26 26 27 26 26 26 26 27 27 27 27 27 27 27 26 26 26 26 26 26 26 27 27 27 27 27 26 27 27 27 27 27 27 27 27 27 27 26 26 27 27 28 28 28 28 28 28 28 27 27 27 27 27 27 27 27 27 27 28 28 28 27 28 28 28 29 29 29 28 28 28 28 28 28 28 28 27 28 29 28 28 28 28 28 28 29 29 29 28 28 29 29 29 29 29 30 30 29 30 30 29 29 29 30 29 29 30 30 30 30 30 30 30 31 30 30 31 30 30 31 31 31 30 30 30 30 30 30 30 30 30 30 31 31 31 30 30 30 30 31 31 31 31 31 31 31 31 31 31 31 31 31 31 32 32 32 32 32 32 32 32 32 32 32 32 32 32 32 32 32 32 32 33 32 32 32 32 32 32 33 33 32 33 33 33 33 33 33 33 33 33 33 33 33 33 33 33 33 33 33 33 33 33 35 35 35 35 35 35 35 35 35 35 35 35 35 35 35 35 35 35 35 35 35 35 35 35 35 35 35 35 35 35 35 35 35 35 35 35 35 35 34 34 34 34 34 35 35 35 35 36 36 36 35 35 35 35 35 35 35 35 35 35 35 35 35 35 35 36 36 36 36 36 36 36 35 36 36 36 35 36 36 35 35 35 35 36 36 35 35 34 35 34 34 34 34 34 34 35 34 34 34 34 35 35 35 34 34 34 34 34 33 33 34 34 34 34 34 34 34 34 34 34 34 34 34 33 33 33 33 33 33 33 33 33 33 33 33 33 33 33 33 33 32 32 32 32 32 32 32 32 32 32 30 30 30 30 30 30 30 30 30 30 30 30 30 30 22 22 22 23 23 23 23 23 23 23 24 25 25 25 24 25 25 26 26 26 26 26 27 27 27 27 27 27 27 27 27 27 27 27 26 26 27 26 27 27 27 27 26 27 27 27 27 28 28 28 28 27 27 27 27 26 26 27 27 27 28 28 28 28 28 28 27 27 27 27 27 27 27 27 28 27 28 28 27 27 28 28 28 28 28 29 28 28 28 28 28 28 27 28 28 28 28 28 28 28 28 28 29 29 29 29 29 29 29 29 29 29 29 30 30 30 29 29 30 30 30 30 30 29 30 30 30 30 31 31 30 30 31 31 31 30 31 31 31 30 30 30 30 30 30 30 30 31 31 30 31 31 31 30 30 30 30 31 31 31 31 31 31 31 31 31 31 32 32 32 32 32 32 32 32 32 32 32 32 32 33 32 32 32 32 32 32 32 32 32 32 32 32 32 32 32 32 32 32 32 33 33 33 33 33 33 33 33 33 33 33 33 33 33 33 33 33 33 33 33 35 35 35 35 35 35 35 35 35 35 35 35 35 35 35 35 35 35 35 35 35 35 35 35 35 35 35 35 35 35 35 35 35 35 35 35 35 35 35 34 34 34 35 35 35 35 36 36 36 36 36 36 36 36 36 36 36 36 36 35 35 35 35 35 35 35 35 36 36 36 36 36 35 36 36 36 35 36 36 36 35 36 36 36 36 35 35 35 35 35 35 35 34 34 34 34 34 34 34 34 34 34 34 34 34 34 34 35 34 34 33 34 34 34 34 34 34 34 34 34 34 34 34 34 33 33 33 33 33 33 33 33 33 33 33 33 33 33 33 32 32 32 32 32 32 32 32 32 32 32 30 30 30 30 30 30 30 30 30 30 29 29 30 30 30 22 22 22 22 22 23 23 24 24 24 24 24 24 25 25 26 26 26 26 27 27 27 27 27 27 27 27 27 27 27 27 27 27 27 27 27 27 27 27 27 27 27 28 27 28 28 28 28 28 27 27 26 26 27 28 27 27 27 27 27 27 28 28 27 28 28 28 29 28 28 28 28 28 28 28 28 28 28 28 28 28 28 28 29 28 28 28 29 29 29 29 29 29 29 28 29 29 29 29 29 30 30 29 29 29 29 29 29 29 29 30 30 30 29 29 30 30 30 30 30 30 30 30 30 30 31 30 30 30 30 31 31 30 31 32 31 31 30 31 30 30 31 30 30 30 30 30 31 31 31 31 31 31 31 31 31 32 31 31 31 32 31 32 32 32 31 32 32 32 32 32 32 32 32 32 32 32 33 33 33 32 32 32 32 32 32 32 32 32 32 32 32 32 32 32 32 32 33 33 33 33 33 33 33 33 33 33 33 33 33 33 33 33 33 33 33 33 35 35 35 35 35 35 35 35 35 35 35 35 35 35 35 35 35 35 35 35 35 35 35 35 35 35 36 36 36 35 35 35 35 35 35 35 35 35 35 35 34 35 35 35 35 36 36 36 36 36 37 37 36 36 36 36 36 36 36 36 36 36 36 36 36 36 35 36 36 35 35 35 35 36 36 36 36 36 36 36 36 36 36 36 36 36 35 35 35 35 35 35 35 34 34 34 34 34 34 34 34 34 34 34 34 34 34 34 35 34 33 33 34 34 34 34 34 34 34 34 34 34 34 34 33 33 33 33 33 33 33 33 33 33 33 33 33 33 33 33 32 32 32 32 32 32 32 32 32 32 30 30 30 30 30 30 30 30 30 30 30 30 30 30 22 22 23 23 24 23 23 23 24 25 24 25 25 25 25 26 26 26 27 27 27 27 27 27 27 27 27 28 28 28 28 28 28 28 28 27 27 27 28 28 27 27 27 27 27 28 27 27 26 27 28 28 27 28 28 27 27 28 28 28 28 28 28 29 29 29 28 29 28 28 28 28 28 28 28 28 28 28 28 28 28 29 29 29 29 29 30 30 30 30 30 30 30 30 30 30 30 29 29 30 30 30 29 29 29 29 29 30 30 30 30 30 30 30 30 30 30 30 30 30 30 30 31 31 31 31 31 31 32 31 32 32 31 31 31 31 31 31 30 30 31 30 30 30 30 31 31 31 31 31 31 31 31 32 31 32 32 32 32 32 32 32 32 32 32 32 33 33 32 32 32 32 32 33 33 33 33 32 32 32 32 32 32 32 32 32 32 32 33 33 33 33 32 32 33 33 33 33 33 33 33 33 33 33 33 33 33 33 33 33 33 33 33 33 35 35 35 35 35 35 35 35 35 35 35 35 35 35 35 35 35 35 35 35 35 35 35 35 35 35 35 36 36 35 35 35 35 35 35 35 35 35 35 35 35 35 35 35 35 36 36 36 37 37 37 37 37 37 36 36 36 37 37 36 37 36 36 36 36 36 35 36 36 36 36 36 36 35 36 36 36 36 36 36 36 36 36 36 36 36 35 35 35 35 35 35 35 35 34 34 34 34 34 34 34 33 34 34 34 34 34 34 34 34 34 34 34 34 34 34 34 34 34 34 34 34 34 33 33 33 33 33 33 33 33 33 33 33 33 33 33 33 33 33 33 32 32 32 32 32 32 32 32 32 30 30 30 30 30 30 30 30 30 30 30 30 30 30 23 23 24 24 23 23 24 25 26 26 26 26 27 26 26 26 26 27 26 27 27 27 27 27 27 27 27 28 28 28 28 28 28 28 27 27 27 27 27 27 27 27 27 27 27 27 27 27 28 28 28 27 28 28 27 27 28 28 28 28 29 29 29 29 29 29 29 29 29 28 29 28 28 28 28 28 28 28 29 29 29 29 29 30 30 30 30 30 30 30 30 30 30 30 30 30 29 29 29 29 29 30 29 29 29 29 29 30 30 30 30 30 30 30 30 30 30 30 30 30 30 31 31 31 31 32 32 32 32 32 31 31 30 30 31 31 30 31 31 31 31 30 30 30 31 31 32 32 32 32 32 32 32 32 31 31 31 32 32 32 32 32 32 32 33 33 33 32 32 32 33 32 33 33 32 33 32 32 32 32 32 32 32 32 32 32 32 33 33 33 33 33 33 33 33 33 33 33 33 33 33 33 33 33 33 33 33 33 33 33 33 33 33 35 35 35 35 35 35 35 35 35 35 35 35 35 35 35 35 35 35 35 35 35 35 35 35 35 35 35 35 35 35 35 35 35 35 35 35 35 35 36 35 35 35 35 35 36 36 36 37 37 37 37 37 37 37 37 37 36 36 37 37 37 37 37 37 36 35 36 36 36 36 36 36 36 36 35 35 36 36 36 36 36 36 36 36 36 36 36 35 35 34 35 35 35 35 34 34 34 34 35 34 34 33 33 33 34 34 34 34 34 34 34 34 34 34 33 34 34 34 34 34 34 34 34 34 33 33 33 33 33 33 33 33 33 33 33 33 33 33 33 33 33 32 32 32 32 32 32 32 32 32 30 30 30 30 30 30 30 30 30 30 30 30 30 30 23 23 23 23 23 24 24 24 24 25 26 26 26 27 26 26 26 26 26 27 27 27 27 27 27 27 27 27 26 27 28 28 28 28 28 28 28 28 27 27 27 27 27 27 27 27 27 27 28 28 28 28 28 28 28 28 28 28 28 29 29 29 29 30 30 30 30 30 29 29 29 29 29 28 28 29 28 28 29 29 29 30 30 30 30 30 30 30 30 30 30 30 30 30 30 30 30 30 30 29 29 30 30 30 30 29 29 29 30 30 30 30 30 30 30 30 30 30 30 30 31 31 31 31 31 31 31 31 31 32 32 31 31 31 30 30 30 31 31 31 31 31 31 31 31 31 31 32 32 32 32 32 32 32 32 32 32 32 32 32 32 32 32 32 32 33 33 33 33 33 33 33 33 32 32 32 32 32 32 32 33 33 32 32 32 32 32 32 33 33 33 33 33 33 33 33 33 33 33 33 33 33 33 33 33 33 33 33 33 33 33 33 33 33 35 35 35 35 35 35 35 35 35 35 35 35 35 35 35 35 35 35 35 35 35 35 35 35 35 35 35 35 35 35 35 35 35 35 35 35 35 35 35 35 35 36 36 36 36 36 37 37 37 37 37 37 37 37 37 37 37 37 37 37 36 36 36 36 36 36 36 36 36 36 36 36 36 36 36 36 36 36 36 36 36 36 36 36 36 35 35 35 35 34 34 35 35 35 35 34 34 34 35 35 34 34 33 33 33 34 34 34 34 34 34 35 34 34 34 33 34 34 34 34 34 34 33 34 34 33 33 33 33 33 33 33 33 33 33 33 33 33 33 33 33 32 32 32 32 32 32 32 32 32 30 30 30 30 30 30 30 30 30 30 30 30 30 30 23 24 24 25 25 24 24 25 25 25 26 26 27 27 27 27 27 27 27 27 27 27 26 26 27 26 26 27 27 28 28 28 27 28 28 28 28 28 27 27 28 27 27 28 27 28 28 28 29 29 29 28 28 28 28 28 28 29 29 29 30 30 30 30 30 29 29 29 30 30 30 29 29 29 29 29 29 29 30 30 30 30 30 30 30 30 30 30 30 30 30 30 30 30 30 30 30 29 30 30 30 30 30 30 30 30 30 30 30 30 30 30 30 30 31 31 31 31 31 31 31 31 31 31 31 31 32 32 32 32 31 31 31 31 31 32 31 31 31 31 32 32 31 31 32 32 32 32 32 32 32 32 32 32 32 32 32 32 32 32 32 32 32 33 33 33 33 33 33 33 33 32 32 32 32 32 32 32 33 33 33 33 32 33 33 33 33 33 33 33 33 33 33 33 33 33 33 33 33 33 33 33 33 33 33 33 33 33 33 33 33 35 35 35 35 35 35 35 35 35 35 35 35 35 35 35 35 35 35 35 35 35 35 35 35 35 35 35 35 35 36 35 35 35 35 35 35 35 35 35 35 35 35 35 35 36 36 36 36 36 37 37 37 37 37 37 38 38 37 37 37 37 36 36 36 36 37 37 36 36 36 37 37 36 36 36 36 36 36 36 35 35 35 35 35 35 35 35 35 35 35 34 35 35 35 35 35 35 34 34 35 35 34 34 33 34 34 34 34 34 34 34 34 35 34 34 34 34 34 34 34 34 34 33 33 33 33 33 33 33 33 33 33 33 33 33 33 33 33 33 33 33 32 32 32 32 32 32 32 32 32 30 30 30 30 30 30 30 30 30 30 30 30 30 23 23 24 24 25 24 24 24 24 25 25 25 26 27 27 27 27 27 27 27 27 27 27 27 26 26 27 27 28 28 28 28 28 28 28 28 28 28 28 28 28 28 28 28 28 28 28 28 28 28 28 28 28 28 28 29 29 29 29 30 30 30 30 29 30 29 29 29 30 30 30 30 30 30 30 30 29 30 30 30 30 30 30 30 30 30 30 30 30 30 30 29 29 30 30 30 30 30 30 30 30 30 30 30 30 30 30 30 30 30 30 30 30 31 31 31 31 31 31 31 31 31 31 31 31 31 32 32 31 31 32 32 32 32 32 32 32 32 31 31 32 32 31 31 32 32 32 32 32 32 32 32 32 32 32 32 32 32 32 32 32 32 33 33 33 33 33 33 33 33 33 33 33 32 32 33 32 32 32 32 33 33 33 33 33 33 33 33 33 33 33 33 33 33 33 33 33 33 33 33 33 33 33 33 33 33 33 33 33 33 33 35 35 35 35 35 35 35 35 35 35 35 35 35 35 35 35 35 35 35 35 35 35 35 35 35 35 35 36 35 35 35 35 35 35 35 35 35 35 35 35 35 35 35 34 35 35 35 35 35 35 36 36 36 37 37 37 37 36 36 37 36 37 37 37 37 37 37 37 37 37 37 37 37 37 37 37 36 36 36 36 35 34 35 35 35 35 35 35 35 35 34 35 35 35 35 35 35 35 34 34 34 34 34 34 33 34 34 34 34 34 34 34 34 34 34 34 34 34 34 34 34 34 34 34 33 33 33 33 33 33 33 33 33 33 33 33 33 33 33 33 33 32 32 32 32 32 32 32 32 32 30 30 30 30 30 30 30 30 30 30 30 30 30 23 23 23 24 24 24 25 25 25 25 24 25 25 25 25 26 26 27 27 27 26 26 26 26 27 28 27 28 28 28 28 28 28 28 28 28 28 28 28 28 28 28 28 28 28 28 28 28 28 28 28 28 29 29 29 29 29 29 30 30 30 29 29 29 29 29 29 30 30 30 30 30 30 30 30 30 30 30 30 30 30 30 30 30 30 30 30 30 30 30 30 29 30 30 30 30 30 30 30 30 30 30 30 30 30 30 31 30 30 31 31 31 31 31 31 31 31 31 31 31 31 31 31 31 32 32 31 31 31 31 31 32 32 32 32 31 31 32 32 32 31 31 31 32 32 32 32 31 32 31 32 32 32 32 32 32 32 32 32 32 32 33 33 33 33 33 33 33 33 33 33 33 33 33 33 33 33 33 33 33 32 33 33 33 33 33 33 33 33 33 33 33 33 33 33 33 33 33 33 33 33 33 33 33 33 33 33 33 33 33 35 35 35 35 35 35 35 35 35 35 35 36 35 35 35 35 35 35 35 35 35 35 35 35 35 35 35 36 36 35 35 35 35 35 35 35 35 35 35 35 35 36 36 35 35 35 34 35 35 35 36 36 36 36 36 36 36 36 37 37 37 37 36 37 37 37 37 37 37 37 37 37 37 37 37 37 37 37 36 36 35 35 34 34 35 35 35 35 35 35 35 35 35 35 35 35 35 35 35 34 34 34 34 34 34 34 34 34 34 34 34 34 34 34 34 34 34 34 34 34 34 34 34 34 34 34 33 33 33 33 33 33 33 33 33 33 33 33 33 33 33 33 32 32 32 32 32 32 32 32 30 30 30 30 30 30 30 30 30 30 30 30 30 30 23 23 24 24 25 24 24 25 25 23 24 25 24 24 25 25 25 26 27 26 26 26 26 27 27 27 27 27 28 28 28 28 28 28 28 28 27 28 28 28 28 28 28 28 28 28 28 28 28 28 28 29 29 29 28 28 28 29 29 29 29 29 29 29 29 29 30 30 30 30 30 30 30 30 30 30 30 30 30 30 30 30 30 30 30 30 31 31 31 30 30 29 30 30 30 30 30 30 30 30 30 30 31 30 31 31 31 31 31 31 31 31 31 31 31 31 31 31 31 31 31 31 31 32 32 31 31 31 32 32 32 31 31 31 31 31 32 32 31 31 31 32 32 32 32 31 32 32 32 32 32 32 32 32 32 32 32 32 32 33 32 33 33 33 33 33 33 33 33 33 33 33 33 33 33 33 33 33 33 32 33 33 33 33 33 33 33 33 33 33 33 33 33 33 33 33 33 33 33 33 33 33 33 33 33 33 33 33 33 35 35 35 35 35 35 35 35 35 35 35 35 36 35 35 35 35 36 35 36 35 35 36 35 35 35 36 36 36 35 35 35 35 35 35 35 35 35 36 35 35 35 35 36 36 36 35 35 35 35 35 35 36 36 36 36 36 36 37 37 37 37 36 37 37 36 36 37 38 38 37 37 37 38 37 37 37 37 37 37 36 35 34 34 35 35 35 35 35 35 35 35 35 35 35 35 35 35 35 35 34 34 33 34 34 34 34 34 34 34 34 34 34 34 34 34 33 34 34 34 34 34 34 34 34 34 33 33 33 33 33 33 33 33 33 33 33 33 33 33 33 33 32 32 32 32 32 32 32 32 30 30 30 30 30 30 30 30 30 30 30 30 30 30 23 23 23 24 24 24 25 24 23 24 24 25 24 24 25 25 25 26 27 27 26 26 26 27 26 26 27 28 28 28 28 28 28 28 28 28 27 27 28 28 28 28 28 28 28 28 28 28 28 28 29 29 28 28 28 29 29 29 29 29 29 29 29 29 29 30 30 30 30 30 30 30 30 30 30 30 30 30 30 30 30 30 30 30 30 30 31 31 31 30 30 30 30 30 30 30 30 30 30 30 30 31 31 31 31 31 31 31 31 31 31 31 31 31 31 31 31 31 31 31 31 31 32 32 31 31 31 31 32 32 32 32 32 31 31 31 31 32 31 31 32 32 32 32 32 32 32 32 32 32 32 32 32 32 32 32 32 32 32 32 32 33 33 33 33 33 33 33 33 33 33 33 33 33 33 33 33 33 32 33 33 33 33 33 33 33 33 33 33 33 33 33 33 33 33 33 33 33 33 33 33 33 33 33 33 33 33 33 35 35 35 35 35 35 35 35 35 35 35 36 36 36 36 35 36 36 36 36 36 35 36 36 36 36 36 36 36 36 36 35 35 35 35 35 35 36 36 35 35 35 35 35 35 36 36 36 36 36 36 36 36 35 36 36 36 36 36 36 36 36 36 36 36 36 37 37 38 38 38 37 37 37 37 37 37 37 37 37 37 36 35 34 35 35 35 35 35 36 35 35 35 35 35 35 35 35 35 35 34 34 34 34 34 35 34 34 34 34 34 34 34 34 34 34 34 34 34 34 34 34 34 34 34 34 34 33 33 33 33 33 33 33 33 33 33 33 33 33 33 32 32 32 32 32 32 32 32 32 30 30 30 30 30 30 30 29 30 30 30 30 30 30 24 24 24 24 24 24 25 25 25 26 26 27 27 27 27 26 26 27 27 27 28 27 28 28 28 28 28 28 28 28 28 28 28 28 28 28 28 28 28 28 28 28 28 29 29 28 28 29 29 29 29 29 29 29 29 29 29 29 29 30 30 30 30 30 30 30 30 30 30 30 30 30 30 30 30 30 30 30 30 31 31 31 31 31 30 30 30 30 30 30 30 30 30 30 31 31 31 31 31 31 31 31 31 31 31 31 31 31 31 31 31 31 31 31 31 31 32 31 31 31 31 31 31 31 32 32 32 31 31 31 32 32 32 32 32 32 32 32 32 32 32 32 32 32 32 32 32 32 32 32 32 32 32 32 33 33 33 33 33 33 33 33 33 33 33 33 33 33 33 33 33 33 33 33 33 33 33 33 33 33 33 33 33 33 33 33 33 33 33 33 33 33 33 33 33 33 33 33 33 33 33 35 35 35 35 35 35 35 35 35 35 35 36 36 36 36 36 36 36 36 36 36 35 36 36 36 36 36 35 36 36 36 35 35 36 35 35 35 35 36 36 36 36 36 36 35 35 35 36 36 36 36 37 36 36 36 36 36 36 36 36 36 36 36 37 37 36 36 37 37 37 37 37 37 37 37 38 38 38 38 37 37 36 35 34 35 35 35 35 35 36 35 35 35 35 35 35 35 35 35 35 35 34 34 34 34 35 34 34 34 34 34 34 34 34 34 34 34 34 34 34 34 34 34 34 34 34 34 33 33 33 33 33 33 33 33 33 33 33 33 33 32 32 32 32 32 32 32 32 32 32 30 30 30 30 30 30 30 29 30 30 30 30 30 30 30 24 24 24 24 25 25 26 26 25 25 26 27 27 26 26 26 27 27 28 28 27 28 28 28 28 28 28 28 28 28 28 28 28 28 29 29 28 28 28 28 28 28 29 29 29 29 29 29 29 30 29 29 29 29 29 29 29 30 30 30 30 30 30 30 30 30 30 29 30 30 30 30 30 30 30 30 30 30 30 31 31 31 31 31 31 30 30 30 30 30 30 30 30 31 31 31 31 31 31 31 31 31 31 31 31 31 31 31 31 31 31 31 32 32 32 31 31 31 31 32 32 32 31 31 32 32 32 31 31 32 32 32 32 32 32 32 32 32 32 32 32 32 32 32 32 32 32 32 32 32 32 32 32 32 33 33 33 33 33 33 33 33 33 33 33 33 33 33 33 33 33 33 33 33 33 33 33 33 33 34 33 33 33 33 33 33 33 33 33 33 33 33 33 33 33 33 33 33 33 33 35 35 35 35 35 35 35 35 35 35 35 35 35 36 36 36 36 36 36 36 36 36 36 36 36 36 36 36 36 36 36 36 35 36 36 36 36 36 36 36 36 36 36 36 36 36 36 36 36 36 36 36 36 37 37 36 36 37 37 37 37 36 36 37 37 37 37 37 37 37 37 37 37 37 38 38 38 37 37 37 37 36 35 34 34 35 35 35 35 35 35 35 35 35 35 35 35 35 35 35 35 35 35 35 35 34 34 34 34 34 34 34 34 34 34 34 34 34 34 34 34 34 34 34 34 34 33 33 33 33 33 34 34 34 33 33 33 33 33 33 32 32 32 32 32 32 32 32 32 32 30 30 30 30 30 30 30 30 30 30 31 31 30 24 24 24 24 24 24 25 25 25 26 26 27 27 27 27 26 26 27 27 28 28 28 27 28 28 28 28 28 28 28 28 28 28 28 28 28 29 29 29 28 28 29 29 29 29 29 29 29 29 30 30 29 29 29 29 29 30 30 30 30 30 30 30 30 30 30 30 30 30 30 30 30 30 30 30 30 30 30 30 30 31 31 31 31 31 31 30 30 30 30 30 30 30 30 31 31 31 31 31 31 31 31 31 31 31 31 31 31 31 31 31 32 32 32 32 31 31 31 31 31 32 32 32 31 32 32 31 32 32 32 32 32 32 32 32 32 32 32 32 32 32 32 32 32 33 32 32 33 32 32 32 32 32 33 33 33 33 33 33 33 33 33 33 33 33 33 33 33 33 33 33 33 33 33 33 34 33 33 33 33 33 33 33 33 33 33 33 33 34 33 33 33 33 33 33 33 33 33 33 33 35 35 35 35 35 35 35 35 35 35 35 35 35 36 36 36 35 35 36 36 36 36 36 36 36 36 36 36 35 35 35 36 35 36 36 36 36 36 36 36 36 36 36 36 36 37 36 36 37 37 37 37 36 36 37 37 37 37 37 37 37 37 37 36 37 38 38 37 37 37 37 37 37 38 38 38 38 38 37 37 37 36 35 34 34 34 35 35 35 35 35 35 35 35 35 35 35 35 35 35 35 35 35 35 35 35 34 34 34 34 34 34 34 34 34 34 34 34 34 34 34 34 33 34 34 33 33 33 33 33 33 33 33 34 33 33 33 33 32 32 32 32 33 33 33 33 32 32 32 32 30 30 30 30 30 30 30 25 25 25 25 26 26 26 27 27 27 26 26 27 27 27 28 28 28 28 28 28 28 28 28 28 28 28 28 29 28 28 28 29 29 28 29 29 29 29 29 29 29 29 29 29 30 30 29 30 30 30 30 30 30 30 30 30 30 30 30 30 30 30 30 30 30 30 30 30 30 30 30 30 31 31 31 31 31 31 31 31 31 31 31 30 31 31 31 31 31 31 31 31 31 31 31 31 31 31 31 31 31 31 31 31 31 31 31 32 32 31 32 32 31 31 31 31 31 31 31 32 32 32 32 32 32 32 32 32 32 32 32 32 32 32 32 32 32 32 33 33 33 33 33 32 33 33 33 33 33 33 33 33 33 33 33 33 33 33 33 33 33 33 33 33 33 33 33 33 33 33 33 33 33 33 33 33 33 34 34 33 33 33 33 33 33 33 33 34 34 33 33 33 33 33 35 35 35 35 35 35 35 35 35 35 35 35 35 36 35 35 35 36 36 35 36 36 36 36 36 36 36 36 36 35 36 36 36 35 36 36 35 36 36 36 36 36 36 36 36 36 36 37 37 37 37 37 37 37 36 37 37 37 37 37 38 38 37 37 37 38 38 38 38 38 38 38 38 37 37 37 38 37 37 37 37 36 35 35 34 34 35 35 35 35 36 36 36 36 36 35 35 35 35 35 35 35 35 35 35 35 34 34 34 34 34 34 34 34 34 34 34 34 34 34 34 34 34 33 33 33 33 33 33 33 33 33 33 33 33 33 33 32 32 33 33 33 33 33 33 33 33 33 32 32 30 30 30 31 24 24 24 24 25 25 25 25 26 27 27 26 26 27 27 28 28 28 28 28 28 28 28 28 28 28 28 28 28 28 28 28 28 28 29 29 29 29 29 29 29 29 29 29 29 30 30 30 30 30 30 30 30 30 30 30 30 30 30 30 30 30 30 30 30 30 30 30 30 30 30 30 30 30 30 30 31 31 31 31 31 31 31 31 31 31 30 31 31 31 31 31 31 31 31 31 31 31 31 31 31 31 31 31 31 31 31 31 31 31 32 31 32 32 32 31 31 31 31 31 32 32 32 32 32 32 32 32 32 32 32 32 32 32 32 32 32 32 32 32 32 32 33 32 32 32 33 33 33 33 33 33 33 33 33 33 33 33 33 33 33 33 33 33 33 33 33 34 33 34 34 34 33 33 34 33 33 33 33 34 34 34 33 33 33 33 33 33 33 34 34 33 33 33 33 33 35 35 35 36 36 36 35 35 35 35 35 35 35 36 36 35 36 36 35 35 36 36 36 36 36 36 36 36 36 36 36 36 36 36 36 35 36 36 36 36 36 36 36 36 36 37 37 37 37 38 37 37 37 37 37 37 37 37 37 37 37 38 38 38 38 38 38 38 37 37 38 38 38 37 37 38 38 37 37 37 37 37 36 35 34 34 35 35 35 35 36 36 36 36 36 36 35 35 35 35 35 35 35 35 35 35 35 34 34 34 34 34 34 34 34 34 34 34 34 34 34 34 34 34 34 33 33 33 33 33 33 33 33 33 33 33 32 32 33 33 33 33 33 33 33 33 33 33 33 33 30 31 31 31 31 24 25 26 26 25 25 25 26 26 27 27 26 27 27 27 28 28 28 28 28 28 28 28 28 28 28 28 28 28 28 28 29 28 28 29 29 29 29 29 29 29 29 29 29 30 30 30 30 30 30 30 30 30 29 29 29 30 30 30 30 30 30 30 30 30 30 30 30 30 30 30 30 30 30 30 30 30 31 31 31 31 31 31 31 31 31 30 30 31 31 31 31 31 31 32 31 31 31 31 31 31 31 31 31 31 31 31 31 31 31 31 31 31 31 31 31 31 31 31 32 32 32 32 32 32 32 32 32 32 32 32 32 32 32 32 33 32 32 32 32 32 32 32 32 32 32 33 33 33 33 33 33 33 33 33 33 33 33 33 33 33 33 33 33 33 33 33 33 33 33 33 33 34 34 33 33 34 33 34 34 34 34 34 33 33 33 33 33 33 34 34 33 33 33 33 33 35 36 36 36 36 36 36 36 36 35 35 35 35 35 36 35 35 36 36 36 36 36 36 36 36 36 36 36 36 36 36 36 36 36 36 36 36 37 36 36 36 36 36 36 36 36 37 37 37 37 37 37 37 37 37 37 37 37 37 37 37 37 38 38 38 38 38 38 37 37 37 37 37 37 37 37 38 37 37 37 37 37 36 35 35 34 35 35 35 35 35 36 36 36 35 36 36 35 35 35 35 35 35 35 35 35 35 35 34 34 34 34 34 34 34 34 34 34 34 34 34 34 34 34 34 34 34 34 33 33 33 33 33 33 33 33 33 33 33 33 34 33 33 33 33 33 33 33 33 33 31 31 31 31 31 25 26 26 26 25 25 25 26 27 26 26 27 27 27 27 28 28 28 28 28 28 28 28 28 28 28 28 28 28 28 28 28 28 29 29 29 29 29 29 29 29 29 30 30 30 30 30 30 30 30 30 30 30 30 30 30 29 30 30 30 30 30 30 30 30 30 30 30 30 30 30 30 30 30 30 31 31 31 31 31 31 31 31 31 31 31 30 30 31 31 31 31 31 31 32 31 31 31 31 31 31 31 31 32 32 32 32 32 32 32 31 31 31 31 31 31 31 31 32 32 32 32 32 32 32 32 32 32 32 32 32 32 32 32 33 33 33 33 32 32 32 32 32 32 32 33 33 33 33 33 33 33 33 33 33 33 33 33 33 33 33 33 33 33 33 34 34 33 33 34 34 34 34 34 34 34 34 34 34 34 34 34 34 34 34 34 34 34 34 34 33 33 33 33 33 35 36 36 36 36 36 36 36 36 36 36 35 35 35 35 35 36 36 36 36 36 36 36 36 36 36 36 36 36 36 36 36 36 36 37 36 36 36 36 36 36 36 36 36 36 37 37 37 37 37 37 38 38 37 37 37 37 37 37 38 38 37 37 38 38 37 38 37 38 38 38 38 37 37 37 37 37 37 37 37 36 36 35 35 35 35 35 35 35 35 35 36 36 36 35 35 36 36 35 35 35 35 35 35 35 35 35 35 35 35 34 34 34 35 34 34 34 34 34 34 34 34 34 34 34 34 34 34 34 34 33 33 33 33 33 33 34 33 34 34 34 34 34 34 33 33 33 33 33 33 31 31 31 31 21 22 24 25 26 26 26 26 25 25 25 26 26 26 26 26 27 27 28 28 28 28 28 28 28 28 28 28 28 28 28 28 28 28 28 28 29 29 29 29 29 29 29 29 30 30 30 30 30 30 30 30 30 30 30 30 30 30 30 30 30 29 29 29 30 30 30 30 30 30 30 30 30 30 31 30 30 31 31 31 31 31 31 31 31 31 31 31 31 31 31 31 31 31 31 31 31 32 32 31 31 31 31 31 31 31 32 32 32 32 32 32 32 32 32 31 32 31 32 32 32 32 32 32 32 32 32 32 32 32 32 32 32 32 32 32 32 32 33 33 33 33 33 32 32 32 32 32 33 33 33 33 33 33 33 33 33 33 33 33 33 33 33 33 34 34 33 34 34 34 34 34 34 34 34 34 34 34 34 34 34 34 34 33 33 33 34 34 34 34 34 34 34 34 33 33 33 33 36 36 36 36 36 36 36 36 36 36 36 36 36 35 36 36 36 36 36 36 36 36 36 36 36 36 36 36 36 36 36 36 36 36 36 36 36 36 37 37 37 37 37 37 37 37 37 37 37 37 37 37 37 38 38 38 38 38 38 38 38 38 38 38 38 37 37 37 37 37 37 37 37 37 37 37 37 37 37 36 36 36 36 36 35 35 35 35 35 35 36 35 36 36 36 35 35 36 36 36 35 35 35 35 35 35 35 35 35 35 35 34 35 35 34 34 34 35 34 34 34 34 34 34 34 34 34 34 34 34 34 34 33 33 33 34 34 34 34 34 34 34 34 22 23 22 24 24 24 25 25 26 26 26 27 26 26 25 26 26 26 26 27 27 27 28 28 28 28 28 28 28 28 28 28 28 28 28 29 29 29 28 28 28 28 29 29 29 29 29 29 29 29 30 30 30 30 30 30 30 30 30 30 31 30 30 30 30 30 30 30 30 30 30 30 30 30 30 30 30 30 31 31 30 31 31 31 31 31 31 31 31 31 32 32 31 31 31 31 32 31 31 31 31 31 31 31 31 31 31 31 31 31 31 31 31 32 32 32 32 32 33 32 32 32 32 32 32 32 32 32 32 32 32 32 32 32 32 32 32 32 32 33 32 32 33 33 33 33 33 32 32 32 32 33 33 33 33 33 33 33 33 33 33 33 33 33 33 33 33 33 34 34 34 34 34 34 34 34 34 34 34 34 34 34 34 34 34 34 34 34 34 33 33 33 34 34 34 34 34 34 33 33 33 33 36 36 36 36 36 36 36 36 36 36 36 36 36 36 36 36 36 36 36 36 36 36 36 36 36 36 35 36 36 36 36 36 36 36 36 36 36 37 37 37 37 37 37 37 37 37 37 37 37 37 37 37 37 37 37 37 38 38 38 38 38 38 38 38 38 37 37 38 38 37 38 38 38 38 38 38 37 37 37 37 37 37 37 36 35 35 35 35 35 35 35 35 36 36 36 36 35 36 36 36 36 35 35 35 35 35 35 35 35 35 35 35 35 35 35 35 34 35 35 34 34 34 34 34 34 34 34 34 34 34 33 33 33 33 34 34 34 34 34 21 24 25 23 22 22 22 22 21 25 25 25 25 26 25 25 26 26 26 26 26 26 26 26 26 26 26 26 26 27 27 28 28 28 28 28 28 28 28 28 28 29 29 28 29 29 29 29 28 28 28 29 29 29 29 29 29 29 29 29 30 30 30 30 30 30 30 30 30 30 30 30 30 30 30 31 31 30 30 30 30 30 31 30 30 30 30 30 31 31 31 31 31 31 31 31 31 31 31 31 32 32 31 31 31 31 31 31 31 31 31 31 31 31 31 31 31 31 31 31 31 31 31 32 32 32 33 32 32 32 32 32 32 33 32 32 32 32 32 32 32 32 32 32 33 33 33 33 33 32 32 32 33 33 33 33 33 32 32 33 33 33 33 33 33 33 33 33 33 33 33 33 33 33 33 33 34 34 34 34 34 34 34 34 34 34 34 34 34 34 34 34 34 34 34 34 34 34 34 34 33 34 34 34 34 34 34 34 34 33 33 36 36 36 36 36 36 36 36 36 36 36 36 36 36 36 36 36 36 36 36 36 36 36 36 36 35 36 36 36 36 36 36 36 36 36 36 37 37 37 37 37 37 37 37 37 37 37 37 37 38 38 38 38 38 38 37 37 37 37 37 38 38 38 38 38 38 37 37 38 38 38 38 38 38 38 37 37 37 38 38 38 37 37 35 35 35 35 35 35 35 35 35 36 36 36 36 35 36 36 36 35 36 35 35 35 35 35 35 35 35 35 35 35 35 35 35 35 35 35 34 34 34 34 34 34 34 34 34 34 33 33 33 34 34 34 34 34 34 34 21 23 25 25 24 22 24 24 24 23 22 25 26 25 26 26 26 26 26 27 27 26 26 26 25 26 27 27 27 27 26 26 27 28 28 28 28 28 28 28 29 29 29 29 29 29 29 29 29 29 28 29 28 28 29 29 29 29 29 29 29 29 30 29 30 29 30 30 30 30 30 30 30 30 30 30 30 30 31 31 31 30 30 30 30 31 30 30 30 31 31 31 31 31 31 31 31 31 31 31 31 31 31 31 32 32 32 32 32 32 31 31 32 31 31 32 32 32 32 31 31 31 32 32 32 32 32 32 32 32 32 32 32 32 32 32 32 32 32 32 32 32 32 32 32 32 33 33 33 33 32 32 32 32 32 33 33 33 32 32 33 33 33 33 33 33 33 33 33 33 33 34 33 33 33 33 33 33 33 33 34 34 34 34 34 34 34 34 34 34 34 34 33 34 34 34 34 34 34 34 34 34 34 34 34 34 34 34 34 34 34 34 34 36 36 36 36 36 36 36 36 36 36 36 36 36 36 36 36 36 36 36 36 36 36 36 36 35 36 36 36 36 36 36 36 36 37 37 37 37 37 37 37 37 37 36 36 37 37 37 38 38 38 37 38 38 38 38 38 38 38 38 38 38 38 38 38 38 38 38 38 38 38 38 38 38 38 37 38 38 37 38 38 37 37 37 36 35 35 35 35 35 35 35 35 36 36 36 36 36 36 36 36 35 35 35 35 35 35 35 35 35 35 35 35 35 35 35 35 35 35 34 34 34 34 34 34 34 34 34 34 34 34 34 34 34 34 34 34 34 34 34 22 23 24 24 24 24 25 26 25 24 23 23 23 22 25 25 25 25 25 25 26 26 26 26 26 27 27 27 26 26 26 26 27 27 27 27 26 27 27 27 28 29 28 29 29 29 29 29 29 29 29 29 29 29 29 29 29 29 29 29 29 29 29 29 29 29 29 30 29 30 30 30 30 30 30 30 30 30 30 30 30 30 30 30 30 31 31 31 30 30 31 30 31 31 31 31 31 31 31 31 31 31 31 31 31 31 31 31 31 31 31 32 32 32 31 31 31 32 31 31 32 32 32 32 32 32 32 32 32 32 32 32 32 32 32 32 32 32 32 32 32 32 32 32 32 32 32 32 32 32 32 32 33 33 33 33 32 32 32 32 33 33 33 33 33 33 33 33 33 33 33 33 33 33 33 33 34 33 33 33 33 33 34 34 34 34 34 34 34 34 34 35 34 34 34 34 34 34 33 34 34 34 34 34 34 33 34 34 34 34 34 34 34 34 34 34 34 34 36 36 36 36 36 36 36 36 36 36 36 36 36 36 36 36 36 36 36 36 36 36 36 36 36 36 36 36 36 36 36 36 37 37 37 37 37 37 37 37 37 37 36 37 37 37 37 38 38 38 38 38 38 38 38 38 38 38 38 38 38 38 38 38 38 38 38 38 38 38 38 38 38 38 38 38 38 37 37 37 37 36 36 36 36 35 35 35 36 36 35 35 36 36 36 36 36 36 36 36 36 35 35 35 35 35 35 35 35 35 35 35 35 35 35 35 35 34 34 34 34 34 34 34 34 34 34 34 34 34 34 34 34 34 34 34 34 34 34 22 23 24 24 25 25 26 26 25 25 24 25 24 22 25 25 25 25 25 25 25 26 26 26 26 26 26 27 26 26 26 26 27 27 27 28 27 27 27 27 27 28 28 28 28 29 29 29 29 29 29 29 29 29 29 29 29 29 29 30 30 29 29 29 29 29 29 29 30 30 30 30 30 30 30 30 30 30 30 30 30 30 30 30 30 30 30 30 30 30 30 30 30 30 31 31 31 31 31 31 31 31 31 31 31 31 31 31 31 31 31 31 31 31 32 32 31 31 32 32 31 31 32 32 32 32 33 32 32 33 33 33 33 33 32 32 32 32 32 32 32 32 32 32 32 32 32 32 32 32 32 32 33 33 33 33 33 33 33 33 33 33 33 33 33 33 33 33 33 33 33 33 33 33 33 33 33 33 33 34 34 33 33 34 34 34 34 34 34 34 34 34 35 34 34 34 34 34 34 34 34 33 33 34 34 34 34 34 34 34 34 34 34 34 34 34 34 34 34 34 36 36 36 36 36 36 36 36 36 36 36 36 36 36 36 36 36 36 36 36 36 36 36 36 36 36 36 36 36 36 36 36 36 36 37 36 36 37 37 37 37 36 36 36 37 37 37 37 38 38 38 38 38 38 38 38 38 38 38 38 38 38 38 38 38 38 38 38 38 38 38 38 38 38 38 38 37 37 37 37 37 36 36 36 36 35 35 36 36 36 36 35 36 36 36 36 36 36 36 36 36 36 36 35 35 35 35 35 35 35 35 36 36 35 35 35 35 35 34 35 34 35 35 35 34 34 34 34 34 34 34 34 34 34 34 34 34 34 34 34 23 24 24 25 25 26 26 26 25 25 25 23 23 23 23 23 25 25 25 25 25 25 26 26 26 26 26 26 26 27 27 26 26 26 27 28 28 28 27 27 28 28 28 28 28 28 29 29 28 28 28 28 28 28 28 28 28 29 29 29 29 29 30 30 30 29 29 29 29 29 30 30 30 30 30 30 30 30 30 30 30 30 30 30 30 31 31 30 30 30 30 30 30 30 30 31 31 31 31 31 31 31 31 31 31 31 31 31 31 31 32 31 32 32 32 32 32 32 32 31 31 31 31 32 32 32 32 32 32 32 32 32 32 33 33 33 33 32 32 32 32 32 32 32 32 32 32 32 32 32 32 33 33 33 33 33 33 33 33 33 33 33 33 33 33 33 33 33 33 33 33 33 33 33 33 33 33 33 34 34 33 34 34 34 33 33 34 34 34 34 34 34 34 34 34 34 34 34 34 34 33 34 34 34 33 34 34 34 34 34 34 34 34 34 34 34 34 34 34 34 34 34 36 36 36 36 36 36 36 36 36 36 36 36 36 36 36 36 36 36 36 36 36 36 36 36 36 36 36 36 36 36 36 36 37 37 37 36 36 36 37 36 36 36 36 37 37 37 37 38 38 38 38 38 38 38 38 38 38 38 38 38 38 38 38 38 38 38 38 38 38 38 38 38 37 37 38 38 38 37 37 36 36 37 36 36 35 36 36 36 36 36 36 35 36 36 36 36 36 36 36 36 36 36 36 36 35 35 35 35 35 35 35 35 35 35 35 35 35 34 35 35 35 34 35 35 35 34 34 34 34 34 34 34 34 34 34 34 34 34 34 23 24 25 25 25 26 25 26 26 25 25 24 23 24 25 25 25 25 25 24 24 24 24 24 24 24 24 24 24 24 24 24 24 25 25 25 26 26 26 25 25 26 26 26 26 26 26 27 27 27 26 26 27 27 27 27 28 28 28 28 28 29 29 29 29 29 29 28 28 28 28 28 28 28 29 29 29 29 29 29 29 30 30 30 30 30 30 29 29 30 30 30 30 30 30 30 30 30 30 30 30 30 31 31 31 31 31 31 31 30 30 30 30 31 31 31 31 31 31 31 31 31 31 31 31 31 31 31 32 32 32 32 32 32 32 32 32 32 32 32 32 32 32 32 32 32 32 32 32 32 32 33 33 33 33 33 32 32 32 32 32 32 32 32 32 32 32 32 33 33 33 33 33 33 33 33 33 33 33 33 33 33 33 33 33 33 33 33 33 33 34 34 33 33 33 33 34 34 34 34 34 34 34 34 34 33 34 34 34 34 34 34 34 34 34 34 34 34 34 34 34 34 34 34 34 34 34 34 34 34 34 34 34 34 34 34 34 34 34 34 36 36 36 36 36 36 36 36 36 36 36 36 36 36 36 36 36 36 36 36 36 36 36 36 36 36 36 36 36 36 36 36 37 36 36 36 36 36 36 36 36 36 36 37 37 37 38 38 38 38 38 38 38 38 38 38 38 38 38 38 38 38 38 38 38 38 37 37 37 38 38 38 37 37 37 37 37 37 37 37 36 36 36 36 36 36 36 36 36 36 36 36 35 36 36 36 36 36 36 36 36 36 36 36 36 36 35 35 35 35 35 35 35 35 35 35 35 35 35 35 35 35 35 34 35 35 35 35 34 34 34 34 34 34 34 34 34 34 35 24 25 25 25 25 26 25 25 24 24 24 24 25 26 26 26 26 26 26 25 25 25 26 26 25 25 24 25 25 25 25 26 26 25 26 26 26 26 25 25 25 26 26 26 27 27 27 27 27 26 27 27 27 27 27 27 27 28 28 29 29 29 29 29 29 29 29 29 29 28 28 29 29 29 29 29 29 29 29 29 30 30 30 30 30 30 29 30 30 30 30 30 30 30 30 30 30 30 30 31 31 30 31 31 31 31 31 31 31 30 30 30 30 30 31 31 31 31 31 31 31 31 31 31 31 32 32 32 32 32 32 32 32 32 32 32 32 32 32 32 32 32 32 32 32 32 32 32 32 33 33 33 33 33 33 32 32 33 33 32 32 32 32 32 32 33 33 33 33 33 33 33 33 33 33 33 33 33 33 33 33 33 33 33 33 33 33 33 34 34 34 34 33 33 34 34 34 34 34 34 34 34 34 34 33 34 34 34 34 34 34 34 34 34 34 34 34 34 34 34 34 34 34 34 34 34 34 34 34 34 34 34 34 34 34 34 34 34 36 36 36 36 36 36 36 36 36 36 36 36 36 36 36 36 36 36 36 36 36 36 36 36 36 36 36 36 36 36 36 37 36 36 36 37 37 37 37 36 36 36 36 36 36 37 37 37 38 38 38 38 38 38 38 38 38 38 38 38 38 38 38 38 38 38 37 37 37 37 38 38 37 37 37 37 38 38 37 37 36 36 36 35 36 36 36 36 36 36 36 36 36 36 36 36 36 36 36 36 36 36 36 36 36 36 36 35 35 35 35 35 35 35 35 35 35 35 35 35 35 35 35 35 35 35 35 34 34 34 34 34 34 34 34 35 35 35 35 25 25 25 26 26 25 25 24 24 24 24 24 26 26 27 27 27 27 26 27 27 27 27 27 26 26 26 25 25 25 26 26 25 26 26 26 27 26 26 26 26 26 26 26 26 26 27 27 27 27 27 27 27 27 27 28 28 28 29 29 29 29 29 29 29 29 29 29 29 29 29 29 29 29 29 29 29 30 30 30 30 30 30 30 29 29 30 30 30 30 30 30 30 30 30 30 30 30 31 30 31 31 31 31 31 31 31 31 31 31 30 30 31 30 31 31 31 31 31 31 32 32 31 31 31 32 32 32 32 32 32 32 32 32 32 32 32 32 32 32 32 32 32 32 32 32 32 33 33 33 33 33 33 33 33 33 33 33 33 32 32 32 32 33 33 33 33 33 33 33 33 33 33 33 33 33 33 33 33 33 33 33 33 33 33 33 34 34 34 34 34 33 33 34 34 34 34 34 35 35 34 34 34 33 34 34 34 34 34 34 34 34 34 34 34 34 34 34 34 34 34 34 34 34 34 34 34 34 34 34 34 34 34 34 34 34 34 36 36 36 36 36 36 36 36 36 36 36 36 36 36 36 36 36 36 36 36 36 36 36 36 36 36 36 36 36 36 37 36 36 36 37 37 37 37 37 37 37 37 37 37 37 37 38 38 38 38 38 38 38 38 38 38 38 39 38 38 38 38 38 38 37 37 37 37 38 38 37 37 37 36 36 37 37 37 37 36 36 36 36 35 36 36 36 36 36 36 36 36 36 36 36 36 36 36 36 36 36 36 36 36 36 36 36 35 35 35 35 35 35 35 35 35 35 35 35 35 35 35 35 35 35 35 35 34 34 34 34 34 34 34 34 35 35 35 35 25 25 26 27 27 26 25 25 25 25 25 26 27 27 27 27 27 27 27 27 27 27 27 27 27 27 27 26 26 26 25 26 26 26 27 27 26 26 26 26 26 26 27 27 27 27 27 27 27 27 27 27 27 27 27 28 28 28 29 29 30 29 29 29 29 29 29 29 29 29 29 29 29 29 29 29 29 30 30 30 29 29 30 30 29 30 29 30 30 30 30 30 30 30 30 30 31 30 30 31 31 30 30 30 31 31 31 31 31 31 31 31 31 31 31 31 31 31 31 31 32 32 32 32 32 32 32 32 32 32 32 32 32 32 32 32 32 32 32 32 33 32 32 32 32 32 32 32 33 33 33 33 33 33 33 33 33 33 33 33 33 33 33 33 33 33 33 33 33 33 33 33 33 33 33 33 33 33 33 33 33 33 33 33 33 33 34 34 34 34 34 33 34 34 34 34 34 34 35 34 34 34 34 34 34 34 34 34 34 34 34 34 34 34 35 34 34 34 34 34 34 34 34 34 34 34 34 34 34 34 34 34 34 34 34 34 36 36 36 36 36 36 36 36 36 36 36 36 36 36 36 36 36 36 36 36 36 36 36 36 36 36 37 37 37 37 37 36 36 36 36 37 37 37 37 37 37 37 37 37 37 38 37 37 37 38 38 38 38 38 38 38 38 38 38 38 38 38 38 37 37 37 37 38 38 38 38 37 37 36 36 37 37 37 36 36 36 36 35 36 36 36 36 36 36 36 36 36 36 36 36 36 36 36 36 36 36 36 36 36 35 36 35 35 35 35 35 35 35 35 35 35 35 35 35 35 35 35 35 35 35 35 35 35 35 34 34 35 34 35 35 35 34 26 27 27 27 26 26 26 26 26 26 26 27 28 28 27 27 28 28 28 28 28 28 28 28 27 27 26 26 25 26 26 26 26 27 26 25 26 26 27 27 26 26 26 27 27 27 27 27 27 28 28 28 27 28 28 29 29 29 29 30 29 29 29 29 29 29 29 29 29 29 29 29 29 29 29 29 30 30 30 30 30 29 29 29 30 30 30 30 30 30 30 30 30 30 31 31 30 30 30 31 31 30 31 31 31 31 31 31 31 30 30 30 31 31 31 31 31 31 31 32 32 32 32 32 32 32 32 32 32 32 32 32 32 32 32 32 32 32 33 33 32 32 32 32 32 32 32 32 32 32 33 33 33 33 33 33 33 33 33 33 33 33 33 33 33 33 33 33 33 33 33 33 33 33 33 33 33 33 33 33 33 33 33 33 33 34 34 34 34 34 34 34 34 34 34 34 35 35 35 34 34 34 34 34 35 35 34 34 34 34 34 34 35 34 34 34 34 34 34 34 34 34 34 34 34 34 34 34 34 34 34 34 34 34 34 36 36 36 37 37 36 36 36 36 36 36 36 37 37 37 37 36 36 36 36 36 36 36 36 36 36 37 37 37 37 36 36 36 36 36 37 37 37 37 37 37 37 37 37 38 38 37 37 38 38 38 38 38 38 38 38 38 38 38 38 38 38 37 37 37 38 38 38 38 37 37 37 37 37 37 36 37 36 36 36 36 36 36 36 36 36 36 36 36 36 36 36 36 36 36 36 36 36 36 36 36 36 36 36 35 35 35 36 36 35 35 35 35 35 35 35 35 35 35 35 35 35 35 35 35 35 35 35 35 34 35 35 35 35 35 35 35 28 28 27 26 26 26 26 26 27 27 27 28 28 28 27 28 29 28 28 28 29 28 28 28 27 27 27 27 28 28 27 27 28 27 26 26 26 27 27 26 27 27 27 28 28 28 28 28 28 29 28 28 28 29 29 29 29 29 29 29 30 30 29 29 29 29 29 29 29 29 29 29 29 29 29 30 30 30 30 30 30 30 30 30 30 30 31 30 31 30 30 30 31 31 31 31 30 30 30 30 30 31 31 31 31 31 32 31 30 30 30 31 31 31 32 31 31 31 32 32 32 32 32 32 32 32 32 32 32 32 32 32 32 32 32 32 32 32 32 32 32 33 33 33 33 33 33 33 33 33 33 33 33 33 33 33 33 33 33 33 33 33 33 33 33 33 33 33 33 33 33 33 33 33 33 33 33 33 33 33 33 33 33 33 34 34 34 34 34 34 34 34 34 34 34 35 35 35 34 34 34 34 34 34 34 34 34 34 34 34 34 35 35 34 34 34 34 34 34 34 34 34 34 34 34 34 34 34 34 35 34 34 34 34 36 36 36 37 37 36 36 36 36 36 36 37 37 37 37 37 37 36 36 36 36 37 37 37 36 37 37 37 37 37 36 36 36 36 37 37 37 37 37 37 37 37 37 38 38 38 37 37 38 38 38 38 38 38 38 38 38 38 38 38 38 37 37 37 37 38 38 38 38 37 37 37 37 37 37 37 36 37 36 36 36 36 36 36 36 36 36 36 36 36 36 36 36 36 36 36 36 36 36 36 36 36 36 36 36 35 35 36 36 35 35 35 35 35 35 35 35 35 35 35 35 35 35 35 35 35 35 35 35 35 34 35 35 35 35 35 35 28 28 27 27 28 27 27 27 27 27 27 27 28 28 28 29 28 28 29 29 29 29 28 29 28 28 28 28 29 29 29 28 29 29 28 27 26 27 28 28 28 28 28 29 29 29 29 29 29 29 29 29 29 28 28 29 29 29 29 29 30 30 30 30 30 29 29 30 30 30 30 30 30 30 29 29 30 30 30 30 30 31 30 30 30 30 30 30 31 31 31 31 31 31 31 31 31 31 30 30 30 30 31 31 30 30 30 30 30 31 31 31 31 31 31 31 31 31 31 32 32 32 32 32 32 32 32 32 32 32 32 32 32 32 32 32 32 32 32 32 32 33 33 33 33 33 33 33 33 33 33 33 33 33 33 33 33 33 33 33 33 33 33 33 33 33 33 33 33 33 33 33 33 33 33 33 33 33 33 33 33 33 33 33 34 34 34 34 34 34 34 35 34 34 34 34 35 35 34 34 34 34 34 34 34 34 35 35 34 34 34 34 35 35 34 34 35 35 34 34 34 34 35 35 35 35 35 35 35 35 34 34 34 34 36 36 36 37 37 36 36 36 36 36 36 37 37 37 37 37 37 36 36 36 36 37 37 37 37 37 37 37 37 37 37 36 36 36 37 37 37 37 37 38 37 37 37 38 37 37 37 37 37 37 38 38 38 38 38 38 38 38 38 38 38 37 37 37 37 37 38 37 37 37 37 36 37 37 37 37 36 36 36 36 36 36 36 36 36 36 36 36 36 36 36 36 36 36 36 36 36 36 36 36 36 36 36 36 36 36 36 36 36 35 35 35 35 35 35 35 35 35 35 35 35 35 35 35 35 35 35 35 35 35 35 35 35 35 35 35 35 27 27 27 27 27 27 27 28 27 27 27 27 27 28 29 29 29 29 29 29 29 29 29 29 28 28 29 29 29 29 29 29 29 28 28 28 28 28 29 29 29 29 29 29 29 29 29 29 30 29 29 29 29 29 29 29 29 29 29 29 30 30 30 30 30 30 30 30 30 30 30 30 30 30 29 30 30 30 30 31 30 30 30 30 30 31 31 31 31 31 31 31 31 31 31 30 30 30 30 30 30 30 30 30 30 30 30 31 32 32 31 31 31 31 31 31 31 31 31 32 32 32 32 32 32 32 32 32 32 32 32 33 33 33 33 33 32 33 33 33 33 33 33 33 33 33 33 33 33 33 33 33 33 33 33 33 33 33 33 33 33 33 33 33 33 33 33 33 33 33 33 33 33 33 33 33 33 33 33 33 33 33 34 34 34 34 34 35 35 35 35 34 34 34 34 35 35 35 35 34 34 34 34 34 34 34 34 35 35 34 34 35 35 34 34 34 35 35 35 35 35 34 35 35 35 35 35 35 35 35 34 34 34 36 36 36 36 37 37 36 36 36 36 37 37 37 37 37 37 37 37 37 37 37 37 37 37 37 37 37 37 37 37 37 37 37 37 37 37 37 37 37 37 37 37 37 37 38 37 37 37 37 37 37 38 38 38 38 38 38 39 39 39 38 38 38 37 36 37 38 37 36 36 37 37 37 37 37 37 37 37 37 37 36 36 36 36 36 36 36 36 36 36 36 36 36 36 36 36 36 36 36 36 36 36 36 36 36 36 36 36 36 36 35 35 35 35 35 35 35 35 35 35 35 35 35 35 35 35 35 35 35 35 35 35 35 35 35 35 35 27 27 27 27 27 27 28 27 27 27 28 27 28 28 29 29 29 29 29 29 29 29 29 29 29 29 29 30 30 29 29 29 29 29 29 29 29 29 29 29 29 29 29 29 29 29 30 30 30 29 29 29 29 29 29 29 29 30 30 29 29 30 30 30 30 30 30 30 30 30 30 30 30 30 30 30 30 30 30 30 30 30 30 31 31 31 31 31 31 31 32 32 32 31 31 30 30 31 31 31 31 31 32 31 30 30 31 32 32 32 31 31 31 32 31 31 31 32 32 32 32 32 32 32 32 32 32 33 33 33 33 33 33 33 33 33 33 33 33 33 33 33 33 33 33 33 33 33 33 33 33 33 33 33 33 33 33 33 34 34 34 33 33 33 33 33 33 33 33 33 33 33 33 33 33 33 33 33 33 33 33 33 34 34 34 34 34 35 35 35 35 35 35 35 35 35 35 34 34 34 34 34 34 34 34 34 34 34 34 35 34 35 35 35 35 35 35 35 35 35 35 35 34 34 35 35 34 34 34 34 34 34 36 36 37 37 37 36 36 36 36 36 37 37 37 37 37 37 37 37 37 37 37 37 37 37 37 37 37 37 37 37 37 37 37 37 37 37 37 37 37 37 37 37 37 37 37 37 37 37 37 37 37 38 38 38 38 38 38 38 38 39 38 38 38 38 37 36 37 37 37 36 37 36 37 37 37 37 37 37 37 36 36 36 36 36 36 37 36 36 36 36 36 36 36 36 36 36 37 36 36 36 36 36 36 36 36 36 36 36 36 35 35 35 35 36 35 35 35 35 35 35 35 35 35 35 35 35 35 35 35 35 35 35 35 35 35 35 35 27 27 27 27 27 27 27 27 28 27 27 28 28 29 29 29 30 30 29 29 29 29 29 29 30 29 29 29 29 29 29 29 29 29 29 29 29 29 29 29 29 29 29 29 29 30 30 30 30 30 30 30 29 29 29 29 29 30 29 29 29 30 30 30 30 30 30 30 30 30 30 30 30 30 30 30 30 30 30 31 30 30 30 31 31 31 31 31 31 31 31 31 31 31 30 31 31 31 31 31 32 32 31 31 31 31 31 31 32 32 32 32 32 32 32 32 32 32 32 32 32 32 32 32 32 32 33 33 33 33 33 33 33 33 33 33 33 33 33 33 33 33 33 33 33 33 33 33 33 33 33 33 33 33 33 33 34 34 34 34 33 33 33 33 33 33 33 33 33 33 33 33 33 33 33 33 33 33 33 34 34 34 34 34 34 34 35 35 35 35 35 35 35 35 34 35 35 35 35 35 35 34 34 35 35 35 34 34 34 34 34 34 35 35 35 35 35 35 35 35 34 34 34 35 34 34 35 35 34 34 34 37 37 37 37 37 36 36 36 36 36 37 37 37 37 37 37 37 37 37 37 37 37 37 37 37 37 37 37 37 37 37 37 37 37 37 37 37 37 37 37 37 37 37 38 37 37 37 37 37 38 38 38 38 38 38 38 38 38 38 38 38 38 38 38 38 37 36 36 37 37 36 36 37 37 37 37 37 37 37 36 36 36 37 36 36 36 36 36 36 36 36 36 37 36 36 36 37 37 36 36 36 36 36 36 36 36 36 36 36 36 36 36 36 36 36 35 35 35 35 35 35 35 35 35 35 35 35 35 35 35 35 35 35 35 35 35 35 26 27 28 28 27 27 27 28 28 28 28 28 29 29 29 29 29 29 29 29 29 29 29 29 29 29 29 29 29 29 29 29 29 29 29 29 29 29 29 29 29 29 29 29 30 30 30 30 30 30 30 30 30 30 29 29 29 29 29 29 29 29 30 30 30 30 30 30 30 30 30 30 30 30 30 30 30 31 31 31 30 31 31 31 31 31 31 31 31 31 31 30 30 30 31 31 31 31 31 31 31 31 32 31 31 31 32 32 32 32 32 32 32 32 32 32 32 32 32 32 32 32 32 32 32 33 33 33 33 33 33 33 33 33 33 33 33 33 33 33 33 33 33 33 33 33 33 33 33 33 33 33 34 33 33 33 34 34 34 34 34 34 34 34 34 34 33 33 33 33 33 33 33 33 33 33 33 33 34 34 35 34 35 35 35 35 35 35 35 35 35 35 35 35 35 35 35 35 35 35 35 35 35 35 35 35 35 35 34 34 34 35 35 35 35 35 35 35 35 35 35 35 35 34 34 35 34 34 34 34 37 37 37 37 36 36 36 36 36 36 37 37 37 37 37 37 37 37 37 37 37 37 37 37 37 37 37 37 37 37 37 37 37 37 37 37 37 37 37 37 37 37 37 37 37 37 38 37 37 37 38 38 38 38 37 38 38 38 38 38 38 38 38 38 38 38 37 37 37 37 36 36 36 37 37 37 37 37 37 37 36 36 36 37 37 37 37 36 36 36 37 37 37 37 36 36 37 37 36 36 36 36 36 37 37 36 36 36 36 36 36 36 36 35 35 36 36 35 35 35 35 35 35 35 35 35 35 35 35 35 35 35 35 35 35 35 27 28 28 28 28 28 28 28 28 28 28 28 29 29 29 29 29 29 29 29 29 29 29 29 29 29 29 29 29 29 29 29 29 29 29 29 29 29 29 29 29 29 29 29 29 30 30 30 30 30 30 30 30 30 30 29 29 29 29 29 29 29 29 30 30 30 30 30 31 30 30 30 30 30 30 30 31 31 31 31 31 31 31 31 31 31 31 31 31 31 30 30 31 31 31 31 31 31 31 31 31 32 32 32 32 32 32 32 32 32 32 33 32 32 32 32 32 32 32 32 32 32 32 32 33 33 33 33 33 33 33 33 33 33 33 33 33 33 33 33 33 33 33 33 33 33 33 33 34 34 34 33 33 34 34 34 34 34 34 34 34 35 34 34 33 33 33 33 33 33 33 34 33 33 33 33 33 34 34 35 35 35 35 35 35 35 35 36 36 35 35 35 35 35 35 35 35 35 35 35 35 35 35 35 35 35 34 35 34 34 35 35 35 35 35 35 35 35 35 35 35 35 34 35 35 34 35 34 34 37 37 37 37 36 36 36 36 36 36 37 37 37 37 37 37 37 37 37 37 37 37 37 37 37 37 37 37 37 37 37 37 37 37 37 37 37 37 37 37 37 37 37 37 37 37 37 37 37 37 37 38 38 38 37 38 38 38 38 38 38 38 38 38 38 38 38 37 37 37 37 36 36 36 37 37 37 36 36 37 36 37 37 37 37 37 37 37 36 37 37 37 37 37 37 37 37 37 36 36 36 37 37 37 37 36 36 36 36 36 36 36 36 36 36 35 35 35 35 35 35 35 35 35 35 35 35 35 35 35 35 35 35 35 35 35 28 28 28 28 28 28 28 28 28 28 28 29 29 30 29 30 29 29 29 29 29 29 29 29 29 29 29 29 29 29 30 30 29 30 30 30 29 29 29 29 29 29 29 29 29 29 29 30 30 30 30 30 30 30 30 29 29 29 29 29 29 29 30 30 30 30 30 30 31 30 31 30 30 30 31 31 31 31 31 31 31 31 31 31 31 31 31 31 31 31 31 31 31 31 31 31 31 31 31 31 31 32 32 32 32 32 32 32 32 32 33 33 32 32 32 32 32 32 32 32 32 32 33 32 33 33 33 33 33 33 33 33 33 33 33 33 33 33 34 33 34 34 34 34 34 34 34 34 34 34 34 34 34 34 34 34 34 34 34 35 34 34 34 34 33 33 33 33 33 33 33 33 33 33 33 33 33 34 35 35 35 35 35 35 35 35 35 36 35 36 35 35 35 35 36 36 36 36 36 35 35 35 35 35 35 35 34 34 34 34 35 35 35 35 35 35 35 35 35 35 34 35 34 34 35 35 35 35 37 37 37 37 37 37 37 36 36 36 37 37 37 37 37 37 37 37 37 37 37 37 37 37 37 37 37 37 37 37 37 37 37 37 37 37 37 37 37 37 37 37 37 37 37 37 37 37 37 37 37 38 38 38 37 38 38 38 38 38 38 38 38 38 38 38 38 38 37 37 37 37 36 36 36 37 37 37 37 37 37 37 37 37 37 37 37 37 37 37 37 37 37 37 37 37 37 37 36 37 37 37 37 37 37 37 36 36 36 36 36 36 36 36 35 35 35 35 36 35 35 35 35 35 35 35 35 35 35 35 35 35 35 35 35 35 28 28 28 28 28 28 28 29 29 29 29 29 30 30 29 29 29 30 30 29 29 29 29 29 29 29 30 29 29 29 30 29 30 30 30 30 29 29 29 29 29 29 29 30 30 29 29 29 29 29 30 30 30 30 29 30 30 30 30 29 29 30 29 29 29 29 30 30 31 31 31 31 31 31 31 31 31 31 31 31 31 31 31 31 31 31 31 31 31 31 32 32 31 31 31 31 31 31 31 31 31 32 32 32 32 32 32 32 32 32 33 33 32 32 32 32 32 32 32 32 32 32 33 33 33 33 33 33 33 33 33 33 33 33 33 34 34 34 34 34 34 34 34 34 34 34 34 34 34 34 34 34 34 34 34 34 34 34 35 35 34 34 34 34 33 33 33 33 33 33 34 34 34 34 33 33 34 34 35 35 35 34 35 35 35 35 36 35 35 35 35 36 36 36 36 35 35 36 36 35 35 35 35 35 35 35 35 34 35 35 35 35 35 35 35 35 35 35 35 35 35 35 35 35 35 35 35 37 38 37 37 37 37 37 37 36 36 37 37 37 37 37 37 37 37 37 37 37 37 37 37 37 37 37 37 37 37 37 37 37 37 37 38 37 37 37 37 37 37 37 37 37 37 37 37 37 37 37 37 38 38 37 38 38 38 38 38 38 38 38 37 38 38 38 38 37 37 37 37 37 37 37 37 37 37 37 37 37 37 37 37 37 37 37 37 37 37 37 37 37 37 37 37 37 37 37 37 37 37 37 37 37 37 36 36 36 36 36 36 36 36 36 36 36 36 36 36 36 36 36 35 35 35 35 35 35 35 35 35 35 35 35 28 29 29 28 28 28 28 29 29 29 29 30 30 30 29 29 29 29 29 29 29 29 29 29 29 30 29 29 29 30 30 30 30 30 30 30 29 29 29 29 30 30 30 30 30 29 30 30 30 30 31 30 30 30 30 30 30 30 29 29 29 29 29 29 29 29 30 31 31 31 31 31 31 31 31 31 31 31 31 31 31 31 31 31 32 32 31 31 31 32 32 32 31 31 31 31 31 32 32 32 32 32 32 32 32 32 32 32 32 32 33 33 33 33 32 33 33 32 32 32 33 33 33 33 33 33 33 33 33 33 33 33 33 33 34 34 34 34 34 34 34 34 34 34 34 34 34 34 34 34 34 34 34 34 34 34 34 35 35 35 35 34 34 33 33 33 33 33 33 33 34 34 34 33 33 34 34 35 35 35 34 35 35 35 35 35 36 36 35 35 36 36 36 36 36 36 35 35 36 35 35 35 35 35 35 35 35 35 35 35 35 35 35 35 35 35 35 35 35 35 35 35 35 35 35 36 38 38 37 37 37 36 36 36 36 37 37 37 37 37 37 37 37 37 37 37 37 37 37 37 37 37 38 37 37 38 37 37 37 37 37 38 38 37 37 37 37 37 37 38 38 38 38 37 37 37 38 38 38 38 38 38 37 37 37 37 38 38 37 38 38 38 38 37 37 37 37 37 37 37 37 37 37 37 37 37 37 37 37 37 37 37 37 37 37 37 37 37 37 37 37 37 38 37 37 37 37 37 37 37 37 37 36 36 36 36 36 36 36 36 36 36 36 36 36 36 36 36 36 35 35 35 35 35 35 35 36 35 36 36 36 28 28 28 28 29 29 29 29 29 29 29 29 29 29 29 29 29 29 29 29 29 29 29 30 30 29 29 29 30 30 30 30 30 30 30 30 30 30 30 30 30 30 30 30 30 30 30 31 31 31 31 31 31 31 31 30 30 30 30 30 30 30 30 30 29 30 30 31 31 31 31 31 31 31 31 31 31 31 31 31 31 32 32 32 32 32 31 31 32 32 32 32 31 31 31 31 32 32 32 32 32 32 32 32 32 32 32 32 32 32 33 33 33 33 34 33 33 32 32 32 33 33 33 33 33 33 33 33 33 33 33 33 34 34 34 34 34 34 34 34 34 34 34 34 34 34 34 34 34 34 34 34 34 34 34 34 34 35 35 34 34 34 33 33 33 33 33 33 33 34 34 34 34 33 34 34 35 36 35 35 35 35 36 36 36 36 36 36 36 36 36 36 36 36 36 36 35 35 35 35 35 35 35 35 35 35 35 35 35 35 35 35 35 35 35 35 35 35 35 35 35 35 35 35 36 38 38 37 37 37 37 37 37 37 37 37 37 37 37 37 37 37 37 37 37 37 37 37 37 37 38 38 38 38 38 38 38 38 38 37 37 38 38 38 38 37 37 38 38 38 38 38 38 37 38 38 38 38 38 38 38 38 37 37 37 37 37 38 37 38 37 37 37 37 37 37 37 37 37 37 37 37 37 37 37 37 37 37 37 37 37 37 37 37 37 37 37 37 37 37 37 37 37 37 37 37 37 37 37 37 37 37 37 36 36 37 36 36 36 36 36 36 36 36 36 36 36 36 36 35 35 35 35 35 35 36 35 36 36 29 28 28 27 28 28 28 28 28 29 29 29 28 28 29 28 28 29 29 30 30 30 30 30 30 29 29 29 30 30 30 30 30 30 30 30 30 30 30 30 30 30 30 30 30 30 30 30 30 31 31 31 31 31 31 31 31 31 31 31 30 30 30 30 29 29 30 30 31 31 31 31 31 32 32 31 31 31 31 31 31 31 32 32 32 32 32 32 32 32 32 32 32 32 31 31 31 32 32 32 32 32 32 32 32 32 32 32 32 32 32 33 33 33 33 34 34 33 33 32 33 33 33 33 33 33 33 33 33 33 33 33 34 34 34 34 34 34 34 34 34 34 34 34 34 34 34 34 34 34 34 34 34 34 34 34 35 35 35 35 35 34 34 34 34 33 33 33 33 34 34 34 34 34 34 34 35 35 35 35 35 35 35 35 35 36 36 36 36 36 36 36 36 36 36 36 36 35 35 35 36 36 35 35 35 35 35 35 35 35 35 35 35 35 35 35 35 35 35 35 35 36 36 36 36 38 38 37 37 37 37 37 37 37 37 37 37 38 38 38 38 38 37 37 37 37 37 37 37 37 38 38 38 38 38 38 38 38 38 38 37 38 38 38 38 37 37 37 37 38 38 38 38 38 38 38 38 38 38 38 38 38 38 37 37 37 37 37 37 37 37 37 37 37 37 37 37 37 37 37 37 37 37 37 38 37 37 37 37 37 37 37 37 37 37 37 37 37 37 37 37 37 37 37 37 37 37 37 37 37 37 37 37 37 37 37 36 36 36 36 36 36 36 36 35 36 36 36 36 35 35 35 35 36 36 36 36 36 28 28 28 27 27 27 27 28 28 28 28 29 28 28 28 28 28 29 30 30 30 31 31 31 30 30 30 30 30 30 30 30 30 31 30 30 30 30 31 31 30 30 30 30 30 30 31 31 31 31 31 31 31 31 32 31 31 31 31 31 31 31 31 30 30 30 30 31 31 31 31 31 31 31 31 31 31 31 31 31 32 32 32 32 32 32 32 32 32 32 32 32 32 32 31 31 32 32 32 32 32 32 32 32 32 32 32 32 32 32 32 33 33 34 34 34 33 33 33 33 33 33 33 33 33 33 33 33 33 33 34 34 34 34 34 34 34 34 34 34 34 34 34 34 34 34 34 34 34 34 34 34 34 34 34 35 35 35 35 35 35 34 34 34 34 34 33 34 34 34 34 34 34 34 35 35 35 35 35 35 36 35 35 36 36 36 36 35 35 36 36 36 36 35 35 35 35 35 35 35 36 36 36 36 35 35 36 36 36 36 36 36 36 35 35 35 35 35 35 35 35 36 36 36 38 38 38 37 37 37 37 37 37 37 37 37 38 38 38 38 38 38 38 37 37 37 37 37 37 38 38 38 38 38 37 38 38 38 37 37 38 38 38 38 38 38 38 37 37 38 38 38 38 38 38 38 38 38 38 38 37 38 37 37 37 37 37 37 37 37 37 37 37 37 37 37 37 37 37 37 37 37 37 37 37 37 37 37 37 37 37 37 37 37 37 37 37 38 37 37 37 37 37 37 37 37 37 37 37 36 36 36 37 36 36 36 36 36 36 36 36 36 36 35 35 35 35 35 35 35 35 35 36 36 36 36 36 28 28 28 28 28 27 27 28 28 28 29 29 28 28 28 28 29 30 30 30 30 30 31 30 30 30 30 30 30 30 30 30 31 30 30 30 30 31 31 30 30 30 31 31 31 31 31 31 31 31 32 31 31 31 31 31 31 32 32 32 32 31 31 31 30 30 30 30 30 31 31 31 32 31 31 31 31 31 31 32 32 32 32 32 32 32 32 32 32 32 32 32 32 32 32 32 32 32 32 32 32 32 32 32 32 32 32 33 33 32 32 33 33 33 34 34 34 34 33 33 33 33 33 33 33 33 34 34 34 34 34 34 34 34 34 34 34 34 34 34 34 34 34 34 34 34 34 34 34 34 34 34 34 34 35 35 35 35 35 35 35 34 34 34 34 34 34 34 34 34 34 34 34 35 35 35 35 35 35 36 35 35 36 36 36 36 36 35 35 35 35 36 36 36 36 35 35 35 35 35 36 36 36 36 36 36 36 36 36 36 36 36 35 35 35 36 36 36 36 36 36 36 36 38 38 37 37 37 37 37 37 37 37 37 38 38 38 38 38 38 38 38 38 37 37 37 38 38 38 38 37 37 37 38 38 38 38 38 38 38 38 38 37 38 38 38 38 38 38 38 38 38 38 38 38 38 38 38 38 38 37 37 37 37 37 37 37 37 37 37 37 38 37 37 37 37 37 37 37 37 37 37 37 37 37 37 37 37 37 37 37 37 37 37 37 37 37 37 37 37 37 37 37 37 37 37 37 36 37 37 36 36 36 36 36 36 36 36 36 36 36 36 35 35 36 36 36 36 36 35 35 35 36 36 36 36 29 29 27 27 28 29 29 28 29 28 28 28 28 29 29 29 29 30 30 30 30 30 30 30 30 30 30 30 30 30 30 30 30 30 30 31 31 31 31 31 31 31 31 31 31 31 31 32 32 32 31 31 31 32 32 32 32 32 32 31 31 31 31 31 31 31 31 32 32 32 31 31 31 31 31 32 32 32 32 32 32 32 32 32 32 32 32 32 32 33 33 32 33 33 32 32 32 32 32 32 32 33 32 33 33 33 33 33 33 33 33 34 34 34 34 34 33 33 33 33 33 33 33 34 34 34 34 34 34 34 34 34 34 34 34 34 34 34 34 34 35 35 35 34 34 34 34 34 34 34 34 35 35 35 35 35 35 35 35 34 34 34 34 34 34 34 34 34 35 35 35 35 35 35 36 36 35 36 36 36 36 36 36 36 36 35 36 36 36 36 36 36 36 36 36 36 35 35 36 36 36 36 36 36 36 36 36 36 36 36 36 36 36 36 36 36 36 36 36 36 38 38 37 37 37 37 37 37 37 37 37 38 38 38 38 38 38 38 38 38 38 37 37 37 37 37 37 37 37 38 38 38 38 38 38 38 38 38 38 38 37 38 38 38 38 37 37 37 37 38 38 39 38 38 38 38 38 38 38 37 37 37 37 37 37 37 37 37 37 37 37 37 37 37 37 37 37 37 36 37 37 37 37 37 37 37 37 37 37 37 37 37 37 37 37 37 37 37 37 37 37 37 37 37 37 37 37 37 37 36 36 37 37 36 36 36 36 36 36 36 36 36 36 36 36 36 35 36 36 36 36 36 36 36 28 27 28 29 29 28 28 28 28 28 29 29 29 29 29 29 30 30 31 31 31 31 30 30 30 30 30 30 30 30 30 30 30 31 31 31 31 31 31 31 31 31 31 31 32 32 32 32 32 32 32 32 32 32 32 32 32 32 32 32 32 32 32 32 32 32 32 32 31 31 31 31 31 31 32 32 32 32 32 32 32 32 32 32 32 32 32 32 33 33 33 33 33 32 32 32 32 32 32 33 33 33 33 33 33 33 33 33 33 33 34 34 34 34 34 34 34 34 33 34 34 34 34 34 34 34 34 34 34 34 34 34 34 34 34 34 34 35 35 35 35 35 35 35 35 34 34 34 34 35 35 35 35 35 35 35 35 35 35 34 34 34 34 34 34 34 35 35 35 35 35 35 36 36 36 35 36 36 36 36 37 36 36 36 36 36 36 36 36 36 36 36 35 35 36 36 36 36 36 36 36 36 36 36 36 36 36 36 36 36 36 36 36 36 36 36 36 36 38 37 37 37 37 37 37 37 37 37 38 38 38 38 38 38 38 38 38 38 38 38 38 38 38 38 38 38 38 38 38 38 38 38 38 38 38 38 38 37 38 38 38 38 38 38 38 38 37 37 38 38 38 39 38 38 39 39 38 38 38 38 37 37 37 37 37 37 37 37 37 37 37 37 37 37 37 38 37 37 37 37 37 38 37 37 37 37 37 37 37 37 37 37 37 37 37 37 37 37 37 37 37 37 37 37 37 37 37 37 37 37 37 36 36 36 36 36 36 36 36 36 36 36 36 36 36 35 36 36 36 36 36 36 29 28 27 28 29 28 28 28 29 29 29 30 30 30 30 30 31 31 30 31 31 31 31 31 31 31 30 30 30 30 30 30 30 31 31 31 31 31 31 31 32 32 31 31 32 32 32 32 32 32 32 32 32 32 32 31 31 31 31 31 32 32 32 32 32 32 32 32 32 32 32 31 31 32 32 32 32 32 32 32 32 32 32 32 33 33 32 32 32 33 33 33 33 33 32 32 32 33 33 33 33 33 33 33 33 33 33 33 33 33 33 34 34 34 34 34 34 34 34 34 34 34 34 34 34 34 34 34 34 34 34 34 34 34 34 35 35 35 35 35 35 35 35 35 35 35 34 35 34 35 35 35 35 35 35 35 35 35 35 35 34 34 34 34 34 34 35 35 35 35 35 35 36 36 36 36 36 36 36 36 37 36 36 36 36 36 36 36 36 36 36 36 36 36 36 36 36 36 36 36 36 36 36 36 36 36 36 36 36 36 36 36 36 36 36 36 36 36 38 38 37 37 37 37 37 37 37 38 38 38 38 38 38 38 38 38 38 38 38 38 38 38 38 38 38 38 38 38 38 38 38 38 38 38 38 38 38 38 38 38 38 38 38 38 38 39 38 38 37 38 38 38 38 38 38 39 39 39 39 38 38 37 38 38 38 37 38 38 38 38 38 39 39 39 39 40 39 38 37 37 38 38 38 37 37 37 37 37 37 37 37 37 37 37 37 37 37 37 37 37 37 37 37 37 37 37 37 36 36 36 36 36 36 36 37 37 36 36 36 36 36 36 36 36 36 36 36 36 36 36 36 36 36 28 28 28 29 29 29 29 29 29 30 31 31 31 31 31 31 31 31 31 32 32 32 31 31 31 31 31 31 31 31 31 31 31 31 31 31 31 31 32 32 32 32 32 32 32 32 32 32 32 32 32 32 32 32 31 31 31 31 31 31 31 31 32 32 32 32 32 33 32 32 32 32 32 32 32 32 32 32 32 33 32 33 33 33 33 33 33 33 33 33 33 32 32 32 32 33 33 33 33 33 33 34 33 34 34 34 33 33 34 34 34 35 34 34 34 34 34 34 34 34 34 34 34 34 34 34 34 34 34 34 35 35 35 35 35 35 35 35 35 35 35 35 35 35 35 35 35 35 35 35 35 35 35 35 36 36 35 35 35 34 34 34 34 35 35 36 36 35 36 35 35 36 36 36 36 36 36 36 36 36 36 36 36 36 36 36 36 36 36 36 36 36 36 36 36 36 36 36 36 36 36 36 36 36 36 36 36 36 36 36 36 36 36 36 36 38 37 37 38 38 38 38 38 38 38 38 38 38 38 38 38 38 38 38 38 38 38 38 38 38 38 38 38 38 38 38 38 38 38 38 38 38 38 38 38 38 38 38 38 38 38 38 38 38 39 38 38 38 38 38 38 38 39 39 39 39 39 39 38 38 38 38 37 38 38 38 38 39 40 39 39 40 40 39 38 38 37 38 38 38 38 38 38 38 37 38 37 37 37 37 37 38 38 37 37 37 38 37 37 37 37 37 37 37 36 36 36 36 36 36 36 37 37 37 36 36 36 36 36 36 36 36 36 36 36 36 36 37 36 36 36 28 29 29 29 29 29 30 30 30 31 32 32 32 32 31 31 31 32 32 32 32 32 32 32 32 31 31 31 31 31 31 31 31 31 31 31 31 31 32 32 32 32 32 32 32 32 32 32 32 32 32 33 33 32 31 31 32 32 32 32 31 31 31 31 31 32 32 32 33 33 33 33 32 32 32 32 32 32 33 33 33 33 33 33 33 33 33 33 33 33 33 33 32 32 33 33 33 33 33 33 33 33 34 34 34 34 34 34 34 34 35 34 34 34 34 34 34 34 34 34 34 34 34 34 34 34 34 35 35 35 35 35 35 35 35 35 35 35 35 35 35 35 35 35 35 35 35 35 35 35 35 35 35 35 35 35 35 35 35 35 35 35 35 35 36 36 36 36 35 36 36 36 36 36 36 36 36 36 36 37 37 36 36 36 36 36 36 36 36 36 36 36 36 36 36 36 36 36 36 36 36 36 36 37 37 36 36 36 36 36 36 36 36 36 38 38 38 38 38 38 38 38 38 38 38 38 38 38 38 38 38 38 38 38 38 38 38 38 38 38 38 38 38 38 38 38 38 38 38 38 38 38 38 38 38 38 38 38 38 38 38 38 38 38 39 39 39 39 38 38 38 39 39 39 39 39 39 39 39 39 38 38 38 38 38 38 39 39 39 38 39 39 39 39 39 38 38 38 38 39 39 38 37 38 38 38 37 37 37 38 38 38 38 37 37 37 37 37 37 37 37 37 37 36 36 36 36 36 36 36 37 37 37 37 36 36 36 36 36 36 36 36 36 36 36 36 36 36 36 36 36 29 29 29 30 30 30 30 30 31 31 31 31 32 32 31 31 31 31 32 32 32 32 32 32 32 32 32 32 31 31 31 31 31 31 31 31 31 31 32 32 32 32 32 32 32 32 32 32 32 32 32 32 32 32 32 31 32 32 33 32 32 31 31 31 31 31 31 31 32 32 32 32 32 31 32 32 32 32 32 33 33 33 33 33 33 33 33 33 33 33 33 33 33 33 32 33 33 33 33 33 34 34 34 34 34 34 34 34 34 34 35 35 34 35 34 34 34 34 34 34 34 34 34 34 34 34 34 35 35 35 35 35 35 35 35 35 35 35 35 35 35 35 35 35 35 35 35 35 35 35 35 35 35 35 35 35 35 35 35 35 35 35 35 35 36 36 36 36 36 36 36 35 35 36 36 36 36 37 37 37 37 36 36 37 36 36 36 36 36 36 36 36 36 36 36 36 36 36 36 36 36 36 36 36 37 36 36 36 36 36 36 36 36 36 38 38 38 38 38 38 38 38 38 38 38 38 38 38 38 38 38 38 38 38 38 38 38 38 38 38 38 38 38 38 38 38 38 38 38 38 38 38 38 38 38 38 38 38 38 38 38 38 38 38 38 38 38 38 38 38 38 38 38 39 39 38 38 38 38 39 39 39 39 39 39 39 39 39 38 39 39 39 39 39 39 39 38 38 38 38 39 38 38 38 38 38 38 38 38 37 38 38 38 38 38 37 37 37 37 37 37 38 37 37 36 37 37 37 37 37 37 37 37 37 37 36 37 36 36 36 36 36 36 36 36 36 36 36 36 36 37 37 29 29 29 29 29 30 30 30 31 30 31 31 31 31 32 32 32 32 32 32 32 32 33 33 33 33 32 32 32 32 32 32 32 32 32 32 32 32 32 33 33 33 32 32 33 32 32 32 32 32 32 32 32 32 32 32 33 33 33 33 33 33 33 31 31 31 31 31 31 31 31 32 31 31 32 32 32 32 32 33 33 33 33 33 33 33 33 33 33 33 33 33 33 32 32 33 33 33 33 33 34 34 34 34 34 34 34 34 34 34 35 35 34 35 34 34 34 34 34 34 34 34 34 34 34 34 34 35 35 35 35 35 35 35 35 35 35 35 35 35 35 35 35 35 35 35 35 35 35 35 35 35 35 35 35 35 35 35 35 35 35 35 35 36 36 36 36 36 36 36 36 36 37 37 37 37 37 37 37 37 37 37 37 37 36 36 36 36 36 36 36 36 36 36 36 36 36 36 36 37 37 36 36 37 37 36 36 36 36 37 36 36 36 36 36 36 36 36 36 36 37 37 36 36 36 36 36 37 37 37 37 37 37 37 37 36 36 36 36 36 36 37 36 36 36 37 37 37 37 37 37 37 37 37 37 37 37 37 37 37 37 37 37 39 38 39 39 39 39 39 39 39 39 39 39 39 39 39 39 39 39 39 39 39 39 39 39 39 40 40 40 40 40 40 40 39 39 38 39 39 39 39 39 39 39 39 39 38 38 39 39 39 38 38 38 38 38 38 38 38 39 39 38 37 37 38 38 38 38 38 38 38 38 38 38 38 37 37 37 37 37 37 37 37 38 38 38 37 37 38 38 28 29 28 29 29 30 30 30 31 31 32 32 32 32 32 32 32 32 32 32 32 33 33 33 33 33 33 33 33 33 33 33 33 32 32 32 32 32 33 33 33 33 33 33 33 32 32 32 32 32 33 33 33 32 33 33 33 33 33 33 34 33 31 31 31 32 32 31 31 32 33 32 32 32 32 32 32 32 32 33 33 33 33 33 33 33 33 33 33 33 33 32 32 33 33 33 33 33 33 34 34 34 34 34 34 34 34 34 34 34 35 34 34 35 34 34 34 34 35 34 34 35 35 35 35 35 35 35 35 35 35 35 35 35 35 35 35 35 35 35 35 35 35 35 35 35 35 35 35 35 35 35 35 35 35 35 35 35 35 35 35 35 36 36 36 36 36 36 36 36 36 36 37 37 37 37 37 37 37 37 37 37 37 37 37 36 36 36 37 37 37 37 37 37 37 37 37 37 37 37 37 36 36 36 36 36 36 37 37 37 36 36 36 36 36 36 36 36 36 37 37 37 37 37 37 37 37 37 37 37 37 37 37 37 37 36 36 36 36 37 37 37 37 37 37 37 37 37 37 37 37 37 37 37 37 37 37 37 37 36 36 37 39 39 38 39 39 39 39 40 40 39 39 39 39 39 39 39 39 39 40 39 39 40 39 39 39 40 40 40 40 40 40 39 39 39 39 39 39 39 39 39 39 39 39 39 38 38 39 38 38 38 38 39 38 38 38 38 38 39 39 39 38 38 37 37 38 38 38 38 38 38 38 38 38 38 37 37 37 37 37 37 37 38 38 38 38 38 38 38 29 29 29 29 30 30 30 30 31 31 32 32 32 31 32 32 32 32 33 33 33 33 33 33 33 33 33 33 33 33 33 33 33 32 32 32 32 33 33 33 33 33 33 33 33 32 32 32 32 33 33 33 32 32 32 33 33 33 33 34 34 32 32 32 32 32 32 32 32 33 32 32 32 32 32 32 32 32 33 33 33 33 33 33 33 33 33 33 33 33 33 34 33 33 33 33 33 33 33 34 34 34 34 34 34 34 34 34 34 34 35 35 35 35 35 34 34 35 35 35 35 35 35 35 35 35 35 35 35 35 35 35 35 35 35 35 35 35 35 35 35 35 35 35 35 36 35 35 35 35 35 35 35 35 35 35 35 35 35 36 35 36 36 36 36 36 36 36 36 36 37 37 37 37 37 37 36 37 37 37 37 37 37 37 36 36 36 36 37 37 37 37 37 37 37 37 37 37 37 37 37 36 36 36 36 36 37 37 37 37 37 36 36 36 36 36 36 37 37 37 37 37 37 37 37 37 37 37 37 37 37 37 37 37 37 37 37 37 37 37 37 37 37 37 37 37 37 37 37 37 37 37 37 37 37 36 36 36 36 36 37 39 39 39 39 39 39 40 40 40 39 39 39 39 39 39 39 39 39 39 39 39 39 39 39 39 39 39 39 39 39 39 39 40 40 39 39 39 39 39 39 39 39 39 39 39 39 39 39 39 38 38 38 38 38 38 38 38 39 40 40 39 39 38 38 38 38 38 38 38 38 38 38 38 38 38 37 37 37 37 37 38 38 38 38 38 38 38 30 30 30 30 30 30 31 31 31 31 32 31 32 32 32 32 33 32 33 33 33 33 33 33 33 33 33 33 33 33 33 33 33 33 33 33 33 33 33 33 33 33 33 32 32 32 32 33 33 34 34 33 32 32 33 34 34 34 34 33 33 33 32 32 32 32 32 33 33 32 32 32 32 32 32 32 32 33 33 33 33 33 33 33 33 33 33 33 33 34 33 33 33 33 33 33 34 34 34 34 34 34 34 34 34 34 34 34 35 35 35 35 35 35 35 35 35 35 35 35 35 35 35 35 35 35 35 35 35 35 35 35 35 35 35 35 35 35 35 35 35 36 36 36 36 36 35 35 35 35 35 35 35 36 35 35 36 36 35 36 36 36 36 36 36 36 37 37 37 37 37 37 36 37 36 36 37 37 37 37 37 37 37 37 37 37 37 37 37 37 37 37 37 37 37 37 37 37 37 37 37 37 37 37 37 37 37 37 37 37 37 37 37 37 37 37 37 37 37 37 37 37 37 37 37 37 37 37 37 37 37 37 37 37 37 37 37 37 37 37 37 37 37 37 37 37 37 37 37 37 37 37 37 37 37 37 36 36 36 39 40 40 40 40 40 39 40 40 39 39 39 39 39 39 39 39 39 39 40 40 39 39 39 39 39 39 39 39 39 39 39 40 40 40 39 39 39 39 39 39 39 39 39 39 39 39 39 39 39 38 39 39 38 38 38 38 39 40 39 39 39 39 38 38 38 38 38 38 38 38 38 38 38 38 37 37 37 37 37 37 38 37 38 38 38 38 38 31 31 30 30 30 31 31 30 31 31 31 32 32 32 32 33 33 33 33 33 33 33 33 34 33 33 33 33 33 33 34 33 33 33 34 33 33 33 33 33 33 33 33 33 33 33 33 33 33 33 33 33 33 34 34 34 34 34 33 33 33 33 32 32 32 32 33 33 32 32 32 32 32 32 32 32 33 33 33 33 33 33 33 33 33 33 33 33 34 33 34 34 33 33 34 34 34 34 34 34 34 34 34 34 34 34 34 35 35 35 35 35 35 35 35 35 35 35 35 35 35 35 35 35 35 35 35 35 35 35 35 35 35 35 35 35 35 35 36 36 36 36 36 36 36 36 36 36 35 35 35 35 36 36 36 36 36 36 36 37 36 36 37 36 36 37 37 37 37 37 37 36 36 37 37 37 37 37 37 36 37 37 37 37 37 37 37 37 37 37 37 37 37 37 37 37 37 37 37 37 37 37 37 37 37 37 37 37 37 37 37 37 37 37 37 37 37 37 37 37 37 37 37 37 37 37 37 37 37 37 37 37 37 37 37 37 37 37 37 38 37 38 37 37 37 37 37 37 37 37 37 37 37 37 37 37 37 37 39 40 40 40 40 40 39 39 39 40 39 39 39 39 39 39 39 39 39 40 39 39 39 39 39 39 39 39 39 39 39 40 40 40 40 40 39 39 39 40 40 40 40 39 39 39 39 40 39 39 39 39 39 38 38 38 38 38 39 39 39 39 39 39 39 38 38 38 38 38 38 38 38 38 38 38 38 38 38 38 38 38 38 38 38 38 38 38 30 30 31 31 30 30 31 31 31 31 32 32 33 33 33 33 33 33 33 33 33 34 34 33 33 33 33 33 33 33 34 34 34 34 34 34 33 33 33 33 33 33 33 33 33 33 33 33 32 32 33 33 34 34 34 34 34 34 33 33 33 33 33 33 32 33 33 32 32 32 32 32 32 32 33 33 33 33 33 33 34 34 34 33 33 33 33 33 34 34 34 34 34 34 34 34 34 34 34 34 34 34 34 34 34 35 35 35 35 35 35 35 35 35 35 35 35 35 35 35 35 35 35 35 35 35 35 35 35 35 35 35 35 35 35 35 35 35 35 35 36 36 36 36 36 36 36 36 36 36 36 36 36 36 36 36 36 36 37 36 36 37 37 36 36 37 37 37 37 38 37 37 36 37 37 37 37 37 37 37 37 37 37 37 37 37 37 37 37 37 37 37 37 37 37 37 37 37 37 37 37 37 37 37 37 37 37 37 37 37 37 37 37 37 37 37 37 37 37 37 37 37 37 37 37 37 37 37 37 37 37 37 37 37 37 37 37 37 37 38 37 38 38 38 38 38 38 38 38 37 37 37 38 38 38 38 38 38 40 39 40 40 40 40 40 40 39 40 39 39 39 39 39 39 39 39 39 39 39 39 39 39 39 39 39 40 40 40 40 40 40 40 40 39 39 39 40 39 39 40 40 40 40 39 39 39 39 39 39 39 39 39 39 38 38 39 40 40 39 39 39 38 38 38 38 38 38 38 38 38 38 38 38 38 38 38 38 38 38 38 38 38 38 38 38 38 39 31 30 31 31 31 31 31 31 31 31 32 32 32 33 33 33 33 33 33 34 34 34 34 34 33 33 33 33 33 33 33 34 34 34 34 34 34 34 33 33 33 33 34 33 33 34 34 33 33 33 32 33 34 34 34 34 34 34 33 33 33 33 33 33 33 33 33 32 32 32 32 32 32 32 33 33 33 33 33 33 34 34 34 33 33 33 33 34 34 34 34 34 34 34 35 34 34 34 34 34 34 34 34 34 34 35 35 35 35 35 35 35 36 36 36 36 35 35 35 35 36 35 35 35 35 35 35 35 35 35 35 35 35 35 35 35 35 35 36 36 36 36 36 36 36 36 36 36 36 36 36 36 36 36 36 36 36 36 37 37 37 37 37 37 36 36 37 37 37 38 38 37 36 37 37 37 37 37 37 37 37 38 37 37 37 37 37 37 37 37 37 37 37 37 37 37 37 37 37 38 38 37 37 37 37 37 37 37 37 37 37 37 37 37 37 37 37 37 37 37 37 37 37 37 37 37 37 37 37 37 37 37 37 37 37 37 37 37 37 37 37 38 38 38 38 38 38 38 38 38 38 38 38 38 38 38 38 38 40 39 40 40 40 40 40 39 39 40 39 39 39 40 39 39 39 39 39 39 39 39 39 39 39 39 39 40 40 39 40 40 40 40 40 39 39 39 39 40 40 40 40 40 40 40 40 40 39 39 39 39 39 39 39 39 39 40 40 40 39 39 39 38 38 38 38 38 38 38 38 38 38 38 38 38 38 38 38 38 38 38 38 38 39 39 39 39 39 31 31 32 31 31 31 31 31 32 32 32 32 32 33 33 33 33 33 33 34 34 34 34 34 34 34 33 33 33 33 33 33 34 34 34 34 34 34 34 34 34 34 34 34 34 34 34 34 33 33 33 34 34 34 34 34 34 34 33 33 33 33 33 33 33 33 33 33 33 33 33 33 32 32 33 33 33 33 34 33 33 34 34 34 33 33 33 34 34 34 34 34 34 34 34 34 35 35 34 34 34 35 34 34 34 35 35 35 35 35 35 35 35 35 35 35 35 35 35 36 36 36 36 35 35 35 35 35 35 35 35 35 35 35 35 35 36 36 36 36 36 36 36 36 36 36 36 36 36 36 36 36 36 36 36 36 36 36 37 37 37 37 37 37 37 37 37 37 37 37 37 37 36 37 37 37 37 37 37 37 38 38 37 37 37 37 37 37 37 37 37 37 37 37 37 38 37 37 37 38 38 38 38 38 37 37 37 37 37 37 37 37 37 37 37 37 37 37 37 37 37 37 37 37 37 37 37 37 37 37 37 37 37 37 37 37 37 37 37 37 38 38 38 38 38 38 38 38 38 38 38 38 38 39 39 38 38 38 40 39 40 41 41 40 40 40 40 40 39 39 39 40 40 39 39 40 40 39 39 39 39 39 39 39 39 40 40 39 40 40 40 40 40 40 39 39 40 40 39 40 40 40 40 40 40 40 40 39 39 39 39 39 39 39 39 39 40 39 39 39 38 38 38 38 38 38 38 38 38 38 38 38 38 38 38 38 38 38 38 38 38 38 38 39 39 38 39 39 32 32 32 31 31 31 31 32 32 33 33 33 33 33 33 33 33 33 33 34 34 34 34 34 34 34 34 33 33 33 33 33 33 34 34 34 34 34 34 34 34 34 34 34 34 34 33 33 33 33 34 34 34 34 34 34 34 33 33 33 34 34 33 34 34 34 33 33 33 33 33 33 32 33 33 33 34 34 34 34 34 34 34 33 34 34 33 34 34 34 35 34 35 35 35 35 35 35 35 35 35 35 35 34 35 35 35 36 36 35 35 35 35 35 35 35 35 35 35 35 35 35 36 36 35 35 35 35 35 35 35 35 35 35 35 36 36 36 36 36 36 36 36 36 36 36 36 36 36 36 36 36 36 36 36 36 36 37 37 37 37 37 37 37 37 37 37 37 37 37 37 37 37 36 37 37 37 37 37 38 37 37 37 37 37 37 37 37 37 37 37 37 37 38 38 37 38 38 37 38 38 38 38 38 38 38 38 38 38 38 38 37 37 37 37 37 37 37 37 37 37 37 37 37 37 37 37 37 37 37 37 37 37 37 37 37 37 38 38 38 38 38 38 38 38 38 38 38 38 38 38 38 38 38 38 38 38 40 40 40 40 40 40 40 40 40 40 39 39 39 40 40 40 39 40 40 39 39 39 40 40 40 40 40 40 40 39 39 39 40 40 40 40 40 39 40 40 39 40 40 39 39 40 40 40 39 39 39 39 39 39 39 39 39 39 39 40 39 39 39 38 38 38 38 38 38 39 38 38 38 38 38 38 38 38 38 38 38 38 38 38 38 38 38 38 38 39 39 32 32 32 32 32 31 31 32 32 33 33 33 33 33 33 33 33 33 33 34 34 34 34 34 34 34 35 34 34 33 34 34 34 34 34 33 33 34 34 34 35 35 34 34 34 34 34 34 33 33 34 34 34 35 35 35 35 33 33 33 33 33 33 33 34 34 33 33 33 32 32 32 32 33 33 33 33 34 34 34 34 34 34 34 34 34 34 34 34 34 35 35 35 35 35 35 35 35 35 35 35 35 35 35 35 35 36 36 36 35 35 35 36 36 35 35 35 35 35 35 35 35 36 36 36 35 35 35 36 35 35 35 35 35 35 36 36 36 36 36 36 36 36 36 36 36 36 36 36 36 36 36 36 36 36 36 36 37 37 37 37 37 37 37 37 37 37 37 37 37 37 37 37 37 37 37 37 37 38 38 38 37 37 37 37 37 38 38 38 37 37 37 37 37 38 38 38 38 38 38 38 38 38 38 38 38 38 38 38 38 38 38 37 37 37 37 37 37 37 37 37 37 37 37 37 37 37 37 37 37 37 37 37 37 37 37 37 37 38 38 38 38 38 38 38 38 38 38 38 38 38 38 38 38 38 38 38 40 40 40 40 41 40 40 40 40 40 40 39 39 40 40 40 40 40 40 40 40 40 40 39 40 40 40 40 40 39 40 40 40 40 40 40 40 39 40 40 39 39 39 39 40 40 40 40 39 39 39 39 39 39 39 39 39 39 39 39 39 39 39 39 39 39 39 39 39 39 39 38 38 38 38 38 38 38 38 38 38 39 39 39 38 38 38 38 39 39 38 38 39 32 32 32 32 31 31 32 32 33 33 33 34 34 34 34 34 34 34 34 34 34 34 34 34 35 35 35 34 34 34 34 34 34 34 34 33 33 34 34 34 34 35 35 34 34 33 33 34 34 34 34 34 35 35 35 34 34 34 34 34 33 33 33 33 33 33 32 32 32 32 33 33 33 33 33 33 34 34 35 34 34 34 34 35 35 34 34 34 34 34 35 35 35 35 35 35 35 36 36 35 35 35 35 36 36 35 35 35 35 36 36 37 36 35 35 35 35 35 35 35 35 35 36 35 35 35 35 35 36 36 36 36 35 35 36 36 36 36 36 36 36 37 36 36 36 36 36 36 36 36 36 36 36 36 36 36 37 37 37 37 37 37 37 37 37 37 37 37 37 37 37 37 37 38 37 37 37 37 38 38 38 37 37 37 37 38 38 38 38 38 37 37 38 38 38 38 38 38 38 38 38 38 38 38 38 38 38 38 38 38 38 38 38 38 38 37 38 37 37 37 37 37 37 37 37 37 37 37 38 38 37 37 37 37 37 37 38 38 38 38 38 38 38 38 38 38 38 38 38 38 38 38 38 38 38 38 40 40 40 40 41 40 40 40 41 40 40 39 39 39 40 40 40 40 40 40 40 39 39 40 39 40 40 40 40 40 40 40 40 40 40 40 40 40 40 40 40 40 40 40 40 40 41 40 40 39 39 39 39 39 39 39 39 39 39 39 39 39 39 39 39 39 39 39 39 38 38 38 38 38 38 38 38 38 38 38 38 38 39 38 39 38 38 38 38 38 38 38 39 39 31 31 31 32 33 32 31 31 32 32 32 32 33 34 34 34 34 34 34 34 34 34 34 34 35 34 35 35 35 35 34 34 34 34 34 34 34 34 33 34 34 34 34 34 34 34 33 34 35 35 35 35 35 35 35 35 35 34 34 34 34 33 33 33 33 33 33 34 33 33 33 32 33 33 34 34 34 34 34 35 34 34 35 35 35 35 35 35 35 34 34 35 35 35 35 35 35 35 36 36 36 35 36 36 36 35 35 36 36 35 35 36 36 36 36 36 35 35 35 35 35 35 35 35 35 35 35 35 35 35 36 36 37 36 36 36 36 37 36 36 36 36 36 37 36 36 36 36 36 36 37 36 36 36 36 36 36 37 37 37 37 37 37 37 37 37 37 37 37 37 37 38 38 37 37 37 37 37 37 38 37 38 37 37 37 37 38 38 38 38 38 38 37 38 38 38 38 38 38 38 38 38 38 38 38 38 38 38 38 38 38 38 38 38 38 38 38 38 38 38 37 37 37 37 37 37 37 37 37 37 37 37 37 37 37 37 38 38 38 38 38 38 38 38 38 38 38 38 38 38 38 38 38 38 38 38 38 40 40 40 40 40 40 40 40 40 40 40 39 39 39 39 40 40 40 40 40 40 39 39 39 39 39 39 40 39 40 40 40 40 40 40 40 40 40 40 40 40 40 40 40 40 40 41 40 40 39 39 39 39 39 40 39 39 39 39 40 39 39 39 39 39 39 39 39 39 39 39 38 38 39 39 39 38 39 39 38 39 39 39 38 38 38 38 38 38 38 38 38 39 39 39 39 39 39 31 31 31 31 32 33 33 32 32 32 32 32 33 33 34 33 33 33 34 35 35 34 34 34 35 35 35 35 35 35 36 35 35 35 35 35 35 34 34 34 34 34 34 34 34 34 34 34 34 35 35 35 35 35 35 35 35 35 34 34 34 34 34 34 35 34 33 33 34 34 35 33 33 33 33 33 34 34 34 34 34 34 34 35 35 35 35 35 35 35 35 35 36 36 36 35 35 35 35 36 36 36 36 36 36 36 36 36 37 36 35 36 36 36 37 37 37 36 36 35 35 36 36 35 35 35 36 35 35 36 36 36 36 37 36 36 36 36 37 37 37 36 36 37 37 37 37 37 36 36 36 36 36 36 36 36 36 36 38 37 37 37 37 37 37 37 37 37 37 37 37 37 37 37 37 37 38 37 38 38 37 37 38 38 38 37 38 38 38 38 38 38 38 38 38 38 38 38 38 38 38 38 38 38 38 38 38 38 38 38 38 38 38 38 38 38 38 38 38 38 38 38 37 37 37 38 38 38 37 37 37 37 37 37 37 37 37 37 38 38 38 38 38 38 38 38 38 38 38 38 38 38 38 38 38 38 38 38 40 40 40 40 40 40 41 41 40 40 40 40 40 40 40 40 40 40 40 40 39 39 39 39 39 39 39 39 39 39 39 39 39 39 40 40 40 40 40 40 40 40 40 40 40 40 40 40 40 40 40 40 40 40 40 40 40 39 39 39 40 39 39 39 39 39 39 39 39 39 39 38 38 39 39 39 39 39 39 39 39 39 39 39 39 38 38 38 38 38 38 38 38 38 39 39 39 39 29 31 31 31 32 32 32 33 33 33 32 33 33 33 34 34 34 34 33 33 34 34 34 34 34 35 35 35 35 35 35 35 36 35 35 35 35 35 35 36 35 35 35 35 35 35 35 35 34 34 35 35 35 35 35 36 36 36 36 35 34 34 34 33 34 34 33 33 33 34 34 34 33 33 33 33 33 33 34 34 34 34 34 35 35 35 35 35 35 35 35 35 35 36 36 35 36 36 36 36 36 36 36 36 37 37 37 36 36 37 36 36 37 37 37 37 37 38 37 36 36 35 35 35 35 35 36 36 36 36 36 36 36 37 37 37 37 37 37 37 37 37 37 36 37 37 37 37 38 37 37 36 36 36 36 36 36 36 37 37 37 38 37 37 38 37 37 37 38 38 37 37 37 37 37 37 37 38 37 38 38 37 37 38 38 38 38 38 38 38 38 38 38 38 38 38 38 38 38 38 38 38 38 38 38 38 38 38 38 38 38 38 38 38 38 38 38 38 38 38 38 38 38 38 37 38 38 38 38 38 38 38 38 38 38 38 38 37 37 38 39 38 38 38 38 38 38 38 38 38 39 38 39 39 39 38 38 38 38 40 40 40 40 40 40 40 40 41 40 40 41 41 40 40 40 40 40 40 39 39 39 39 39 39 39 39 39 39 39 39 39 39 39 39 39 39 39 39 39 39 40 40 40 40 40 40 40 40 40 40 40 40 40 40 40 40 40 39 39 39 39 39 39 39 39 39 39 39 39 39 38 38 39 39 38 39 39 39 39 39 39 39 39 39 39 39 39 39 38 38 38 38 38 38 38 39 39 40 30 30 30 30 30 31 31 31 31 31 32 33 32 33 33 33 33 33 34 34 34 33 33 33 34 34 35 35 35 35 35 35 35 35 35 35 34 34 35 35 35 36 35 35 35 36 36 36 36 36 35 34 35 35 35 35 35 35 35 36 36 35 35 35 35 34 34 34 34 34 34 34 33 33 33 33 34 34 33 33 33 34 34 34 34 34 35 35 35 35 35 35 35 36 36 36 35 35 36 36 36 36 36 37 36 36 36 37 37 37 36 36 36 36 37 38 38 38 38 37 37 37 36 36 35 35 35 35 36 36 37 37 37 37 37 37 37 37 37 38 37 37 36 36 36 36 37 37 37 37 38 38 37 37 36 36 36 36 36 36 37 38 38 38 37 38 38 38 38 38 38 38 37 37 37 38 37 37 37 37 37 37 37 37 38 38 38 38 38 38 38 38 38 38 38 38 38 38 38 38 38 38 38 38 38 38 38 38 39 39 38 38 38 38 38 38 38 38 38 38 38 38 38 38 38 38 38 38 38 38 39 38 39 38 38 38 38 38 38 37 38 38 38 38 38 38 38 38 38 38 39 38 38 39 39 39 39 39 38 38 38 41 40 40 40 41 40 40 40 40 41 41 41 41 41 40 40 40 40 40 40 40 40 40 40 40 40 40 40 39 39 39 39 39 39 39 39 39 39 39 39 40 39 39 40 40 40 40 40 40 40 40 40 40 40 40 40 40 40 40 40 39 39 39 39 39 39 39 40 39 39 39 38 39 39 39 39 39 39 39 39 39 39 39 39 39 39 39 40 40 39 39 39 39 39 38 38 39 39 30 30 31 31 30 30 30 30 30 30 31 32 32 32 32 33 33 33 34 34 34 34 34 33 34 34 34 35 35 35 35 35 35 36 35 35 35 34 34 35 35 35 35 35 35 35 35 35 35 35 35 34 35 36 36 36 35 35 35 35 35 35 35 35 35 34 34 35 35 35 34 33 33 33 34 34 34 34 34 34 34 34 34 34 34 35 35 35 35 34 35 35 35 36 36 35 36 36 36 36 36 36 37 37 37 37 37 37 38 37 37 36 36 36 36 37 38 38 37 37 36 36 36 37 36 35 35 35 36 36 36 36 37 38 38 38 37 37 36 36 37 37 37 37 37 37 37 37 37 38 38 38 37 37 37 37 37 37 37 37 37 37 38 38 38 38 38 38 38 38 38 38 38 38 38 38 38 38 37 37 37 37 38 38 38 38 38 38 38 38 38 38 38 38 38 38 38 38 38 38 38 38 38 38 38 38 38 38 38 38 39 39 38 38 38 38 38 38 38 38 38 38 38 38 38 38 38 38 39 39 39 39 39 39 39 39 38 38 38 38 38 38 38 38 38 38 38 38 39 39 39 38 39 39 39 38 39 39 39 39 39 41 41 40 40 40 41 41 40 40 40 41 41 41 40 40 40 40 40 41 40 40 40 39 40 40 40 41 40 40 40 40 40 40 39 39 40 40 40 40 41 41 40 40 39 40 40 40 40 40 40 40 40 39 39 40 40 40 40 40 40 40 40 40 39 39 39 40 40 39 39 39 39 39 39 39 39 39 39 39 39 39 40 39 39 39 39 39 40 40 40 40 40 39 39 39 38 39 38 30 31 31 31 31 31 32 31 31 30 31 31 31 32 33 33 33 34 34 34 34 33 33 33 34 34 34 35 35 35 36 36 36 36 36 35 35 35 36 36 36 35 35 35 35 35 35 35 35 35 34 35 35 36 36 35 35 36 36 35 34 35 35 34 34 34 34 35 34 34 33 34 34 34 34 34 34 35 34 34 34 34 34 34 35 35 35 35 34 35 35 36 36 36 36 36 36 37 36 36 36 36 36 36 37 37 38 37 37 37 36 36 36 36 36 37 38 38 37 37 36 36 36 36 35 35 35 36 36 36 36 37 37 38 38 37 36 36 37 36 37 37 37 37 37 37 38 38 37 38 38 38 38 37 37 37 37 37 37 37 38 38 38 38 38 38 38 38 38 38 38 38 38 38 38 38 38 38 38 38 37 38 38 38 38 38 38 38 38 38 38 38 38 38 38 38 39 39 38 38 38 38 38 38 38 38 38 38 38 38 39 38 38 38 38 38 38 38 38 39 38 38 38 38 38 38 38 39 39 39 39 39 39 39 39 38 38 38 38 38 38 38 38 38 38 38 38 39 39 39 39 39 39 39 39 39 39 39 39 39 41 41 40 40 41 41 41 41 40 40 41 41 41 40 41 40 40 40 42 41 40 40 40 40 40 40 41 41 41 41 41 41 41 41 40 41 41 41 41 41 41 41 40 40 40 40 40 40 40 41 41 41 40 39 39 39 40 40 40 40 40 40 40 40 40 39 39 40 40 39 39 39 39 39 39 39 39 39 39 39 40 40 40 40 39 40 40 40 40 40 40 40 40 39 39 39 39 39 39 30 29 29 30 31 31 31 31 31 32 32 33 32 31 32 32 32 31 32 33 33 34 34 34 34 34 33 34 34 35 35 35 35 35 35 36 36 36 36 36 35 36 36 36 36 35 36 36 36 35 35 35 36 36 36 35 35 35 36 36 36 36 36 37 35 35 36 36 35 35 35 35 35 34 34 34 35 35 35 35 35 35 34 34 35 35 34 34 34 34 35 35 35 35 35 36 36 36 36 36 37 37 36 36 36 37 37 37 37 38 38 37 37 37 37 38 37 37 37 37 37 38 37 36 37 36 36 36 36 36 36 36 37 36 36 37 38 38 38 38 38 37 37 37 37 37 37 37 37 37 37 37 37 37 38 38 38 37 37 37 37 37 37 37 38 38 38 38 38 38 38 38 38 38 38 38 38 38 38 38 38 38 38 38 38 38 38 38 38 38 38 38 38 38 39 39 39 39 39 39 39 39 39 39 39 39 39 39 38 38 38 38 38 38 38 38 38 38 38 38 39 39 39 39 39 39 39 39 38 38 38 39 39 39 39 39 39 39 39 38 38 38 38 38 38 38 38 39 38 38 38 39 39 39 39 39 39 39 39 39 39 39 39 39 41 41 41 40 40 40 41 41 41 41 41 41 41 41 41 40 40 40 41 41 41 41 41 41 41 41 41 41 41 42 42 42 42 42 42 42 42 41 41 41 41 41 40 40 40 40 40 40 40 41 41 41 40 40 40 40 40 40 40 40 40 40 40 40 40 40 39 40 40 40 39 39 39 39 39 39 39 39 40 39 39 40 40 40 40 39 40 40 40 40 40 41 40 40 40 40 40 40 40 31 31 30 30 29 29 29 30 30 31 31 31 32 32 33 33 32 33 33 33 32 32 32 33 33 34 34 33 34 34 34 34 35 35 35 35 35 35 35 36 36 36 36 36 36 36 36 36 36 36 36 37 36 36 37 36 37 37 37 36 36 36 37 37 37 37 37 35 35 35 36 36 36 36 36 35 35 35 35 35 35 34 35 34 34 34 35 35 34 35 35 35 35 35 35 35 35 36 36 36 36 36 37 36 36 36 36 37 37 37 37 38 38 38 38 38 38 38 38 38 38 37 37 38 38 37 37 37 37 36 36 36 36 36 36 36 36 37 38 38 38 38 38 38 38 38 38 38 38 37 37 37 37 37 37 38 38 38 38 38 38 37 37 37 37 37 37 38 38 38 38 38 38 38 38 38 38 38 38 38 38 38 38 38 38 38 38 38 38 38 38 38 38 38 38 38 39 39 39 39 39 39 39 39 39 39 39 39 39 39 39 39 39 39 38 38 38 38 38 38 39 39 39 39 39 39 39 39 39 39 39 39 39 39 39 39 39 39 39 39 39 39 39 39 39 38 39 38 38 39 39 39 38 38 39 39 39 39 39 39 39 39 39 39 39 39 39 41 41 41 41 41 41 41 41 41 42 41 41 42 42 42 41 41 41 41 42 42 42 42 42 42 41 41 42 41 42 42 42 42 42 42 42 42 42 42 41 41 41 41 41 40 40 40 41 41 40 40 40 40 40 40 40 40 40 40 40 40 40 40 40 40 40 40 40 40 40 39 39 39 39 39 39 40 40 39 39 40 40 40 40 40 40 40 40 40 40 40 40 40 40 41 41 40 41 41 30 30 30 31 31 31 31 31 31 31 31 30 30 30 29 29 29 29 30 30 31 31 31 31 32 33 33 33 34 33 33 33 32 32 33 34 34 33 34 34 34 35 35 35 35 35 35 35 35 35 36 36 37 36 36 36 35 36 36 36 36 36 36 36 36 36 36 36 37 37 36 36 36 37 37 38 38 36 35 35 35 36 36 36 36 36 35 35 35 35 35 34 34 34 35 36 35 35 35 35 36 36 35 35 35 35 35 36 37 36 36 37 36 36 37 36 36 36 36 36 37 38 38 38 39 39 39 39 39 39 39 39 38 39 38 37 38 38 37 37 36 36 36 36 37 36 36 36 37 38 38 38 37 37 37 37 38 38 37 37 37 38 37 37 37 38 38 38 38 38 39 38 38 38 37 37 37 38 38 38 38 38 38 38 38 38 38 39 39 38 38 38 38 39 39 39 39 39 39 38 38 38 38 38 38 38 38 39 39 39 39 39 39 39 39 39 39 39 39 39 39 39 39 39 39 39 39 39 39 39 39 39 39 39 39 39 39 39 39 39 39 39 39 39 39 39 39 39 39 39 39 39 39 39 39 39 39 39 39 39 39 39 39 39 39 39 39 39 39 39 39 39 39 39 39 39 39 41 41 41 41 41 41 41 41 41 42 42 41 41 42 42 42 41 41 41 42 42 42 42 42 42 42 42 41 41 41 42 42 42 42 42 42 42 42 42 42 41 41 42 41 41 40 41 41 41 40 41 41 40 40 40 40 40 40 40 40 40 40 40 40 40 40 40 40 40 40 40 39 39 40 40 39 40 39 40 40 40 40 40 40 41 40 40 40 40 40 40 40 41 41 41 40 40 40 41 30 30 30 31 32 31 31 30 30 30 30 30 29 29 30 30 30 30 31 32 31 31 31 30 31 31 32 32 32 33 33 34 34 34 33 33 33 33 33 33 33 35 34 34 35 35 35 35 35 35 35 35 36 36 36 37 37 37 37 36 36 36 37 37 37 36 36 36 36 36 36 36 36 36 36 36 36 37 37 38 36 36 36 36 35 36 36 36 36 36 36 36 35 34 34 35 35 36 35 35 36 36 35 35 35 35 35 35 35 36 36 37 36 36 36 36 37 38 38 37 37 37 37 37 38 38 38 39 39 39 40 40 40 40 40 39 39 39 38 39 39 38 37 37 37 37 36 36 36 36 36 36 37 37 37 37 37 37 37 38 38 38 38 37 38 38 38 37 38 38 39 39 39 39 39 39 38 38 38 38 38 38 38 39 38 38 38 38 38 38 38 38 38 38 38 38 39 39 39 39 39 39 38 38 38 38 39 38 38 39 39 39 39 39 39 39 39 39 39 39 39 39 39 39 39 39 39 39 39 39 39 39 39 39 39 39 39 39 39 39 39 39 39 39 39 39 39 39 39 39 39 39 39 39 39 39 39 39 39 39 39 39 39 39 39 39 39 39 39 39 39 39 39 39 39 39 39 39 39 39 41 41 41 41 41 41 41 41 41 41 42 41 41 41 41 41 41 41 41 41 42 42 41 42 42 42 42 42 41 41 41 41 42 42 42 42 42 42 42 42 42 42 42 42 41 41 41 41 41 41 41 41 40 40 40 40 40 40 40 40 40 40 40 40 40 40 40 40 40 40 40 40 40 40 40 40 40 40 40 40 40 40 40 40 41 41 41 41 41 40 40 40 40 40 40 41 40 40 41 31 30 31 31 31 32 31 31 30 30 30 31 30 30 31 31 30 30 30 30 30 31 31 31 32 32 33 33 33 32 31 31 31 31 31 32 32 32 32 32 34 34 34 34 34 34 34 33 33 34 35 35 34 34 34 35 35 35 35 35 36 36 36 37 37 37 37 37 37 37 37 37 37 37 37 37 36 36 37 36 37 37 37 37 37 37 37 38 38 37 37 37 37 37 36 36 36 36 36 35 35 35 35 36 35 36 36 35 36 36 36 36 36 36 36 36 36 35 35 36 36 36 36 36 36 36 36 37 37 37 37 38 39 38 38 38 39 39 39 39 39 39 39 39 39 39 39 39 39 39 38 37 37 37 37 36 36 37 36 36 36 36 36 37 37 37 37 38 39 38 38 38 38 38 38 38 38 38 38 38 38 38 38 39 39 39 39 39 39 39 39 39 39 39 39 38 38 39 39 38 39 38 38 38 38 38 39 39 39 38 38 38 38 39 39 39 39 39 39 39 39 39 39 39 39 39 39 39 39 39 39 39 39 39 39 39 39 39 39 39 39 39 39 39 39 39 39 39 39 39 39 39 39 39 39 39 39 39 39 39 39 39 39 39 39 39 39 39 39 39 39 39 39 39 39 39 39 39 39 39 39 39 39 39 40 40 39 39 39 41 41 41 41 41 41 41 41 41 41 41 42 41 41 41 41 41 41 41 41 41 41 41 41 42 42 42 42 42 41 41 42 42 42 42 42 42 42 42 42 42 42 42 42 41 41 41 41 41 41 41 41 41 40 40 40 40 40 40 40 40 40 40 40 40 40 40 40 40 40 40 40 40 40 40 40 40 40 40 40 40 40 40 40 40 41 41 41 41 41 41 40 40 40 40 41 41 41 42 31 31 31 31 32 32 31 31 30 31 31 31 31 31 32 31 31 31 31 30 31 31 31 31 32 32 33 32 32 32 31 31 31 31 32 32 32 32 33 33 34 33 34 34 34 34 34 34 35 35 35 35 34 35 35 35 36 36 36 36 36 36 36 36 36 36 37 37 37 37 37 37 38 37 37 37 37 37 38 38 38 38 37 37 37 37 37 37 36 37 37 37 36 36 35 36 36 36 36 35 35 35 36 36 36 36 35 36 37 37 37 37 36 36 37 36 36 36 36 36 36 36 36 37 37 37 36 37 37 38 38 39 39 38 38 39 39 38 39 39 39 39 39 38 39 40 40 40 39 38 37 37 37 37 37 37 37 37 37 37 36 36 36 36 37 38 38 38 38 38 38 38 38 39 39 38 39 39 39 39 39 39 39 39 39 40 40 40 41 40 40 41 41 40 39 39 39 39 39 39 39 39 39 38 38 39 39 39 38 39 39 39 39 39 39 39 39 39 39 39 39 39 39 39 39 39 39 39 39 39 39 39 39 39 39 39 39 39 39 39 39 39 39 39 39 39 39 39 39 39 39 39 39 39 39 39 40 40 40 40 39 39 39 39 39 39 39 39 39 39 39 39 39 39 40 39 39 39 39 39 39 39 39 40 40 40 40 40 41 41 41 41 41 41 41 41 41 41 41 41 42 41 41 41 41 41 41 41 41 41 41 42 42 42 42 42 42 42 42 42 42 42 42 42 42 42 42 42 42 42 42 42 42 41 41 41 41 41 41 42 42 41 41 40 40 40 40 40 40 40 40 40 40 40 40 40 40 40 40 40 40 39 40 40 40 40 40 40 40 40 40 40 40 40 40 40 41 41 41 41 40 41 41 41 41 41 41 32 31 32 32 32 33 32 32 32 32 31 32 33 32 32 31 31 30 31 31 31 31 31 31 32 32 32 32 31 32 32 32 31 32 32 32 32 33 33 33 33 33 33 34 34 35 35 35 35 35 35 34 35 35 35 36 36 36 37 36 36 36 36 36 36 37 37 37 37 38 38 37 37 38 38 38 38 38 38 38 38 38 37 37 38 38 38 37 37 37 37 36 35 35 35 36 36 35 35 36 36 37 37 36 36 36 36 37 36 36 36 36 36 36 36 37 36 36 36 37 37 37 37 38 38 37 38 38 38 38 38 39 38 38 38 39 39 39 39 39 39 39 38 38 39 40 40 40 39 39 38 38 38 37 37 38 38 37 37 37 36 36 36 37 38 38 38 38 38 38 38 38 38 38 39 39 39 39 39 39 39 40 40 40 40 40 40 41 41 41 41 41 41 40 40 40 40 40 40 39 39 39 38 39 39 39 39 39 39 39 39 39 39 39 39 39 39 39 39 39 39 39 39 39 39 39 39 39 39 39 39 39 39 39 39 39 39 39 39 39 39 39 40 39 39 39 39 39 39 39 39 39 39 39 39 40 40 40 40 40 40 39 39 39 39 39 39 39 39 39 39 40 40 40 39 39 39 40 40 39 39 39 40 40 40 40 40 42 41 41 42 41 41 41 41 41 41 41 41 41 42 41 41 41 41 41 41 41 42 42 42 42 42 42 42 42 42 42 42 42 42 42 42 42 42 42 42 42 42 42 42 42 42 42 42 42 42 41 41 42 42 41 41 40 40 40 40 40 40 40 40 40 40 40 40 40 40 40 40 40 40 40 40 40 40 40 40 40 40 40 40 40 40 40 40 40 41 41 41 41 42 42 41 41 41 41 32 31 32 32 33 33 33 33 32 32 32 33 33 32 32 32 31 31 30 31 31 32 31 32 32 32 32 32 32 32 31 31 32 31 32 32 33 32 33 34 34 33 33 33 34 34 35 35 35 35 35 35 34 34 35 35 36 36 36 36 37 36 36 37 37 37 37 37 37 37 37 37 37 37 38 38 38 38 38 37 37 37 37 37 38 39 39 39 38 38 38 38 38 36 36 35 35 36 36 36 36 36 37 37 36 37 37 37 36 36 36 37 37 36 36 36 37 36 36 36 37 37 37 38 38 38 38 38 38 38 38 38 38 38 38 38 38 39 40 40 39 39 39 38 38 38 38 38 39 39 39 39 39 39 39 38 39 38 38 37 37 36 36 37 38 38 39 39 38 39 39 39 39 39 39 39 39 39 39 39 39 40 40 40 40 40 40 40 41 41 41 41 41 41 41 41 41 41 40 40 40 39 39 39 39 39 39 40 39 39 39 39 39 39 39 39 39 39 39 39 39 39 39 39 39 39 39 39 39 39 39 39 40 40 39 39 39 39 39 39 39 40 40 40 40 40 40 39 39 39 39 39 39 39 39 40 40 40 40 40 40 40 40 40 39 39 39 39 39 39 39 39 40 40 40 40 40 40 40 40 39 39 39 39 40 40 40 40 42 42 42 42 42 41 42 41 41 41 41 41 41 42 42 41 41 41 41 41 42 42 42 42 42 42 42 42 42 42 42 42 42 42 42 42 42 42 42 42 42 42 42 42 42 42 42 42 42 42 42 42 42 42 41 41 41 40 40 40 40 40 40 40 40 40 40 40 40 40 40 40 40 40 40 40 41 41 40 40 41 41 40 40 40 40 41 40 40 41 41 41 41 41 41 41 40 41 42 42 32 32 33 33 33 33 32 32 32 31 32 33 33 33 32 32 31 31 31 32 32 31 32 33 32 32 32 33 33 33 32 32 32 32 32 31 31 32 32 32 33 34 34 34 33 33 34 34 35 34 35 36 36 36 35 35 35 35 36 36 36 37 37 37 37 37 37 37 37 37 37 37 38 38 38 38 37 38 38 38 38 38 38 37 37 38 38 38 38 38 37 38 38 38 37 36 36 36 36 36 36 36 37 37 37 37 37 38 37 37 37 36 36 37 37 37 36 36 36 36 36 36 36 36 37 37 37 38 38 39 39 39 39 39 39 39 38 38 38 39 39 39 40 39 39 39 39 38 38 38 39 39 38 39 40 40 40 39 38 38 37 37 36 36 37 37 37 37 38 39 39 39 39 40 40 40 40 40 40 40 40 40 40 40 41 40 40 40 40 40 41 42 41 41 40 41 41 41 41 41 41 40 40 40 40 40 39 39 39 39 40 40 40 39 40 39 39 39 39 39 39 39 39 39 39 39 40 40 40 40 40 40 40 40 40 40 40 39 39 39 39 39 39 40 40 40 40 40 39 39 39 40 40 40 40 40 40 40 40 40 40 40 40 40 40 40 40 39 39 39 39 39 39 40 40 40 40 40 40 40 40 40 40 39 40 40 40 40 40 40 42 42 42 42 42 42 42 42 41 41 41 42 42 42 42 41 41 41 41 41 41 41 42 42 41 42 42 42 42 42 42 42 42 42 42 42 42 42 41 42 42 42 42 42 42 42 42 42 41 41 41 42 41 41 41 41 41 41 41 40 40 40 40 40 40 41 40 40 40 40 41 41 40 40 40 40 40 40 40 41 40 40 40 40 41 41 41 40 41 41 40 41 41 41 40 40 41 41 41 41 32 32 32 33 33 33 33 32 32 32 31 32 32 33 33 32 32 31 31 32 33 33 32 32 33 33 33 32 33 33 33 33 32 33 33 32 32 32 32 31 32 33 33 33 33 33 34 34 34 34 34 35 35 35 35 35 36 36 35 36 36 36 36 37 37 37 37 37 37 38 38 38 38 38 38 38 38 38 38 38 38 38 39 39 39 38 38 38 39 39 39 37 37 37 37 36 36 37 37 37 37 36 37 37 38 37 37 37 37 36 36 36 36 36 36 36 36 36 36 36 37 37 37 37 36 36 36 37 38 39 39 39 39 39 39 39 39 38 38 37 38 38 39 39 39 38 38 39 38 38 38 39 38 38 39 39 39 39 39 39 38 37 37 36 36 37 38 38 38 38 39 40 40 40 40 39 40 40 40 40 40 41 41 41 41 41 40 40 40 40 40 41 42 42 41 41 41 41 41 41 41 41 41 41 41 41 40 40 40 39 40 40 40 40 40 40 39 39 39 39 39 39 39 39 40 39 40 40 40 40 40 40 40 39 39 39 39 39 39 39 39 39 40 40 40 40 40 40 40 40 40 40 40 40 40 40 40 40 40 40 40 40 40 40 40 40 40 40 40 39 39 40 39 40 40 40 40 40 40 40 40 40 40 40 40 40 40 40 40 40 40 42 42 42 42 42 42 42 42 41 41 42 42 42 42 42 42 41 41 41 41 41 41 41 41 42 42 42 42 42 42 42 42 42 42 41 41 42 42 42 42 42 42 42 42 42 42 41 41 41 41 41 41 41 41 41 41 41 41 40 40 40 41 40 40 40 41 40 40 40 40 41 41 40 40 40 40 40 40 40 41 41 41 41 41 40 40 40 40 40 40 40 40 41 40 41 41 41 41 41 41 33 33 33 33 33 32 32 33 33 33 33 32 31 31 32 32 31 31 31 31 32 33 33 32 32 33 34 34 33 33 34 34 34 34 34 33 33 33 32 32 32 32 32 33 33 34 35 35 35 35 35 34 34 35 35 35 35 35 35 36 36 36 36 37 37 37 37 37 37 37 37 37 38 38 38 38 38 38 37 38 38 38 38 38 39 39 39 39 39 39 40 40 38 38 38 37 37 37 37 37 37 37 37 37 38 38 37 36 37 37 37 36 36 36 37 37 37 37 36 36 37 37 37 38 37 37 37 37 38 38 39 38 38 38 39 39 39 39 39 39 38 38 38 38 39 39 38 38 38 37 37 38 38 38 38 38 39 39 39 39 39 39 38 37 37 36 37 38 38 39 39 40 40 40 40 39 39 40 40 40 39 40 40 40 41 41 41 40 40 40 40 40 41 41 41 41 41 41 41 41 41 41 42 41 41 41 41 41 41 41 40 40 40 40 41 40 40 40 40 40 40 40 40 40 40 40 40 40 40 40 40 40 40 40 40 40 40 39 39 39 40 40 40 40 40 40 40 40 40 40 40 40 40 40 40 40 40 40 40 40 40 40 40 40 40 40 40 40 40 40 40 40 40 40 40 40 40 40 40 40 40 40 40 40 40 40 40 40 40 40 40 40 42 42 42 42 42 42 42 42 42 42 42 42 42 42 42 42 42 42 42 42 42 41 41 42 42 42 42 42 42 42 42 42 41 42 42 42 42 42 42 42 42 42 42 42 41 41 41 41 41 41 41 41 42 41 41 41 41 41 41 40 41 41 40 40 41 41 41 41 40 40 40 41 41 41 40 40 40 40 40 40 40 40 40 40 40 40 41 40 41 41 41 41 41 41 41 41 41 41 41 42 42 33 33 33 33 34 33 32 32 33 33 32 32 33 32 31 31 31 31 31 32 32 33 33 32 32 32 33 33 34 34 34 35 35 34 35 34 34 34 33 33 33 33 33 33 33 34 34 34 35 35 35 36 35 35 35 35 35 35 35 35 36 36 36 36 36 37 37 37 37 37 37 37 37 37 37 37 37 37 37 37 37 38 38 38 39 39 39 39 39 39 40 40 40 39 38 38 38 37 37 37 37 37 37 37 37 38 37 37 37 36 36 37 36 36 37 37 37 37 37 37 36 37 37 38 38 38 38 38 38 38 39 39 39 39 38 39 39 40 40 40 39 39 39 38 38 38 38 38 38 39 38 38 37 37 38 38 38 39 39 39 39 39 39 39 38 38 37 37 38 38 39 39 40 40 40 39 39 39 40 40 39 39 39 40 40 40 40 41 40 40 40 40 40 41 41 41 41 41 41 41 42 42 42 42 41 41 41 41 41 41 41 41 41 41 40 41 41 40 40 40 40 40 40 40 40 40 40 40 40 40 40 40 40 40 40 40 40 40 40 40 40 40 40 40 40 40 40 40 40 40 40 40 40 40 40 40 40 40 40 40 40 40 40 40 40 40 40 40 40 40 40 40 40 40 40 40 40 40 40 40 40 40 40 40 40 40 40 40 40 40 40 40 40 42 42 42 42 42 42 42 42 42 42 42 42 42 42 42 42 42 42 42 42 42 42 42 42 42 42 42 42 42 42 42 42 42 42 42 42 42 42 42 42 42 42 42 42 41 41 42 41 41 41 42 42 42 42 41 41 41 41 41 40 41 41 41 41 41 41 41 41 41 41 40 40 41 41 41 40 40 40 40 41 41 41 41 41 40 41 41 41 41 41 41 42 42 42 41 41 41 41 41 41 42 32 32 32 33 34 33 32 32 32 33 32 32 32 32 31 31 31 32 32 33 33 33 32 32 32 32 32 33 33 34 34 34 34 34 34 35 35 35 35 34 34 33 33 33 33 33 33 34 34 34 35 36 36 36 36 35 35 36 36 36 36 37 36 36 36 37 37 37 37 37 37 37 37 38 38 37 37 37 38 38 38 38 38 38 39 39 39 39 39 39 39 40 40 39 39 39 38 38 37 37 37 37 37 37 37 38 38 38 38 37 37 36 37 37 37 37 38 38 37 37 37 37 37 38 38 38 39 39 39 39 39 38 38 39 38 39 39 39 39 39 39 39 38 38 38 38 39 39 39 39 39 39 39 38 38 38 39 39 39 39 39 38 38 38 38 38 37 38 39 39 39 39 39 39 39 39 39 39 40 39 39 39 39 39 40 40 40 41 41 41 40 40 40 41 41 41 41 41 41 41 41 41 42 42 41 41 41 41 41 41 41 41 41 41 41 40 41 41 40 40 40 40 40 40 40 40 40 40 40 40 40 40 40 40 40 40 40 40 40 40 40 40 40 40 40 40 40 40 40 40 40 40 40 40 40 40 40 40 40 40 40 40 40 40 40 40 41 40 40 40 40 40 40 40 40 40 40 40 40 40 41 40 40 40 40 40 40 40 40 40 40 40 40 42 42 42 42 42 42 42 42 42 42 42 42 42 42 42 42 42 42 42 42 42 42 42 42 42 42 42 42 42 42 42 42 42 41 42 42 42 42 42 42 42 42 42 42 42 41 42 42 42 41 41 42 41 41 41 41 41 41 40 41 41 41 42 41 41 41 42 41 41 41 41 41 41 41 41 41 41 40 40 40 41 41 41 41 41 41 41 41 41 41 41 41 42 42 42 41 41 41 41 41 42 42 32 32 32 33 33 33 33 32 32 33 33 32 32 31 32 32 33 33 34 34 34 34 33 32 33 33 33 33 33 34 33 33 34 34 34 35 35 36 35 35 34 33 33 33 33 33 33 33 33 33 34 34 35 36 36 36 36 37 37 37 37 37 37 37 38 37 37 37 37 38 38 37 38 38 38 38 38 37 38 38 38 38 38 39 39 39 39 39 40 39 39 40 40 39 39 39 39 39 38 38 37 37 38 38 38 38 38 38 38 37 37 37 38 38 38 38 37 37 37 37 38 37 37 37 37 38 39 40 40 39 39 39 39 39 39 39 39 39 39 39 39 38 38 38 39 39 39 39 39 40 40 39 38 38 38 38 38 38 39 39 39 39 39 38 38 38 37 38 38 38 38 38 39 39 40 39 39 39 39 39 40 40 40 40 40 41 41 41 42 41 40 40 41 41 41 41 41 41 41 41 41 41 41 41 41 41 41 41 41 41 41 41 41 41 41 40 41 41 41 41 40 40 40 40 40 40 41 40 40 40 40 40 40 40 40 40 41 40 40 40 40 40 40 40 40 40 40 40 40 40 40 40 40 40 40 40 40 40 40 40 40 40 40 40 40 40 40 40 40 40 40 40 40 40 40 40 40 40 40 41 41 40 40 40 40 40 40 41 41 40 40 41 40 42 42 42 42 42 42 42 42 42 42 42 42 42 42 42 42 42 42 42 42 42 42 42 42 42 42 42 42 42 42 42 42 42 41 41 42 42 42 42 42 42 42 42 42 42 42 42 42 42 42 41 41 41 41 41 41 41 41 41 41 41 41 41 41 42 41 42 42 41 41 41 41 41 41 41 41 41 40 40 40 40 41 41 41 41 41 41 41 41 41 41 41 42 42 41 41 41 41 41 42 42 42 43 33 33 32 32 32 32 33 33 32 32 33 32 32 33 33 33 34 34 34 34 34 35 33 34 34 34 34 33 33 33 34 34 35 35 35 35 35 36 36 35 35 34 34 34 34 33 34 34 33 33 33 34 35 36 36 36 36 37 38 37 37 38 38 38 38 37 38 38 38 38 38 38 38 38 38 39 39 38 38 38 38 39 38 38 39 39 39 39 39 39 40 40 40 39 39 39 39 39 39 39 38 38 37 37 37 38 38 38 38 38 37 37 38 38 39 39 38 38 37 38 38 37 38 38 38 38 39 39 40 40 40 40 40 40 40 40 39 39 39 39 38 38 38 39 39 39 40 40 40 41 40 39 39 39 38 38 38 38 39 39 40 40 39 39 38 38 38 38 39 39 39 39 39 40 40 40 39 39 39 39 39 39 40 40 41 41 41 41 42 42 41 41 41 42 41 42 42 42 42 41 41 41 41 41 41 41 42 41 41 41 41 41 41 41 40 41 41 40 41 41 41 40 40 40 40 40 41 41 41 41 40 40 40 40 40 40 41 41 41 40 41 40 40 40 40 40 40 40 40 40 40 40 41 40 40 40 40 40 40 40 40 40 40 40 40 40 40 40 40 40 40 40 40 40 40 41 41 40 41 41 41 40 40 40 40 40 40 41 41 41 41 41 40 42 42 42 42 42 42 42 43 43 43 42 42 42 42 42 42 42 42 42 42 42 42 42 42 42 42 42 42 42 42 42 42 42 42 41 41 42 42 42 42 42 42 42 42 42 42 42 42 42 42 41 41 41 41 41 41 41 41 41 41 41 41 41 42 42 42 42 42 42 42 42 41 41 42 42 42 41 41 40 40 41 41 41 40 41 41 41 41 41 41 41 41 41 41 41 41 41 42 42 41 41 42 43 34 34 33 33 32 32 32 32 32 32 32 33 33 33 33 33 34 35 34 34 34 34 34 33 35 35 35 35 34 33 34 35 35 35 35 36 36 36 37 36 36 36 35 35 35 34 35 35 34 34 33 34 35 35 36 36 36 36 37 37 37 37 37 38 38 38 38 38 39 39 38 38 38 38 39 39 39 39 39 38 38 38 39 39 39 40 40 40 40 40 40 40 40 39 39 39 39 39 39 39 39 38 37 37 37 37 38 38 38 38 37 37 38 38 38 39 38 38 38 39 38 38 38 38 39 39 39 40 40 40 40 40 40 40 40 39 39 39 39 39 39 39 39 39 40 40 41 41 41 42 41 40 40 39 39 39 39 38 39 39 40 40 39 38 38 38 38 38 39 39 39 40 40 40 40 39 39 39 40 40 40 40 40 40 41 42 42 42 43 43 43 42 41 42 42 42 42 42 41 41 41 41 41 41 41 41 42 42 41 41 41 42 41 41 41 41 41 41 41 41 40 40 40 41 41 40 41 41 41 41 41 41 41 41 40 41 41 41 41 41 41 41 41 40 40 40 40 40 40 40 40 41 41 41 41 40 40 40 40 40 40 40 40 40 40 41 41 41 41 40 40 40 41 40 41 41 41 41 41 41 41 41 40 40 41 40 41 41 41 41 41 41 41 43 43 43 42 42 42 42 43 43 43 43 42 42 42 42 42 42 42 42 42 42 43 42 42 42 42 42 42 42 42 42 41 42 42 41 41 42 42 42 42 42 42 42 42 42 42 42 42 41 42 41 41 41 42 42 42 42 42 42 42 42 42 42 42 43 43 43 43 42 42 42 42 42 42 42 42 41 41 40 41 40 41 41 41 41 41 41 41 41 41 41 41 41 41 41 42 42 42 41 41 42 42 42 43 35 34 33 33 33 32 33 32 33 33 33 33 33 33 34 35 35 35 34 34 34 34 34 35 35 36 36 34 34 35 35 35 35 35 36 36 36 36 36 36 36 36 36 35 35 35 35 34 34 34 34 34 35 35 35 35 36 36 37 37 36 37 37 38 38 39 39 39 39 39 39 38 39 39 39 39 39 39 39 38 39 39 39 40 40 40 40 40 40 40 40 39 39 39 40 39 39 39 39 38 38 38 37 38 38 38 38 38 38 37 38 38 38 39 39 39 39 39 38 38 38 38 39 40 40 40 40 40 40 40 40 39 39 39 40 39 39 40 40 40 40 40 40 40 41 41 42 42 42 41 41 40 40 39 39 39 38 39 39 39 39 39 38 38 38 38 39 39 39 39 39 39 39 38 39 39 40 40 40 41 41 41 41 42 42 43 43 43 43 42 42 42 43 43 42 42 42 42 41 41 41 41 41 41 41 42 42 41 42 41 42 41 41 41 41 41 41 41 41 41 41 41 41 41 41 41 41 41 41 41 41 41 41 41 41 41 41 41 41 41 40 40 40 40 40 40 41 41 40 41 41 41 41 40 40 40 41 41 41 41 40 40 40 40 41 41 41 41 41 41 41 41 41 41 41 41 41 41 41 41 41 41 41 41 41 41 41 41 41 41 41 43 43 43 43 43 42 42 42 43 43 43 43 42 42 42 43 42 42 43 43 43 43 42 42 42 42 42 42 42 42 42 41 41 41 41 41 42 42 42 42 42 42 42 42 42 42 42 42 42 42 41 41 42 42 42 42 42 42 42 42 42 42 42 42 42 42 42 43 43 43 42 42 42 43 42 42 42 41 41 41 41 40 40 40 40 41 41 41 41 41 41 41 42 42 42 42 42 41 41 42 41 42 43 44 35 34 33 33 33 33 33 33 33 33 33 34 35 35 35 35 34 34 35 34 34 35 35 36 36 36 35 35 36 36 36 36 36 36 36 35 35 36 36 36 36 36 35 34 35 34 34 35 35 35 35 35 36 36 36 36 36 36 36 36 37 37 37 38 38 38 38 39 39 39 39 39 39 39 39 39 39 38 39 39 39 40 40 40 40 40 40 41 41 40 39 40 40 39 40 40 39 39 38 38 38 38 38 38 39 39 38 38 38 38 38 39 39 39 38 38 38 38 38 38 39 40 40 41 40 40 40 39 39 40 41 40 39 39 40 40 41 41 41 41 40 41 41 41 42 41 41 41 40 40 39 39 39 39 39 39 39 39 39 39 38 38 38 38 38 38 38 38 38 38 39 39 40 40 41 41 41 41 42 42 42 42 42 42 43 43 42 42 42 43 43 43 43 43 43 42 42 42 42 42 41 41 41 41 41 42 41 42 41 42 41 41 41 41 41 41 41 41 41 41 41 41 41 41 41 41 41 41 41 41 41 41 41 41 41 41 41 41 40 40 40 40 41 41 41 41 41 41 41 41 41 41 40 41 41 41 41 41 41 41 41 40 41 41 41 41 41 41 41 41 41 41 41 41 41 41 41 41 41 41 41 41 41 41 41 41 41 41 41 43 43 43 43 43 43 42 42 43 43 43 43 43 43 43 43 42 43 43 43 43 42 42 42 43 43 42 42 42 42 41 41 41 41 41 42 42 42 42 42 42 42 42 42 42 43 43 43 42 42 42 42 41 41 41 41 41 42 42 42 42 42 42 42 42 42 43 43 43 43 43 42 42 43 42 42 42 42 41 41 41 41 41 41 40 40 40 41 41 41 41 42 42 41 41 41 42 42 42 42 42 42 43 43 43 44 44 44 34 34 34 33 33 34 33 33 34 35 35 35 35 35 35 34 34 35 35 36 36 36 36 36 36 35 35 36 37 37 37 37 36 35 35 35 35 36 36 36 35 35 34 34 34 35 36 36 36 37 37 37 37 37 37 37 37 37 37 37 37 38 38 39 39 39 39 39 39 39 40 40 39 39 39 39 39 39 40 40 40 40 40 40 41 41 41 40 40 40 40 40 40 40 40 39 39 38 38 39 39 39 39 39 38 38 38 38 39 39 39 39 38 38 38 39 40 39 39 40 41 41 40 40 40 40 40 40 41 40 39 39 40 41 41 42 42 42 42 42 42 42 41 42 42 41 40 39 39 39 39 40 40 39 39 38 38 38 38 39 39 39 39 39 39 39 39 39 39 39 40 40 40 41 41 41 41 42 42 42 42 43 43 43 43 43 43 44 43 43 43 43 43 43 43 42 41 41 41 42 42 41 41 41 42 42 42 42 42 41 41 41 41 41 41 41 41 41 41 41 41 41 41 41 41 41 41 41 41 41 41 41 41 41 41 41 41 41 41 41 41 41 41 41 41 41 41 41 41 41 41 41 41 42 42 41 41 42 41 41 41 41 41 41 41 41 41 41 41 41 41 41 41 41 41 41 41 41 41 41 41 41 41 41 41 41 41 43 43 43 43 43 43 43 43 43 43 43 43 43 43 43 43 43 43 43 43 43 42 42 43 43 42 42 42 42 41 41 42 42 42 42 42 42 42 42 42 42 42 42 42 42 42 42 42 42 42 42 41 41 41 41 41 42 42 42 42 42 42 42 42 42 42 43 43 43 43 43 43 42 43 43 43 43 42 42 42 41 42 41 42 42 41 41 41 41 41 41 41 41 41 42 42 42 42 42 42 42 42 42 43 43 44 43 43 43 43 35 35 34 35 34 34 34 34 34 34 35 35 35 35 35 35 36 36 37 37 37 37 36 36 36 36 36 36 37 37 36 35 35 35 35 36 36 36 36 35 34 34 35 35 36 36 37 38 38 37 37 38 38 38 37 38 38 38 38 38 38 39 39 39 39 39 39 39 40 40 40 40 40 40 40 39 39 40 40 40 40 41 41 41 41 40 40 40 41 41 41 41 40 40 40 39 39 39 39 39 39 39 39 39 38 38 39 39 39 38 38 39 39 39 39 40 40 40 41 41 41 41 41 41 40 40 41 41 40 39 40 41 41 41 41 42 42 42 42 42 42 42 42 42 41 40 40 41 41 40 40 39 39 39 39 39 40 39 39 39 40 40 40 40 39 39 39 40 40 40 41 41 41 41 41 41 41 42 42 42 43 42 42 43 43 44 44 43 43 43 44 43 43 42 42 42 42 42 42 42 42 41 41 42 42 42 41 42 42 41 41 41 41 41 41 41 41 41 41 41 41 41 41 41 41 41 41 41 41 41 41 41 41 41 41 41 41 41 41 41 41 41 41 41 41 41 42 41 41 41 42 42 43 42 42 42 41 41 42 41 41 41 41 41 41 41 41 41 41 41 41 41 41 41 41 41 41 41 41 42 41 41 41 41 41 43 43 43 43 43 43 43 43 43 43 43 43 43 43 43 43 43 43 43 43 43 42 43 43 43 42 43 43 43 43 43 43 43 43 43 43 42 42 42 42 42 42 42 42 42 42 42 42 42 42 42 42 42 42 42 42 42 42 42 42 42 42 42 43 42 43 43 43 43 43 43 43 43 43 43 43 43 43 43 43 42 42 42 42 42 42 41 41 41 41 41 41 41 41 42 42 42 42 42 42 42 42 42 42 43 43 42 42 42 43 44 35 35 35 35 35 35 35 35 36 35 36 36 37 37 37 38 38 37 37 37 36 37 37 37 37 36 36 36 36 35 35 36 36 36 36 35 35 35 35 36 36 36 37 37 38 38 38 39 38 38 39 39 39 38 38 39 39 39 39 40 39 39 39 40 40 40 40 40 40 40 40 39 40 40 40 41 41 41 41 41 40 40 40 41 41 41 41 41 41 41 41 41 40 40 40 40 40 40 39 38 38 39 39 39 39 39 39 39 40 40 40 40 41 41 41 41 42 41 41 41 41 41 41 40 39 40 40 40 40 41 42 42 42 42 42 42 42 43 43 41 40 41 41 40 40 40 40 40 40 40 40 40 40 39 39 40 40 39 39 39 39 40 40 40 41 41 41 41 41 41 41 41 41 41 42 42 42 42 42 43 43 44 43 43 44 44 44 44 44 43 43 42 42 42 42 42 42 41 41 42 42 42 42 42 42 42 41 41 41 41 41 41 41 41 41 41 41 41 41 41 42 42 42 41 41 41 41 41 41 41 41 41 41 41 41 41 42 41 41 42 42 42 42 41 41 41 41 42 43 43 42 42 42 41 42 42 41 41 41 41 42 42 41 41 41 41 41 41 41 41 41 41 42 42 42 41 41 41 41 41 43 43 43 43 43 43 43 43 43 43 43 43 43 43 43 43 43 43 43 43 43 43 43 42 42 43 43 43 43 43 43 43 43 43 43 43 43 43 43 42 42 42 42 42 42 42 42 42 42 42 42 42 42 42 42 42 42 42 43 43 43 43 42 43 43 43 43 43 43 43 43 43 43 43 43 43 43 43 43 43 43 43 43 43 42 42 42 42 41 41 41 41 42 42 42 42 42 42 42 42 42 42 42 42 43 42 42 42 42 43 44 36 36 36 35 35 35 36 36 36 37 37 37 37 38 38 38 38 38 38 38 38 38 38 37 37 37 37 36 36 35 35 35 35 35 35 36 36 36 36 36 36 36 37 37 38 39 38 38 38 39 39 39 39 39 39 39 40 39 40 40 40 40 40 40 40 40 41 40 40 40 40 40 40 41 41 41 41 41 41 40 40 41 41 41 41 41 41 41 41 41 41 40 39 40 40 39 39 39 39 40 40 39 39 39 40 40 39 40 40 41 41 42 42 42 41 42 42 42 42 42 42 41 40 40 40 41 41 41 41 42 42 42 42 42 42 42 42 42 41 41 41 41 41 40 41 41 41 41 40 40 40 40 40 40 40 39 39 39 39 40 40 40 41 41 41 41 42 41 41 41 41 41 42 42 42 42 42 42 43 43 44 44 43 44 44 44 44 44 43 43 42 42 42 42 42 42 42 42 42 42 42 42 42 42 42 42 42 41 42 41 41 42 41 41 41 41 41 41 41 42 42 41 41 41 41 41 41 41 41 41 41 41 41 41 41 41 42 41 42 42 42 42 41 41 41 41 42 42 43 43 42 42 42 42 42 42 42 41 42 42 42 41 41 41 41 41 41 41 41 41 41 42 41 41 41 41 41 41 41 43 43 43 43 43 43 43 43 43 43 43 43 43 43 43 43 43 43 43 43 43 43 43 42 42 42 42 43 43 43 43 43 43 43 43 43 43 43 43 43 42 42 42 42 42 42 42 42 42 42 42 42 42 42 42 42 42 42 42 42 43 43 42 43 43 43 43 43 43 43 43 43 43 43 43 43 43 43 43 43 43 43 43 43 43 42 42 42 41 41 41 42 42 42 41 41 42 42 42 43 43 42 42 42 42 42 42 42 43 43 43 44 44 45 45 46 37 37 36 36 36 36 37 37 37 37 37 38 38 38 38 38 38 38 38 38 38 38 38 38 38 38 37 36 36 36 36 35 35 35 36 36 36 36 37 37 37 38 38 38 38 38 38 38 39 40 40 40 40 40 40 40 40 40 40 40 40 40 40 40 40 40 41 41 41 40 40 41 41 42 42 42 42 42 41 41 41 41 41 40 41 41 41 41 41 41 41 40 39 40 40 39 39 40 41 41 40 39 39 40 41 40 40 40 41 42 42 42 42 42 43 43 42 42 42 41 42 41 40 40 41 40 40 41 42 42 42 43 42 42 42 42 42 42 42 41 41 41 41 41 41 41 41 41 40 40 40 40 40 40 40 40 40 39 40 40 41 41 41 41 41 42 41 41 41 41 42 42 42 42 42 42 42 43 44 44 43 44 44 44 44 44 44 44 43 42 42 43 43 42 42 42 42 42 43 43 43 42 42 42 42 42 42 42 42 42 42 42 42 42 42 42 42 42 42 42 41 41 41 41 41 41 41 41 41 41 42 41 42 42 41 42 42 41 42 42 42 42 41 41 41 42 42 42 43 43 44 43 43 42 42 42 42 42 42 42 42 42 41 41 41 41 42 42 42 42 42 41 41 41 41 41 41 41 43 43 43 43 43 43 43 43 43 43 43 43 43 43 43 43 43 43 43 43 43 43 43 43 43 43 43 43 44 43 43 43 44 43 43 43 43 43 43 43 43 42 42 42 42 42 43 43 42 43 43 43 42 42 42 42 42 43 42 43 43 43 43 43 43 43 43 43 43 43 43 43 43 43 43 43 43 43 43 43 43 43 43 43 43 43 42 42 41 41 41 41 42 41 42 42 42 42 43 43 43 42 42 42 42 42 43 43 43 43 43 43 43 44 44 44 44 45 45 37 37 37 37 37 37 38 38 38 38 38 38 38 38 38 38 38 38 39 39 38 38 38 38 37 37 36 36 36 36 35 36 37 37 37 37 37 37 37 38 38 38 38 38 38 38 39 40 41 41 41 41 40 40 40 40 40 40 40 40 40 40 40 41 41 41 41 41 41 41 41 41 42 42 42 41 41 41 41 41 41 41 41 41 41 42 42 41 40 40 39 40 40 40 40 41 41 41 40 39 40 41 40 40 40 41 42 42 42 43 42 42 42 42 42 41 41 41 41 41 41 40 41 42 42 42 42 42 43 43 43 43 43 43 42 42 41 41 41 41 41 41 41 41 40 40 40 40 41 41 41 41 40 40 40 40 41 40 40 41 41 41 42 41 41 41 42 43 43 43 42 42 42 42 42 43 43 44 44 44 44 44 45 44 44 44 43 43 43 43 42 42 42 42 42 43 43 43 42 42 42 42 42 42 42 42 42 42 42 42 42 42 42 42 42 41 41 42 41 41 41 42 42 42 41 41 42 42 42 42 42 42 42 42 42 42 43 43 42 42 42 42 42 42 43 44 44 43 43 42 42 42 42 42 42 42 42 42 42 42 42 42 42 42 42 42 42 41 41 42 41 41 41 41 42 43 43 43 43 43 43 43 43 43 43 43 43 43 43 43 43 43 43 43 43 43 43 43 43 44 44 43 44 44 44 44 44 44 44 44 44 44 44 44 43 43 43 43 42 42 43 43 43 43 43 43 42 42 42 42 42 42 42 42 43 43 43 43 43 43 43 43 43 43 43 43 43 43 43 43 43 43 43 43 43 43 43 43 43 43 43 43 42 42 42 42 41 41 41 41 42 42 42 43 42 43 42 42 42 43 43 43 43 43 43 43 43 43 43 43 43 44 44 44 45 38 38 38 38 38 38 38 38 38 38 38 38 38 38 38 38 39 39 39 38 38 38 37 37 37 37 36 36 35 35 36 37 37 37 37 37 37 38 38 38 38 38 38 39 40 40 41 41 41 41 41 41 41 41 41 41 40 40 40 40 40 40 40 41 41 41 41 41 41 41 42 42 42 41 41 41 41 41 41 41 41 41 42 41 41 41 40 40 40 40 40 40 40 40 41 41 40 40 41 42 41 40 41 41 42 42 42 42 42 42 42 42 42 41 42 42 41 42 42 41 41 41 43 43 43 43 43 43 42 42 43 43 42 41 41 41 41 41 41 41 41 41 41 41 41 40 40 40 40 40 40 40 40 40 40 40 40 40 40 40 41 41 42 42 42 43 43 43 42 43 43 43 43 43 43 44 44 44 44 45 45 44 44 43 43 42 42 42 43 43 43 43 42 42 43 43 43 43 43 42 42 42 42 42 42 42 42 42 42 42 42 42 42 42 42 42 42 42 42 42 42 42 42 42 42 42 42 42 42 42 42 42 43 43 43 44 44 43 43 42 43 43 44 44 44 43 43 43 42 43 43 43 42 42 42 42 42 42 42 42 42 42 42 42 42 42 42 42 42 42 42 42 42 43 44 43 43 43 43 43 43 43 43 43 43 43 43 43 44 43 43 43 43 43 43 43 43 44 44 44 44 44 44 44 44 44 44 44 44 44 44 44 44 43 43 43 43 43 43 43 43 43 43 42 42 42 42 42 42 42 42 42 42 42 43 43 43 43 43 43 43 43 43 43 43 43 43 43 43 43 43 43 44 43 43 43 43 43 43 43 43 42 42 42 42 42 41 41 41 41 42 42 42 42 42 42 42 43 43 43 44 43 43 43 43 43 44 44 44 45 45 46 46 38 38 38 39 38 38 38 38 39 39 39 39 39 39 39 39 39 38 38 38 37 37 38 37 37 36 36 36 36 36 36 36 36 37 37 38 38 38 38 38 38 39 39 40 41 41 41 41 41 41 41 41 41 41 41 41 41 41 41 41 41 41 41 41 41 42 42 42 42 42 42 41 41 41 41 41 41 42 42 42 42 42 42 42 41 41 41 40 40 40 41 41 41 41 40 40 41 42 41 40 40 41 42 42 42 42 42 42 42 42 42 42 43 42 42 43 42 41 42 42 43 43 43 43 43 43 43 43 43 43 43 42 41 41 41 41 42 42 42 42 41 41 41 40 40 40 40 40 40 40 40 40 40 41 41 41 41 41 41 41 41 41 42 42 42 42 42 42 43 43 44 44 44 45 44 45 44 45 45 45 45 44 43 43 43 43 43 43 43 43 42 42 42 43 43 43 43 43 43 42 42 42 42 42 42 42 42 42 42 42 42 42 42 42 42 42 42 42 42 42 42 42 42 42 43 43 43 43 43 43 43 43 43 43 44 44 44 43 43 44 44 44 44 45 45 44 43 43 44 43 43 43 43 43 43 42 42 42 42 42 42 42 42 42 42 43 43 43 43 42 42 44 44 44 44 44 44 44 44 44 44 43 43 43 43 44 44 44 43 43 43 44 44 44 44 44 43 43 44 44 44 44 44 44 44 44 44 44 44 44 44 44 44 43 43 43 43 43 43 43 42 43 42 43 42 42 42 42 42 42 42 42 42 42 43 43 43 43 44 43 44 44 43 43 43 43 43 43 43 43 44 43 43 43 43 43 42 42 42 43 42 42 42 43 42 42 42 41 41 41 42 43 43 43 43 43 43 43 43 43 44 44 43 43 43 44 45 46 46 46 46 47 39 39 39 39 39 39 39 39 39 39 39 39 38 37 37 37 37 38 38 38 37 37 36 36 36 36 36 37 37 38 38 38 38 38 38 39 40 40 41 41 40 41 41 41 42 42 41 41 41 41 41 41 41 41 41 41 41 41 41 42 42 42 42 42 43 43 42 42 42 42 42 42 42 42 42 42 42 42 42 41 41 41 40 40 40 41 41 42 41 40 41 41 41 42 41 41 41 42 42 42 42 42 42 42 43 42 43 43 42 42 43 43 42 42 42 43 43 43 43 43 43 43 43 43 43 42 42 41 41 41 41 41 41 42 42 42 42 41 40 40 40 40 40 40 40 41 41 41 41 41 41 42 43 42 41 41 41 41 41 42 42 42 43 43 44 44 45 44 45 45 45 45 45 45 45 45 45 44 43 43 43 43 43 43 43 43 43 43 43 43 43 43 44 43 43 42 42 42 42 42 42 42 42 42 42 42 42 42 42 42 42 43 43 43 43 42 42 43 43 43 43 43 43 43 43 44 43 43 44 44 43 43 43 44 44 44 43 44 45 45 45 44 45 45 44 43 43 43 43 42 42 42 42 42 42 42 43 42 43 43 43 43 43 43 43 42 44 44 44 45 45 44 44 44 44 44 43 43 43 44 44 44 44 44 43 43 44 44 44 44 44 43 43 44 43 44 44 43 44 43 44 44 43 44 44 44 44 44 44 44 44 43 43 43 43 43 43 43 43 43 42 42 43 42 42 42 42 42 42 42 42 43 43 43 44 44 44 43 43 43 43 43 43 43 44 44 44 44 44 44 43 43 43 42 42 42 42 42 43 43 42 42 42 42 42 42 42 43 43 43 43 43 43 44 43 43 44 44 44 44 44 46 46 45 44 45 46 46 47 46 46 46 45 46 46 39 39 39 39 39 39 39 39 39 39 39 39 38 37 37 36 37 37 38 38 37 37 36 37 37 37 37 37 37 38 38 38 38 38 39 40 41 41 41 41 41 40 41 41 42 42 42 42 42 42 42 42 42 42 41 41 41 41 41 42 42 42 42 43 43 43 42 42 42 42 42 42 42 42 42 42 42 42 42 42 42 42 40 40 41 41 41 42 41 41 41 41 42 42 42 42 42 43 43 42 42 42 42 43 42 43 43 43 42 43 43 43 42 42 42 42 43 43 43 44 44 43 43 43 43 42 42 42 42 41 41 41 41 42 41 42 42 41 41 41 40 40 40 40 41 41 41 41 41 42 43 43 42 42 41 41 42 42 42 43 42 42 42 43 44 44 45 45 45 45 45 45 45 45 45 45 45 44 43 43 43 44 44 44 44 44 43 43 43 43 43 43 43 44 43 43 42 42 42 43 43 43 43 42 42 42 42 42 42 42 43 43 43 43 43 43 43 43 43 44 44 44 43 43 43 44 43 43 44 44 43 43 44 44 44 44 43 44 44 44 44 45 45 44 44 43 43 43 43 43 43 43 42 42 42 42 43 43 43 43 43 43 43 43 43 43 45 45 45 45 45 45 44 44 44 44 43 43 43 44 44 44 44 44 44 44 44 44 44 44 44 43 44 43 43 44 44 43 43 43 44 44 44 44 44 44 44 44 44 44 44 43 43 43 44 44 44 44 43 44 43 43 43 43 42 43 43 43 43 43 43 43 43 43 43 43 43 43 43 43 43 43 43 43 43 43 43 44 44 44 44 43 43 43 43 42 42 42 42 43 43 42 43 43 43 43 42 42 43 43 43 44 43 44 44 43 43 44 44 44 45 45 45 44 44 44 44 45 46 46 45 44 44 45 45 45 46 39 39 39 39 39 39 39 39 39 39 39 39 39 38 37 37 37 37 37 37 37 36 37 38 38 38 38 38 37 37 38 37 38 39 40 40 40 41 41 42 41 41 41 42 42 42 42 42 42 42 42 42 42 42 42 42 42 42 42 42 42 42 43 43 43 43 42 42 42 42 42 42 42 42 42 42 42 42 42 43 43 42 41 40 41 41 42 42 41 41 41 41 41 42 43 43 42 43 43 43 43 43 42 43 43 43 43 43 42 43 44 43 43 43 43 43 43 43 43 44 43 43 43 42 42 42 42 42 42 41 41 41 41 41 41 41 42 41 41 41 41 41 40 41 41 41 41 41 41 42 43 43 42 42 41 42 43 43 43 43 43 43 43 43 43 44 45 46 46 45 45 45 45 45 45 46 45 44 44 43 44 44 44 44 44 43 43 43 44 43 43 43 43 43 43 43 43 43 43 43 43 43 43 43 42 42 42 42 42 42 43 43 43 44 44 44 43 43 44 44 44 44 44 43 44 44 44 43 44 43 43 44 44 44 44 43 43 44 44 43 44 44 44 44 44 44 44 44 44 44 43 43 43 43 42 42 43 43 44 43 43 43 43 43 43 43 45 44 44 44 44 44 44 44 44 44 44 44 44 44 44 44 44 44 44 44 44 44 44 44 44 44 44 44 43 44 44 44 43 43 43 43 44 44 43 44 44 44 44 44 43 43 43 43 43 44 44 44 44 43 44 44 43 43 43 43 43 42 43 43 43 43 43 43 43 44 43 43 43 43 43 43 43 43 43 43 43 43 43 44 44 43 43 44 43 43 42 42 42 43 43 43 43 43 44 43 43 42 42 43 43 43 43 43 44 44 44 45 45 46 46 45 44 43 43 43 44 44 45 45 45 45 44 44 44 44 44 45 40 40 40 39 40 40 40 39 39 39 38 38 37 37 37 37 37 37 37 37 37 37 37 38 38 39 38 38 38 38 38 38 38 39 39 40 40 41 41 41 41 42 42 42 42 42 42 42 42 42 42 42 42 42 42 43 43 43 42 42 43 43 43 43 43 42 42 42 42 42 42 42 42 42 42 42 42 42 43 43 42 41 41 41 41 42 42 41 42 41 42 42 42 43 43 43 43 44 43 43 43 43 43 43 43 43 43 42 43 43 43 43 42 43 43 44 44 44 44 43 43 43 42 42 41 42 42 41 41 41 41 41 41 42 41 42 41 41 41 41 41 41 41 41 41 41 42 42 42 43 43 42 42 42 42 43 44 44 44 44 44 44 43 43 44 46 46 46 46 45 45 45 46 46 46 45 45 44 44 44 44 44 44 44 43 44 44 44 44 44 43 43 43 43 43 43 43 43 43 43 43 43 43 43 43 42 42 42 43 43 43 43 44 44 44 44 43 44 44 44 44 44 43 43 44 44 43 44 43 44 44 44 44 44 44 43 44 44 43 43 43 44 44 43 44 44 44 44 44 44 44 44 43 43 43 43 43 43 43 43 43 43 43 43 43 45 45 44 44 44 44 44 44 44 44 44 44 44 44 44 44 44 44 44 44 44 44 44 44 44 44 44 44 44 44 44 44 44 44 43 43 43 43 43 44 44 44 44 43 43 43 43 43 44 44 44 44 44 44 44 44 43 44 44 44 44 43 43 43 44 44 43 43 43 43 43 43 43 43 43 43 43 43 44 44 43 43 43 43 44 44 44 44 44 43 43 42 42 43 44 43 43 43 43 43 43 43 43 43 43 43 44 44 45 45 45 46 46 46 45 45 44 44 43 43 43 44 45 44 44 45 45 44 44 44 45 46 46 40 40 40 40 40 40 40 39 39 38 37 37 37 37 38 38 38 38 37 37 37 37 37 37 38 38 38 39 39 39 39 39 39 40 40 40 40 41 41 41 41 41 42 41 41 42 42 42 43 43 42 42 42 42 42 43 43 43 43 43 42 43 43 43 43 42 42 42 43 43 43 42 43 43 43 43 43 43 43 43 43 41 41 42 42 42 42 42 43 42 42 43 43 44 44 43 44 44 43 43 43 43 43 44 44 44 43 43 43 43 44 43 43 43 43 44 44 44 44 44 43 43 42 42 42 42 42 42 43 42 42 41 41 41 42 41 41 41 42 42 42 41 41 41 41 41 41 42 42 42 43 43 43 43 43 44 44 44 45 45 45 45 44 44 44 46 46 46 46 46 46 45 46 46 46 45 45 44 44 44 44 44 44 44 44 44 44 44 44 43 43 44 43 43 43 43 44 43 43 43 44 43 43 43 43 42 42 42 43 43 43 43 44 44 44 44 44 44 44 44 44 44 44 43 43 44 43 43 43 43 43 43 44 44 44 44 44 44 44 44 44 44 44 44 43 44 44 44 44 44 44 44 44 44 43 43 43 43 43 43 43 43 43 43 43 45 45 44 44 44 44 44 44 44 44 44 44 44 44 45 45 44 44 44 44 44 44 44 44 44 44 44 44 44 44 44 44 44 44 44 44 44 44 44 44 44 44 44 44 43 43 43 44 44 44 44 45 45 44 44 44 44 44 45 45 45 45 45 45 45 44 44 43 43 43 43 44 44 44 44 44 45 44 44 44 44 43 43 43 43 44 44 44 44 44 44 43 42 42 43 43 43 43 43 43 44 43 43 43 43 43 43 43 44 45 45 46 45 45 45 45 45 45 44 44 43 44 44 44 44 45 44 44 44 44 45 45 45 45 40 40 40 40 40 40 40 39 38 37 38 37 38 39 38 39 39 38 37 37 37 37 37 38 38 38 38 38 39 40 40 40 41 41 41 40 41 41 41 41 41 41 41 42 42 42 43 43 43 43 43 43 43 43 43 43 43 43 43 43 43 43 43 43 42 42 42 42 43 43 43 43 43 43 43 43 43 43 43 43 42 41 42 43 43 42 42 43 43 43 43 44 44 44 44 44 45 44 44 44 44 44 44 44 43 43 44 43 43 43 43 43 43 44 44 44 45 44 44 43 43 43 42 42 42 42 43 43 42 42 42 41 41 41 41 42 42 42 42 42 41 41 41 41 41 41 41 42 42 43 43 44 44 44 44 45 45 45 46 45 46 45 45 45 46 46 47 46 46 46 46 46 46 45 44 44 44 44 45 45 44 44 44 44 45 45 44 44 44 44 44 44 43 43 43 43 43 43 43 43 43 43 43 43 42 42 42 43 43 43 43 43 43 44 44 44 44 44 44 44 44 44 43 43 44 43 43 43 43 44 44 44 44 44 44 44 44 44 44 44 44 44 44 44 43 44 44 44 43 43 43 43 43 43 43 43 43 44 43 43 43 43 43 43 45 45 45 45 45 45 45 45 44 44 44 44 44 45 45 45 45 45 45 44 44 44 44 44 44 44 44 44 44 44 44 44 44 44 44 44 44 44 44 44 44 44 44 44 44 44 44 44 44 43 43 43 44 43 43 43 44 44 44 44 43 43 44 44 44 45 45 44 44 44 44 44 45 45 45 45 45 45 44 44 44 44 43 43 43 43 44 44 44 44 44 43 42 43 43 43 43 43 43 43 44 44 43 43 43 43 44 44 44 45 45 45 45 45 44 45 45 45 45 44 44 44 44 44 44 44 44 44 44 44 44 44 44 45 46 40 40 40 40 40 40 39 38 38 38 38 39 39 39 40 39 38 38 38 37 37 38 38 38 39 39 39 39 39 39 40 40 41 41 41 41 41 41 42 42 42 41 42 42 42 42 43 43 43 43 43 43 43 43 43 43 43 43 44 44 43 43 44 42 43 43 43 43 43 43 43 43 43 43 44 44 44 44 43 42 42 42 43 43 42 43 43 43 44 44 44 45 44 44 44 45 45 44 44 44 44 44 44 43 44 44 44 44 44 44 44 44 44 45 45 45 44 43 43 42 42 42 43 43 43 43 43 43 43 42 42 42 42 42 42 42 42 42 41 41 41 41 42 42 42 42 43 43 44 44 44 45 45 45 45 45 46 46 46 46 46 45 45 47 47 47 47 47 46 46 45 45 44 44 44 44 44 44 44 44 44 45 44 45 45 45 44 44 44 44 44 43 43 44 44 44 43 43 43 43 44 43 43 43 43 43 43 43 43 43 43 43 44 44 44 44 44 44 44 44 44 44 43 44 44 44 44 44 44 44 44 44 44 44 44 44 44 44 44 44 44 44 44 44 44 44 44 44 44 43 43 43 43 43 44 44 44 44 44 43 43 43 43 45 45 45 45 45 45 45 45 45 45 45 45 44 45 45 45 45 45 45 45 45 45 44 44 44 44 44 44 44 44 44 44 44 44 44 44 44 44 44 44 44 44 44 44 44 44 44 44 44 43 43 43 43 42 42 42 42 43 43 43 43 42 43 43 44 45 45 45 45 45 45 45 45 45 45 45 45 45 45 45 44 44 43 43 44 44 44 44 44 45 45 44 43 43 43 43 43 43 44 44 44 44 44 44 44 44 44 44 45 45 44 44 45 44 44 44 45 44 44 44 43 43 44 44 44 44 44 44 44 45 45 45 45 45 46 47 47 40 40 40 40 41 40 39 39 39 39 39 39 39 39 38 38 37 38 37 37 37 37 37 38 39 39 39 39 39 39 39 39 40 41 41 41 40 41 42 42 42 41 42 42 42 42 42 42 42 42 42 43 43 43 42 42 42 42 43 43 43 43 43 43 44 44 44 44 44 44 44 44 44 45 45 45 45 44 44 43 43 44 44 44 44 44 45 44 45 45 45 44 45 45 45 45 46 46 46 46 46 45 45 46 46 45 45 46 45 45 45 45 45 45 44 44 43 43 43 43 42 43 43 43 43 43 43 43 43 42 43 42 42 42 42 42 41 41 41 42 42 42 42 42 42 43 43 44 44 44 45 46 46 46 46 46 47 47 46 47 46 46 46 46 46 46 46 45 45 45 45 44 44 44 44 44 44 44 44 44 44 44 44 44 44 43 43 43 43 43 43 43 43 43 44 43 43 43 43 42 42 42 43 42 43 43 42 42 42 43 43 43 44 44 44 44 44 44 44 44 44 44 44 44 44 44 44 44 44 44 44 44 44 44 44 44 44 44 44 44 44 44 44 43 44 44 44 44 44 44 44 44 44 44 43 44 44 43 43 43 43 43 44 44 44 44 44 44 44 44 44 44 44 44 43 43 43 43 44 44 44 43 43 43 43 43 43 43 43 43 43 43 43 43 43 43 43 43 43 43 43 43 43 43 43 43 43 43 42 42 42 42 44 43 43 42 42 42 43 43 43 42 42 43 43 43 44 44 44 44 45 45 46 46 45 45 45 46 46 46 46 46 45 45 44 43 44 44 44 44 44 44 45 44 44 44 43 43 43 43 44 44 44 45 45 44 44 44 44 44 45 45 45 44 44 44 44 45 45 45 44 44 45 45 45 45 45 45 45 46 46 46 47 47 47 47 47 47 47 47 47 41 41 41 40 40 39 39 39 39 39 38 38 38 38 38 37 37 38 38 37 37 38 38 39 39 40 40 40 40 40 41 42 41 40 40 41 42 42 42 42 42 42 42 42 42 42 43 43 43 43 43 42 42 42 43 43 43 43 43 43 44 44 44 44 44 44 44 44 44 44 44 45 45 45 45 45 44 44 44 45 45 45 45 45 45 45 45 45 44 44 44 44 45 46 46 46 46 46 45 46 46 46 45 46 46 46 46 46 46 44 44 44 44 44 43 43 43 43 43 43 43 43 43 43 43 43 43 43 42 42 42 42 41 41 42 42 42 42 42 42 43 43 43 43 43 43 44 45 46 46 46 46 46 47 47 47 47 47 47 47 46 46 46 46 46 46 45 45 45 44 45 45 45 44 44 44 44 44 44 43 43 43 43 43 43 43 43 43 44 43 43 44 43 43 43 43 42 43 43 43 43 44 43 42 42 42 43 43 43 44 44 44 44 44 44 44 44 44 44 44 44 44 44 44 44 44 44 44 44 44 44 44 44 44 44 44 44 44 44 44 44 44 44 44 44 44 44 44 44 44 44 44 44 44 44 44 43 43 43 44 44 44 44 44 44 44 44 44 44 44 44 44 43 43 44 44 44 44 44 44 44 43 43 43 43 43 43 43 43 43 43 43 43 43 43 43 43 43 43 43 43 43 43 43 43 42 43 43 44 44 44 44 43 43 43 44 45 44 43 43 43 43 43 43 44 44 44 44 44 45 45 45 45 45 45 45 46 45 45 44 44 44 44 44 44 44 44 44 44 44 45 44 44 44 44 43 43 43 44 44 45 44 44 44 44 44 44 45 45 45 45 45 45 44 45 44 44 44 45 45 45 46 47 46 46 46 46 47 47 48 48 48 47 47 47 46 47 47 41 40 39 40 40 40 39 39 38 38 39 38 38 38 39 39 38 37 37 37 38 39 39 39 40 40 41 41 42 41 41 41 41 41 41 42 42 42 42 43 42 43 43 43 43 43 43 43 43 43 43 43 43 43 43 43 44 44 44 44 44 44 44 44 44 44 45 44 45 45 45 45 45 45 45 45 45 45 45 45 45 45 45 45 45 44 44 44 44 45 45 46 46 46 46 46 47 47 46 46 46 47 47 47 46 45 44 44 44 44 44 44 44 43 43 43 43 43 43 43 43 43 43 43 43 43 43 42 42 42 42 42 42 42 42 42 43 43 43 43 43 43 43 44 44 45 46 46 47 47 47 47 47 47 47 47 47 46 46 46 46 45 45 45 45 44 45 45 46 45 45 45 45 44 44 44 44 43 44 44 44 43 43 43 43 43 44 44 44 44 43 43 43 42 43 43 44 44 43 43 43 43 43 43 43 43 44 44 44 44 44 44 44 44 44 44 44 44 44 44 44 44 44 44 44 44 44 44 44 44 44 44 44 44 44 44 44 44 44 44 44 44 44 44 44 44 44 44 44 44 44 44 44 44 44 44 44 44 44 44 44 44 44 44 44 44 44 44 44 44 43 44 44 44 44 44 44 44 44 44 43 43 43 43 43 43 43 43 43 43 43 43 43 43 43 43 43 43 43 43 43 42 42 43 43 43 45 44 44 44 43 43 44 44 44 43 43 43 43 43 43 43 44 44 44 44 44 45 44 44 44 44 45 45 45 45 45 44 44 44 44 44 44 44 44 44 44 44 44 44 44 44 44 44 43 43 44 44 45 44 44 44 44 45 45 44 45 44 45 45 45 45 44 44 45 45 45 45 46 47 47 47 47 47 47 47 47 47 47 46 46 46 47 48 48 48 41 40 40 40 40 39 39 38 38 38 39 39 39 39 39 38 38 38 38 37 38 39 39 39 40 42 42 42 42 43 42 41 41 41 42 42 42 43 43 43 43 43 43 43 43 43 43 43 43 43 43 43 44 43 43 44 44 44 44 44 44 44 44 45 44 44 44 45 45 45 45 45 45 45 45 45 45 45 45 45 45 45 45 44 44 44 44 45 45 45 45 46 46 46 46 47 47 47 46 46 47 47 47 46 45 44 43 44 44 45 44 44 44 44 43 43 42 42 42 42 42 43 43 43 43 43 43 42 42 42 43 42 42 43 43 43 43 43 43 43 43 43 44 44 45 46 46 47 47 47 47 47 47 47 47 47 46 46 45 45 45 45 45 45 45 45 46 46 46 45 45 45 45 45 45 44 44 44 45 44 44 43 43 44 43 43 44 44 44 43 43 43 43 43 43 44 44 43 43 43 43 43 43 43 43 44 44 44 45 45 45 44 44 44 44 44 44 44 45 44 44 45 44 44 44 44 44 44 44 44 44 44 44 44 44 44 44 44 44 44 44 44 44 44 44 44 44 44 44 44 44 44 44 44 44 44 44 44 44 44 44 44 44 44 44 44 44 44 44 44 44 44 44 44 44 44 44 44 44 44 44 44 43 43 43 43 43 43 43 43 43 43 43 43 43 43 43 43 43 43 42 42 43 43 43 45 45 45 45 44 44 44 44 44 44 44 43 43 43 43 43 43 44 44 44 45 44 44 44 45 45 45 45 45 45 45 45 44 45 44 44 44 44 44 44 44 44 44 44 44 44 44 44 44 43 43 43 44 44 44 44 45 45 45 44 44 44 44 44 44 44 44 45 45 45 45 46 47 46 46 46 47 47 47 47 47 46 46 46 46 46 47 48 48 48 48 42 42 41 40 40 40 39 38 39 39 39 39 40 40 39 39 39 40 39 39 38 37 38 39 39 40 42 42 43 43 43 43 42 42 42 42 42 43 43 43 43 43 43 43 43 43 43 43 43 44 44 44 43 43 43 44 44 44 44 44 44 45 45 45 45 45 45 45 45 45 45 45 45 45 45 45 45 45 45 45 46 46 45 45 44 44 44 44 45 45 45 45 46 46 46 46 47 48 47 47 47 47 47 47 47 46 44 43 44 44 44 45 44 44 43 43 43 42 42 43 43 43 43 43 43 43 43 43 43 42 42 43 43 43 44 43 43 43 43 43 43 43 44 44 45 45 46 46 46 47 47 47 47 47 48 48 48 48 46 46 46 45 46 46 46 46 46 46 46 46 45 45 45 45 45 45 45 45 45 45 45 44 43 43 44 44 43 44 44 44 44 43 43 43 43 44 44 44 44 43 43 43 44 44 44 44 44 44 45 45 45 45 45 45 45 45 45 44 44 45 45 44 45 45 44 45 44 45 45 44 45 44 44 44 44 44 44 44 44 44 44 44 44 44 44 44 44 44 44 44 44 44 44 44 44 44 44 44 44 44 44 44 44 44 44 44 44 44 44 44 44 44 44 44 44 44 44 44 44 44 44 44 44 44 44 43 43 44 44 44 43 43 43 43 43 43 43 43 42 42 43 43 42 43 43 43 44 44 45 45 45 45 44 44 45 45 44 44 43 43 43 43 43 43 44 44 44 44 45 45 45 45 45 45 45 45 45 45 45 45 45 44 44 44 44 44 44 44 44 45 45 44 44 45 44 44 44 43 44 44 44 44 45 44 44 44 44 44 44 44 45 45 46 46 46 46 46 47 47 46 45 46 46 47 47 47 46 46 46 46 47 47 48 48 48 47 47 42 42 42 42 41 41 40 39 39 39 39 40 40 40 40 40 40 40 40 40 40 39 38 38 40 40 41 41 42 43 43 43 43 43 43 43 43 43 43 43 43 43 43 43 43 43 43 43 43 43 43 44 44 43 43 44 44 45 45 45 45 45 45 45 45 45 45 45 45 45 45 45 45 45 45 45 45 45 45 45 45 46 45 46 46 45 44 45 45 46 46 45 45 46 46 47 47 47 47 47 47 47 47 47 46 46 45 44 44 43 44 44 45 44 44 43 43 43 43 43 43 43 43 43 43 43 43 43 43 43 43 43 43 43 43 43 43 43 43 44 44 44 44 44 44 45 46 46 46 46 47 47 47 47 48 48 48 48 47 47 47 46 46 46 46 46 46 46 45 45 45 45 45 45 44 44 45 45 45 45 45 45 44 44 44 44 44 44 44 44 44 45 44 44 44 44 45 45 44 44 44 44 44 44 44 44 44 45 45 45 45 45 45 45 45 45 45 45 45 45 45 45 45 45 45 45 45 45 45 45 45 45 45 44 45 45 44 44 44 44 44 44 44 44 44 44 45 45 44 44 44 44 44 44 44 44 44 44 44 44 44 44 44 44 44 44 45 45 44 44 44 44 44 44 44 44 44 44 44 44 44 44 44 44 44 44 44 44 44 44 44 44 44 43 43 43 43 43 43 43 43 43 43 43 43 43 44 45 45 45 44 45 45 45 45 45 45 45 44 44 44 44 44 43 43 44 44 44 44 45 45 45 44 45 45 45 45 45 45 45 44 44 44 44 44 44 44 44 44 44 45 45 44 44 44 44 45 44 44 44 44 44 44 45 44 44 43 43 44 45 44 44 45 45 45 45 46 46 46 46 45 45 46 47 47 47 47 47 46 46 46 47 47 48 47 47 46 46 42 42 42 42 42 41 41 40 39 40 40 41 40 40 40 41 41 41 41 40 40 39 39 38 39 40 41 41 42 43 43 43 43 43 44 44 44 44 44 43 43 43 43 43 43 44 43 44 44 44 43 43 43 44 44 44 44 45 45 45 45 45 45 45 45 45 45 45 45 45 45 45 45 45 45 45 45 46 46 45 45 46 46 46 45 44 44 45 45 45 46 46 45 45 45 46 47 47 47 47 47 47 47 46 46 45 45 44 44 44 44 44 44 45 45 44 44 44 43 43 43 43 43 43 43 43 43 43 43 43 43 43 43 43 43 43 44 44 44 44 44 44 44 44 44 45 45 46 46 46 47 47 47 48 48 48 48 48 47 47 46 46 46 46 46 46 46 46 46 46 45 45 45 46 45 45 45 45 45 45 45 45 45 45 45 44 45 44 44 44 45 45 45 45 45 45 45 45 45 44 44 44 44 44 44 44 44 45 45 45 45 45 45 45 45 45 45 45 45 45 45 45 45 45 45 45 45 45 45 45 45 45 45 45 45 45 45 44 44 45 44 44 44 45 45 44 45 45 45 45 45 45 44 44 44 44 44 45 45 45 45 45 44 44 44 45 45 45 45 44 44 44 44 44 44 44 44 44 44 44 44 44 44 44 44 44 44 44 44 44 44 44 44 43 43 43 43 44 44 44 44 43 43 43 43 43 43 45 45 46 45 45 45 45 45 45 45 45 45 45 45 44 44 44 44 44 44 44 44 44 44 44 44 45 44 45 45 45 45 45 44 44 44 44 44 44 44 44 44 44 44 44 44 44 44 45 45 45 45 44 44 44 44 44 44 43 44 44 45 46 45 44 44 44 45 45 45 45 46 46 45 45 46 47 47 47 47 47 46 46 46 47 47 48 47 46 46 46 46 42 42 42 42 42 42 41 41 41 41 41 40 40 40 41 41 41 41 40 40 39 39 40 40 41 41 41 42 42 42 43 43 44 44 44 44 44 44 43 43 43 43 43 44 44 44 44 44 44 44 44 44 44 44 44 44 45 45 45 45 45 45 45 45 45 45 45 45 46 46 45 45 45 45 45 45 46 46 46 46 46 46 46 45 45 44 45 45 45 46 46 45 45 46 46 46 47 47 47 47 46 46 46 45 46 45 44 44 44 44 44 44 45 45 45 44 44 44 43 43 43 44 44 44 43 43 43 43 43 43 43 44 43 43 43 44 43 44 44 44 44 44 44 44 45 45 45 46 46 46 47 47 47 48 49 48 48 47 46 46 46 45 46 46 46 46 46 46 46 45 45 45 46 45 46 45 46 45 45 45 45 45 45 45 45 45 45 44 45 45 45 46 45 45 45 44 45 44 44 44 44 45 45 45 45 44 45 45 45 45 45 45 45 45 45 45 45 45 45 45 45 45 45 45 45 45 45 45 45 45 45 45 45 45 45 45 45 45 45 44 45 44 44 45 45 44 44 44 45 45 45 45 44 44 45 45 45 45 45 45 45 45 45 45 45 45 45 45 45 45 44 44 44 44 44 45 45 45 44 44 44 44 44 44 44 44 44 44 44 44 44 44 44 44 43 43 43 44 44 45 44 44 43 43 43 43 45 45 45 45 45 45 45 45 46 46 45 45 45 45 45 45 44 44 44 44 44 44 44 44 44 44 44 44 44 45 44 44 45 45 44 44 44 44 44 45 45 44 44 44 44 44 44 44 44 45 45 45 45 44 44 45 44 44 44 45 45 45 46 46 45 45 44 45 45 45 45 45 46 45 45 46 46 47 47 47 47 46 46 46 47 47 47 47 46 46 46 46 46 46 42 42 42 42 42 41 41 41 41 41 40 41 41 41 40 40 41 41 40 39 40 41 41 41 41 41 41 42 42 42 43 44 44 44 44 44 44 44 44 44 44 44 44 45 45 45 45 44 45 45 45 45 44 44 44 45 45 45 45 45 46 46 46 45 45 45 46 46 46 46 46 46 46 46 46 46 46 46 46 46 46 46 46 45 45 45 45 45 45 45 45 46 46 46 46 46 47 46 46 46 45 45 45 45 45 44 44 44 44 44 45 45 44 45 44 44 44 44 44 44 43 43 43 43 43 43 43 44 44 44 44 44 43 43 43 44 44 44 44 44 44 44 44 45 45 45 46 46 46 47 47 47 47 48 48 48 47 46 46 46 46 46 45 46 46 46 46 46 46 46 45 45 45 45 46 45 45 45 45 45 45 45 46 46 45 46 45 45 46 46 45 45 45 45 44 44 45 44 44 44 45 45 45 45 45 45 45 45 45 45 45 45 45 45 45 45 45 45 45 45 45 45 45 45 45 45 45 45 45 45 45 45 45 45 45 45 45 45 45 45 45 44 45 45 45 44 44 44 45 45 45 45 44 44 45 45 45 45 45 45 45 45 45 45 45 45 45 45 45 45 45 45 44 44 45 45 45 45 44 44 44 44 44 44 44 44 44 44 44 44 44 44 44 43 43 43 43 44 44 44 45 44 44 44 43 45 45 45 46 46 46 45 45 45 45 46 45 45 45 45 45 45 45 45 44 44 44 44 44 44 44 44 44 44 44 44 44 44 44 44 44 44 44 44 45 45 45 44 44 44 44 45 44 44 45 45 45 45 45 44 44 44 44 44 44 44 45 45 46 45 45 44 44 45 45 45 45 45 45 45 45 46 46 47 47 47 47 46 46 46 47 47 47 46 46 46 46 46 46 43 43 43 43 43 42 41 41 41 41 42 41 41 40 40 40 40 40 40 40 40 40 41 41 41 42 41 41 42 42 43 44 44 44 44 44 44 44 44 44 44 44 44 45 45 45 45 45 45 45 45 45 45 44 44 45 45 45 46 46 46 46 46 46 46 46 46 46 46 46 46 46 46 46 46 46 46 46 46 46 46 47 46 46 45 45 45 45 46 46 46 46 46 46 46 46 46 46 45 45 45 45 45 45 45 44 44 44 44 45 45 45 45 44 44 44 44 44 44 44 44 44 43 43 43 43 43 44 44 44 44 44 44 44 43 44 44 44 44 44 44 44 44 44 44 45 45 46 46 46 46 46 47 48 47 47 47 47 47 47 47 46 46 46 46 46 46 45 45 45 45 45 45 45 45 45 45 45 45 45 45 45 45 45 45 46 46 46 46 46 46 46 46 45 45 44 45 45 45 44 44 45 45 45 45 46 46 45 45 46 46 45 46 46 45 46 46 45 45 45 45 45 45 45 45 45 45 45 45 45 45 45 45 45 45 45 45 45 45 45 45 45 45 45 45 44 44 44 45 45 45 45 45 45 45 45 45 45 45 45 45 45 45 45 45 45 45 45 45 45 45 45 45 45 45 45 45 45 44 44 44 44 44 44 44 44 44 44 45 45 45 44 44 44 43 43 43 44 44 44 44 45 44 44 44 45 45 45 45 45 46 45 45 45 45 45 45 45 45 45 45 45 45 45 45 44 44 44 44 44 44 44 44 44 44 44 44 44 44 45 44 44 44 44 44 45 45 45 44 44 44 44 45 44 45 45 45 45 44 44 44 45 45 45 45 45 45 45 45 45 45 44 44 45 45 45 45 45 45 45 45 46 46 46 46 47 47 46 46 46 47 47 47 47 47 46 46 46 46 47 43 43 42 42 42 42 42 42 41 40 40 40 40 40 40 41 41 41 40 41 41 41 41 42 42 42 43 43 44 43 43 44 44 45 45 45 44 44 44 45 45 45 45 45 45 45 45 45 45 45 45 45 45 45 45 46 46 46 46 46 46 46 46 46 46 46 46 46 46 46 46 47 47 47 47 47 47 47 47 47 46 46 45 45 45 46 46 46 46 46 46 46 46 46 46 45 46 45 45 45 45 45 44 44 45 44 45 45 45 45 45 44 44 44 44 44 44 44 44 44 43 43 44 44 44 44 45 44 44 44 44 44 44 44 44 44 44 44 45 45 45 45 45 46 46 45 45 46 46 47 47 46 47 47 47 47 47 47 46 46 46 46 46 47 46 45 46 46 46 46 45 46 45 45 45 46 45 45 45 45 45 46 46 46 46 46 46 46 46 46 45 45 45 45 45 45 45 45 45 45 45 45 46 46 46 46 46 46 46 46 46 46 46 46 46 46 46 45 45 45 46 45 45 45 45 45 45 45 45 45 45 45 45 45 45 45 45 45 45 45 45 45 45 44 44 45 45 45 45 45 45 45 46 46 46 46 46 45 45 45 45 45 45 45 45 45 45 45 45 45 45 45 45 45 45 44 44 44 44 44 44 45 44 45 45 45 45 45 45 44 44 44 43 43 44 44 44 44 44 44 44 45 46 45 45 45 45 45 45 46 46 46 45 45 45 45 45 46 46 45 45 44 44 44 44 44 44 44 44 44 44 44 44 44 44 44 45 45 44 44 44 44 44 44 45 45 44 44 44 44 44 45 45 45 45 44 45 45 45 45 45 45 46 46 46 46 45 45 45 45 45 45 45 45 45 45 45 46 45 45 45 45 46 47 47 46 47 47 47 47 47 47 46 46 46 47 47 47 43 42 42 42 42 41 40 40 40 40 41 41 41 41 41 41 41 41 41 41 42 42 42 43 43 43 43 43 44 44 45 44 44 44 44 44 45 45 45 45 45 45 45 45 45 45 45 45 45 46 46 46 46 46 46 46 46 46 46 46 46 46 46 46 46 47 47 47 47 47 47 47 47 47 47 47 47 47 47 46 45 45 45 46 45 46 46 46 46 46 46 46 46 45 45 45 45 45 45 45 45 45 45 45 45 45 45 45 44 44 44 44 44 44 44 44 44 44 44 44 44 44 45 45 44 44 44 44 44 44 44 44 44 45 45 45 45 45 45 45 45 45 45 46 46 46 47 46 46 47 46 47 47 47 47 46 46 46 46 46 47 47 46 46 46 46 46 45 46 46 45 46 47 46 45 45 45 45 45 45 45 46 46 46 45 45 45 46 46 45 45 45 45 45 45 45 45 45 45 46 46 46 46 46 46 46 46 46 46 46 46 46 46 46 46 46 45 45 45 45 45 45 45 45 45 45 45 45 45 45 45 45 45 45 45 45 45 45 45 45 45 45 45 45 45 45 45 45 45 46 46 46 46 46 46 46 46 46 46 46 45 45 45 45 45 45 45 45 45 45 45 45 45 44 45 45 45 45 45 45 45 45 45 45 46 46 45 45 45 44 44 44 44 44 44 44 44 44 45 47 45 45 45 46 45 45 46 45 45 45 46 45 45 45 46 46 45 45 44 44 44 44 44 44 44 44 44 44 44 44 44 44 44 44 44 44 44 44 44 45 44 44 44 44 44 44 44 45 45 45 45 45 45 45 45 45 45 45 45 45 46 46 46 46 46 46 46 46 45 45 45 45 46 46 45 45 45 45 45 47 47 47 46 47 47 47 47 47 47 46 46 47 47 46 47 42 42 41 40 40 41 41 41 41 41 41 41 41 41 41 41 42 42 42 42 42 43 43 43 44 44 45 45 45 44 44 44 45 45 45 45 45 45 45 45 45 45 45 45 45 45 46 46 46 46 46 46 46 46 46 46 46 46 46 46 46 47 47 47 47 47 47 47 47 47 47 47 47 47 47 47 46 46 45 46 45 45 46 46 46 47 47 47 46 46 46 46 46 45 45 45 45 45 45 45 45 45 45 45 46 45 45 45 44 44 44 44 44 44 44 44 44 44 45 45 45 44 44 45 45 44 44 44 44 44 44 45 44 45 45 45 45 45 45 46 46 46 46 46 46 46 46 46 46 47 47 47 47 47 46 46 46 46 46 46 46 47 47 46 46 46 47 46 47 46 46 45 45 46 46 45 45 45 46 45 45 45 46 45 46 46 46 46 45 45 45 45 45 45 45 45 46 46 46 46 46 46 46 46 46 45 45 46 46 46 46 46 46 46 46 46 46 46 46 45 45 45 45 45 45 45 45 45 45 45 45 45 45 45 45 45 45 45 45 45 45 45 45 45 45 45 46 46 46 46 46 46 46 46 46 46 46 46 46 46 46 46 46 45 45 45 45 45 45 45 45 45 45 46 46 46 46 45 46 46 46 46 46 45 45 45 44 44 44 44 44 44 44 44 44 45 47 46 46 46 46 45 46 45 45 45 46 45 46 45 45 45 46 46 46 45 44 44 44 44 44 44 44 45 44 44 44 44 44 44 44 44 44 44 44 44 44 44 44 44 44 44 44 44 44 44 45 45 45 45 45 45 45 45 45 45 45 46 46 46 46 46 46 46 46 46 45 45 44 44 45 45 45 45 46 46 47 47 47 46 46 46 47 47 47 47 46 46 46 46 46 47 48 48 43 42 41 41 42 41 42 42 42 42 41 41 41 41 41 41 41 42 42 42 43 43 44 44 44 44 45 45 44 45 45 45 45 45 45 45 45 45 45 45 46 46 46 46 46 46 46 46 46 46 46 46 46 46 47 47 47 47 47 47 47 47 47 47 47 47 47 47 47 47 47 47 47 47 47 46 46 46 46 46 46 46 46 47 47 47 47 47 47 47 47 46 46 46 46 45 45 45 45 45 45 45 45 45 46 45 45 45 45 44 44 44 44 44 44 44 44 44 45 45 45 45 45 45 45 45 45 44 44 44 45 45 45 45 46 45 46 46 46 47 46 46 46 46 46 46 46 47 47 47 48 47 47 47 46 46 46 46 46 47 47 47 47 47 47 47 46 46 47 46 46 46 46 47 46 45 45 45 45 45 45 45 45 45 45 46 46 45 45 45 45 45 46 45 45 46 46 46 46 46 46 46 46 46 46 45 45 46 46 46 46 46 46 46 46 46 46 46 46 46 46 45 45 45 45 45 45 45 45 45 45 45 45 45 45 45 45 45 45 45 45 45 45 45 45 46 46 46 46 46 46 46 46 46 46 46 46 46 46 46 46 46 46 46 46 45 45 46 46 45 46 46 46 46 46 46 46 46 46 45 45 45 45 45 45 45 45 45 45 45 45 45 45 44 44 46 47 47 46 46 46 46 46 46 46 45 46 45 45 45 45 46 46 47 45 45 44 44 44 45 45 45 45 45 44 44 44 44 44 44 44 45 44 44 44 44 44 45 45 44 44 44 44 44 44 45 45 45 45 45 45 45 45 45 45 45 46 46 46 46 46 46 46 46 47 47 46 45 45 45 45 45 45 46 46 46 47 47 47 46 46 46 47 47 47 46 46 47 47 47 47 47 48 48 48 42 42 42 42 41 41 41 41 41 41 42 42 43 43 42 41 42 42 43 43 44 45 44 44 44 44 45 45 45 45 45 46 46 45 45 45 46 46 46 46 46 46 46 46 46 46 46 46 46 46 46 46 46 47 47 47 47 47 47 47 47 47 47 48 48 47 47 48 48 47 47 47 47 47 47 47 46 46 46 46 46 47 47 47 47 47 47 48 47 47 47 47 46 46 45 45 45 45 45 45 45 45 45 46 46 46 46 45 45 44 44 45 45 44 45 45 45 45 45 45 46 46 46 45 45 45 44 44 44 45 45 46 46 46 46 46 46 47 46 46 47 46 46 46 46 47 47 47 47 47 47 47 47 46 46 46 47 47 47 47 48 48 47 47 47 46 47 47 47 46 47 47 47 46 45 45 45 45 45 45 45 45 45 45 45 45 46 46 46 46 46 46 46 46 47 47 47 47 46 46 46 46 46 46 46 46 46 46 46 46 46 46 46 46 46 46 46 46 46 46 46 46 45 46 45 46 45 45 46 45 45 45 45 45 45 45 45 45 45 45 45 45 45 45 46 46 46 46 46 46 46 46 46 46 46 46 46 46 46 46 46 46 46 46 46 45 46 45 46 46 46 46 45 46 46 46 46 46 45 45 45 45 45 45 45 45 45 45 45 45 45 45 45 45 46 47 48 48 48 47 47 46 46 46 46 45 45 45 45 45 46 46 47 47 46 45 45 44 45 45 45 45 45 45 45 45 45 45 45 45 45 45 45 45 45 45 45 45 45 45 45 45 44 44 44 45 45 45 45 45 45 45 45 46 46 46 46 45 46 46 45 46 46 47 47 47 47 47 46 45 45 44 45 45 46 46 47 48 48 47 46 47 47 47 46 47 47 48 48 48 47 48 48 48 47 43 43 42 42 42 41 41 42 41 41 42 43 44 42 42 41 42 43 43 44 44 45 44 44 44 44 44 45 45 46 46 46 46 46 45 46 46 46 46 47 46 46 46 46 47 47 47 46 47 47 47 47 47 47 47 47 47 47 47 47 47 48 48 48 48 47 48 48 48 48 47 48 48 48 47 47 46 46 46 46 46 46 46 47 47 47 48 48 48 47 47 47 47 47 46 46 46 46 46 46 45 45 45 46 46 46 46 46 45 44 45 45 45 45 45 45 45 46 46 46 46 46 46 45 45 45 45 44 44 45 45 45 45 45 46 47 47 46 46 46 47 47 46 46 47 47 47 47 47 47 48 48 47 47 47 46 47 47 47 47 48 48 47 47 47 47 46 47 46 46 47 47 47 47 46 45 45 46 46 45 45 45 45 45 46 46 46 46 46 46 46 46 46 46 47 47 46 46 46 46 47 47 47 47 46 46 46 46 46 46 46 46 46 46 46 46 46 46 46 46 46 46 46 46 46 46 46 46 46 46 45 45 45 46 45 45 45 45 45 45 45 45 45 45 46 46 46 46 46 46 46 46 46 46 46 46 46 46 46 46 46 46 46 46 46 46 45 45 45 46 46 46 45 45 46 46 46 46 45 45 45 45 45 45 45 45 45 45 46 46 45 45 45 45 46 46 47 48 48 49 48 47 46 46 46 46 46 46 46 45 46 46 47 47 46 46 45 45 44 45 45 45 45 45 45 45 45 45 45 45 45 45 45 45 45 46 46 46 47 47 46 46 45 45 45 45 45 45 45 46 45 45 45 46 46 46 46 46 46 46 46 46 46 46 46 46 46 47 47 47 46 46 45 45 45 45 46 47 48 47 46 47 48 47 47 47 48 48 47 47 47 48 48 48 47 48 48 47 47 48 48 44 43 42 43 42 42 42 42 42 42 42 43 42 42 42 41 42 43 43 43 43 44 43 44 44 44 44 45 45 46 46 46 46 46 46 47 47 47 47 47 46 46 47 46 47 47 47 47 47 47 48 48 47 47 47 47 47 47 47 48 48 48 48 48 48 48 48 48 48 48 48 48 48 48 48 47 47 47 47 46 46 46 46 47 47 48 47 47 47 47 47 47 48 47 46 46 46 46 46 46 46 45 45 46 46 46 46 46 45 45 45 45 45 45 45 45 46 46 46 46 46 45 45 45 45 45 45 45 44 44 45 45 45 45 46 46 47 46 46 46 46 46 46 46 47 48 47 47 48 48 48 48 47 47 46 47 47 47 48 48 48 49 48 48 48 47 47 47 46 47 48 48 47 46 46 46 46 46 46 46 46 46 45 45 45 46 46 46 46 46 46 46 46 46 47 47 47 47 47 47 47 47 47 47 47 46 46 46 46 46 47 46 46 46 46 46 46 46 46 46 46 47 46 46 46 46 46 47 46 46 46 46 46 46 45 46 45 45 46 45 45 45 45 45 46 46 46 46 46 46 46 46 46 46 46 46 46 46 46 46 46 46 46 46 46 46 46 46 46 46 46 45 46 46 46 46 46 46 46 46 46 46 46 46 46 46 45 46 46 46 46 45 45 45 47 47 47 47 47 47 48 48 48 47 47 46 46 46 46 46 46 46 47 48 47 46 45 45 45 45 45 45 46 46 46 45 45 45 45 45 46 46 46 46 46 46 46 46 47 47 47 47 46 46 46 46 45 45 46 46 46 45 46 46 46 46 46 46 47 47 47 46 46 46 46 46 46 46 47 47 47 47 47 46 45 46 46 47 47 47 47 46 47 47 46 47 48 48 48 47 47 48 48 48 47 47 47 48 47 47 48 48 48 44 43 43 43 43 42 43 42 42 42 42 41 41 41 42 43 43 43 43 43 43 44 44 44 45 45 45 45 45 46 46 47 47 47 47 47 47 47 47 47 47 47 47 47 47 48 48 48 48 48 48 47 47 47 47 48 48 48 48 48 48 48 48 48 48 48 48 48 48 48 48 48 48 48 48 48 48 47 47 46 46 46 46 47 47 47 47 47 47 47 47 47 46 46 46 46 46 46 46 46 46 46 46 46 46 46 45 45 46 46 45 46 46 46 46 46 46 46 46 46 46 46 45 45 45 45 45 45 45 45 45 45 46 46 46 47 46 46 46 46 46 47 47 48 48 48 48 48 48 48 48 47 47 47 47 48 48 48 49 48 48 48 48 48 48 47 47 47 47 48 47 47 47 46 46 47 47 47 46 46 45 46 45 45 45 46 46 46 46 46 46 46 47 47 47 47 47 47 47 47 47 46 47 47 46 46 46 46 47 47 47 46 46 46 46 46 46 46 46 46 47 46 46 47 47 47 47 46 46 46 46 46 45 46 46 46 46 46 46 46 45 45 46 46 46 46 46 46 46 46 46 46 46 46 46 46 46 46 46 46 46 46 46 46 46 46 46 46 46 46 46 46 46 46 46 46 46 46 46 46 46 46 46 46 45 45 46 46 46 46 46 46 47 47 47 47 47 47 47 47 49 49 49 48 47 46 46 46 46 46 47 48 48 47 46 45 45 45 45 45 46 46 46 46 45 45 45 46 46 46 46 47 47 47 47 47 47 46 47 47 47 46 47 47 47 47 46 46 46 46 46 46 46 46 46 46 46 47 47 47 47 47 47 46 46 46 47 47 47 47 47 46 46 46 46 47 47 47 47 47 47 47 47 47 48 48 48 47 47 48 47 47 47 47 47 47 47 48 48 48 49 48 49 44 43 43 42 42 42 43 42 42 42 42 44 44 44 44 45 45 45 45 45 45 45 45 46 46 46 47 47 47 47 47 47 47 47 47 47 47 47 48 48 48 48 48 48 48 48 48 48 47 47 48 48 48 48 48 48 48 48 48 48 48 48 49 48 48 49 49 48 48 48 48 48 48 48 48 48 47 46 46 46 47 47 47 47 46 46 47 47 46 46 46 46 47 46 46 46 46 46 46 46 46 46 45 45 46 46 46 46 46 46 46 47 46 46 46 45 45 45 45 45 45 45 46 45 45 45 45 46 46 46 47 47 46 46 47 47 47 48 47 47 47 47 48 48 48 48 48 48 48 47 48 48 48 48 48 48 48 48 48 49 48 48 47 47 48 48 48 47 46 46 46 47 47 47 47 47 46 46 46 46 46 46 46 46 46 46 46 46 47 47 47 47 47 47 47 47 47 46 46 46 46 46 46 46 46 47 47 47 47 46 47 47 46 46 46 46 46 46 47 47 48 47 46 46 46 46 46 46 46 46 46 46 46 46 46 46 46 46 46 46 46 47 47 47 47 47 47 47 47 47 47 47 47 46 47 47 47 46 46 46 46 47 46 46 46 46 46 46 46 46 46 46 46 46 46 46 46 46 46 46 46 45 46 45 45 45 46 46 47 47 47 47 47 48 47 47 48 49 50 50 49 48 47 47 46 46 47 49 49 48 47 46 45 45 45 46 46 46 47 47 46 46 46 47 46 46 46 47 47 47 47 47 47 47 47 46 46 46 46 47 47 47 47 47 46 46 46 46 46 46 46 46 46 47 47 47 48 47 47 47 47 47 47 47 47 46 46 46 46 46 46 46 47 47 47 48 47 47 47 47 48 48 47 47 48 48 48 47 47 46 47 47 47 48 48 48 48 48 45 44 44 43 43 43 43 43 43 43 43 44 44 44 44 44 45 44 45 45 45 45 46 46 47 47 48 47 47 47 47 47 47 47 48 48 48 48 48 48 48 48 48 49 48 48 48 48 48 48 48 48 48 48 48 48 48 48 48 48 48 48 49 49 48 48 48 49 49 49 49 49 48 48 48 47 47 46 46 46 46 47 46 46 46 46 46 46 46 46 46 47 47 47 46 46 46 46 46 46 45 46 46 46 46 47 46 46 47 47 47 46 46 45 45 46 46 45 46 46 46 46 45 45 45 46 46 46 46 47 46 47 47 47 47 47 47 47 47 48 48 48 48 49 49 48 48 48 48 48 48 48 48 48 48 47 48 48 48 48 47 47 47 48 48 48 47 47 46 47 47 48 47 47 46 46 46 47 46 46 46 46 46 46 46 46 47 47 47 47 47 47 47 47 47 47 47 46 46 47 46 46 47 47 47 47 47 47 47 47 46 46 46 46 46 46 47 47 47 47 47 47 47 46 47 46 46 46 46 47 47 47 47 47 46 46 46 47 47 47 47 47 47 47 47 47 47 47 47 47 47 47 47 47 47 47 47 47 47 47 47 47 47 46 46 46 46 46 46 46 46 46 46 46 46 46 46 46 46 46 46 45 45 45 45 45 47 47 47 47 47 47 47 47 47 48 49 50 50 50 50 49 48 47 48 49 49 49 48 47 46 46 45 46 46 46 46 47 47 47 47 47 47 47 47 47 47 47 46 46 46 46 46 46 46 46 47 47 47 47 47 47 47 47 47 46 47 46 46 46 46 46 46 46 47 47 47 47 48 48 48 48 48 47 46 46 46 46 46 46 46 46 47 47 47 47 48 48 48 47 47 47 48 48 48 48 47 46 47 47 47 47 47 48 48 43 44 44 44 43 43 44 44 44 44 45 45 46 46 46 46 46 47 47 48 48 48 47 47 47 48 48 48 48 48 48 48 48 49 49 49 49 49 48 48 48 48 48 48 48 48 49 48 48 48 48 48 49 49 49 49 49 49 49 49 49 49 49 49 49 49 49 49 48 48 47 47 46 46 46 46 46 46 46 45 46 46 46 46 46 47 47 47 47 47 46 46 46 46 46 46 46 46 47 47 46 47 47 47 47 47 46 46 46 46 46 46 47 47 46 45 45 45 45 46 46 47 46 46 47 47 47 47 47 47 48 48 48 48 48 49 49 49 48 48 48 49 48 48 48 48 48 49 48 48 47 47 47 47 47 48 48 49 48 47 47 47 47 47 48 48 47 47 47 46 47 47 46 46 46 46 46 46 46 47 47 47 47 47 47 47 47 47 47 47 46 46 47 47 47 47 47 47 48 48 47 47 47 47 46 47 47 47 47 47 47 47 47 48 47 47 47 47 47 46 46 46 47 48 47 47 46 46 47 47 47 47 47 47 47 47 47 47 47 47 47 47 47 47 47 47 47 47 47 47 47 47 47 47 47 47 47 47 46 46 47 47 47 47 47 47 47 47 46 47 47 46 46 46 46 46 46 46 46 47 47 47 47 47 47 47 47 47 47 48 49 50 50 50 51 50 49 50 50 49 49 49 48 47 46 45 45 46 46 46 47 48 48 48 48 48 48 48 48 48 47 47 47 46 46 46 47 47 47 47 47 47 47 47 47 47 47 47 47 47 47 47 47 46 46 46 46 46 47 47 47 47 47 48 48 48 48 47 46 46 46 46 46 46 46 46 46 46 47 47 47 47 47 47 48 48 48 48 48 48 47 47 47 47 47 48 48 48 43 44 44 44 45 44 45 46 46 46 47 47 46 46 47 47 48 47 47 47 48 48 48 48 48 48 49 49 49 49 49 49 49 49 49 48 48 48 48 49 49 49 49 49 49 49 49 49 49 49 49 49 49 49 49 49 49 49 49 48 48 49 49 49 49 49 49 49 48 47 47 47 48 48 47 46 45 45 46 46 46 46 47 47 47 47 47 46 46 46 46 46 46 46 46 47 47 47 47 47 47 47 47 46 47 47 46 46 46 47 46 46 45 45 46 46 46 46 46 46 47 47 47 47 47 47 48 48 48 48 48 48 49 49 49 49 49 49 49 48 49 48 49 49 49 48 48 48 49 48 48 47 48 48 48 48 48 47 47 47 48 48 48 48 48 47 47 47 47 47 46 46 47 46 46 46 47 47 47 47 47 47 47 47 47 47 47 46 47 47 47 47 47 47 47 48 48 47 47 47 47 46 47 47 47 47 47 47 47 47 48 48 48 47 47 47 47 47 46 47 48 48 47 47 48 47 47 47 47 47 47 47 47 47 47 47 47 47 47 47 47 47 47 47 47 47 47 47 47 47 47 47 47 47 47 47 47 47 47 47 47 47 47 47 47 47 47 47 47 47 46 46 46 46 46 46 47 47 47 47 47 47 47 47 47 47 47 48 49 50 51 51 50 50 50 50 50 50 50 50 48 47 47 46 46 46 46 46 47 48 48 48 48 48 48 48 48 47 47 47 47 47 47 47 47 47 47 47 47 47 47 47 47 47 47 47 47 47 47 47 47 47 47 47 47 47 47 47 47 47 47 48 48 48 48 47 47 47 47 46 46 46 46 46 46 46 46 47 47 47 47 47 48 48 48 47 47 47 47 47 47 47 47 47 48 48 43 44 45 45 45 45 45 46 47 47 47 47 46 46 47 48 47 47 48 48 48 48 48 48 48 48 49 49 49 49 49 49 49 49 49 49 49 49 49 49 49 49 49 49 49 49 49 49 49 49 49 49 49 49 49 49 49 49 49 49 49 49 49 49 49 49 49 49 49 49 49 48 48 48 48 48 46 46 46 46 46 46 47 47 47 47 47 46 46 47 47 47 46 47 47 47 47 47 47 48 48 48 48 47 47 47 47 47 47 47 47 46 46 46 46 46 46 46 46 47 47 48 47 47 47 47 48 48 48 48 48 49 48 49 49 50 50 50 49 49 49 49 49 49 49 49 49 49 49 49 48 48 47 48 48 48 49 49 48 48 48 49 49 48 47 47 47 47 47 47 47 47 47 46 46 46 47 47 47 47 47 47 47 47 47 47 47 47 47 47 47 47 48 48 47 48 48 48 48 47 47 47 48 48 48 47 47 47 47 47 47 48 48 48 48 48 47 47 47 47 48 48 48 48 47 47 47 47 47 47 47 47 48 48 47 47 47 47 47 47 47 47 47 47 47 47 47 47 47 47 47 47 47 47 47 47 47 47 47 47 47 47 47 47 47 47 47 47 48 48 47 47 47 46 47 46 48 47 47 47 47 48 48 48 48 47 47 47 48 50 51 51 51 51 50 50 50 50 50 49 49 48 48 47 46 46 46 47 47 47 47 48 48 48 48 48 47 47 47 47 47 47 47 47 47 47 47 47 47 47 47 47 47 47 47 47 47 47 47 47 47 47 47 47 47 47 47 47 47 47 48 47 47 48 48 48 48 48 48 48 48 48 48 47 47 47 46 46 47 47 47 47 47 47 47 47 47 47 47 47 47 47 47 48 48 43 44 45 46 46 46 46 46 46 46 47 47 47 47 47 47 48 48 48 48 48 48 48 48 48 48 48 49 49 49 49 49 49 49 49 49 49 50 49 49 49 49 49 50 50 50 50 49 49 49 49 49 48 49 49 49 49 49 49 49 49 49 49 50 49 49 49 49 50 49 49 49 49 48 48 47 47 47 46 46 46 46 46 46 46 47 47 47 47 47 47 47 47 47 47 48 48 47 47 48 47 48 48 48 48 48 48 48 47 47 48 47 47 47 46 47 46 46 46 46 47 47 47 47 47 47 47 48 48 48 48 48 48 49 49 49 49 49 50 50 50 49 50 50 50 50 50 50 50 50 49 49 48 48 48 48 49 50 49 49 48 48 49 49 49 48 47 48 47 47 48 48 47 47 47 47 46 47 47 47 47 47 47 47 47 47 47 47 47 47 47 47 47 48 48 48 48 48 48 48 48 47 47 48 47 47 47 47 48 47 47 47 48 48 48 48 48 48 48 48 48 48 48 48 48 47 47 47 47 47 48 48 48 48 48 48 48 47 47 48 48 48 48 47 47 47 47 47 47 47 47 47 47 47 47 47 47 47 47 47 47 47 47 47 47 47 47 47 47 47 48 48 48 47 47 47 47 48 48 48 47 48 48 48 48 48 48 48 48 48 49 50 51 51 51 50 50 50 50 50 50 49 48 48 48 47 47 47 47 47 47 47 48 48 48 48 48 48 48 48 48 48 47 47 47 47 47 47 47 47 47 47 48 48 47 47 48 48 48 48 48 47 47 47 47 47 47 47 47 47 47 48 48 48 48 48 48 48 48 48 48 48 48 48 48 48 48 47 46 46 47 47 47 47 47 47 48 47 48 48 47 47 47 48 48 48 45 45 45 45 45 46 46 47 47 47 48 47 47 47 47 48 48 48 48 48 48 48 48 49 49 49 49 49 49 49 49 49 49 49 49 49 49 50 49 50 50 50 50 50 50 50 50 49 49 49 49 49 49 49 49 49 49 49 49 50 50 49 49 49 49 49 50 50 50 49 49 48 48 48 47 47 46 46 46 47 47 47 47 47 47 47 47 47 47 47 47 47 47 47 47 47 48 48 48 48 48 49 49 49 49 48 48 48 48 48 48 47 47 47 47 47 46 46 46 46 46 47 47 47 47 47 48 48 48 48 48 49 49 48 49 49 50 50 51 51 51 51 51 50 50 50 50 50 50 50 49 48 49 49 49 50 50 50 49 49 49 49 49 49 49 48 48 47 47 47 47 47 47 47 47 47 47 47 47 47 47 47 48 48 47 47 48 48 47 47 47 47 47 48 48 48 48 48 48 48 47 47 47 47 48 48 48 48 48 48 48 48 48 48 47 47 47 47 48 48 48 48 48 47 47 47 48 48 48 48 48 48 48 48 48 48 48 48 48 48 48 48 48 48 48 48 48 48 47 47 47 47 47 47 47 48 47 47 47 47 47 47 47 47 47 47 47 47 47 48 48 48 48 48 48 47 48 48 48 48 48 48 48 48 48 48 48 48 48 48 49 50 50 50 50 50 50 51 51 50 49 49 48 47 47 47 47 47 48 48 48 48 48 48 48 48 48 48 48 48 48 48 47 47 47 47 47 47 47 47 47 47 47 47 47 48 48 48 48 48 48 48 48 47 47 47 47 47 47 47 47 48 47 48 48 48 48 48 48 48 48 47 47 48 48 48 48 48 47 47 47 47 48 48 48 48 47 48 48 48 48 48 48 48 48 45 45 45 46 47 47 47 47 48 48 47 47 47 48 48 48 48 48 49 49 49 49 49 49 49 49 49 49 50 50 50 50 49 49 50 50 50 50 50 50 50 50 50 50 50 50 49 49 49 49 49 49 49 49 49 50 50 50 50 50 50 50 50 50 50 50 50 49 48 48 47 47 48 48 47 48 48 47 47 47 47 47 47 47 47 47 47 47 47 47 47 47 48 48 47 48 48 48 48 49 49 49 49 49 49 48 48 49 49 48 48 48 48 47 47 47 47 47 46 47 47 47 48 48 48 48 48 48 49 49 48 48 49 49 51 51 51 50 50 51 51 50 50 50 50 50 49 50 50 49 49 50 50 50 50 50 50 50 49 49 49 49 49 48 48 48 48 47 47 47 47 47 47 47 47 47 48 48 47 47 47 48 48 48 48 48 48 48 47 48 48 48 48 48 48 48 48 48 48 48 48 48 48 48 48 48 48 49 49 48 48 48 47 47 47 47 47 48 48 48 48 48 47 47 48 48 48 48 48 48 48 48 48 48 48 48 48 48 48 48 48 48 48 48 48 48 47 48 48 47 47 47 47 48 48 48 47 47 47 47 47 47 47 47 47 47 47 48 48 48 48 48 48 48 49 48 49 48 48 48 48 48 48 48 48 48 48 48 48 48 48 49 50 51 51 51 51 51 50 49 49 48 47 47 47 47 48 48 48 48 48 48 48 48 48 48 48 48 48 48 48 47 48 48 48 48 48 47 48 48 47 47 47 47 48 48 48 48 48 48 48 48 48 47 47 47 47 47 47 47 47 47 48 48 48 48 48 48 47 47 47 47 48 48 48 49 48 47 47 47 47 48 48 48 47 47 47 47 47 47 47 48 46 47 47 48 47 47 47 47 47 47 48 48 48 49 49 49 49 49 49 49 50 50 50 50 50 50 50 50 50 50 50 50 50 50 50 50 50 50 50 51 50 50 50 50 50 49 49 49 49 49 50 50 50 50 50 50 50 50 50 50 50 50 50 50 49 48 48 48 49 48 47 48 48 48 48 48 48 47 47 47 48 48 48 48 48 47 47 47 48 48 48 48 48 48 48 49 49 48 48 49 49 49 48 49 49 49 49 49 49 48 48 47 47 47 47 47 47 48 48 48 48 48 49 49 49 48 49 49 50 50 51 50 50 50 50 51 52 52 51 51 51 50 50 50 50 51 50 51 51 50 50 50 50 51 50 50 50 50 49 49 48 48 48 48 48 48 48 47 47 47 48 48 48 48 48 47 47 48 48 48 48 48 48 48 48 48 47 48 48 48 48 49 48 48 48 49 48 48 48 48 48 48 48 49 48 48 48 48 48 48 47 48 48 48 48 48 48 48 48 48 48 48 48 48 48 48 48 48 48 48 48 48 48 48 48 48 48 48 48 48 48 48 48 48 48 48 48 47 48 48 48 48 48 48 47 47 47 47 47 47 47 47 48 48 48 48 48 48 48 48 49 49 49 48 48 48 48 48 48 48 48 48 48 48 48 48 48 49 50 50 51 51 51 51 50 50 49 49 48 48 47 47 48 48 48 48 48 48 48 48 48 48 48 48 48 48 48 48 48 48 48 48 48 48 48 48 48 48 48 47 47 48 48 48 48 48 48 48 48 48 48 47 47 47 47 47 48 48 48 48 48 48 48 48 47 47 47 47 47 48 48 48 48 48 48 48 47 47 48 48 47 47 47 47 47 47 47 48 46 47 47 48 48 48 48 48 48 48 49 49 49 49 49 49 50 50 50 50 50 50 50 50 50 50 50 50 50 50 50 50 50 50 50 51 51 50 50 51 51 50 50 50 50 50 50 50 50 50 50 50 50 50 50 50 50 50 50 50 50 49 48 48 49 49 48 48 48 48 47 47 47 47 48 48 48 48 48 48 48 48 48 48 48 48 48 48 48 49 48 48 49 49 49 49 48 48 48 48 48 48 48 49 49 49 49 48 47 47 47 47 47 48 48 48 48 49 49 49 49 49 49 50 50 50 50 50 50 50 51 51 52 52 52 52 51 51 50 50 50 51 51 51 51 50 50 49 50 50 50 50 50 50 50 49 49 48 48 48 48 48 48 48 48 48 48 48 49 49 48 48 47 48 49 49 49 49 49 49 48 48 48 48 48 48 48 48 48 48 49 49 48 48 48 48 48 48 48 49 48 48 48 48 48 48 48 48 48 48 48 48 48 48 48 48 49 48 48 48 48 48 49 49 49 49 49 49 49 48 48 48 48 48 48 48 48 48 48 48 48 48 48 48 48 48 48 48 48 48 48 48 48 48 47 48 48 48 48 48 48 48 48 48 48 48 50 49 49 49 49 48 48 48 49 49 49 48 48 48 48 48 48 48 48 48 49 50 51 51 51 50 49 49 48 48 48 48 48 48 48 48 48 48 48 48 48 48 48 48 49 49 49 48 49 49 49 48 48 48 48 48 48 48 48 48 48 48 48 48 48 48 48 48 48 48 48 48 47 47 47 47 48 48 48 48 48 48 48 48 48 48 47 47 47 47 47 47 48 48 49 49 48 48 48 48 47 48 48 47 47 47 47 48 48 48 48 49 49 49 49 50 50 50 50 50 50 50 50 50 51 51 51 51 51 51 51 51 51 51 51 51 51 51 51 51 51 50 50 50 50 50 50 50 50 50 50 50 50 50 50 50 50 51 50 50 49 49 49 49 50 48 48 48 48 48 48 48 48 48 48 48 48 48 48 49 48 48 48 49 48 48 48 49 49 49 49 49 50 50 49 49 49 49 49 49 48 48 48 49 49 49 48 48 48 48 47 48 48 48 48 49 49 49 49 49 50 50 50 50 50 49 50 50 50 51 51 51 52 51 52 52 51 50 50 50 51 51 50 50 50 50 50 50 50 50 50 50 51 50 49 49 48 48 49 49 49 49 48 48 48 48 48 49 49 49 48 48 48 49 49 49 49 49 49 49 48 48 48 48 48 48 48 48 48 49 49 49 48 49 49 49 48 49 48 48 48 48 48 48 48 48 48 48 48 48 48 48 48 48 48 49 49 49 49 49 49 49 49 49 49 49 49 48 48 48 48 48 48 48 48 48 48 48 48 48 48 48 48 48 48 48 48 48 48 48 48 48 48 48 48 48 48 48 48 48 48 48 48 48 48 50 50 50 50 49 49 49 49 49 49 49 49 49 48 48 48 49 49 48 48 49 49 49 50 50 50 50 49 49 48 49 48 48 48 48 48 48 48 48 48 48 48 48 48 49 49 49 48 49 49 49 49 49 48 48 48 49 49 49 48 48 48 48 48 48 48 48 48 48 48 48 48 48 47 48 48 48 48 48 48 48 48 48 48 48 48 47 47 47 47 47 47 47 47 48 49 49 49 48 48 47 48 48 48 48 50 50 50 50 50 50 50 50 50 50 51 51 51 51 51 51 51 51 51 51 51 51 51 51 51 51 51 51 51 51 51 51 51 50 50 50 50 50 50 50 50 50 50 50 50 50 50 50 50 49 49 50 49 48 48 48 48 48 48 48 48 48 49 48 48 48 48 49 49 49 49 49 49 49 49 49 49 49 50 49 50 49 49 49 49 50 50 50 49 48 48 48 49 49 49 49 49 48 48 48 48 48 48 49 49 49 49 49 50 50 50 49 50 50 51 51 51 51 51 51 51 51 51 52 51 50 50 50 51 51 50 51 51 51 51 50 50 50 50 51 51 50 50 49 49 49 49 49 49 49 49 49 48 49 48 49 49 49 49 48 48 49 48 49 49 49 49 49 49 49 49 48 48 48 48 48 48 48 49 48 48 49 49 49 49 49 48 48 48 48 49 49 48 48 48 48 48 48 48 48 48 48 48 49 49 49 49 49 49 49 49 49 49 49 49 49 48 48 48 48 48 49 48 49 49 49 49 48 48 48 48 48 48 48 48 48 48 48 48 48 48 48 48 48 48 48 48 48 48 48 48 48 48 49 50 50 50 50 50 50 49 49 49 49 49 49 49 49 49 49 49 49 49 49 49 49 49 49 49 50 49 49 49 49 48 48 48 48 48 48 48 48 49 49 49 48 48 49 49 49 49 48 48 49 48 48 48 48 49 48 49 49 49 48 48 48 48 48 48 48 48 48 48 48 48 48 48 48 48 48 48 49 49 49 49 49 48 48 48 48 48 48 48 47 47 47 47 47 48 48 48 49 48 48 48 50 50 50 50 50 51 50 50 51 51 51 51 51 51 51 51 51 51 51 51 51 51 51 51 51 51 51 51 51 51 51 51 50 51 51 51 51 51 51 51 51 51 50 50 50 50 50 50 50 50 49 49 49 49 49 49 49 49 48 48 48 49 49 49 49 48 49 49 49 49 49 49 49 49 50 50 50 50 50 50 50 50 50 50 50 50 49 49 49 49 49 48 48 49 48 48 48 48 48 48 49 49 49 49 49 49 49 49 50 50 51 51 51 51 51 51 52 51 51 51 52 52 52 51 51 50 50 50 50 50 51 50 51 51 51 51 50 50 51 51 50 49 49 49 49 49 49 49 49 49 49 48 49 49 50 50 49 49 48 48 49 49 49 49 49 50 50 50 50 50 49 49 49 48 48 48 48 49 49 49 49 49 49 48 48 48 49 49 49 49 49 49 49 48 48 48 48 48 48 48 48 48 49 49 49 49 49 49 49 49 49 49 49 49 49 49 48 48 49 49 49 49 49 49 49 49 49 49 48 48 48 49 49 48 48 48 48 48 48 48 48 48 48 48 48 48 48 48 48 48 48 48 49 49 50 50 50 50 50 50 49 49 49 49 49 49 49 49 49 49 49 49 48 48 48 49 49 49 49 50 50 49 49 49 48 48 48 48 48 48 48 49 49 48 48 49 49 49 49 49 49 49 49 49 49 48 48 48 48 48 49 49 49 48 48 48 48 48 48 48 48 48 48 48 48 48 48 48 48 48 49 49 49 49 49 49 48 48 48 48 48 48 48 48 48 48 47 47 47 48 48 49 50 50 51 51 51 51 51 51 51 51 51 51 51 51 51 51 51 51 51 52 52 52 51 51 51 51 51 51 51 51 51 51 51 51 52 51 51 52 51 51 51 51 51 51 50 50 50 51 51 50 49 50 49 50 50 49 49 49 49 48 48 49 49 50 50 49 49 49 49 50 49 50 50 50 50 50 51 51 51 51 51 51 50 50 50 50 49 49 49 49 49 49 49 49 49 49 49 49 48 49 49 49 49 49 50 50 50 50 51 51 51 51 51 51 52 51 52 51 51 51 52 52 52 52 51 51 50 51 51 51 50 50 51 51 51 51 51 50 51 51 50 50 50 49 49 49 49 49 49 49 49 49 50 49 50 50 49 49 49 49 49 49 49 49 50 50 50 50 50 50 50 50 49 49 49 49 49 49 49 49 49 48 49 49 49 48 49 49 49 49 49 49 49 49 49 49 49 49 48 48 48 48 49 49 49 49 49 49 49 49 49 49 49 49 49 49 49 49 49 49 49 49 49 49 49 49 49 49 49 48 49 49 49 49 48 48 49 49 48 48 48 48 48 48 48 48 48 48 48 48 48 48 50 50 50 50 50 50 50 50 50 49 49 49 49 49 49 49 49 49 49 49 49 49 49 49 49 49 49 49 49 50 50 50 49 49 49 49 48 48 48 49 49 49 48 48 49 49 49 49 49 49 49 49 49 49 49 49 48 48 49 49 49 49 48 48 48 48 48 48 48 48 48 48 48 48 48 48 48 48 48 49 49 49 49 49 49 48 48 48 48 48 48 48 48 48 48 48 48 48 47 48 50 51 51 51 51 51 51 51 51 51 51 51 51 51 51 51 51 52 52 52 52 52 52 52 52 51 51 51 51 51 52 52 51 51 52 51 51 52 52 51 51 52 51 51 51 51 51 50 50 50 50 49 50 50 49 49 49 49 49 49 49 49 49 49 50 50 50 50 51 50 50 50 51 50 51 51 51 51 51 51 51 51 51 50 50 50 50 50 50 49 49 49 49 49 49 50 49 49 49 49 49 49 49 50 50 51 51 51 51 51 51 52 51 52 52 51 52 52 52 52 52 52 52 52 51 51 51 51 51 51 51 50 51 51 51 51 51 51 51 51 50 50 49 49 50 50 49 49 48 49 49 49 49 50 50 49 49 50 49 49 49 50 50 50 50 50 50 50 50 50 50 50 50 50 50 50 50 50 49 49 49 49 49 49 49 49 49 49 49 49 49 49 49 49 49 49 49 49 49 49 49 49 49 49 50 50 50 49 49 49 49 49 49 49 49 49 49 49 49 49 49 49 49 49 49 49 49 49 49 49 49 49 49 49 49 49 49 49 49 49 49 49 49 49 49 49 49 48 48 48 48 50 50 50 50 50 50 50 50 50 50 49 49 49 49 49 49 49 49 49 49 49 50 50 49 49 49 49 49 49 49 50 50 50 49 49 49 49 48 48 49 49 49 49 49 49 49 50 50 50 50 50 50 50 49 49 49 48 48 48 49 49 49 49 48 48 48 49 49 49 48 48 48 48 48 48 48 48 48 48 48 49 49 49 49 49 49 49 49 48 48 48 48 48 48 48 48 48 48 48 51 51 51 51 51 51 51 51 51 51 51 51 52 52 52 52 52 52 52 52 52 52 52 52 52 52 52 52 51 51 51 52 52 51 51 52 51 52 52 52 52 52 52 51 51 50 50 50 50 50 51 50 50 50 49 49 49 49 49 49 50 50 50 50 50 50 50 51 50 51 51 51 51 51 51 51 51 51 51 51 51 51 51 51 50 50 50 50 50 50 49 49 49 49 49 49 49 49 49 49 49 49 49 50 50 51 51 50 51 51 52 51 52 52 52 52 52 52 52 52 51 52 52 52 52 52 51 51 51 51 51 51 51 51 51 51 51 51 51 51 51 50 50 50 50 50 50 50 49 49 49 50 50 50 50 50 50 50 50 49 49 50 50 50 50 50 50 50 50 50 50 50 50 50 50 50 50 50 50 49 49 49 49 50 49 49 49 49 49 49 49 49 49 49 49 49 49 49 49 49 49 49 49 49 50 50 50 50 50 49 49 49 49 49 49 49 49 49 49 49 49 50 49 49 49 49 49 49 49 49 49 49 49 49 49 49 49 49 49 49 49 49 49 49 49 49 49 49 48 48 48 50 50 50 50 50 50 50 51 50 50 50 49 49 49 49 49 49 49 49 49 50 50 50 49 49 49 49 49 49 49 49 49 49 50 49 49 49 49 49 49 49 49 49 49 49 49 49 49 49 50 50 50 50 50 50 50 49 49 49 49 50 50 49 48 48 48 49 49 49 49 48 48 48 48 48 48 48 48 48 48 49 49 49 49 49 49 49 49 48 48 48 49 48 48 48 48 48 48 48 52 52 52 51 52 51 52 52 52 52 52 52 52 52 52 52 52 52 52 52 52 52 52 52 52 52 51 51 51 51 51 51 51 51 51 52 52 52 52 52 52 51 51 51 51 50 50 51 51 50 50 50 49 49 49 49 49 50 50 51 51 50 50 51 51 51 50 50 51 51 51 51 51 51 51 51 51 51 51 51 52 52 51 51 50 50 50 50 50 50 50 50 49 49 49 49 49 49 49 50 50 51 50 50 50 50 51 51 52 51 52 52 52 52 52 52 52 52 53 53 53 52 52 52 51 51 51 51 51 51 51 52 51 51 51 51 51 51 51 50 50 50 50 51 51 51 50 49 49 50 50 51 50 50 51 50 50 49 50 50 50 50 50 50 50 49 50 50 50 50 50 50 50 51 51 50 50 50 50 50 50 50 49 49 49 49 49 49 49 49 49 49 49 49 49 49 49 49 49 50 50 50 50 50 50 50 50 50 50 49 49 49 49 49 49 49 49 49 50 50 50 50 50 50 50 49 49 49 49 49 49 49 49 49 49 49 49 49 49 49 49 49 49 49 49 49 49 49 48 50 50 50 50 51 51 51 51 51 51 50 50 50 49 49 49 49 50 49 49 50 49 49 49 49 49 50 49 49 49 49 49 49 49 49 49 49 49 49 49 49 49 49 49 49 49 49 49 49 50 50 50 50 50 50 50 50 49 49 49 49 50 50 49 49 49 49 49 49 49 49 49 49 48 48 48 49 49 49 48 49 49 49 49 49 49 48 48 48 48 48 49 49 49 49 48 48 48 52 52 52 52 52 52 52 52 52 52 52 52 52 52 52 52 52 52 52 52 53 53 52 52 51 51 51 52 52 51 52 52 52 52 52 52 52 52 52 52 52 52 52 51 51 51 50 51 50 50 50 50 50 50 49 49 49 50 50 50 50 50 50 50 50 50 50 51 50 51 51 51 52 52 52 51 51 51 50 51 51 51 51 51 51 50 50 50 50 50 50 49 49 49 49 49 49 50 49 50 50 50 50 51 51 51 51 51 51 52 52 52 52 52 52 52 52 52 53 53 53 52 52 51 51 52 52 51 51 51 52 51 51 51 51 51 51 51 51 51 51 51 51 51 51 51 50 50 51 51 51 51 51 50 50 50 50 50 50 50 50 50 50 50 50 50 50 50 50 50 50 50 50 50 51 51 51 50 50 49 49 50 49 49 49 49 49 49 49 49 49 49 49 49 49 49 49 49 50 50 50 50 50 50 50 50 50 50 50 50 50 49 49 49 49 49 50 50 50 50 50 50 50 50 50 49 49 49 49 49 49 50 50 50 50 49 49 49 49 49 49 49 49 49 49 49 49 49 50 51 51 51 51 51 51 51 51 51 51 51 50 50 49 49 49 50 50 49 49 49 49 50 49 49 49 49 49 49 49 49 49 49 49 49 49 49 49 49 49 49 49 49 49 49 49 49 49 49 50 50 51 50 50 50 50 50 50 49 49 50 50 50 49 49 49 49 49 49 49 49 49 49 48 48 48 49 49 49 49 49 49 49 49 49 49 49 48 48 48 49 49 49 49 49 49 49 52 52 52 53 53 52 52 52 52 52 52 52 53 53 52 52 53 53 53 53 52 52 52 52 52 52 52 52 52 52 52 52 52 52 52 52 52 52 52 52 51 51 51 51 51 51 51 51 50 50 50 50 50 50 50 50 50 51 50 51 50 51 51 51 51 51 51 51 51 52 52 52 52 51 51 50 50 51 51 51 51 51 51 51 50 51 50 50 50 50 50 49 49 49 49 49 50 50 51 51 51 50 50 51 51 52 52 52 53 53 52 52 52 52 52 53 53 53 53 52 52 52 52 52 52 51 51 51 51 51 51 51 51 52 51 51 51 51 51 51 51 52 51 51 51 51 51 51 51 50 50 50 50 50 50 51 50 50 51 51 50 50 50 51 51 50 50 50 51 51 51 51 51 51 50 50 50 50 50 50 50 50 50 49 49 49 49 49 49 49 49 49 49 49 49 50 50 50 50 50 50 50 50 50 50 50 50 50 50 50 50 50 50 50 50 50 50 50 50 50 50 50 50 49 49 49 50 50 50 50 50 50 50 50 49 49 49 49 49 49 49 49 49 49 49 51 51 51 51 51 51 51 51 51 51 51 51 51 50 50 49 50 50 49 49 49 49 49 50 49 49 49 49 49 49 49 49 49 49 49 49 49 49 49 49 49 50 50 49 49 49 49 49 50 51 50 51 51 51 50 50 50 51 51 50 49 49 49 50 50 49 49 49 49 49 49 49 49 49 49 49 48 49 49 49 49 49 48 48 48 48 48 48 48 48 48 49 49 49 49 49 53 53 53 53 53 53 53 53 53 53 53 53 53 53 52 53 53 53 53 53 52 52 52 53 53 53 53 52 52 52 52 52 52 52 52 52 52 52 52 52 52 52 52 52 51 51 51 51 50 50 50 51 51 51 51 52 52 51 51 51 51 51 52 52 52 52 52 52 52 52 52 52 51 51 51 51 51 50 50 51 51 51 51 51 51 51 50 50 50 50 49 50 50 49 50 51 51 51 51 50 51 51 51 51 52 52 52 53 52 52 53 53 53 53 53 54 54 53 52 53 53 53 52 51 51 51 51 51 52 52 51 51 52 52 52 51 52 52 52 52 52 52 51 51 52 51 51 51 51 51 50 50 50 50 51 51 51 51 51 51 51 51 51 51 51 51 51 51 51 51 51 51 51 51 51 51 51 50 50 50 50 50 50 50 50 50 50 50 50 50 50 49 49 49 50 50 50 50 50 50 50 50 50 50 50 50 50 50 50 50 50 50 50 50 50 50 50 50 50 50 50 50 50 50 50 50 50 50 50 50 50 50 50 50 50 50 49 49 49 49 49 49 49 49 51 51 51 51 51 50 50 50 50 51 51 51 51 50 50 49 50 50 50 50 49 49 49 49 49 50 50 49 49 49 49 49 49 49 49 49 49 50 50 50 50 50 50 50 49 49 49 49 50 50 51 51 51 51 51 51 50 51 51 51 50 49 49 50 50 50 49 49 49 49 50 50 49 49 49 49 48 48 48 48 49 49 48 48 48 48 48 48 48 48 48 48 49 53 53 53 53 53 53 53 53 53 53 53 53 53 53 53 53 53 53 53 53 53 53 52 52 53 53 52 52 52 52 52 52 52 52 52 52 52 53 53 53 53 52 52 52 51 52 51 51 51 51 51 51 52 52 52 52 52 52 52 52 52 52 53 53 52 52 52 52 52 52 52 51 52 52 51 52 52 51 51 51 50 50 51 51 51 51 51 51 50 50 50 50 50 50 51 51 52 51 51 51 52 52 52 51 51 52 52 52 52 52 52 52 52 53 53 54 54 53 53 52 53 53 52 52 52 51 51 51 52 52 52 51 52 52 52 52 52 52 52 52 52 52 52 52 52 51 51 51 51 51 50 50 50 50 51 51 51 51 51 51 52 52 51 52 52 52 51 51 51 51 52 52 52 52 52 52 51 51 50 50 50 50 50 50 50 50 50 50 50 50 50 50 50 50 50 50 50 50 50 50 50 50 50 50 50 50 50 50 50 50 50 50 50 50 50 50 50 50 50 50 50 50 50 50 50 50 50 50 50 50 50 50 50 50 50 50 50 49 50 50 49 49 49 49 51 51 51 51 51 51 51 51 51 51 51 51 51 51 51 50 50 50 51 50 50 49 49 49 49 49 50 49 49 49 49 49 50 50 49 50 49 49 49 50 50 50 50 50 50 50 50 50 50 50 51 51 51 52 52 51 51 51 51 51 50 49 49 49 50 50 49 49 49 49 49 50 50 49 49 49 49 48 48 48 48 48 48 48 48 48 48 48 48 48 48 48 48 53 53 54 54 54 53 53 53 53 53 53 53 53 54 53 53 53 53 53 53 53 52 52 53 53 53 53 52 52 52 53 52 52 52 52 52 53 53 53 53 53 52 52 51 51 51 51 52 52 52 52 51 51 52 52 52 52 52 52 52 52 52 52 52 51 52 52 52 52 51 51 51 51 52 52 52 52 52 51 51 50 50 51 52 51 51 51 51 50 50 51 51 51 51 51 51 51 51 51 52 52 52 53 52 52 52 52 52 52 52 53 53 53 53 53 54 54 54 53 53 54 53 52 52 51 51 52 52 52 52 52 52 52 52 52 52 52 52 52 52 52 52 52 52 52 52 52 52 51 51 50 50 51 51 51 51 51 51 51 51 51 51 51 52 52 52 52 52 51 52 52 53 53 52 52 52 51 50 50 50 50 50 50 50 50 50 50 50 50 50 50 50 50 51 51 51 50 50 50 50 50 50 50 50 50 50 50 50 50 51 51 51 51 51 51 50 50 50 50 50 50 50 50 50 50 50 50 50 50 50 50 50 50 50 50 50 50 50 50 50 50 50 50 51 51 51 51 51 50 51 51 51 51 51 51 51 51 51 51 50 50 51 51 50 50 50 49 49 49 50 49 50 50 50 50 50 50 49 50 51 50 50 49 50 50 50 50 50 50 50 50 50 50 51 52 51 51 51 51 51 51 51 51 51 50 49 49 49 49 49 49 49 49 50 50 50 50 49 49 49 49 49 49 48 48 49 49 49 48 48 48 48 48 48 48 54 54 54 54 54 54 54 54 53 53 53 54 54 54 53 53 53 53 53 53 53 53 53 53 53 53 53 53 53 53 53 52 52 53 53 52 52 53 53 53 53 53 53 52 51 51 51 52 52 52 51 52 51 52 52 52 51 52 52 52 52 52 52 51 51 52 52 52 52 51 51 51 51 52 53 52 52 53 52 52 51 51 50 51 51 51 51 51 51 50 50 51 51 51 51 51 51 51 51 51 52 52 53 53 53 52 52 52 52 52 53 53 53 53 54 54 54 54 53 53 53 54 53 52 52 52 52 52 52 52 52 52 52 52 52 52 52 52 52 52 52 52 52 53 52 52 52 52 51 51 51 51 51 51 51 51 51 51 51 51 51 51 51 51 51 52 52 52 52 52 52 52 52 52 52 52 52 51 51 50 51 51 50 50 50 50 51 51 51 51 51 50 50 51 51 51 51 51 51 51 51 51 51 51 51 50 51 51 51 51 51 51 51 51 51 51 51 51 51 51 51 51 50 50 50 50 50 50 50 50 50 50 50 50 50 50 50 50 50 50 50 50 50 51 51 51 51 51 51 51 51 51 51 51 51 50 50 51 51 50 50 51 51 51 50 50 50 50 50 50 50 50 50 50 50 50 50 50 50 50 51 50 50 50 50 50 50 50 50 50 50 50 50 51 51 52 51 51 51 51 51 51 51 52 51 50 49 49 49 49 49 50 50 50 50 50 50 49 49 49 49 49 49 49 48 48 49 49 49 48 48 48 48 54 54 54 54 53 53 54 54 53 53 53 53 53 53 53 53 53 53 53 53 53 53 53 53 53 53 53 53 53 53 53 53 53 53 53 53 53 54 54 53 52 51 51 52 52 52 51 52 51 52 52 52 52 52 53 53 53 52 52 51 52 52 52 52 52 52 52 51 52 52 52 52 53 53 53 53 52 51 51 50 51 51 51 51 51 52 51 50 51 51 51 52 52 52 52 52 52 52 53 53 53 53 53 53 53 53 54 53 54 54 54 54 54 54 53 53 53 54 53 52 52 52 52 52 52 52 52 52 52 52 52 52 52 52 52 52 52 52 52 53 52 52 52 52 51 51 51 51 51 51 51 51 51 51 51 52 51 51 52 52 52 52 53 53 52 52 52 52 52 52 52 52 52 52 51 51 51 51 51 51 51 51 51 51 51 51 50 50 50 51 51 51 51 51 51 51 51 51 51 51 51 51 51 51 51 51 51 51 51 51 51 51 51 51 51 51 51 51 51 50 51 51 50 50 50 51 51 51 51 51 50 50 50 50 50 50 50 50 50 51 51 51 51 51 51 51 51 51 51 51 51 51 50 51 51 50 50 50 50 51 50 50 51 51 50 50 51 50 50 50 51 51 51 50 51 51 51 50 50 50 50 50 50 50 50 50 50 50 50 51 51 51 52 52 51 50 51 51 51 52 52 51 50 49 49 49 50 50 50 50 50 51 50 50 50 50 49 49 50 49 49 49 48 49 49 55 55 54 54 54 53 53 53 53 53 53 53 53 53 53 53 53 53 53 53 53 53 53 53 53 53 53 53 53 53 53 53 53 54 54 54 53 52 51 51 51 52 52 51 51 51 51 52 52 52 52 52 53 53 52 52 51 52 52 52 52 52 53 52 52 52 52 52 52 52 53 53 52 53 52 51 51 51 51 51 51 51 51 51 51 51 52 52 52 52 52 53 53 53 52 53 53 53 53 53 54 53 53 54 54 54 54 55 55 54 54 54 54 53 53 54 53 52 52 52 52 53 53 53 52 53 53 53 52 52 52 52 52 52 53 52 53 52 52 52 52 51 52 52 52 52 51 51 51 51 51 51 51 51 52 52 52 52 53 53 53 53 52 52 51 51 52 52 52 52 52 51 51 51 51 51 51 51 51 51 51 51 51 51 51 51 51 51 51 51 51 51 51 51 51 51 51 51 51 51 51 51 51 51 51 51 51 51 51 51 51 51 51 51 51 51 51 51 51 51 51 51 51 51 51 51 51 51 51 51 50 50 50 50 50 50 52 52 52 51 51 51 51 51 51 51 51 51 51 51 51 50 51 50 50 50 50 50 50 51 51 51 51 51 51 51 51 51 51 52 51 51 51 52 51 51 51 50 50 50 50 50 50 51 50 50 51 51 51 51 52 52 51 50 51 51 52 52 52 51 50 49 49 49 50 50 50 50 50 51 51 51 50 50 50 50 50 50 49 49 55 55 55 54 54 53 53 53 53 53 53 53 54 54 53 53 53 54 54 54 54 54 54 53 53 53 53 54 54 54 55 54 53 53 52 51 51 51 51 51 52 52 52 52 52 52 52 52 53 52 52 52 52 52 52 52 53 52 53 53 52 52 53 53 52 52 53 53 53 52 52 52 52 51 51 51 51 51 51 51 51 52 52 52 52 52 53 53 53 53 52 53 53 53 53 54 54 53 54 54 54 54 54 54 54 54 54 54 55 54 53 54 53 53 52 52 52 53 53 53 53 53 53 53 53 53 53 53 53 53 53 53 53 53 53 53 52 52 52 52 52 52 51 52 52 52 52 51 52 52 52 52 52 52 52 53 53 53 53 52 52 51 51 51 51 52 52 52 51 51 51 51 51 51 51 51 51 51 51 51 51 51 52 52 52 52 51 51 51 51 51 52 52 52 52 52 51 51 51 51 51 51 51 51 51 51 51 51 51 51 51 51 51 51 51 51 51 51 51 51 51 51 51 51 51 51 51 51 51 50 50 50 52 52 52 52 52 51 51 51 51 51 51 51 51 52 51 51 51 51 51 51 51 50 50 50 50 50 50 50 51 51 51 51 51 51 51 51 51 51 52 52 51 51 51 50 50 50 50 50 50 50 51 51 51 51 52 52 52 51 51 51 51 52 51 51 49 50 50 49 50 50 50 50 50 51 51 51 51 51 50 50 50 50 50 49 54 54 54 54 54 54 54 54 54 54 54 54 53 53 54 54 54 54 54 54 53 54 54 54 54 54 55 54 52 52 51 52 52 52 52 52 53 53 53 52 52 52 52 52 52 52 52 52 52 52 52 52 52 52 52 53 52 52 52 52 52 53 53 53 53 53 52 52 53 53 52 52 51 51 51 51 52 51 52 52 52 52 52 52 53 53 53 53 53 53 54 54 54 54 54 54 53 54 54 54 54 54 54 54 54 54 53 54 53 53 53 52 53 53 53 53 53 53 53 53 53 53 53 53 53 53 53 53 53 53 53 53 52 52 53 53 53 52 52 52 53 53 52 52 52 53 53 52 53 53 53 53 53 53 53 53 52 52 52 52 52 52 52 52 53 52 51 51 51 51 51 51 51 51 51 51 51 51 52 52 52 52 52 52 52 52 52 52 52 52 52 52 52 52 52 52 52 52 52 52 52 51 51 51 51 51 51 51 51 51 51 51 51 51 51 51 51 51 51 51 51 51 51 51 51 51 51 51 52 52 52 52 52 51 51 51 51 51 51 51 51 51 52 51 51 51 51 52 51 51 51 51 51 51 50 51 51 51 51 51 51 51 51 51 51 51 52 52 52 52 51 51 51 51 50 51 51 51 51 51 51 51 51 52 52 52 51 51 51 51 50 50 49 51 50 50 50 50 50 50 50 51 51 51 51 51 51 50 50 50 50 50 55 54 54 54 54 54 54 54 54 54 54 54 54 54 54 54 54 54 54 54 54 55 55 54 52 53 53 54 53 52 52 52 53 53 53 52 53 52 53 53 53 53 52 52 52 52 52 53 52 53 53 53 52 52 53 53 53 53 53 53 53 53 53 52 52 53 53 52 52 52 52 52 52 52 52 52 52 52 52 53 53 54 54 53 53 53 54 54 54 54 54 54 54 54 54 54 54 55 55 54 54 54 54 54 54 53 53 53 53 53 53 53 53 53 53 53 53 53 53 53 53 53 53 53 53 54 54 53 53 53 53 53 53 53 53 53 53 53 53 52 52 53 53 53 53 53 54 53 53 53 53 53 52 52 52 52 52 52 52 52 53 52 52 51 52 52 52 52 51 51 51 51 51 51 52 52 52 52 52 52 52 52 52 52 52 52 52 52 52 52 52 52 52 52 52 52 52 52 51 51 51 52 51 51 51 51 51 51 51 51 51 51 51 51 51 51 51 51 51 51 51 51 51 51 52 52 52 52 52 52 52 52 51 52 52 52 52 51 52 52 51 52 51 51 51 51 51 51 51 51 51 51 51 51 51 51 51 51 51 51 51 51 51 52 52 52 52 52 51 51 51 51 52 51 51 51 51 51 52 52 52 52 52 52 51 51 51 50 50 51 52 51 50 50 50 50 50 51 51 51 51 51 51 51 50 50 50 50 55 55 55 55 54 54 54 54 54 54 54 54 55 54 54 54 54 55 55 55 54 55 54 52 53 54 54 54 54 53 54 54 54 53 52 53 53 53 53 54 54 54 53 52 52 52 52 52 52 53 53 52 52 53 53 53 53 53 53 53 53 53 53 52 52 53 53 52 52 52 53 52 52 52 52 52 52 53 53 54 53 54 53 53 53 54 54 54 54 54 54 55 54 54 54 54 55 55 54 54 54 54 55 54 53 53 53 53 53 53 54 54 53 54 54 54 54 54 53 53 53 53 53 54 54 54 53 53 53 53 53 53 53 53 53 53 53 53 53 52 53 53 53 53 53 53 53 53 53 53 53 52 52 52 52 52 52 52 52 52 52 52 52 52 52 52 52 52 52 52 52 51 51 52 52 52 52 52 52 52 52 52 52 52 52 52 52 52 52 52 52 52 52 52 52 52 52 52 52 52 52 52 52 52 52 51 51 51 51 51 51 51 51 51 51 51 51 51 51 51 51 51 51 52 52 52 52 52 52 52 52 52 52 52 52 52 52 52 52 52 52 52 51 52 52 51 51 51 51 50 51 51 51 51 52 51 51 51 51 51 52 52 52 52 52 53 53 52 52 51 51 52 52 52 52 52 52 52 52 52 52 52 52 52 51 51 50 50 51 52 52 51 50 51 50 51 51 51 51 51 51 51 50 50 50 55 55 55 55 55 54 54 54 55 55 55 54 54 55 55 55 54 54 55 53 53 54 55 55 55 54 54 54 54 54 53 53 53 53 53 53 53 54 54 53 53 52 52 52 52 52 53 53 52 52 52 53 53 53 53 53 53 52 53 53 53 52 52 52 52 52 52 52 52 52 52 53 53 53 53 53 53 53 53 53 54 54 54 54 54 55 55 54 55 55 54 54 55 55 55 54 54 54 54 54 54 53 53 53 53 54 54 54 54 54 54 54 54 54 54 54 54 54 54 54 54 54 54 53 53 54 54 54 54 54 54 53 54 53 53 53 53 53 53 53 53 53 53 53 53 53 53 53 52 52 52 52 52 52 52 53 52 52 52 52 52 52 52 52 52 52 52 52 52 52 52 52 52 52 53 53 53 52 52 52 52 52 52 52 52 52 52 52 52 52 52 52 52 52 52 52 52 52 52 52 52 52 51 51 51 52 52 51 51 51 51 51 51 51 51 51 51 51 51 53 53 53 52 53 53 53 53 53 53 52 53 53 52 52 52 53 53 52 52 53 52 52 52 51 51 50 51 52 51 51 51 51 51 51 51 51 52 51 52 52 52 52 52 53 53 52 52 52 52 52 52 52 52 52 52 52 52 52 52 52 52 51 51 50 50 51 51 52 51 51 51 51 51 52 52 51 51 51 51 51 51 50 55 55 55 55 55 55 55 55 55 54 54 54 54 54 54 55 54 53 54 54 55 55 55 55 55 54 54 55 54 54 54 53 53 53 53 54 54 54 54 53 53 54 53 53 53 54 53 52 52 53 53 53 53 53 53 53 52 53 53 53 53 53 52 52 52 52 52 52 53 54 53 53 53 53 53 53 53 54 54 54 54 54 54 54 55 54 54 54 54 54 55 55 55 55 54 54 54 54 54 54 54 54 54 54 54 54 54 54 54 54 54 54 54 54 54 54 54 54 54 54 54 54 53 53 54 54 54 54 54 54 54 54 54 53 53 53 53 53 53 53 53 54 54 53 53 52 53 52 52 53 52 53 52 53 53 53 52 52 52 52 52 52 52 52 52 52 52 53 53 53 53 53 53 53 53 52 52 52 52 52 52 52 52 52 52 52 52 52 52 52 52 52 52 52 52 52 52 52 52 52 52 52 52 52 52 52 51 51 51 51 51 51 51 51 51 52 52 53 53 53 53 52 53 53 52 53 53 53 53 52 52 52 53 53 53 52 53 53 53 52 53 52 52 51 51 51 52 52 52 52 52 51 51 51 52 51 51 52 52 52 52 53 53 53 53 53 53 53 53 53 52 52 52 52 52 52 52 52 51 51 51 51 50 50 51 52 52 52 51 51 51 52 52 51 51 51 51 51 51 51 55 55 55 55 55 54 54 54 55 55 55 55 56 56 54 54 54 54 55 55 55 55 55 55 55 55 55 55 54 54 54 54 54 54 54 54 54 54 54 53 53 53 54 54 53 52 52 53 53 53 53 54 54 53 53 53 53 53 54 53 53 53 53 52 53 53 54 54 53 53 54 53 53 54 54 54 54 54 54 54 54 54 54 54 54 54 54 55 54 55 55 54 54 54 55 55 54 54 54 54 54 54 54 54 54 54 54 54 54 54 54 54 54 54 55 55 54 54 54 54 54 54 54 55 54 54 54 55 55 54 53 53 53 53 53 53 54 54 54 54 53 53 53 53 53 53 53 53 53 53 53 53 53 53 53 53 53 53 53 53 53 52 52 52 53 53 53 53 53 53 53 53 52 52 53 53 53 52 52 52 52 52 52 53 53 53 52 52 52 52 52 52 52 52 52 52 52 52 52 52 52 52 52 52 52 52 51 51 51 52 52 52 52 51 53 53 53 53 53 53 53 52 52 53 53 53 53 53 53 54 54 54 53 54 54 54 54 53 52 52 53 52 51 52 52 53 53 53 52 52 52 52 51 51 51 51 52 52 52 53 53 53 53 54 54 53 53 53 53 53 53 53 52 52 52 52 52 52 52 51 50 50 51 52 52 52 52 52 52 52 52 51 51 51 51 51 51 55 54 55 55 55 56 56 55 55 56 54 54 54 55 55 55 55 55 55 55 56 56 55 55 56 55 55 54 54 55 54 53 53 53 53 53 54 53 54 54 54 53 52 52 52 52 53 53 53 53 53 53 53 53 53 53 53 53 53 53 53 53 53 53 53 53 53 53 53 53 54 54 54 54 54 54 54 54 54 54 54 54 54 54 54 54 54 54 54 53 54 55 54 54 54 54 54 54 54 54 54 54 54 54 54 54 54 54 54 54 54 54 54 54 54 54 54 54 54 54 54 54 54 54 54 53 53 53 53 53 53 53 53 53 53 53 52 52 52 52 52 52 52 52 52 53 52 52 52 52 52 52 52 52 52 52 52 52 52 52 53 53 53 53 53 52 52 52 52 52 53 53 53 52 52 52 52 52 52 52 52 52 52 52 52 52 52 52 52 52 52 52 52 52 52 52 52 52 52 52 52 51 51 51 51 51 51 51 51 51 52 52 52 52 52 52 52 52 51 52 52 52 52 52 53 53 54 53 53 53 54 54 54 53 52 53 52 52 51 51 51 51 51 52 52 52 52 52 51 51 51 51 51 51 51 52 52 52 52 53 53 53 53 52 53 52 52 52 52 53 52 52 52 53 52 51 51 50 50 51 52 52 52 52 52 52 51 51 51 51 51 55 55 56 56 56 56 56 56 55 55 55 55 55 56 56 56 55 56 57 57 56 55 56 56 56 56 56 56 54 54 54 54 54 54 55 54 54 54 54 53 53 53 53 53 53 53 53 53 53 53 53 53 53 54 53 53 53 53 53 54 53 53 53 53 54 53 53 54 54 54 54 54 54 54 54 54 54 54 54 54 54 54 54 54 54 54 54 54 55 54 54 54 54 54 54 54 54 54 54 54 54 54 54 54 54 54 54 54 54 54 54 54 55 55 55 55 55 55 55 55 54 54 54 53 53 53 53 53 53 53 53 54 54 53 53 53 53 53 53 53 53 52 52 52 52 52 52 52 52 52 52 52 52 52 52 52 52 51 52 52 53 53 52 52 53 52 53 52 52 53 53 53 53 53 53 53 53 53 53 53 53 52 52 52 52 52 52 52 52 52 52 52 52 52 52 52 52 52 52 52 52 52 51 51 51 51 51 51 52 52 52 52 52 52 53 53 52 52 52 52 53 53 53 54 54 53 53 53 54 54 54 54 54 53 53 53 52 52 51 51 52 52 52 52 53 53 53 52 52 51 52 51 51 51 51 52 52 53 54 53 53 53 53 53 53 52 53 53 52 52 52 53 53 52 52 51 50 51 52 52 52 52 52 52 51 51 52 51 51 55 56 56 56 56 56 56 56 55 55 55 56 56 56 57 56 56 56 56 57 57 57 56 57 57 57 57 56 55 55 55 55 54 54 54 55 54 54 54 54 54 54 54 53 53 53 54 54 53 53 53 53 53 54 54 54 54 54 54 54 54 54 54 53 54 53 54 54 54 54 54 54 54 54 55 54 54 54 54 54 54 54 54 54 54 55 54 54 54 55 55 54 54 54 54 54 54 54 54 54 54 54 54 54 54 54 54 54 55 55 55 55 55 55 55 55 55 55 55 55 54 54 54 53 53 53 53 53 53 53 54 54 53 53 53 53 53 53 53 53 53 53 52 52 52 52 52 52 52 52 52 52 52 52 52 52 52 52 53 53 53 53 53 53 53 53 53 53 52 53 53 53 53 53 53 53 53 53 53 53 53 53 52 52 52 52 52 52 52 52 52 52 52 52 52 52 52 52 52 52 52 52 52 51 51 51 51 51 52 52 53 53 53 53 53 53 53 52 52 52 53 52 53 53 54 54 54 53 54 54 54 53 54 53 52 52 52 51 51 52 51 51 51 52 52 53 53 53 53 52 53 52 52 52 51 51 52 52 54 54 53 54 54 54 53 53 53 54 53 53 53 53 53 53 52 52 51 51 52 52 52 53 52 52 52 52 52 51 56 56 56 57 56 57 56 57 56 56 56 56 56 56 56 57 57 57 57 57 57 57 58 57 57 57 57 57 57 57 56 55 55 55 55 55 55 55 55 55 55 55 54 54 55 55 54 54 54 53 53 53 53 54 54 54 54 54 54 54 54 54 54 54 54 54 54 55 55 54 54 54 54 54 54 54 54 54 54 54 54 54 54 54 54 54 55 54 54 55 55 55 54 54 54 54 55 55 55 55 55 55 55 55 55 54 54 54 55 55 55 55 55 55 55 55 55 55 55 55 54 54 54 54 54 54 54 54 54 54 54 54 53 53 53 53 53 53 53 53 53 53 53 53 52 52 52 52 52 52 52 52 52 52 52 52 52 52 54 53 53 53 53 53 53 53 53 53 53 53 53 53 53 53 53 53 53 53 53 53 53 52 52 53 53 53 53 53 52 52 52 52 52 52 52 52 52 52 52 52 52 52 52 52 52 51 51 51 52 53 53 53 53 53 53 53 53 53 52 52 52 52 53 53 54 54 54 54 55 54 53 53 53 52 52 52 52 52 52 52 52 52 52 52 52 52 53 53 54 54 53 53 53 53 53 52 52 52 54 54 54 54 54 54 53 54 54 54 53 53 52 52 51 52 52 53 53 53 53 53 53 52 56 56 56 57 57 57 57 57 57 57 57 57 57 57 57 57 57 57 57 58 58 58 58 58 57 57 57 57 57 57 57 56 56 55 55 55 55 55 55 55 55 55 55 55 55 55 54 54 54 54 54 54 53 54 54 54 54 54 54 54 54 54 54 54 54 54 54 54 55 55 54 54 54 54 54 54 55 54 54 54 54 55 54 54 54 55 55 55 54 55 55 55 55 55 55 55 55 55 55 55 55 55 55 55 55 55 55 54 55 55 55 55 55 55 55 56 55 55 54 55 55 55 55 55 55 55 55 55 55 54 54 54 53 53 53 53 53 53 53 53 53 53 53 53 53 53 52 52 53 52 52 52 52 52 52 52 52 52 54 54 54 53 54 54 53 54 53 53 53 53 53 53 53 53 53 53 53 53 53 53 53 53 53 53 53 53 53 52 52 52 52 52 52 52 52 52 52 52 52 52 52 52 52 52 52 51 51 51 52 53 53 52 53 53 52 52 53 53 53 53 53 53 53 53 54 55 55 55 55 54 53 53 52 52 52 53 53 53 52 53 53 53 53 53 52 52 53 53 54 53 53 53 53 53 53 53 53 53 54 54 54 55 54 54 54 54 51 52 53 56 57 57 57 57 57 58 57 57 57 58 58 58 57 57 57 57 57 58 58 58 58 58 58 58 58 57 57 56 57 57 56 57 56 56 55 55 55 55 55 55 55 55 55 55 55 55 55 55 55 55 54 54 54 54 54 54 54 54 54 55 55 55 55 55 54 54 54 54 54 54 54 54 55 54 54 54 55 54 55 55 55 56 55 54 54 55 55 55 55 55 55 55 55 55 55 55 55 55 55 55 55 55 55 55 55 55 55 55 55 56 56 56 55 55 55 56 55 55 55 55 55 55 55 55 55 55 55 55 55 55 55 54 54 53 53 53 53 53 53 53 53 53 53 53 53 53 53 53 52 52 53 53 53 53 53 53 52 53 54 54 54 54 54 54 54 54 53 53 53 53 54 54 54 53 53 53 53 53 53 53 53 53 53 53 53 53 52 52 52 52 52 52 52 52 52 52 52 52 52 52 52 52 52 52 52 52 52 52 52 52 52 52 53 52 52 53 53 53 53 53 53 53 54 54 54 54 54 54 55 55 54 53 53 53 53 54 54 53 53 53 54 54 54 54 53 52 52 53 53 53 53 53 53 53 53 53 53 53 54 54 55 55 52 57 57 57 58 58 58 58 58 58 57 58 58 58 58 58 58 58 58 58 58 58 58 58 58 58 58 57 56 57 57 56 56 56 56 56 56 55 55 55 56 56 56 56 56 56 56 55 55 55 55 55 54 54 54 55 55 55 55 55 55 55 55 55 55 55 55 55 55 55 55 55 55 55 55 55 55 55 55 55 55 55 55 55 55 55 55 55 55 56 55 55 56 56 56 56 55 55 55 55 55 55 55 55 55 55 55 55 55 55 55 55 56 56 56 56 56 56 56 55 55 55 55 55 55 56 56 55 55 55 55 55 55 55 54 54 54 54 54 54 53 54 54 53 53 53 53 53 53 53 53 53 53 53 53 53 53 53 53 53 54 55 54 54 54 54 54 54 54 54 53 53 54 54 54 54 54 53 53 53 53 53 53 53 53 53 53 52 52 52 52 53 53 53 53 52 53 53 53 53 53 53 52 52 53 53 52 52 52 52 53 53 53 52 52 52 52 52 52 52 53 53 53 53 54 55 54 54 54 54 55 55 54 53 53 54 54 55 54 54 54 53 54 55 54 53 53 53 52 53 53 53 53 53 53 53 53 53 53 53 54 54 58 58 59 59 59 59 59 59 59 58 58 58 59 59 59 59 58 58 58 58 58 58 58 57 57 56 57 57 57 56 56 56 56 57 56 56 55 56 56 57 56 56 57 56 56 56 55 55 56 56 55 55 55 55 55 55 55 55 55 55 55 55 55 55 55 55 55 55 55 55 55 55 55 55 55 55 55 55 55 55 55 55 55 55 55 55 55 56 55 55 56 56 56 56 56 55 55 55 55 55 56 56 56 56 56 56 55 55 56 56 56 56 56 56 56 56 56 55 55 55 55 55 55 56 55 55 55 55 55 55 55 55 55 54 54 55 55 54 54 54 54 53 53 53 53 53 53 53 53 53 53 53 53 53 53 53 53 53 54 55 54 54 55 55 55 54 54 53 53 53 54 54 54 54 54 54 54 53 53 53 53 53 53 53 53 53 53 52 53 53 54 53 53 53 53 53 53 53 53 53 52 53 53 53 52 53 52 52 53 53 53 53 52 52 52 53 53 53 53 54 54 54 54 54 54 54 54 54 55 55 54 53 53 54 55 55 55 55 54 54 54 54 54 54 54 53 53 54 54 54 54 53 53 54 54 53 53 54 55 60 59 60 60 60 60 60 60 59 59 59 59 59 59 59 59 59 59 58 58 58 58 57 56 57 56 57 56 56 56 56 56 56 56 56 56 55 56 56 57 56 56 56 57 56 56 56 56 56 56 56 55 55 55 55 55 55 55 55 55 55 56 56 56 56 55 55 55 55 55 55 55 55 55 55 55 55 55 56 56 55 55 55 56 55 56 56 56 56 56 56 56 56 56 56 56 56 55 56 56 56 56 56 56 56 56 56 56 56 56 56 56 56 56 56 56 56 56 55 56 55 56 55 55 56 55 56 55 56 56 55 55 55 55 54 55 55 55 55 54 54 54 54 53 53 53 53 53 53 53 53 53 53 53 53 54 53 54 55 55 55 55 55 55 55 54 54 54 54 53 54 55 54 54 54 54 53 53 53 53 53 53 53 53 53 53 53 53 53 54 54 54 53 53 54 53 54 54 54 53 52 53 54 53 53 53 53 52 53 53 53 53 53 52 52 52 53 53 53 54 55 54 54 54 54 54 54 55 55 55 55 54 54 54 54 54 55 56 55 55 55 55 54 55 55 54 53 55 54 54 54 54 53 54 54 53 54 61 61 60 60 60 60 60 59 59 59 59 59 59 59 59 59 59 59 59 58 57 56 56 57 56 56 56 56 56 55 56 56 56 56 56 56 56 57 57 56 56 56 57 57 57 57 57 56 56 56 56 56 56 56 55 56 56 56 55 55 56 56 56 56 56 56 56 56 56 56 56 56 56 56 56 56 56 56 56 56 55 56 56 56 56 56 56 56 56 56 56 56 56 56 56 56 56 56 56 56 56 56 56 56 56 56 56 56 56 56 56 56 56 56 57 57 56 55 56 56 56 56 56 56 56 56 56 56 56 56 55 55 55 54 55 55 55 55 55 55 54 54 54 54 54 53 53 53 53 53 54 53 53 54 54 54 54 55 55 55 55 55 55 55 55 54 54 54 54 54 55 54 54 54 54 53 54 54 54 54 53 54 54 54 54 54 54 53 54 54 55 54 53 54 54 54 54 54 53 53 54 54 54 53 53 53 52 54 54 53 53 53 52 52 53 53 54 53 54 54 54 54 55 55 54 55 55 55 56 55 55 54 54 54 55 55 56 56 56 56 55 54 55 55 54 54 55 54 55 54 55 54 54 55 54 60 60 60 61 61 61 61 61 61 61 61 60 60 60 61 59 59 59 59 59 59 59 59 59 58 59 58 58 57 56 56 57 56 56 56 56 56 56 56 56 56 56 56 56 57 57 57 56 56 56 57 57 57 57 57 57 56 57 56 56 56 56 56 56 56 56 56 56 56 56 56 56 56 56 56 56 56 56 56 56 56 56 56 56 56 56 56 56 56 56 56 56 56 56 56 56 56 57 56 56 56 56 56 56 56 56 56 56 56 56 56 56 56 56 56 56 56 56 56 56 56 56 56 56 56 56 56 56 56 56 56 56 56 56 56 56 56 56 55 55 55 55 55 55 55 55 55 55 55 55 55 55 54 54 53 53 54 54 54 54 54 54 54 54 54 55 55 55 55 55 55 55 55 55 55 54 54 54 55 54 54 54 54 54 54 54 54 54 54 54 54 54 55 55 55 54 54 55 55 54 54 54 55 54 53 53 53 54 54 54 54 54 53 53 52 54 54 53 53 53 52 52 52 53 53 53 53 54 54 55 55 55 54 55 55 55 56 56 55 55 55 55 56 56 56 56 56 57 56 56 56 55 55 55 54 55 55 55 55 55 61 61 61 61 61 61 61 61 61 61 61 61 60 60 60 61 61 59 59 59 59 59 59 59 59 58 58 58 58 57 57 56 56 57 57 56 56 56 56 56 56 56 56 56 56 56 57 57 57 57 57 57 57 57 57 57 57 57 57 57 57 57 57 57 56 56 56 57 57 56 56 56 56 56 56 56 56 56 56 56 56 56 56 56 56 56 56 56 56 56 56 56 56 56 56 56 56 56 56 56 57 56 56 56 56 56 56 56 56 56 56 56 56 56 56 56 56 57 57 57 57 57 56 56 56 56 56 56 56 56 56 56 56 56 56 56 56 56 56 56 55 55 55 55 55 55 55 55 55 55 55 55 55 55 54 54 54 53 54 54 54 54 54 54 54 54 54 55 55 55 55 55 55 55 55 55 55 55 54 54 55 55 55 55 54 54 55 55 54 54 54 54 54 55 55 55 54 54 54 54 55 54 54 55 55 54 54 54 53 53 54 55 54 54 53 53 53 54 54 53 53 52 52 53 53 53 53 53 53 53 54 55 55 55 55 55 55 55 56 56 56 55 55 56 56 56 56 56 56 57 57 57 56 55 55 54 55 55 55 55 61 61 61 61 61 61 61 61 61 61 61 61 60 61 61 61 60 61 61 60 59 58 59 58 58 58 58 58 58 58 58 58 57 56 57 57 56 57 56 56 57 56 57 57 57 57 57 56 56 57 57 57 57 57 57 57 57 57 57 57 57 57 57 57 57 57 57 57 57 56 57 57 57 56 56 56 56 56 56 56 57 56 56 56 56 56 56 56 56 56 56 56 56 56 56 56 56 56 56 56 56 56 56 57 57 56 56 57 56 56 57 57 57 57 57 57 57 57 57 57 57 57 57 57 57 57 57 56 56 56 56 56 56 56 56 56 56 56 56 56 56 56 55 55 55 56 56 55 56 55 55 55 55 55 55 55 55 55 55 54 54 54 54 54 55 54 55 55 55 55 56 55 55 55 56 55 55 55 55 55 55 54 54 55 55 55 55 54 54 55 55 54 54 54 55 55 55 55 55 55 55 55 55 55 54 54 55 55 54 55 54 54 53 54 55 54 54 53 53 53 54 54 53 53 52 53 53 54 54 55 55 54 54 55 55 56 56 56 55 55 56 56 57 56 56 55 56 56 56 56 56 56 57 56 57 57 56 55 55 54 55 55 55 61 60 61 61 61 61 61 61 60 60 60 60 61 61 61 60 60 60 60 59 58 58 58 58 58 58 58 58 58 57 57 56 57 56 57 57 57 57 57 57 57 57 57 57 57 57 57 57 57 57 57 57 57 57 58 58 58 58 58 57 58 57 57 57 57 57 57 57 57 57 57 57 57 57 57 57 57 57 57 57 57 57 57 57 57 57 57 57 57 57 57 57 57 56 57 57 57 56 56 57 57 57 57 57 57 56 56 57 57 57 57 57 57 57 57 57 57 57 57 57 57 57 57 58 57 57 57 56 57 57 57 57 57 56 57 57 57 57 57 56 56 55 55 55 55 56 55 56 56 56 56 56 55 55 55 55 55 55 54 55 55 55 55 55 55 55 55 55 55 56 56 56 55 56 56 55 55 56 56 55 55 55 55 55 55 54 54 54 54 55 55 55 55 56 55 55 56 56 55 55 56 56 55 55 55 55 55 55 55 55 54 54 54 55 55 54 54 53 52 53 53 52 53 53 54 54 54 55 55 55 55 55 55 56 56 56 56 56 56 56 57 57 57 56 56 56 56 56 56 56 56 56 57 57 57 56 55 55 55 54 55 55 60 61 61 61 61 61 60 60 60 60 60 61 60 60 59 59 59 59 58 58 57 58 57 57 57 57 57 57 57 56 56 57 57 57 57 57 57 57 57 58 57 57 58 57 57 57 57 57 57 57 57 57 58 58 58 58 58 58 58 58 58 57 57 57 57 57 57 57 58 58 57 58 57 57 57 57 57 57 57 57 57 57 57 57 57 57 57 57 57 57 57 57 57 57 57 57 57 57 57 57 57 57 57 57 57 57 57 57 57 57 57 57 57 57 57 57 57 57 57 57 58 58 58 58 57 57 57 57 57 57 57 57 57 57 57 57 57 57 57 56 56 56 55 55 55 55 55 55 55 55 55 55 56 55 55 55 55 55 55 55 55 55 55 55 55 55 56 56 56 56 56 56 56 56 56 55 56 56 55 55 55 55 55 55 55 54 54 55 55 55 56 56 56 56 56 57 56 55 55 56 57 57 56 56 55 55 55 54 55 55 55 55 55 55 54 54 53 52 53 53 53 53 54 55 55 55 55 55 55 56 56 55 55 56 56 57 57 56 57 57 57 57 56 56 57 57 57 56 57 56 57 57 57 57 56 55 55 55 55 55 55 55 60 60 60 61 60 59 59 59 59 59 59 59 59 59 59 58 59 58 57 57 57 57 56 56 56 56 56 56 56 57 57 57 57 57 57 58 58 58 58 58 58 58 58 58 58 57 57 57 58 58 58 58 58 58 58 58 58 58 58 58 58 57 57 57 57 58 58 58 58 58 57 57 58 58 57 57 57 57 57 57 57 57 57 57 57 57 57 57 57 57 57 57 57 57 57 57 57 57 57 57 57 57 57 58 57 57 57 57 57 57 57 57 57 57 57 57 57 57 58 58 58 58 58 58 58 58 57 57 57 57 57 58 57 57 57 57 57 57 57 56 56 56 55 55 56 56 56 56 56 56 56 55 55 55 55 55 55 55 55 55 55 55 55 55 55 55 56 56 57 56 56 56 56 56 55 56 55 55 55 55 56 56 56 56 55 55 54 55 55 55 55 56 56 56 56 57 56 56 56 56 56 57 57 56 56 56 55 54 54 54 55 55 55 54 54 53 53 53 53 53 54 55 55 55 55 55 55 56 55 56 56 56 56 56 56 57 57 57 57 57 57 57 57 56 58 57 57 57 57 57 57 58 57 57 56 56 55 55 55 55 55 55 56 60 60 59 59 59 58 58 58 58 58 58 58 58 58 58 58 57 57 57 57 57 57 57 57 57 57 57 57 57 57 58 58 58 58 58 58 58 58 58 58 58 58 58 58 58 58 58 58 58 58 58 58 58 58 58 58 58 58 58 58 58 58 58 58 58 58 58 58 58 58 58 58 58 58 57 57 57 57 57 57 57 57 57 57 57 57 57 57 57 57 57 57 57 57 57 57 57 57 57 57 57 57 57 57 57 57 57 58 58 58 58 58 57 57 57 57 58 58 58 58 58 58 58 58 58 57 57 57 58 58 58 58 58 58 57 57 57 58 57 57 56 56 56 56 57 57 56 56 56 56 56 55 55 56 56 56 56 55 55 55 55 55 55 55 55 55 55 56 57 57 57 57 56 56 56 56 56 56 56 55 56 56 56 56 56 55 55 55 56 56 56 56 57 56 57 57 57 56 56 57 57 57 57 56 56 56 56 55 54 54 54 55 55 54 53 53 54 53 54 54 55 56 56 55 55 55 55 56 56 56 56 56 56 56 56 57 57 57 57 58 58 57 57 57 58 57 57 57 58 58 58 57 57 56 56 56 56 55 55 55 55 55 56 62 62 62 61 62 62 63 62 62 61 60 59 58 58 58 58 58 58 58 58 58 58 58 58 58 58 58 57 57 57 57 57 58 58 58 58 58 58 58 58 58 58 58 58 58 58 58 58 58 58 58 58 58 58 58 58 58 58 59 59 58 59 58 58 59 58 58 59 58 58 58 58 58 58 58 58 58 58 58 58 58 58 58 58 58 58 58 57 57 57 57 57 57 57 57 57 57 58 58 58 58 58 58 58 57 57 58 58 58 58 58 57 57 57 57 58 58 58 58 58 58 58 58 58 57 58 58 58 58 58 58 58 58 58 58 58 57 58 58 58 58 58 58 58 57 57 57 57 57 56 56 56 56 56 57 56 56 56 56 56 56 56 56 56 56 56 55 56 55 55 55 55 55 55 56 56 56 57 57 57 57 56 56 56 57 56 56 56 56 56 56 56 56 55 55 55 56 56 56 57 56 57 56 57 57 57 57 57 56 57 57 57 57 56 56 55 56 55 55 54 54 55 54 54 54 54 54 54 54 55 55 55 55 56 56 56 56 56 57 57 56 56 56 57 57 57 57 57 58 58 58 57 58 58 58 57 58 57 57 57 57 57 56 56 56 56 55 55 56 56 56 56 56 62 62 62 62 62 62 61 62 62 63 64 64 62 62 64 63 61 60 59 59 58 58 58 58 58 58 58 58 58 58 58 58 58 59 58 58 58 58 58 58 58 58 58 58 58 58 59 59 59 59 58 59 59 59 59 59 58 58 58 58 58 58 58 59 59 59 59 59 59 59 59 59 59 59 59 58 59 58 58 58 58 58 58 58 59 58 58 58 58 58 58 58 58 58 58 58 57 57 57 58 58 58 58 58 58 58 58 58 58 58 58 58 58 58 58 58 58 58 58 58 58 58 58 58 58 58 58 58 58 58 58 58 58 58 58 58 58 59 59 59 58 58 58 58 58 58 58 58 58 58 58 58 58 57 57 57 57 57 57 56 56 56 56 56 56 56 56 56 56 56 57 56 56 56 56 56 56 55 55 56 56 56 56 56 57 57 57 57 57 57 57 57 57 56 56 57 57 57 56 56 56 56 55 56 56 56 56 57 57 56 56 57 57 57 58 57 57 57 57 58 57 56 55 55 56 55 55 54 55 55 55 54 54 54 54 54 54 55 55 55 56 56 56 56 56 56 57 56 57 57 57 57 57 58 58 58 58 58 58 58 58 57 57 57 57 57 57 57 57 56 56 56 56 56 56 56 56 56 56 56 56 62 63 62 61 62 62 62 62 62 62 62 62 63 64 64 63 63 63 63 64 64 64 63 62 61 60 59 58 58 58 59 59 59 59 59 59 59 59 59 59 59 59 59 59 59 59 59 59 59 59 59 59 59 59 59 59 59 59 59 59 59 59 59 58 59 59 58 58 59 59 59 59 59 59 59 59 59 59 59 59 59 59 59 59 59 59 59 59 59 59 59 59 59 59 59 59 58 58 58 58 59 59 58 58 58 58 58 58 58 58 58 58 58 58 58 58 58 58 58 58 58 58 58 58 58 58 58 58 58 58 58 58 58 58 58 58 59 58 58 58 58 59 59 59 59 59 59 59 58 58 58 58 58 58 58 59 59 59 58 58 58 58 57 57 57 57 57 57 57 57 56 56 56 56 56 56 56 57 57 57 57 56 56 55 56 56 56 56 56 56 56 57 57 57 58 57 58 58 57 57 56 57 57 57 57 57 56 56 56 56 56 57 57 57 57 57 56 57 57 57 57 58 58 58 57 57 57 57 56 56 55 55 55 55 55 54 54 55 54 54 54 55 56 56 56 56 56 56 56 56 56 56 56 56 57 57 57 57 57 57 58 58 58 59 58 58 58 58 58 57 57 57 57 58 57 57 57 56 56 56 56 57 56 56 56 56 56 56 56 63 62 62 62 61 62 62 62 62 62 61 62 62 63 63 63 62 62 62 63 63 64 63 63 63 64 65 65 65 64 62 61 60 59 58 58 59 59 59 59 60 59 59 60 60 60 60 60 59 59 59 59 59 59 59 59 59 59 59 59 59 59 59 59 59 59 59 59 59 59 59 59 59 59 59 59 59 59 59 59 59 59 59 59 59 59 59 59 59 59 59 59 59 59 59 59 59 59 59 59 59 59 59 59 59 59 59 59 59 59 58 58 58 58 58 58 58 58 58 58 58 58 58 58 58 58 58 58 58 58 58 58 58 58 58 58 58 58 58 58 59 59 59 59 59 59 59 58 59 59 59 59 59 59 59 59 59 58 58 58 58 58 59 59 59 59 59 58 58 58 58 58 58 57 58 58 58 57 57 57 56 57 56 57 57 57 57 56 56 56 56 56 56 56 56 56 56 56 57 57 58 58 58 58 58 57 57 57 57 58 57 57 57 57 56 56 56 56 57 57 57 57 57 56 57 57 57 58 58 58 57 57 57 57 57 57 56 56 56 56 55 55 55 54 55 54 55 55 56 56 56 56 57 57 57 57 57 57 57 57 57 56 57 57 57 57 57 57 58 58 59 58 58 58 58 58 58 57 58 58 58 58 58 57 57 57 56 56 57 57 56 56 56 56 56 56 57 57 63 62 62 62 62 63 63 62 62 62 62 62 62 63 63 62 62 61 62 62 63 64 63 63 63 64 65 64 64 64 62 61 60 59 58 58 59 59 59 60 60 60 60 60 60 60 60 60 59 59 59 59 59 59 59 59 59 59 59 59 59 59 59 59 59 59 59 59 59 59 59 59 59 59 59 59 59 59 59 60 60 59 59 60 60 60 60 60 59 59 59 59 59 59 59 59 59 59 59 59 59 59 59 59 59 59 59 59 59 60 59 59 58 58 58 58 58 58 58 58 58 59 59 59 59 58 58 58 58 58 58 58 58 58 58 58 58 58 58 59 59 59 59 59 59 59 59 59 59 60 60 60 60 59 59 59 59 58 58 58 59 59 59 59 59 59 59 59 58 58 58 58 58 58 58 58 58 58 58 57 57 57 57 57 58 58 57 57 57 57 56 57 57 57 56 56 56 56 57 57 58 58 58 58 58 57 58 58 58 58 58 57 57 57 57 57 57 57 57 57 57 57 57 57 57 57 57 57 57 58 57 57 57 57 57 57 57 56 56 56 56 56 55 55 55 55 55 56 56 56 56 56 56 56 56 56 56 56 57 57 57 57 57 57 57 57 57 57 57 58 59 59 59 59 58 58 58 58 57 58 58 58 58 57 57 57 57 57 57 57 57 56 56 57 56 56 57 57 63 62 62 63 62 63 63 63 62 62 62 62 62 63 62 62 61 61 62 63 64 64 64 63 64 64 64 64 63 63 62 61 60 59 59 59 59 59 60 60 60 60 60 60 60 60 60 60 59 60 60 60 60 60 60 60 60 60 60 60 60 60 59 60 59 59 59 59 59 59 59 60 60 60 60 60 60 60 60 60 60 60 60 60 60 60 60 60 60 60 59 59 59 59 59 59 59 59 59 60 60 60 60 59 60 60 59 59 59 59 60 59 59 59 58 58 58 58 59 58 59 59 59 59 59 59 59 59 59 59 59 59 59 59 58 58 59 59 59 59 59 59 59 59 59 59 59 59 60 60 60 60 59 59 59 59 59 59 59 59 59 59 59 59 59 59 59 58 58 58 58 58 58 58 58 58 58 58 58 58 58 58 58 58 58 58 58 58 58 57 57 57 57 57 57 57 57 56 57 58 58 58 58 58 58 58 58 58 58 58 58 58 57 58 58 57 57 57 57 57 57 57 57 57 57 57 57 57 57 57 57 57 57 57 57 57 57 56 56 56 56 56 56 55 55 55 55 56 56 56 56 56 56 56 56 56 56 56 57 57 57 57 58 57 57 57 57 57 57 58 58 59 59 59 59 59 58 58 58 58 58 58 58 58 57 57 57 57 57 57 57 57 56 56 57 57 57 57 63 63 63 63 63 63 63 63 62 62 63 63 63 62 62 61 62 62 63 64 64 63 63 63 63 63 64 63 63 62 61 61 60 59 59 60 60 60 60 60 60 60 60 61 61 60 60 60 60 60 60 60 60 60 60 60 60 60 60 60 60 60 60 59 60 60 60 60 60 60 60 60 60 60 60 60 60 60 60 60 60 60 60 60 60 60 60 60 60 60 60 60 60 60 60 60 60 60 60 60 60 60 60 60 60 59 59 59 59 60 60 60 59 59 58 59 59 59 59 59 59 59 59 59 59 59 59 59 59 59 59 59 59 59 59 59 59 59 59 59 59 59 59 59 59 59 60 60 60 60 60 60 59 59 59 59 59 59 59 59 59 59 59 59 59 59 59 59 59 59 58 58 58 58 58 58 58 58 58 58 58 59 59 59 58 59 58 58 58 58 58 58 57 57 57 57 57 58 58 58 58 58 58 58 58 58 58 58 58 58 58 58 58 58 58 57 57 57 57 57 57 57 57 58 57 57 58 58 58 57 57 57 57 57 57 57 57 56 56 56 56 56 56 55 55 55 56 57 57 57 56 56 56 56 56 56 57 56 57 57 57 57 58 58 58 58 58 58 58 59 59 59 59 59 59 58 58 58 58 58 58 58 58 58 58 57 57 57 57 57 57 56 57 57 57 63 62 62 63 62 63 63 63 63 63 63 62 62 63 62 62 62 63 63 63 63 64 63 63 62 62 62 64 63 62 62 61 61 60 60 60 60 60 61 61 61 61 61 61 61 61 61 61 60 60 60 60 60 60 60 60 60 60 60 60 60 60 60 60 60 60 60 60 60 60 60 60 60 60 60 60 60 60 60 60 60 60 60 60 60 60 60 60 60 60 60 60 60 60 60 60 60 60 60 60 60 60 60 60 60 60 60 60 59 59 60 60 60 59 59 59 59 59 59 59 59 59 59 59 59 59 59 59 59 59 59 59 59 59 59 59 59 59 59 59 60 59 59 59 59 59 59 59 60 60 60 60 60 60 59 59 59 60 60 59 59 60 60 60 60 60 60 59 59 59 59 59 58 59 59 59 58 58 58 59 59 59 59 59 59 59 59 58 59 58 58 58 58 58 57 57 57 57 58 58 58 59 58 58 59 58 58 59 59 59 58 58 58 58 58 58 58 57 57 57 57 57 58 58 58 57 57 58 58 58 58 57 57 57 57 57 57 57 57 57 56 56 56 56 56 55 56 56 57 57 57 57 57 57 56 56 56 57 57 57 57 57 57 57 57 57 58 58 58 58 59 59 58 58 59 59 59 58 58 58 59 59 59 59 58 58 58 58 57 57 58 58 57 57 58 63 63 63 62 62 63 64 64 63 62 61 62 62 62 62 62 62 63 63 63 64 64 62 62 62 63 63 62 61 61 60 60 60 60 61 61 61 61 61 61 61 61 61 61 61 61 61 61 61 61 60 60 60 60 60 60 60 60 60 60 60 60 61 60 60 60 60 60 60 60 61 61 60 61 61 61 60 60 60 60 60 61 61 61 61 60 60 60 60 60 61 60 60 60 60 60 60 60 60 60 60 60 60 60 60 60 60 60 60 60 60 60 60 59 59 59 59 59 59 59 59 59 60 60 60 60 60 59 59 59 59 59 59 59 59 59 59 59 59 59 59 59 59 59 59 59 60 60 60 60 60 60 60 60 60 60 60 60 60 60 60 59 59 60 60 59 59 59 59 59 58 58 59 59 59 59 58 58 59 59 59 59 59 59 59 59 59 59 59 58 58 58 58 58 58 57 58 58 59 59 59 59 59 58 59 59 59 59 59 59 59 59 59 58 58 57 57 58 58 57 58 58 57 58 58 58 58 58 58 58 57 57 57 57 57 57 57 57 57 57 56 56 56 56 56 56 57 57 57 57 57 57 57 57 57 57 57 57 57 57 57 57 57 57 58 57 57 58 59 58 58 58 59 59 59 59 59 59 59 59 59 59 59 59 59 58 58 59 59 59 58 58 58 64 64 64 62 62 63 62 62 62 62 62 62 62 61 61 61 62 62 63 64 64 64 64 63 61 61 61 61 60 60 61 60 61 61 61 61 61 61 61 61 61 61 61 61 61 61 61 61 61 61 61 61 61 61 61 61 60 60 61 61 61 61 61 61 61 61 61 61 61 61 61 61 61 61 61 61 61 61 61 61 61 61 61 60 60 61 61 61 61 61 60 60 60 60 61 61 60 61 61 61 61 60 60 60 60 60 60 60 60 60 60 60 60 59 59 60 60 60 60 60 60 60 60 60 60 60 60 60 60 60 60 60 60 60 60 60 59 59 60 60 60 60 59 59 59 60 60 60 60 60 60 60 60 60 60 60 60 60 60 59 59 59 59 59 59 59 59 59 59 59 58 59 59 59 59 59 59 59 59 59 59 59 59 59 59 59 59 59 59 58 59 59 58 58 58 59 59 60 60 59 59 59 60 59 59 59 59 59 59 59 59 59 58 58 58 58 58 58 58 58 58 58 58 58 58 58 58 58 58 58 57 57 57 57 57 57 57 57 57 57 57 56 56 56 56 57 57 57 57 57 57 57 57 57 57 57 57 57 57 57 56 57 57 57 57 58 58 58 59 58 58 59 59 59 59 59 59 59 59 59 59 59 59 59 59 59 59 59 59 59 59 59 63 63 62 62 62 62 63 63 64 63 63 63 62 62 61 61 62 63 63 64 65 65 63 63 62 62 62 61 61 61 61 61 61 61 62 62 62 62 62 62 62 62 62 62 61 61 61 61 61 61 61 61 61 61 61 61 61 61 61 61 61 61 61 61 61 61 61 61 61 61 61 61 61 61 61 61 61 61 61 61 61 61 61 61 61 61 61 61 61 61 61 61 61 61 61 61 61 61 61 61 61 61 61 61 60 60 60 60 60 60 60 60 60 60 60 60 60 60 60 60 60 60 60 60 60 60 60 60 60 60 60 60 60 60 60 59 60 59 60 60 60 60 60 60 60 60 60 60 60 60 60 60 61 61 61 61 60 60 59 60 59 59 59 59 59 59 59 59 59 59 59 59 59 59 59 59 59 59 59 59 59 59 59 59 59 58 59 59 59 59 59 58 58 58 60 60 60 60 60 60 60 60 60 59 59 59 59 59 58 58 58 58 58 58 58 58 58 58 58 58 58 58 58 58 59 58 58 58 58 58 58 57 57 57 57 57 57 57 57 57 56 56 56 57 58 58 58 57 57 57 57 57 57 57 57 57 56 56 57 57 57 57 57 57 57 57 58 59 58 59 59 59 59 59 59 59 59 59 60 60 60 60 60 60 59 59 59 59 60 64 63 63 64 65 65 65 65 63 63 63 62 61 63 63 63 64 63 63 63 62 62 61 61 62 61 61 61 61 62 62 62 62 62 62 62 62 62 62 62 61 61 61 61 61 61 61 61 61 61 61 61 61 61 61 61 61 61 61 61 61 61 61 61 61 61 61 61 61 61 61 61 61 61 61 61 61 61 61 61 61 61 61 62 61 61 61 61 61 61 61 61 61 61 61 61 61 61 61 61 61 61 60 60 61 60 60 61 60 60 60 60 60 60 60 60 60 60 60 60 60 60 60 60 60 60 60 60 60 60 60 60 60 60 60 60 60 60 61 61 61 61 60 60 60 60 60 60 60 60 61 60 60 60 59 59 59 59 59 59 59 60 60 60 59 59 59 59 59 59 59 60 59 59 59 59 59 59 60 59 59 59 59 59 59 59 59 59 58 59 60 60 60 60 60 60 60 59 60 60 59 59 59 59 59 59 59 59 59 59 58 58 58 58 58 58 58 58 58 58 59 58 58 58 58 58 58 58 57 57 57 57 57 57 57 57 57 57 57 57 58 58 58 58 58 58 57 57 57 57 57 57 57 57 57 58 57 58 58 58 58 58 58 58 58 59 59 60 60 59 59 59 59 59 60 60 60 60 60 60 60 60 60 60 60 60 60 65 65 65 66 66 66 67 67 65 65 66 66 61 61 61 62 63 62 63 62 61 61 61 61 62 62 62 62 62 62 62 62 62 62 62 62 62 62 62 62 62 62 62 61 61 61 61 61 61 61 61 61 61 61 61 61 61 61 62 62 62 62 61 62 62 62 61 61 61 61 61 62 61 61 62 62 61 61 61 62 62 62 62 62 61 61 61 61 61 61 61 61 61 61 61 61 61 61 61 61 61 61 61 60 61 61 60 60 60 60 61 61 61 61 60 60 60 60 60 60 60 60 60 60 60 60 60 60 60 60 60 60 60 60 60 60 60 60 61 60 61 61 61 60 60 60 60 60 60 61 61 61 60 60 60 60 60 60 60 60 60 60 60 60 59 59 59 59 59 59 60 60 59 60 59 59 59 59 60 60 59 59 59 59 59 59 59 59 59 60 61 61 60 60 60 60 60 60 59 60 59 59 59 59 59 59 59 59 59 58 58 59 58 59 59 58 59 59 58 58 59 59 58 58 58 58 58 58 58 58 57 57 57 57 57 57 57 57 57 57 58 58 58 58 58 58 57 57 57 57 57 58 58 57 58 58 59 59 59 60 59 59 58 59 58 59 60 60 60 60 59 59 59 60 60 60 60 60 60 60 60 60 60 60 60 60 60 67 67 68 68 68 67 66 67 67 66 65 64 62 61 62 61 61 61 61 61 61 61 62 62 62 62 62 63 63 63 63 63 63 63 63 63 63 63 62 62 62 62 62 62 62 62 62 62 62 62 62 62 62 62 62 62 62 62 62 62 62 62 62 62 62 62 62 62 62 62 62 62 62 62 61 62 62 62 62 62 62 62 62 62 62 61 61 61 62 62 61 61 61 62 62 62 61 61 61 61 61 61 61 61 61 61 60 61 61 61 61 61 61 60 60 61 61 61 61 61 61 61 61 61 61 61 61 60 60 60 60 60 60 61 61 61 61 61 61 60 61 61 60 60 60 61 61 61 61 61 61 61 61 61 61 60 60 60 60 60 60 60 59 59 59 59 59 59 60 60 59 60 60 59 59 59 60 60 60 60 59 59 59 59 59 59 60 60 61 61 60 60 60 60 60 60 59 60 60 60 60 60 60 60 60 59 59 59 60 59 59 59 59 58 59 59 59 59 59 58 58 58 58 58 58 58 58 58 58 58 58 58 57 57 57 57 57 57 58 58 58 58 58 58 58 58 57 57 57 58 59 59 59 58 59 59 59 60 60 59 60 60 59 59 59 59 60 60 60 60 60 60 60 60 60 60 60 60 60 61 60 60 60 60 68 68 68 68 67 67 67 67 66 65 65 64 63 62 62 63 62 61 62 62 62 62 62 62 63 63 63 63 63 63 63 63 63 63 63 63 63 62 62 62 62 62 62 62 62 62 62 62 62 62 62 62 62 62 62 62 62 62 62 62 62 62 62 62 62 62 62 62 62 62 62 62 62 62 62 62 62 62 62 62 62 62 62 62 62 62 62 62 62 62 62 62 62 62 62 62 62 62 61 61 61 61 61 62 61 61 61 61 61 61 61 61 61 61 61 61 61 61 61 61 61 61 61 61 61 61 61 61 61 61 61 61 61 61 61 61 61 61 61 60 61 61 61 61 61 61 61 61 61 61 61 61 61 61 61 61 61 60 60 60 60 59 60 60 59 59 59 60 60 60 59 60 59 59 60 60 60 60 60 60 60 60 59 59 59 59 60 61 60 60 60 60 60 60 60 60 60 60 60 60 60 61 61 61 60 60 60 60 60 60 60 59 59 59 59 59 59 59 59 58 58 58 58 58 58 58 58 58 58 58 58 58 57 58 58 58 58 58 58 58 58 58 58 58 58 58 58 58 58 59 59 60 60 60 59 59 60 60 60 60 60 59 59 60 60 60 60 60 60 60 61 60 60 60 60 60 60 60 61 60 60 60 68 67 67 67 67 67 67 67 67 66 65 65 64 65 65 66 65 64 63 63 63 62 62 62 63 63 63 63 63 63 63 63 63 63 63 63 63 63 63 62 62 62 62 63 63 63 63 63 63 62 62 62 62 62 62 62 62 62 63 63 63 63 62 62 62 62 62 62 62 62 62 62 62 62 62 62 62 62 63 63 62 62 62 62 63 62 62 62 62 62 62 62 62 62 62 62 62 62 62 62 62 62 62 62 62 62 61 61 61 61 61 61 61 61 61 61 61 61 61 61 61 61 61 61 61 61 61 61 61 61 61 61 61 61 61 61 61 61 61 61 61 61 61 61 61 61 61 61 61 61 61 61 60 61 60 61 61 61 60 60 60 59 60 60 60 60 59 59 60 60 59 60 60 59 59 60 60 60 60 60 60 60 60 60 59 59 59 60 61 60 60 60 60 60 60 60 60 60 60 60 61 61 61 61 61 61 61 61 60 60 59 59 59 59 59 59 59 60 60 59 58 59 58 58 58 58 58 58 58 58 58 58 57 58 58 58 58 58 58 58 58 59 59 59 59 59 59 60 59 58 59 59 59 60 61 60 60 60 61 61 61 60 60 59 60 60 60 61 61 61 61 60 60 60 60 60 60 60 60 60 60 60 61 68 67 66 66 66 66 67 67 66 66 67 66 67 66 68 67 66 65 64 63 63 63 62 62 63 63 63 63 63 64 64 64 64 64 64 64 63 63 63 63 63 63 63 63 63 63 63 63 63 63 63 63 62 62 62 62 62 63 63 63 63 63 63 62 62 62 62 62 62 63 62 62 63 62 62 62 62 62 63 63 63 63 63 63 63 63 63 62 62 62 62 62 62 62 62 62 62 62 62 62 62 62 62 62 62 62 62 62 61 61 61 61 61 62 62 62 61 62 62 62 62 62 61 61 61 61 61 61 61 61 61 61 61 61 61 61 61 61 61 61 61 61 61 62 61 61 61 62 61 61 62 62 61 61 61 60 60 60 60 60 60 60 60 60 61 61 60 60 60 60 60 60 60 59 59 59 60 60 60 60 60 60 60 60 60 59 59 59 60 61 61 61 61 61 60 60 60 60 61 61 61 61 61 61 61 61 61 61 61 61 60 60 60 59 59 59 60 60 60 60 59 59 59 59 59 59 58 58 58 58 58 58 58 58 58 58 58 58 58 59 58 58 58 59 59 60 60 60 61 61 60 59 59 60 60 61 61 61 61 61 61 61 61 60 59 59 60 60 61 61 61 61 60 60 60 60 60 60 60 60 60 60 60 61 61 68 67 67 67 66 66 66 67 67 68 69 69 68 68 69 68 66 65 64 64 63 63 63 63 63 63 64 64 64 64 64 64 64 64 64 64 64 64 64 63 63 63 63 63 63 63 63 63 63 63 63 63 63 63 63 63 63 63 63 63 63 63 63 63 63 62 62 62 63 63 62 62 63 63 62 62 62 63 63 63 63 63 63 63 63 63 63 62 62 62 62 62 62 63 63 63 63 62 62 62 62 62 62 62 62 62 62 62 62 62 62 62 62 62 62 62 62 62 62 62 62 62 62 62 62 62 62 62 62 62 62 62 61 62 62 61 61 61 61 61 61 61 61 62 62 62 62 62 61 62 62 62 62 61 61 61 61 61 60 60 60 60 61 61 61 61 61 61 60 60 61 60 60 60 59 59 60 60 60 60 60 60 60 60 60 60 59 59 59 60 61 61 61 61 61 61 61 61 61 61 61 61 61 61 61 61 61 61 61 61 60 60 60 59 59 60 60 60 61 61 60 60 60 60 59 59 59 59 59 59 58 58 58 58 58 58 58 58 58 59 59 59 59 59 59 59 60 60 61 61 61 60 59 60 61 61 61 61 61 61 62 62 61 61 60 60 60 61 62 61 61 61 61 61 60 60 60 60 61 60 60 60 61 61 69 68 68 69 69 68 67 67 66 67 68 68 68 68 68 69 69 68 66 66 66 66 64 63 63 63 63 64 64 64 64 64 64 64 64 64 64 64 64 64 64 63 63 63 63 63 63 63 63 63 63 63 63 63 63 63 63 63 63 63 63 63 63 63 63 63 63 63 63 63 63 63 63 63 63 62 62 63 63 63 63 63 63 63 63 63 63 63 63 63 63 63 62 62 63 63 63 63 63 63 63 63 63 63 63 63 63 63 63 63 62 62 62 62 62 62 62 62 62 62 62 62 62 62 62 62 62 62 62 62 62 62 62 62 62 62 62 61 61 61 61 62 61 62 62 62 62 62 62 62 61 62 62 62 61 61 61 62 62 62 61 61 61 62 62 62 61 61 61 61 61 60 61 61 60 60 59 60 60 60 60 60 60 60 60 60 59 59 59 59 59 61 61 61 61 61 61 61 61 61 61 62 62 61 61 61 61 61 61 61 61 61 61 61 60 60 60 60 60 61 60 60 59 59 59 59 59 59 59 59 59 58 58 58 58 58 58 58 58 58 58 59 59 59 60 60 60 59 59 60 60 60 61 61 60 60 60 61 61 60 61 61 62 62 62 61 60 61 61 61 61 61 61 61 61 61 61 61 61 60 61 60 61 61 61 61 69 69 70 70 68 68 68 68 66 66 67 68 67 67 67 68 69 68 67 68 68 67 65 64 63 63 63 64 64 64 64 64 64 64 64 64 64 64 64 64 64 64 64 64 64 63 63 63 63 63 63 63 63 63 64 64 63 63 63 63 63 63 63 63 63 63 64 64 64 63 63 63 63 63 63 63 63 63 64 63 63 63 63 63 63 63 63 63 63 63 63 63 63 63 63 63 63 63 63 63 63 63 63 63 63 63 63 63 63 63 62 62 62 62 62 62 62 63 63 63 62 62 62 62 62 62 62 62 62 62 62 62 62 62 62 62 62 61 62 62 62 63 62 62 62 62 62 62 62 62 62 62 62 62 62 62 61 62 62 62 62 62 62 62 62 62 61 61 61 61 61 61 61 61 61 61 60 59 60 60 60 60 60 60 60 60 60 60 60 60 60 61 61 61 61 61 61 62 61 62 62 62 62 61 61 61 61 61 61 61 62 62 62 61 60 60 60 61 61 61 60 59 59 59 59 59 59 59 60 59 59 58 58 58 58 58 58 59 59 58 58 60 60 60 60 61 61 60 60 60 61 61 61 62 61 61 61 60 60 61 61 61 61 62 62 62 61 62 62 62 62 62 61 61 61 62 61 61 61 61 61 61 61 61 61 70 70 69 68 68 67 68 68 67 66 67 67 67 67 66 68 69 69 69 69 67 67 66 64 63 63 64 64 64 65 65 65 65 65 65 65 65 64 65 65 65 64 64 64 64 64 64 64 64 64 64 64 64 64 64 64 64 64 64 64 64 63 63 64 64 64 64 64 64 64 64 64 64 64 63 63 63 64 64 64 63 63 63 63 64 64 63 64 64 64 64 64 63 63 63 63 63 63 63 63 63 63 63 63 63 63 63 63 63 63 63 63 62 63 63 63 63 63 63 63 63 63 63 63 63 63 63 63 62 62 62 62 62 62 62 62 62 62 62 62 62 63 63 62 63 63 62 63 62 62 62 62 62 63 62 62 62 62 62 62 62 62 62 62 62 62 61 61 61 61 61 61 61 61 61 60 60 60 60 60 60 60 60 60 60 60 60 60 60 60 60 61 61 61 62 62 62 62 62 62 62 62 61 62 61 61 61 61 61 61 61 61 62 62 61 61 61 61 61 61 60 60 59 59 59 59 59 59 60 59 59 58 58 58 58 59 59 59 59 59 59 60 60 61 60 61 61 61 60 60 60 61 61 61 62 62 62 62 61 61 61 61 62 62 62 62 63 63 63 62 62 62 62 61 61 62 62 62 61 61 62 61 61 61 61 70 69 68 68 68 67 67 67 67 67 66 66 66 67 68 68 69 70 69 67 66 66 65 65 64 64 64 65 65 65 65 65 65 65 65 65 65 65 65 65 64 64 64 64 64 64 64 64 64 64 64 64 64 64 64 64 64 64 64 64 64 64 64 64 64 64 64 64 64 64 64 64 64 64 64 64 64 64 64 64 64 64 64 64 64 64 64 64 64 64 64 63 63 63 63 64 64 64 64 64 64 63 63 64 64 63 63 63 63 63 63 63 63 63 63 63 63 63 63 63 63 63 63 63 63 63 63 63 63 63 63 62 62 62 62 62 62 62 62 62 63 63 63 63 63 63 63 63 62 62 62 62 63 63 62 62 62 62 62 63 62 62 62 62 62 61 61 61 61 62 62 62 61 61 61 61 60 60 60 60 60 60 60 61 60 60 60 60 60 60 61 61 62 62 61 62 62 62 62 62 62 61 61 61 62 61 61 62 62 62 62 62 62 61 61 61 61 61 61 61 60 59 59 59 59 59 59 59 59 59 58 59 59 59 59 59 59 59 59 59 60 60 60 61 62 61 62 62 61 61 61 61 62 62 62 62 62 62 61 61 62 62 63 62 62 62 63 62 62 62 62 62 62 62 62 62 62 61 61 61 61 61 61 61 70 69 69 70 69 69 68 68 68 67 66 66 66 66 67 66 68 68 68 67 66 66 65 65 64 64 65 65 65 65 65 65 65 65 65 65 65 65 65 65 65 65 65 65 65 65 65 65 65 65 65 64 64 64 64 64 64 64 64 64 64 64 64 64 64 65 65 65 65 65 65 65 65 65 65 65 65 64 64 64 64 64 64 64 64 64 64 64 64 64 64 64 64 64 64 64 64 64 64 64 64 64 64 64 64 64 64 63 63 63 63 63 63 63 63 63 63 63 63 63 63 63 63 63 63 63 63 63 63 63 63 63 63 63 63 63 63 63 63 63 64 64 63 63 63 63 63 63 63 63 62 62 63 63 63 62 62 62 62 63 63 62 62 62 62 62 62 62 62 62 62 62 61 61 61 61 61 60 60 60 61 61 61 61 61 61 60 60 60 60 61 62 62 62 61 62 62 61 62 61 61 61 61 62 62 62 62 62 62 62 62 62 62 61 61 61 60 61 61 61 60 60 59 59 59 59 59 59 59 59 59 59 59 59 59 59 59 59 60 59 60 61 61 61 62 62 62 62 62 61 61 61 62 61 62 62 62 62 62 62 63 63 63 62 62 62 62 62 61 61 61 61 62 62 62 62 62 62 62 61 61 61 62 71 71 71 70 69 68 67 67 67 68 68 67 66 66 67 67 68 68 67 66 65 65 65 65 65 65 65 66 66 66 66 66 66 66 66 66 66 66 66 65 65 65 65 65 65 65 65 65 65 65 65 65 65 65 65 65 64 64 64 64 64 65 65 65 65 65 65 65 65 65 65 65 65 65 65 65 65 65 65 64 64 64 65 65 65 64 64 64 64 64 64 64 64 64 64 64 64 64 64 64 64 64 64 64 64 64 64 64 63 63 63 63 63 64 64 64 64 64 64 64 64 63 63 63 63 63 63 63 63 63 63 63 63 63 63 63 63 63 63 63 64 64 64 64 64 63 64 63 63 63 63 63 63 63 63 63 63 63 63 63 63 62 62 62 62 62 62 62 62 62 62 62 61 61 61 61 61 61 61 61 61 61 61 61 61 61 61 60 60 62 62 62 61 61 62 61 61 61 61 61 61 62 62 62 62 63 63 62 62 62 62 62 61 61 61 60 61 61 60 60 60 59 59 59 59 59 59 59 59 59 59 59 59 59 59 59 59 59 59 60 61 61 61 62 62 62 62 63 62 62 62 61 62 62 62 62 62 62 63 63 63 63 62 62 62 62 62 61 61 61 61 61 61 62 62 62 61 61 61 61 61 62 71 70 71 71 70 68 68 69 69 70 69 68 68 67 66 66 67 68 69 68 67 66 66 65 65 65 65 66 66 66 66 66 66 66 66 66 66 66 66 66 65 65 65 65 65 65 65 65 65 65 65 65 65 65 65 65 65 65 65 65 64 65 65 65 65 65 65 65 65 65 65 65 65 65 65 65 65 65 65 65 65 65 65 65 65 65 65 64 64 64 64 64 64 64 64 64 64 64 64 64 64 64 64 64 64 64 65 65 64 64 63 63 63 64 64 64 64 64 64 64 64 64 64 64 64 64 64 63 63 63 63 63 63 63 63 63 63 63 63 63 64 64 64 64 64 63 63 64 64 64 63 63 63 63 63 63 63 63 63 63 63 63 62 62 63 62 63 62 62 62 62 62 62 62 61 61 61 61 61 61 61 61 61 61 61 61 61 61 61 61 62 62 62 61 61 61 61 61 61 62 61 62 62 62 62 63 63 63 62 61 61 61 61 61 60 61 60 60 60 60 60 60 60 60 60 60 60 60 60 59 60 60 59 59 60 60 60 60 60 59 60 60 60 61 61 62 62 62 62 63 62 63 62 62 62 63 62 63 63 63 63 63 63 62 62 62 63 63 62 62 62 61 61 61 62 62 61 61 61 61 61 62 62 71 71 70 69 69 70 71 71 71 71 70 69 68 67 67 66 66 66 67 67 67 66 66 66 66 66 66 66 66 66 66 66 66 66 66 66 66 66 66 66 65 65 65 65 65 65 65 65 65 65 65 65 65 65 65 65 65 65 65 65 65 65 65 65 65 65 65 65 65 65 65 65 65 65 65 65 65 65 65 65 65 65 65 65 65 65 65 65 65 64 64 65 65 65 64 64 64 64 65 65 65 65 65 64 64 64 64 64 65 64 64 63 64 64 64 64 64 64 64 64 64 64 64 64 64 64 64 64 64 64 64 64 64 64 63 63 63 63 63 63 64 64 64 64 64 63 64 64 64 64 64 64 63 63 64 64 63 63 63 63 64 63 63 63 63 63 63 63 62 62 62 63 63 62 62 62 62 61 61 61 61 61 61 61 61 61 61 61 61 61 62 62 62 62 62 62 62 62 62 62 62 62 62 62 62 62 63 62 62 62 61 61 61 61 61 61 60 60 60 60 60 60 60 60 60 60 60 60 60 60 60 60 60 60 60 60 60 60 61 61 61 60 60 60 61 61 61 62 62 62 63 63 62 62 62 62 63 63 64 64 64 64 63 63 63 63 63 63 63 63 62 61 61 61 61 62 61 61 62 62 62 62 63 62 62 61 72 71 71 70 70 71 71 70 70 70 70 69 69 68 68 68 67 67 66 66 66 66 66 66 66 66 66 67 67 67 67 67 67 67 67 67 67 67 67 66 66 66 66 66 66 66 66 66 66 65 65 65 66 66 66 66 65 65 65 65 65 66 65 65 65 65 66 65 65 65 65 65 65 66 66 66 66 66 65 65 65 65 65 65 65 65 65 65 65 65 65 65 65 65 65 64 64 65 65 65 65 65 65 65 65 64 64 65 65 64 64 64 64 64 64 64 64 64 64 64 64 64 64 64 64 64 64 64 64 64 64 64 64 64 64 64 64 64 64 64 64 64 64 64 64 64 64 64 64 64 64 64 64 63 63 64 64 64 64 64 64 64 63 63 63 63 63 63 63 62 62 63 63 63 62 62 62 61 62 62 61 61 61 62 62 62 62 61 61 61 62 62 62 62 62 62 62 62 62 62 62 62 62 62 62 63 62 62 62 61 61 61 61 61 61 61 61 61 60 60 60 60 60 60 60 60 60 60 60 60 60 60 60 61 61 61 61 61 61 61 61 61 61 61 62 61 62 63 63 63 63 63 63 62 63 63 63 63 64 63 63 64 64 63 64 64 63 64 63 63 62 62 61 61 61 61 61 61 62 62 62 62 62 62 62 61 61 72 71 70 71 71 72 71 71 70 69 69 68 68 68 68 67 67 67 67 66 66 66 66 67 67 67 67 67 67 67 67 67 67 67 67 67 67 67 67 66 66 66 66 66 66 66 66 66 66 66 66 66 66 66 66 66 65 65 66 66 66 66 66 66 66 66 66 66 66 66 66 66 66 66 66 66 66 66 66 66 66 65 65 65 65 65 65 65 65 65 66 66 65 65 65 65 65 65 65 65 65 65 65 65 65 65 65 65 64 64 64 64 65 65 65 65 65 65 65 65 65 65 64 64 64 64 64 64 64 64 64 64 64 64 64 64 64 64 64 64 64 64 65 64 65 64 64 64 64 64 64 64 63 64 64 64 64 64 64 64 64 64 63 64 64 64 63 63 63 63 63 63 63 62 62 62 62 62 62 62 61 61 62 62 62 62 62 62 62 63 62 62 62 62 62 62 62 62 62 62 62 62 62 62 62 62 62 61 61 61 61 61 61 61 61 61 61 61 61 61 61 61 61 60 60 61 61 60 60 60 60 60 60 60 61 61 61 61 62 62 61 62 62 63 62 62 62 63 63 63 63 63 63 63 63 63 64 64 63 63 63 63 63 63 64 64 64 64 63 63 62 62 61 62 62 61 60 61 61 61 61 62 62 62 62 61 61 61 72 72 72 73 73 73 72 71 70 69 69 69 69 69 69 68 67 67 67 66 67 67 67 67 67 67 67 67 67 67 67 67 67 67 67 67 67 67 67 67 67 66 66 66 66 66 66 66 66 66 66 66 66 66 66 66 66 66 66 66 66 66 66 66 66 66 66 66 66 66 66 66 66 66 66 66 66 66 66 66 66 66 66 66 66 66 66 65 65 66 66 66 66 66 65 65 65 65 65 65 65 65 65 66 65 65 65 65 65 65 65 65 65 65 65 65 65 65 65 65 65 65 65 65 65 65 65 65 65 64 64 64 64 64 64 64 64 64 64 65 65 65 64 64 64 64 64 64 64 64 64 64 64 64 64 64 65 64 64 64 64 63 64 63 64 64 64 64 63 63 63 63 63 63 62 62 62 62 62 62 62 62 62 62 62 62 62 62 63 63 63 63 63 63 63 63 63 63 63 63 62 62 62 62 62 61 61 61 61 61 61 62 61 61 61 61 61 61 61 61 61 61 61 61 61 61 61 61 61 61 61 60 61 61 61 61 62 62 62 62 62 63 63 63 62 62 62 62 63 63 63 64 63 63 64 65 64 64 64 63 63 63 63 64 64 64 63 63 62 62 62 62 63 62 62 61 61 60 60 61 61 62 61 61 61 61 61 61 73 73 74 73 73 72 71 71 70 70 70 70 70 70 69 68 67 67 67 67 67 67 67 68 68 68 68 68 68 68 68 68 68 68 68 68 67 67 67 67 67 67 66 66 66 66 67 67 66 66 66 66 66 66 66 66 66 66 66 66 66 66 66 66 66 66 66 66 66 66 66 66 66 66 66 66 66 66 66 66 66 66 66 66 66 66 66 66 66 66 66 66 66 66 65 65 65 65 65 66 66 66 66 66 65 65 65 65 65 65 65 65 65 65 65 65 65 65 65 65 65 65 65 65 65 65 65 65 65 65 65 65 64 65 64 64 64 65 65 65 65 64 64 64 65 65 65 65 65 64 64 64 64 64 64 65 64 64 64 64 64 64 64 64 64 64 64 63 63 63 63 63 63 63 62 62 62 62 62 62 62 62 62 62 62 62 62 63 63 63 63 63 63 63 63 63 63 63 63 63 62 62 63 62 62 61 62 62 62 62 62 62 62 62 62 62 62 61 61 61 61 61 61 61 61 61 61 62 62 62 61 60 61 61 61 61 62 62 62 62 63 63 64 64 63 63 63 63 64 64 64 64 64 65 65 65 64 64 64 63 63 64 64 64 63 62 63 63 63 62 63 64 64 63 63 62 61 61 60 60 61 62 61 61 61 61 61 63 74 73 72 72 71 71 71 71 70 69 69 69 69 69 68 67 67 67 67 68 68 68 68 68 68 68 68 68 68 68 68 68 68 68 68 67 67 67 67 67 67 67 67 67 67 67 67 67 66 66 66 66 66 66 66 66 66 66 66 66 66 66 66 66 66 66 66 66 66 66 66 66 66 66 66 66 66 66 66 66 66 66 66 66 66 66 66 67 66 66 66 66 66 65 65 65 65 65 66 66 66 66 65 65 65 65 65 65 65 65 65 65 65 65 65 65 65 65 65 65 65 65 65 65 65 65 65 65 65 65 65 65 65 65 64 65 65 65 65 65 65 64 64 65 65 65 65 65 64 64 64 64 65 65 65 64 64 64 64 64 64 64 64 64 64 64 63 63 63 63 63 63 62 62 62 63 62 62 62 62 62 62 62 62 62 63 63 64 64 63 63 63 63 63 63 63 63 63 63 62 62 62 62 62 62 62 62 62 62 62 62 62 62 62 62 62 62 61 61 61 61 61 61 61 61 61 61 61 62 61 61 61 61 61 61 62 62 63 63 63 63 63 63 64 64 64 64 64 64 65 65 64 64 64 63 64 64 64 63 64 64 64 63 62 62 63 63 62 62 63 64 63 63 63 63 62 62 61 61 61 62 61 61 61 61 63 62 63 73 72 72 72 72 71 70 69 68 68 69 68 68 67 67 68 68 68 68 68 68 68 68 68 68 68 68 68 68 68 68 68 68 68 67 67 67 67 67 67 67 67 67 67 67 67 66 66 66 67 67 67 67 67 67 67 67 67 67 67 67 67 67 67 67 67 67 67 67 67 67 67 67 67 67 67 67 67 67 66 66 66 67 67 67 67 67 66 66 66 66 65 65 65 66 66 66 66 66 66 66 66 66 66 66 65 65 65 66 66 66 66 66 66 66 66 66 65 66 65 65 65 65 65 65 65 65 65 65 65 65 65 65 65 65 65 65 66 65 65 65 65 65 65 65 65 65 64 64 65 65 65 65 65 65 64 64 64 64 64 64 64 64 64 63 64 64 63 63 63 63 63 63 63 62 62 62 62 62 62 63 63 64 64 64 64 64 64 63 63 63 63 63 63 63 63 63 62 62 62 62 62 62 62 62 62 62 62 62 62 62 62 62 62 62 62 62 62 61 61 62 62 61 62 62 62 62 62 61 61 61 61 62 63 63 63 63 63 63 63 63 64 64 64 63 63 64 65 65 64 64 64 63 63 63 63 64 64 63 63 63 63 63 63 62 63 63 63 62 62 62 63 62 62 62 62 61 62 61 61 62 61 62 62 63 63 63 73 73 73 71 71 70 69 68 68 68 68 68 68 68 68 68 68 68 68 68 68 68 68 68 68 68 68 68 68 68 68 68 68 68 68 67 68 67 67 67 67 67 67 67 67 67 67 67 67 67 67 67 67 67 67 67 67 67 67 67 67 67 67 67 67 67 67 67 67 67 67 67 67 67 67 67 67 67 66 67 67 67 67 67 67 67 67 67 66 66 65 66 66 66 66 66 66 66 66 66 66 66 66 66 66 66 66 66 66 66 66 66 66 66 66 66 66 66 66 66 66 66 65 65 65 65 65 65 65 65 66 66 66 66 66 66 66 66 65 66 66 66 65 65 65 65 65 65 65 65 65 65 65 64 64 64 64 64 64 64 64 64 64 64 64 64 63 63 63 63 63 63 62 62 62 62 62 62 62 63 64 64 64 64 64 64 63 63 63 63 63 62 62 62 62 62 63 63 63 63 63 62 62 62 62 62 62 62 62 62 62 62 62 62 62 62 62 62 62 62 62 62 62 62 62 62 62 62 62 61 62 62 62 62 62 63 63 63 64 64 64 63 64 64 64 65 65 66 66 65 64 64 64 64 63 63 63 63 63 62 62 62 63 63 64 64 63 62 62 62 62 62 61 62 61 62 61 61 61 61 63 63 63 63 63 63 74 73 73 72 71 70 69 69 68 68 68 68 68 68 68 69 69 69 69 69 69 69 69 69 69 69 69 69 69 68 69 69 69 69 69 69 68 68 68 68 68 68 68 68 68 68 68 68 68 68 68 68 68 68 68 67 68 68 68 68 68 68 68 68 68 68 68 68 68 68 68 68 68 68 68 68 68 68 68 68 67 67 67 67 67 67 67 66 66 67 66 66 66 66 66 67 67 67 67 67 66 66 66 66 66 66 66 66 66 66 66 66 66 66 66 66 66 66 66 66 66 66 66 66 66 66 66 65 65 65 66 66 66 66 66 66 66 66 66 66 66 66 65 65 65 65 65 65 65 65 65 65 65 65 65 64 64 64 64 64 64 64 64 64 64 64 64 63 63 63 63 63 63 63 63 63 63 63 63 62 63 63 63 63 64 64 63 63 63 63 62 62 62 62 63 63 63 63 63 63 63 62 62 62 62 62 62 62 62 62 62 62 62 62 62 62 62 62 62 62 62 63 63 62 62 63 62 62 63 62 62 62 63 62 62 62 62 63 63 63 63 63 63 63 63 64 65 64 64 64 63 63 63 63 63 64 63 64 63 63 62 62 62 63 63 63 63 62 61 61 61 61 61 61 61 61 60 60 61 61 61 61 61 61 61 61 73 72 72 71 71 70 69 69 69 68 68 68 68 69 69 69 69 69 69 69 69 69 69 69 69 69 69 69 69 69 69 69 69 69 69 68 68 68 68 68 68 68 68 68 68 68 69 68 68 69 69 69 68 68 68 68 68 68 68 68 68 68 68 68 68 68 68 68 68 68 68 68 68 68 68 68 68 68 68 67 67 68 67 67 67 67 67 67 67 67 66 66 66 66 67 67 67 67 67 67 67 66 66 66 66 66 66 66 66 66 66 66 66 66 66 66 66 66 66 66 66 66 66 66 66 66 66 65 66 66 66 66 66 66 66 67 66 66 66 66 66 66 66 65 65 65 65 65 66 66 65 65 65 65 65 65 65 65 65 65 65 65 65 64 65 64 64 64 63 63 63 63 63 64 64 64 63 63 63 63 63 63 63 64 64 64 63 63 63 63 63 63 63 63 63 63 63 63 63 63 63 63 63 63 63 63 62 62 62 62 62 62 62 62 62 62 62 62 62 62 62 63 63 63 63 63 63 63 63 63 63 63 63 64 63 63 63 63 63 63 63 63 64 64 65 64 64 64 64 63 64 65 64 64 64 64 64 64 64 63 63 63 63 62 63 62 62 62 62 62 62 62 62 62 62 61 60 61 61 61 61 61 61 61 61 61 73 72 72 71 71 70 69 69 69 68 68 69 69 69 69 69 69 69 69 69 69 69 69 69 69 69 69 69 69 69 69 69 69 69 69 68 68 68 68 68 68 68 68 68 68 69 69 69 69 69 69 69 69 69 68 68 69 69 69 68 68 68 68 69 69 69 68 68 68 69 69 69 69 68 68 68 68 68 67 68 68 68 68 68 68 68 67 67 67 67 66 66 66 67 67 67 67 67 67 67 67 67 67 66 67 67 67 67 67 67 67 67 67 67 67 67 66 66 66 66 66 66 66 66 66 66 66 66 66 66 66 66 66 66 66 67 66 66 67 66 66 66 66 66 66 66 66 66 66 65 65 65 65 65 65 65 65 65 65 65 65 65 65 64 64 64 64 63 63 63 64 64 64 64 64 63 63 63 63 63 63 64 64 64 64 63 63 63 63 63 63 63 63 63 63 63 63 63 63 63 63 63 63 63 63 63 63 63 62 62 63 63 62 62 63 62 63 63 63 63 63 63 64 64 64 64 64 63 64 64 64 63 64 63 63 63 63 63 63 63 63 64 64 65 65 65 64 64 64 64 65 65 64 64 65 65 65 64 64 63 63 63 63 63 63 63 63 63 63 63 62 62 62 62 61 61 61 62 61 61 61 61 61 61 61 73 72 72 71 71 70 69 69 69 69 69 69 69 69 69 69 70 70 70 70 70 69 69 69 69 69 69 69 69 69 69 69 69 69 69 69 69 69 68 68 68 68 68 68 68 68 68 68 68 68 69 69 69 69 69 69 69 69 69 69 68 68 69 69 69 69 69 69 69 69 69 69 69 69 69 69 69 68 67 67 67 68 68 68 68 68 68 68 68 67 67 67 67 67 67 67 68 68 67 67 67 67 67 67 67 67 67 67 67 67 67 67 67 67 67 67 67 67 67 67 66 66 66 66 66 66 66 66 67 67 67 66 66 67 66 67 67 67 67 67 66 66 66 66 66 66 66 66 66 66 66 65 66 65 65 65 65 65 65 65 65 65 65 65 64 64 64 64 63 64 64 64 64 64 64 64 64 63 64 64 63 64 64 64 64 64 63 63 64 64 64 64 64 64 64 63 63 63 63 63 63 63 63 63 63 63 63 63 63 63 63 63 63 62 62 63 63 63 63 63 63 64 64 64 64 64 64 64 65 65 64 64 64 64 64 64 64 64 64 63 64 64 65 65 65 66 65 65 65 65 65 65 64 64 65 64 64 64 64 63 63 63 63 63 63 64 64 64 64 63 62 62 62 62 61 61 61 62 61 61 61 62 61 62 71 71 71 70 69 69 69 69 69 69 69 70 70 70 70 70 70 70 70 70 70 70 70 70 70 70 69 69 69 69 69 69 69 69 69 69 69 69 69 69 69 69 69 69 69 69 69 69 69 70 70 70 70 69 69 70 70 70 69 69 69 69 69 69 69 70 69 69 69 69 69 69 69 69 69 69 68 68 68 68 68 68 68 68 68 68 68 68 68 68 68 67 67 67 67 68 68 68 67 67 67 67 67 67 67 67 67 67 67 67 67 67 67 67 67 67 67 67 67 67 66 66 67 67 67 66 67 67 67 67 67 67 67 67 67 67 67 67 67 66 66 66 66 67 66 66 66 66 66 66 66 66 66 66 66 66 66 65 65 66 65 65 65 65 64 64 64 64 64 65 65 65 64 64 64 64 64 64 64 64 64 64 64 64 64 64 64 64 64 64 64 64 64 64 64 64 64 64 63 63 63 63 63 63 63 63 63 63 63 63 63 63 63 63 63 63 63 63 64 64 64 64 64 64 64 64 65 65 66 65 65 65 65 64 64 64 64 65 65 65 66 65 65 65 66 66 66 66 65 65 65 65 65 65 65 64 64 64 64 64 64 63 64 64 64 64 64 64 63 62 62 62 62 62 61 61 62 62 62 62 62 71 71 70 70 70 69 69 69 69 69 70 70 70 70 70 70 70 70 70 70 70 70 70 70 70 70 70 70 70 69 69 69 69 69 69 69 69 69 69 69 69 69 69 69 69 69 69 69 69 69 69 70 70 70 69 69 70 70 70 69 70 69 69 69 69 69 70 70 69 69 69 69 70 69 69 69 69 68 68 68 68 68 68 68 68 69 69 69 69 68 68 68 67 67 68 68 67 67 68 68 67 67 67 67 68 68 68 68 68 68 68 68 67 67 67 67 67 67 67 67 67 67 67 67 67 67 67 67 68 68 68 68 67 67 67 67 68 68 67 67 67 67 67 66 67 67 67 66 66 66 66 66 66 66 66 66 66 66 66 65 66 66 66 66 65 65 64 64 64 65 65 65 65 65 65 64 64 65 64 64 64 64 64 64 64 64 64 64 64 64 64 64 64 64 64 64 64 64 64 64 64 63 63 63 63 63 63 63 64 63 63 63 64 63 63 63 63 63 64 64 65 65 64 65 65 65 65 66 65 66 66 66 66 65 65 65 65 65 66 66 66 66 66 65 66 65 66 66 66 66 66 65 65 66 65 65 64 64 64 65 64 64 64 64 64 65 64 64 63 63 62 62 62 62 62 62 62 61 62 62 62 62 71 70 70 70 71 70 70 70 70 70 70 70 70 70 70 70 70 70 70 70 70 70 70 70 70 70 70 70 70 70 70 70 70 70 70 69 69 69 69 69 69 70 69 69 69 69 69 69 69 70 70 70 70 69 70 70 70 70 69 69 69 69 69 69 70 70 70 70 70 70 70 70 69 69 69 69 68 68 68 68 69 69 69 69 68 68 68 68 68 68 68 68 68 68 68 67 68 68 68 68 68 68 68 68 68 68 68 68 68 68 68 68 68 68 68 67 67 67 67 67 67 67 67 67 67 68 68 68 68 68 68 68 68 68 68 68 67 67 67 67 67 67 67 67 67 67 66 66 66 66 67 66 66 66 66 66 66 66 66 66 66 66 66 65 65 64 65 65 65 65 65 65 65 65 65 65 65 65 65 64 64 64 64 65 65 65 64 64 64 64 64 64 64 64 64 64 64 64 64 64 64 64 64 64 64 64 64 64 64 63 64 64 63 63 64 64 64 65 65 65 64 64 65 65 65 66 67 67 66 66 66 66 66 66 66 67 66 66 66 66 66 65 66 66 65 65 65 65 66 66 66 66 65 65 64 65 65 65 65 64 64 65 65 64 64 63 63 63 63 62 62 63 63 63 62 61 62 62 62 62 71 71 71 70 70 70 70 70 70 70 71 71 71 71 70 71 71 71 70 70 70 70 70 70 70 70 70 70 70 70 70 70 70 70 70 70 70 70 70 70 70 70 70 70 70 70 70 69 69 70 70 70 69 69 70 70 70 70 70 70 70 70 70 69 69 70 70 70 70 70 70 70 70 69 69 69 69 69 69 69 69 69 69 69 69 68 68 69 69 69 69 68 69 69 68 68 68 68 68 68 68 68 68 68 68 68 68 68 68 68 68 68 68 68 68 68 68 68 68 68 67 67 67 67 67 68 68 68 68 68 68 68 68 68 68 68 68 68 67 67 67 67 67 67 67 67 67 66 66 66 67 67 67 67 67 66 66 66 66 66 66 66 65 65 65 65 65 65 65 65 65 65 65 65 65 65 65 65 65 65 65 65 65 65 65 65 65 65 65 65 64 64 64 64 64 64 64 64 64 64 64 64 64 64 64 64 64 64 64 64 64 64 64 64 64 64 65 65 65 65 64 64 64 64 64 66 66 67 66 66 66 66 66 67 66 66 66 66 66 66 66 65 66 66 65 65 65 66 66 66 66 65 65 65 65 65 65 65 65 65 65 65 65 64 64 64 63 63 63 63 63 63 63 63 63 62 62 62 62 63 70 70 70 70 70 71 71 71 71 71 71 71 71 71 71 71 71 71 71 71 71 71 71 71 71 71 71 71 70 70 70 70 70 70 70 70 70 70 70 70 70 70 70 70 70 70 70 70 70 69 69 69 70 70 71 71 71 70 70 70 70 70 70 70 70 70 70 70 70 70 70 70 70 69 69 69 69 69 69 69 69 69 69 69 69 69 69 69 69 69 69 69 69 68 68 68 68 68 68 68 68 68 68 68 68 68 68 68 68 68 68 68 68 68 68 68 68 68 68 68 68 68 68 68 68 68 68 68 68 68 68 68 68 68 68 68 68 68 67 67 67 67 67 67 67 67 67 67 67 67 67 67 67 66 66 66 66 66 65 65 65 65 65 65 65 65 65 65 65 66 65 65 65 66 65 65 65 65 65 65 65 65 65 65 65 65 65 65 65 65 65 64 65 65 64 64 64 64 64 64 64 64 64 64 64 64 65 64 64 64 65 64 64 64 65 65 65 65 64 65 65 65 65 65 66 67 67 66 66 66 66 67 67 66 66 66 66 65 66 66 66 66 65 65 66 66 66 66 67 66 66 65 65 66 66 66 66 66 66 66 66 65 64 64 63 63 63 63 63 63 64 63 63 63 62 62 62 71 71 71 71 71 71 71 71 71 71 71 71 71 71 71 71 71 71 71 71 71 71 71 71 71 71 71 71 71 71 71 71 70 70 70 70 70 70 70 70 71 70 70 70 70 70 70 70 70 70 70 70 70 71 71 71 71 71 70 70 70 70 70 70 70 70 70 70 70 70 70 70 70 69 69 69 69 69 69 69 69 69 69 69 69 69 69 69 70 69 69 69 68 69 69 68 68 68 69 69 68 68 68 68 68 69 69 69 69 68 68 68 68 68 68 68 68 68 68 68 68 68 68 68 68 68 68 68 68 68 68 68 68 68 68 68 68 68 68 68 68 68 67 67 67 67 67 67 67 67 67 67 67 66 67 66 66 67 67 66 66 66 66 65 66 66 66 66 66 66 66 66 66 66 66 65 65 65 65 65 65 65 65 65 65 65 65 65 65 65 65 65 65 65 65 65 64 64 64 65 65 65 65 64 64 65 65 65 64 65 64 64 65 65 65 64 65 64 65 65 66 66 66 66 67 67 67 67 66 66 66 67 67 66 66 67 66 66 66 66 66 65 65 66 65 65 66 66 66 66 67 66 66 66 67 66 66 66 67 66 66 65 65 64 64 64 64 63 63 63 63 63 63 63 62 62 62 71 71 71 71 71 71 71 71 71 72 71 71 72 71 71 71 71 71 71 71 71 71 71 71 71 71 71 71 71 71 71 71 71 71 71 71 71 71 71 71 71 71 71 71 71 71 71 71 70 70 70 70 71 71 71 71 71 71 71 71 71 70 70 70 70 70 70 70 70 70 70 71 71 69 69 69 69 69 69 69 69 69 69 69 69 69 70 70 70 70 70 69 69 68 69 68 69 69 69 69 69 69 69 69 69 69 69 69 69 69 69 69 69 69 69 69 68 68 68 68 68 68 68 69 69 69 69 68 68 68 68 68 68 68 68 68 68 68 68 68 68 68 68 67 67 67 67 67 67 67 67 67 67 67 67 67 67 67 67 66 66 66 66 66 66 66 66 66 66 66 66 66 66 66 66 66 66 66 66 66 66 66 66 66 66 66 65 65 65 65 65 65 65 65 65 65 65 64 65 65 65 65 65 65 65 65 65 65 65 65 65 65 65 65 65 65 64 64 65 65 66 65 65 66 67 67 66 67 67 66 66 66 66 66 67 67 67 66 66 66 66 66 66 67 66 66 66 66 66 66 67 67 66 66 67 67 66 66 66 66 66 65 65 65 65 64 64 63 63 63 63 63 63 63 63 62 72 71 71 71 71 71 71 71 71 71 71 72 72 72 72 72 72 72 72 71 72 72 72 72 72 72 72 72 72 72 71 71 71 71 71 71 71 71 71 71 71 71 71 71 71 71 71 71 71 71 71 71 71 70 70 70 71 71 71 71 71 71 71 71 71 71 71 71 71 70 70 70 71 71 71 70 70 70 70 70 70 69 69 69 69 69 69 70 70 70 70 70 69 69 69 69 69 69 69 69 69 69 69 69 69 69 69 69 69 69 69 69 69 69 69 69 69 69 69 69 69 69 69 69 68 69 69 69 69 69 69 69 69 69 68 68 68 68 68 68 68 68 68 68 68 68 68 68 68 68 68 68 68 67 67 67 67 67 67 67 67 67 66 66 66 66 66 66 66 66 66 66 66 66 66 66 66 66 66 66 66 66 66 66 66 66 66 66 66 66 66 65 65 65 65 65 65 65 65 65 65 65 65 65 65 65 65 65 65 65 65 65 65 65 65 65 65 65 65 65 65 65 65 65 65 66 67 66 65 66 66 66 66 66 66 66 66 66 66 66 67 67 67 66 66 66 67 67 66 66 66 67 67 67 66 66 66 66 66 66 66 66 66 65 66 65 65 64 63 63 63 63 64 63 64 63 63 63 72 72 72 72 72 71 71 71 71 72 72 72 72 72 72 72 72 72 72 72 72 72 72 72 72 72 72 72 72 72 72 72 72 72 71 71 71 71 71 71 71 71 72 71 71 71 71 71 71 71 71 71 71 71 71 71 71 71 72 71 72 71 71 71 71 71 71 71 70 70 70 70 71 71 70 70 70 70 70 70 70 70 69 69 69 69 70 70 70 70 70 70 70 70 70 70 70 69 69 69 69 69 69 69 69 69 69 69 69 69 69 69 69 69 69 69 69 69 69 69 69 69 69 69 69 69 69 69 69 69 69 69 69 69 69 68 69 69 68 68 68 68 68 68 68 68 68 68 68 68 68 68 68 67 67 67 67 67 67 68 67 67 67 66 66 66 66 66 67 67 67 66 66 66 66 66 66 66 66 66 66 66 66 66 66 66 66 66 66 66 66 66 66 66 66 66 66 65 65 65 65 65 65 65 65 65 65 65 66 65 65 65 65 65 65 65 65 65 65 65 65 65 65 65 66 66 66 66 65 65 66 66 66 66 67 67 67 67 67 67 67 67 67 66 66 67 67 67 66 66 67 67 67 67 66 66 66 66 66 66 65 65 65 65 65 66 65 64 63 63 64 65 64 64 73 73 73 72 72 72 72 71 72 72 72 72 72 72 72 72 72 72 72 72 72 72 72 72 72 72 72 72 72 72 72 72 72 72 72 72 72 72 72 72 72 72 72 72 72 71 72 71 71 71 71 71 71 71 71 71 71 71 71 72 72 71 71 71 71 71 71 71 71 70 70 71 71 70 70 70 70 70 70 70 70 70 70 70 70 70 70 70 70 70 71 71 71 71 70 69 69 69 70 70 69 69 69 69 70 70 70 70 70 69 70 70 70 70 70 70 69 69 69 69 69 69 69 69 69 69 69 69 69 69 69 69 69 69 69 69 69 69 69 68 68 69 68 68 68 68 68 68 68 68 68 68 68 68 68 68 68 68 68 68 67 67 67 66 66 66 67 67 67 67 66 66 66 67 67 67 67 67 67 67 67 67 66 67 67 67 66 66 66 66 66 66 66 66 66 66 66 66 66 65 65 66 65 66 65 65 66 66 65 65 65 65 65 65 65 65 65 65 65 65 65 65 65 66 66 65 65 65 66 66 67 67 66 67 67 68 68 67 67 67 67 67 67 67 66 67 67 67 67 67 68 67 67 67 67 67 66 66 66 66 66 65 65 65 65 65 64 64 64 64 65 73 72 73 72 72 72 72 72 72 72 72 72 72 72 73 73 72 72 72 72 72 73 72 72 72 72 72 72 72 72 72 72 72 72 72 72 72 72 72 72 72 72 72 72 72 72 72 72 72 72 72 72 72 72 71 71 71 71 72 72 72 71 72 72 71 71 71 71 71 71 71 70 70 70 70 70 70 70 70 70 70 70 70 70 70 70 70 71 71 71 71 71 71 71 70 70 70 70 70 70 70 70 70 70 70 70 70 70 70 70 70 70 70 70 70 70 70 69 69 69 69 70 70 70 69 69 69 69 69 69 69 69 69 69 69 69 69 69 69 69 69 69 69 69 69 68 68 68 68 68 68 68 68 68 68 68 68 68 68 67 67 67 67 67 67 68 67 67 67 66 66 67 67 67 67 67 67 67 67 67 67 67 67 67 67 67 67 67 67 67 67 66 66 66 66 66 66 66 66 66 66 66 66 66 66 66 65 65 65 65 65 65 65 65 65 65 65 65 65 65 65 66 66 65 66 66 66 67 68 68 67 67 68 68 68 67 68 67 67 67 67 67 66 67 67 67 68 68 68 68 68 68 68 67 67 67 67 66 67 66 66 65 65 65 64 65 65 65 74 74 73 73 72 73 72 72 72 72 73 73 73 73 73 73 73 73 73 73 73 73 73 73 73 73 73 73 72 72 72 72 72 72 72 72 72 72 72 72 72 72 72 72 72 72 72 72 72 72 72 72 72 72 72 72 72 72 72 72 72 72 72 72 71 72 72 71 72 71 71 71 71 70 71 70 70 70 70 70 70 70 71 71 71 71 71 71 71 72 71 71 71 71 70 71 71 71 70 70 70 70 70 70 70 70 70 70 70 70 70 70 70 70 70 70 70 70 70 70 70 70 70 70 70 70 70 70 70 70 70 70 69 69 69 69 69 69 69 69 69 69 69 69 69 69 69 68 68 68 69 68 69 68 68 68 69 69 69 68 68 68 67 67 68 68 67 67 67 67 67 67 68 67 67 67 67 67 67 67 67 67 67 67 67 67 67 68 68 67 67 66 66 66 66 66 66 66 66 66 66 66 66 66 66 66 65 65 65 66 66 65 66 66 65 66 66 66 65 65 65 66 66 66 67 67 66 67 67 68 68 68 68 68 68 68 68 68 68 68 68 67 67 67 68 68 68 68 67 67 67 67 67 66 66 66 66 66 66 66 65 65 65 66 66 74 74 74 74 74 73 73 72 73 73 73 73 73 73 73 73 73 73 73 73 73 73 73 73 73 73 73 73 73 73 73 73 73 73 73 73 73 73 73 72 72 72 72 72 72 72 72 72 72 72 72 72 72 73 72 72 72 72 72 72 72 72 72 72 72 72 72 72 72 72 72 71 71 71 71 71 71 71 71 71 71 71 71 71 71 72 72 72 72 72 71 71 71 70 71 71 71 70 71 71 70 70 70 70 70 70 70 70 70 70 70 70 70 70 70 70 70 70 70 70 70 71 70 70 70 70 70 70 70 70 70 70 70 70 70 70 70 70 70 69 69 69 69 69 69 69 69 69 68 68 68 68 69 69 69 69 69 69 69 69 68 68 68 68 68 68 68 67 68 68 67 68 68 68 67 67 67 68 68 67 67 67 67 67 67 67 68 68 67 67 67 66 66 66 66 66 66 66 66 67 67 67 67 67 66 66 66 66 66 66 67 66 66 66 66 66 66 66 66 66 65 66 66 67 67 67 67 67 67 67 68 69 68 68 68 68 68 68 68 68 69 68 67 68 67 68 68 67 67 67 67 66 66 66 65 65 66 65 65 65 66 66 74 74 73 73 73 73 73 73 73 73 73 73 73 73 73 73 73 74 73 73 73 73 73 73 73 73 73 73 73 73 73 73 73 73 73 73 73 73 73 73 73 73 73 73 73 73 73 73 73 73 72 73 73 73 73 73 73 73 73 72 72 72 72 72 72 72 72 72 72 72 72 71 71 71 71 71 71 71 71 71 71 71 71 72 72 72 72 72 72 72 71 71 71 71 72 72 71 71 71 71 71 71 70 70 70 70 70 70 70 71 71 71 70 71 70 70 70 70 70 70 70 71 71 70 70 70 70 70 70 70 70 70 70 70 70 70 70 70 70 70 70 69 70 69 69 69 69 69 69 69 68 69 69 69 69 69 69 69 69 69 69 68 68 68 68 68 68 68 68 68 68 68 68 68 68 68 68 68 68 68 67 67 67 67 67 68 68 68 67 67 67 67 67 67 67 67 67 67 67 67 67 67 66 66 66 66 67 67 67 67 67 67 66 67 66 66 67 66 66 66 66 66 66 67 67 67 67 67 68 68 68 68 69 69 68 68 68 68 69 69 69 68 67 67 67 68 67 67 67 67 67 66 66 66 66 66 66 66 66 66 66 74 74 73 73 73 74 74 74 73 73 73 73 73 73 73 74 74 74 74 74 74 74 74 74 74 74 73 73 73 74 73 73 74 73 73 73 73 73 73 73 73 73 73 73 73 73 73 73 73 73 73 73 73 73 73 73 73 73 73 73 73 73 73 73 73 73 73 73 73 73 73 72 72 72 72 72 71 71 71 71 71 71 71 71 71 71 71 73 73 72 72 72 72 71 72 72 71 71 72 71 71 70 70 70 70 70 70 70 70 71 71 71 71 71 71 71 71 71 71 70 70 71 71 71 71 71 71 71 71 71 71 71 71 71 70 70 70 70 70 70 70 70 70 70 70 70 70 70 69 69 69 69 69 69 69 70 70 69 69 69 69 69 69 68 68 68 68 68 68 68 68 68 68 68 68 68 68 68 68 68 68 68 68 68 68 68 68 68 67 67 67 67 67 67 67 67 67 67 67 67 66 66 66 66 66 67 67 67 68 67 68 68 67 67 67 67 67 67 67 67 67 67 66 67 67 67 67 67 68 68 69 69 69 69 69 68 68 68 68 69 68 67 67 67 67 67 67 66 67 67 67 66 66 67 66 66 66 66 66 74 74 74 74 74 74 74 74 74 74 74 74 74 73 74 74 74 74 74 74 74 74 74 74 74 74 74 74 74 74 74 74 74 74 74 74 74 74 73 73 74 73 73 73 73 73 73 73 73 73 73 73 73 73 73 73 73 73 73 73 73 73 73 73 73 73 73 73 73 73 73 72 72 72 72 72 72 72 72 72 71 71 71 72 72 72 72 73 73 73 72 72 71 72 73 72 71 72 72 71 71 71 71 70 71 71 71 70 70 71 71 71 71 71 71 71 71 71 71 71 70 71 71 71 71 71 71 71 71 71 71 71 71 71 71 71 71 70 70 70 70 70 70 70 70 70 70 70 70 70 69 69 69 69 69 70 70 70 69 69 69 69 69 69 69 68 68 68 68 68 68 68 68 68 68 68 69 68 68 68 68 68 68 68 68 68 68 68 68 67 67 67 67 68 68 68 68 67 67 67 66 67 67 67 67 68 68 69 69 68 68 68 68 68 68 68 68 67 67 67 67 68 68 67 67 68 68 68 69 69 69 68 68 68 68 68 67 67 67 67 67 67 67 67 67 67 66 66 66 67 67 75 75 75 75 74 75 75 74 74 75 75 75 74 74 74 74 74 74 74 74 75 74 74 74 74 74 74 74 74 74 74 74 74 74 74 74 74 74 74 74 74 74 74 74 74 74 73 73 73 74 74 74 74 74 74 73 74 73 73 73 73 73 73 73 73 73 73 73 73 73 73 72 72 72 72 72 72 72 72 72 72 72 72 72 72 73 73 74 74 73 72 72 72 72 73 72 72 72 73 72 72 71 71 71 71 71 71 71 71 71 71 71 71 71 71 71 71 71 71 71 71 71 71 71 71 71 71 71 71 71 71 71 71 71 71 71 71 71 71 70 70 70 70 70 70 70 70 70 70 70 70 69 69 69 69 69 70 70 70 70 69 69 69 69 69 69 68 68 68 68 68 68 69 69 69 69 69 69 69 68 68 68 68 68 68 68 69 68 68 68 67 67 67 68 68 68 68 67 67 67 67 67 67 67 67 68 68 68 68 69 69 68 68 67 67 67 67 67 67 67 68 68 67 68 68 68 68 69 68 68 68 68 68 68 68 68 67 67 67 76 76 76 75 76 75 75 74 74 74 74 75 75 75 75 75 74 74 74 74 74 74 74 74 75 75 75 75 74 74 74 74 74 74 74 74 74 74 74 74 74 74 74 74 74 74 74 74 74 74 74 74 74 74 74 74 74 74 74 74 74 74 74 73 73 73 73 73 72 72 72 72 72 72 72 72 72 73 73 74 75 74 73 74 74 73 73 73 72 73 73 73 73 72 72 72 72 71 71 71 71 71 71 71 71 71 71 71 71 71 71 71 71 71 71 71 71 71 71 71 71 71 71 71 71 71 71 71 71 71 71 70 70 70 70 70 70 71 70 71 71 70 70 70 69 69 69 70 70 70 70 70 70 70 70 70 70 69 69 69 68 68 68 69 69 69 69 69 69 69 69 69 69 69 68 69 69 69 69 68 68 68 68 68 68 68 67 67 67 67 68 68 68 68 69 69 69 69 68 68 68 68 68 68 68 67 68 68 68 68 68 69 68 68 68 68 75 75 75 75 75 75 75 75 75 75 75 75 75 74 74 74 75 75 75 75 75 75 75 75 75 74 74 74 74 74 74 74 74 74 74 74 74 74 74 74 74 74 74 74 74 74 74 74 74 74 74 74 74 74 74 74 74 73 73 73 73 73 73 73 72 72 72 72 73 73 73 73 74 74 75 75 75 75 75 74 74 73 73 74 74 74 74 73 72 72 72 72 71 71 71 71 71 72 72 72 72 71 71 72 72 72 71 72 72 72 72 71 72 72 72 72 71 71 71 71 71 71 71 71 71 71 71 71 71 71 71 71 70 71 71 71 71 70 70 69 69 70 70 70 70 70 70 70 70 70 70 69 69 68 68 68 68 69 69 69 69 69 69 69 69 69 69 69 69 69 69 69 69 69 69 68 68 67 67 67 67 68 68 69 69 68 68 69 69 69 69 69 68 68 68 68 68 68 68 69 76 75 75 75 75 75 75 75 76 76 75 75 75 74 74 75 75 75 75 75 75 75 75 75 75 75 74 74 74 74 74 74 74 74 74 74 74 74 74 74 74 74 74 74 74 74 74 74 74 74 74 74 74 74 74 73 73 73 73 73 73 73 73 73 73 73 73 73 74 74 74 74 75 75 75 74 74 75 75 75 74 74 74 73 74 73 73 72 72 72 72 72 72 72 72 72 72 72 72 72 72 72 72 72 72 72 72 72 72 72 72 72 72 72 72 71 71 71 71 71 71 71 71 71 71 71 71 71 71 71 71 71 71 71 71 71 70 70 69 69 70 70 71 71 70 70 70 70 70 69 69 69 69 69 69 70 70 70 70 70 70 69 69 69 69 69 69 69 69 69 69 69 69 68 68 69 68 68 68 69 69 68 69 76 76 75 76 76 76 76 76 76 75 75 74 75 75 75 75 75 75 75 75 75 75 74 74 74 74 74 74 74 74 74 74 75 75 75 75 75 75 75 75 75 75 75 75 75 75 75 74 74 74 74 74 73 73 73 73 73 73 73 73 73 73 74 74 73 73 73 74 75 76 75 74 74 74 74 75 75 75 74 73 73 73 73 73 73 72 72 72 72 72 72 72 72 72 72 72 72 72 72 72 72 72 72 72 72 72 72 72 72 72 72 72 72 72 72 71 72 72 72 72 71 71 71 71 71 71 71 71 71 71 71 71 71 71 70 70 70 70 70 71 71 71 70 70 70 70 70 70 69 69 69 69 70 70 70 70 70 70 70 70 70 70 69 69 70 69 69 69 69 77 77 76 76 76 76 76 76 76 75 75 75 74 74 75 75 75 75 75 75 75 75 75 75 75 75 75 75 75 75 75 75 75 75 75 75 75 75 75 75 75 75 75 75 75 75 75 75 75 74 74 74 73 73 73 73 73 73 73 73 74 73 73 74 75 75 74 74 75 76 75 75 74 73 74 74 75 75 75 74 73 73 74 73 73 73 73 73 73 73 72 72 72 72 72 72 72 72 72 72 72 72 73 73 73 73 72 72 72 72 72 72 72 72 72 72 72 72 72 72 72 72 72 71 71 71 71 71 71 71 71 72 72 71 71 70 70 70 70 71 71 71 71 71 71 70 70 70 70 69 69 69 70 70 70 70 70 70 70 70 70 70 70 70 70 70 69 76 76 77 77 77 77 76 76 76 75 75 75 75 75 75 75 75 75 75 76 75 76 75 76 76 75 75 75 75 75 75 75 75 75 75 75 75 75 75 75 75 75 75 75 75 75 74 74 74 73 74 74 73 73 74 74 74 74 74 74 74 75 76 75 75 76 76 76 76 75 75 74 74 74 75 75 74 73 74 74 74 73 73 73 73 73 73 73 73 73 73 73 73 73 73 73 73 72 72 73 73 73 73 73 73 72 72 72 73 73 72 72 72 72 72 72 72 72 72 72 72 72 71 71 72 72 72 72 72 71 71 71 70 71 71 71 71 71 71 70 70 70 70 70 69 69 70 70 70 70 70 70 70 70 70 70 70 70 70 70 70 78 78 77 77 76 76 76 76 75 75 75 75 75 75 75 75 76 76 76 76 76 76 75 75 75 75 76 76 76 76 76 76 76 76 76 76 76 75 75 75 75 75 75 75 75 75 75 75 75 75 76 75 74 75 76 75 75 76 77 77 77 76 76 76 75 75 75 75 74 75 75 75 75 74 74 74 74 74 73 73 73 73 73 73 73 73 73 72 73 73 73 73 73 73 72 73 73 73 73 73 73 73 73 73 73 73 73 72 72 73 73 73 72 72 73 73 73 72 73 73 72 71 71 71 71 71 71 71 71 71 70 70 70 70 70 70 70 70 70 70 71 71 71 71 70 70 70 70 70 70 70 79 78 78 77 77 77 76 75 75 75 76 76 75 75 76 76 76 76 76 75 75 75 75 76 76 76 76 76 76 76 76 76 76 76 76 76 76 76 75 75 75 76 76 76 76 76 77 77 76 77 76 75 76 76 76 76 76 77 76 76 76 77 76 75 75 75 75 75 75 75 75 75 74 74 74 73 73 73 73 73 73 73 73 73 73 73 73 73 73 73 73 73 73 73 73 73 73 73 74 74 74 73 73 73 73 73 73 73 73 73 73 73 73 73 73 73 73 73 72 71 71 71 71 72 72 71 71 71 71 71 71 71 71 70 70 70 71 71 71 71 71 71 71 71 71 71 79 79 78 78 77 77 76 76 76 77 76 75 76 77 77 77 76 76 76 76 76 76 76 76 76 76 77 77 77 76 76 76 76 76 76 76 76 75 76 75 76 76 77 76 77 77 78 78 79 78 77 77 78 77 77 76 76 76 76 77 77 77 76 76 75 75 75 75 75 75 74 74 74 74 74 74 74 74 74 74 74 74 73 73 73 73 73 73 73 73 73 73 73 73 73 73 74 74 74 74 74 74 73 73 73 73 73 73 74 73 73 73 73 73 74 73 72 72 72 72 72 72 71 71 71 71 70 71 71 71 71 71 71 71 79 78 78 78 78 77 77 78 77 76 77 78 77 77 76 76 77 77 76 76 77 77 77 77 77 77 77 77 77 77 77 76 76 76 76 76 76 76 76 76 77 76 76 77 77 78 79 79 78 79 79 78 77 77 76 76 76 76 76 76 76 76 76 76 75 75 75 75 75 75 75 75 75 75 75 75 75 75 75 74 74 74 73 73 73 73 73 73 73 73 73 73 73 74 74 74 74 74 74 74 74 73 74 73 73 73 74 74 74 74 74 73 72 71 71 71 71 71 71 79 79 79 79 78 78 78 78 78 78 78 77 77 77 77 77 77 76 77 77 77 77 77 77 77 77 77 77 77 77 77 76 76 76 76 77 77 77 78 78 77 77 78 78 79 79 79 79 79 80 79 78 78 77 77 77 76 76 77 76 77 76 76 76 76 76 76 76 76 76 76 76 75 75 76 76 76 76 75 74 74 73 74 74 73 73 73 73 73 73 73 74 74 74 74 74 75 74 74 74 73 74 74 74 74 73 75 75 72 72 80 81 81 81 80 79 78 78 78 78 77 77 77 77 77 77 77 77 77 77 77 77 78 78 77 77 77 77 77 77 77 77 76 77 77 77 77 77 78 79 78 77 77 78 79 79 79 79 79 78 78 78 78 78 78 78 77 77 77 77 77 76 76 76 76 76 76 77 77 77 77 77 76 76 77 77 76 76 76 75 75 74 74 74 74 74 74 73 73 73 73 74 74 74 74 75 74 74 75 74 74 74 74 74 74 82 82 81 80 80 79 78 78 78 78 77 77 77 77 77 78 78 78 78 78 78 78 78 78 78 78 77 77 77 77 77 78 78 78 77 78 78 79 79 79 78 79 80 80 79 78 78 78 78 77 77 78 78 78 78 77 77 77 77 77 77 77 77 77 77 76 77 77 78 79 78 77 78 78 77 77 77 76 76 75 75 75 75 74 74 74 74 73 74 74 74 74 75 75 74 75 75 75 74 75 75 82 81 80 80 79 78 78 78 78 78 78 78 78 78 78 78 78 78 78 78 78 78 78 78 78 77 77 77 78 78 78 79 79 79 79 79 80 79 80 80 81 81 80 79 79 78 78 77 77 77 77 77 77 77 77 77 77 77 77 77 77 77 78 78 78 78 77 78 79 79 79 80 80 78 77 77 76 76 75 75 76 75 75 75 74 74 73 74 74 74 75 75 74 75 75 75 75 75 75 82 81 80 79 78 78 78 78 78 78 78 78 78 78 78 78 78 78 78 78 78 78 78 78 78 77 78 77 77 78 79 78 79 79 79 80 80 79 79 80 80 81 81 80 80 79 79 79 79 78 78 78 78 78 78 78 78 78 77 78 78 78 78 79 79 79 78 79 81 79 78 77 76 76 75 75 76 76 75 75 75 74 74 74 75 75 75 75 75 75 75 75 76 80 80 79 78 78 78 78 78 78 78 78 78 78 79 78 78 78 78 78 78 78 78 78 78 78 78 78 78 78 77 78 78 79 80 81 81 81 78 78 79 80 81 81 82 82 81 81 81 80 80 80 79 79 79 78 78 78 78 78 78 79 79 79 79 80 81 80 81 76 75 75 75 76 76 76 75 75 74 74 74 75 75 75 75 76 75 75 75 79 79 79 79 79 78 78 78 79 79 79 79 79 78 78 78 78 78 78 78 78 78 78 79 79 79 78 79 79 79 78 78 79 79 80 80 78 78 78 79 79 79 80 80 80 80 80 80 80 81 81 81 80 79 79 79 79 79 79 80 80 81 81 82 76 76 75 75 76 76 76 76 75 75 75 74 74 75 75 75 76 75 76 75 79 79 79 79 79 78 78 79 79 79 79 79 79 79 79 78 78 78 78 78 79 79 79 79 80 80 80 80 79 79 79 79 78 79 79 79 78 78 78 78 78 78 78 78 78 78 78 79 79 79 80 80 80 79 80 80 80 80 80 80 81 81 82 76 76 76 75 75 76 76 76 75 74 74 74 74 75 75 75 75 75 75 79 79 79 79 79 79 79 79 79 79 79 79 79 79 79 79 79 79 79 79 79 79 80 81 81 81 80 80 80 80 80 79 79 79 79 78 78 78 78 78 78 78 78 79 79 79 79 79 80 80 80 80 80 80 81 81 81 81 81 82 83 76 76 76 77 76 75 75 75 74 75 75 74 74 74 75 75 74 79 79 79 79 79 79 79 79 79 79 79 80 80 80 80 80 80 79 79 79 79 79 79 80 80 80 81 81 81 81 81 80 80 80 80 79 80 79 79 79 79 80 79 79 80 81 80 80 81 81 81 81 81 82 82 82 82 83 83 76 77 77 77 76 76 76 76 76 76 75 74 74 75 75 75 79 80 80 81 80 80 80 81 80 80 81 81 81 81 80 81 81 80 80 80 80 79 80 80 81 82 82 82 81 81 80 81 80 80 80 80 80 80 80 80 80 80 80 81 82 81 82 83 82 83 82 83 84 83 84 84 84 77 77 77 77 76 77 76 77 77 77 76 75 75 75 75 81 81 81 81 82 82 82 82 82 82 82 82 82 82 82 83 82 82 82 82 81 81 81 82 83 83 83 81 81 81 82 82 81 80 80 80 80 80 81 81 82 81 82 83 83 83 84 84 84 84 84 85 85 76 76 76 76 76 76 77 76 76 75 75 75 75 82 82 82 83 83 83 83 83 83 83 83 83 83 83 83 83 83 83 84 84 83 83 83 83 83 83 83 83 82 81 82 83 82 81 81 80 80 81 82 83 83 84 84 85 84 85 85 76 76 76 77 76 77 77 76 76 76 75 83 83 83 83 84 84 84 83 83 83 84 84 84 84 84 84 84 84 84 84 83 83 83 83 83 84 84 83 82 82 83 84 82 81 80 80 81 81 82 82 83 85 86 86 77 77 77 77 77 77 77 77 76 76 76 85 84 85 85 85 85 84 83 83 84 84 84 84 84 84 84 84 84 84 84 84 84 84 83 84 84 84 84 83 83 83 84 83 82 81 82 82 82 82 82 83 85 77 77 77 77 78 78 78 77 77 77 76 75 86 86 86 86 86 85 84 84 84 84 84 85 84 84 84 84 84 84 84 84 84 84 84 84 84 85 85 85 84 83 83 84 84 83 84 84 83 83 84 84 85 77 77 77 77 78 78 78 78 77 77 77 76 88 87 86 85 85 85 85 84 84 84 85 85 85 85 84 84 84 84 84 84 84 85 85 85 85 86 86 86 85 85 84 85 86 86 86 86 85 85 85 86 77 77 77 77 78 78 78 78 88 87 87 85 84 84 85 85 85 85 85 85 85 85 85 85 85 85 85 85 85 85 86 86 87 87 87 87 86 86 85 86 87 77 77 78 78 89 89 89 87 86 85 84 85 85 86 85 85 85 86 86 86 85 85 86 86 86 86 86 86 87 88 88 88 88 87 87 87 88 90 89 88 87 86 85 85 85 85 85 85 85 85 85 85 86 86 85 86 86 87 87 88 87 87 88 89 89 88 87 86 86 85 85 85 86 86 86 86 86 86 86 86 86 86 86 87 87 88 88 89 88 89 89 87 86 86 85 85 86 86 86 86 86 86 86 86 86 87 87 87 87 87 88 89 89 89 89 89 86 85 86 86 86 87 87 86 86 86 87 87 87 87 87 87 88 89 89 90 90 85 87 87 87 87 86 87 87 87 87 87 87 87 87 87 88 88 89 89 90 86 87 87 87 87 87 86 87 87 87 88 87 88 88 89 89 90 90 90 91 88 88 88 87 87 87 87 88 88 88 89 89 89 90 90 91 91 91 91 89 89 88 88 88 87 87 88 88 89 89 90 90 91 91 91 91 92 91 90 90 89 89 89 89 88 88 88 88 89 90 91 91 91 91 91 92 89 89 90 90 90 89 89 89 89 89 90 90 90 91 90 91 92 90 90 90 91 90 90 90 90 90 90 90 90 90 90 90 92 93 91 90 90 91 91 91 91 91 92 92 91 90 90 91 91 92 93 91 91 90 91 91 91 91 92 92 92 91 91 92 92 92 93 93 91 91 91 91 91 91 92 93 92 92 91 92 92 92 92 93 92 92 91 92 92 92 93 94 93 93 92 93 93 93 92 93 94 93 92 92 92 93 93 93 94 94 93 93 93 94 94 94 94 95 93 93 92 92 92 92 93 93 93 94 94 93 93 94 94 95 95 94 93 93 93 92 93 93 93 93 94 95 94 94 95 95 95 95 95 95 94 94 94 93 94 95 95 94 94 95 96 95 95 95 95 95 95 95 95 96 96 95 95 95 95 95 95 96 95 94 96 96 96 95 95 96 96 96 96 96 95 96 96 96 96 96 96 96 96 96 96 96 96 95 95 96 96 96 96 96 97 96 96 96 96 96 96 96 96 96 96 96 97 97 97 96 96 96 96 96 96 96 97 96 96 96 96 96 96 96 96 97 96 96 97 97 97 97 96 96 96 97 97 97 97 97 97 97 97 96 96 96 96 96 96 96 96 96 97 97 98 98 97 98 98 97 97 96 96 96 96 97 97 97 97 97 98 97 97 98 97 97 97 97 97 97 97 98 98 97 97 97 97 98 98 98 