375 375 375 375 375 375 375 376 374 374 375 375 375 375 375 375 375 375 375 375 375 375 376 376 376 378 378 378 378 378 378 378 378 378 378 378 378 379 374 374 374 375 375 375 375 375 375 375 375 375 375 375 375 375 376 376 376 376 376 376 376 378 378 378 378 378 378 378 378 378 378 378 378 378 379 379 379 379 374 374 374 375 375 375 375 375 375 375 375 375 375 375 375 376 376 376 376 376 376 376 376 376 376 378 378 378 378 378 378 378 378 378 378 378 378 378 378 378 379 379 379 379 379 379 379 379 380 380 374 374 374 374 374 374 375 375 375 375 375 375 375 375 375 375 375 375 376 376 376 376 376 376 376 376 376 376 376 376 376 377 377 378 378 378 378 378 378 378 378 378 378 378 378 378 378 379 379 379 379 379 379 379 379 379 379 379 379 379 379 379 379 380 380 380 380 380 380 380 374 374 374 374 375 375 375 375 375 375 375 375 375 375 375 375 376 376 376 376 376 376 376 376 376 376 376 376 376 377 377 377 377 377 377 377 377 377 378 378 378 378 378 378 378 378 378 378 378 378 378 378 379 379 379 379 379 379 379 379 379 379 379 379 379 379 379 379 379 379 380 380 380 380 380 380 380 380 380 380 374 374 375 375 375 375 375 375 375 375 375 375 375 375 376 376 376 376 376 376 376 376 376 376 376 376 376 377 377 377 377 377 377 377 377 377 377 377 377 377 378 378 378 378 378 378 378 378 378 378 378 378 378 379 379 379 379 379 379 379 379 379 379 379 379 379 379 379 379 379 379 379 380 380 380 380 380 380 380 380 380 380 380 380 380 380 375 375 375 375 375 375 375 375 375 375 375 375 375 376 376 376 376 376 376 376 376 376 376 376 376 377 377 377 377 377 377 377 377 377 377 377 377 378 378 378 378 378 378 378 378 378 378 378 378 378 378 379 379 379 379 379 379 379 379 379 379 379 379 379 379 379 379 379 379 380 380 380 380 380 380 380 380 380 380 380 380 380 380 380 380 380 380 374 375 375 375 375 375 375 375 375 375 375 375 375 376 376 376 376 376 376 376 376 376 376 376 376 377 377 377 377 377 377 377 377 377 377 377 377 377 378 378 378 378 378 378 378 378 378 378 378 378 378 378 379 379 379 379 379 379 379 379 379 379 379 379 379 379 379 379 379 380 380 380 380 380 380 380 380 380 380 380 380 380 380 380 380 380 380 380 380 380 380 380 374 374 374 375 375 375 375 375 375 375 375 375 375 375 376 376 376 376 376 376 376 376 376 376 376 376 377 377 377 377 377 377 377 377 377 377 377 377 377 378 378 378 378 378 378 378 378 378 378 378 378 378 378 379 379 379 379 379 379 379 379 379 379 379 379 379 379 379 379 379 380 380 380 380 380 380 380 380 380 380 380 380 380 380 380 380 380 380 380 380 380 380 380 374 374 374 374 374 375 375 375 375 375 375 375 375 375 375 375 376 376 376 376 376 376 376 376 376 376 376 376 377 377 377 377 377 377 377 377 377 377 377 377 377 378 378 378 378 378 378 378 378 378 378 378 378 378 378 379 379 379 379 379 379 379 379 379 379 379 379 379 379 379 379 380 380 380 380 380 380 380 380 380 380 380 380 380 380 380 380 380 380 380 380 380 380 380 380 381 381 381 374 374 374 374 375 375 375 375 375 375 375 375 375 375 376 376 376 376 376 376 376 376 376 376 376 376 376 377 377 377 377 377 377 377 377 377 377 377 377 377 378 378 378 378 378 378 378 378 378 378 378 378 378 379 379 379 379 379 379 379 379 379 379 379 379 379 379 379 379 379 379 380 380 380 380 380 380 380 380 380 380 380 380 380 380 380 380 380 380 380 380 380 380 381 381 381 381 381 381 381 374 374 374 374 375 375 375 375 375 375 375 375 375 375 375 376 376 376 376 376 376 376 376 376 376 376 376 377 377 377 377 377 377 377 377 377 377 377 377 378 378 378 378 378 378 378 378 378 378 378 378 378 378 378 379 379 379 379 379 379 379 379 379 379 379 379 379 379 379 380 380 380 380 380 380 380 380 380 380 380 380 380 380 380 380 380 380 380 380 380 380 381 381 381 381 381 381 381 381 381 381 381 374 374 374 374 375 375 375 375 375 375 375 375 375 375 375 376 376 376 376 376 376 376 376 376 376 376 376 377 377 377 377 377 377 377 377 377 377 377 377 378 378 378 378 378 378 378 378 378 378 378 378 378 378 379 379 379 379 379 379 379 379 379 379 379 379 379 379 379 379 380 380 380 380 380 380 380 380 380 380 380 380 380 380 380 380 380 380 380 380 380 381 381 381 381 381 381 381 381 381 381 381 381 381 374 374 374 374 374 375 375 375 375 375 375 375 375 375 375 375 376 376 376 376 376 376 376 376 376 376 376 377 377 377 377 377 377 377 377 377 377 377 377 377 378 378 378 378 378 378 378 378 378 378 378 378 378 378 379 379 379 379 379 379 379 379 379 379 379 379 379 379 379 379 380 380 380 380 380 380 380 380 380 380 380 380 380 380 380 380 380 380 380 380 381 381 381 381 381 381 381 381 381 381 381 381 381 381 381 381 381 374 374 374 374 374 375 375 375 375 375 375 375 375 375 375 375 376 376 376 376 376 376 376 376 376 376 376 376 377 377 377 377 377 377 377 377 377 377 377 377 378 378 378 378 378 378 378 378 378 378 378 378 378 379 379 379 379 379 379 379 379 379 379 379 379 379 379 379 380 380 380 380 380 380 380 380 380 380 380 380 380 380 380 380 380 380 380 380 380 381 381 381 381 381 381 381 381 381 381 381 381 381 381 381 381 381 381 381 381 373 373 373 374 374 374 374 374 375 375 375 375 375 375 375 375 375 375 375 376 376 376 376 376 376 376 376 376 376 376 376 377 377 377 377 377 377 377 377 377 377 377 377 378 378 378 378 378 378 378 378 378 378 378 378 378 379 379 379 379 379 379 379 379 379 379 379 379 379 379 379 380 380 380 380 380 380 380 380 380 380 380 380 380 380 380 380 380 380 380 380 381 381 381 381 381 381 381 381 381 381 381 381 381 381 381 381 381 381 381 381 381 381 381 370 370 370 373 373 373 373 374 374 374 374 374 374 374 374 374 374 375 375 375 375 375 375 375 375 375 375 376 376 376 376 376 376 376 376 376 376 376 376 377 377 377 377 377 377 377 377 377 377 377 377 378 378 378 378 378 378 378 378 378 378 378 378 378 379 379 379 379 379 379 379 379 379 379 379 379 379 379 379 380 380 380 380 380 380 380 380 380 380 380 380 380 380 380 380 380 380 380 381 381 381 381 381 381 381 381 381 381 381 381 381 381 381 381 381 381 381 381 381 381 381 381 381 370 370 370 370 371 371 373 373 373 373 373 374 374 374 374 374 374 374 374 374 374 374 375 375 375 375 375 375 375 375 375 375 376 376 376 376 376 376 376 376 376 376 376 376 377 377 377 377 377 377 377 377 377 377 377 377 378 378 378 378 378 378 378 378 378 378 378 378 378 379 379 379 379 379 379 379 379 379 379 379 379 379 379 379 380 380 380 380 380 380 380 380 380 380 380 380 380 380 380 380 380 380 380 381 381 381 381 381 381 381 381 381 381 381 381 381 381 381 381 381 381 381 381 381 381 381 381 381 381 370 370 370 370 370 371 371 373 373 373 373 373 373 373 373 374 374 374 374 374 374 374 374 374 374 375 375 375 375 375 375 375 375 375 375 375 376 376 376 376 376 376 376 376 376 376 376 377 377 377 377 377 377 377 377 377 377 377 377 378 378 378 378 378 378 378 378 378 378 378 378 378 379 379 379 379 379 379 379 379 379 379 379 379 379 379 379 380 380 380 380 380 380 380 380 380 380 380 380 380 380 380 380 380 380 381 381 381 381 381 381 381 381 381 381 381 381 381 381 381 381 381 381 381 381 381 381 381 381 381 382 382 382 382 370 370 370 370 370 371 371 371 373 373 373 373 373 373 373 373 374 374 374 374 374 374 374 374 374 374 375 375 375 375 375 375 375 375 375 375 375 376 376 376 376 376 376 376 376 376 376 376 377 377 377 377 377 377 377 377 377 377 377 377 378 378 378 378 378 378 378 378 378 378 378 378 379 379 379 379 379 379 379 379 379 379 379 379 379 379 379 379 379 380 380 380 380 380 380 380 380 380 380 380 380 380 380 380 380 381 381 381 381 381 381 381 381 381 381 381 381 381 381 381 381 381 381 381 381 381 381 381 381 382 382 382 382 382 382 382 382 370 370 370 370 370 371 371 371 371 371 373 373 373 373 373 373 374 374 374 374 374 374 374 374 374 374 374 375 375 375 375 375 375 375 375 375 375 376 376 376 376 376 376 376 376 376 376 376 377 377 377 377 377 377 377 377 377 377 377 377 378 378 378 378 378 378 378 378 378 378 378 378 379 379 379 379 379 379 379 379 379 379 379 379 379 379 379 379 379 380 380 380 380 380 380 380 380 380 380 380 380 380 380 380 380 381 381 381 381 381 381 381 381 381 381 381 381 381 381 381 381 381 381 381 381 381 381 381 382 382 382 382 382 382 382 382 382 370 370 370 370 370 371 371 371 371 371 371 371 372 372 372 372 373 373 373 373 373 373 373 373 374 374 374 374 374 374 374 374 374 374 374 375 375 375 375 375 375 375 375 375 375 375 376 376 376 376 376 376 376 376 376 376 377 377 377 377 377 377 377 377 377 377 377 377 378 378 378 378 378 378 378 378 378 378 378 378 379 379 379 379 379 379 379 379 379 379 379 379 379 379 379 380 380 380 380 380 380 380 380 380 380 380 380 380 380 380 380 380 380 381 381 381 381 381 381 381 381 381 381 381 381 381 381 381 381 381 381 381 381 381 381 382 382 382 382 382 382 382 382 382 382 382 382 370 370 370 371 371 371 371 371 371 371 371 371 372 372 372 372 372 372 372 372 372 373 373 373 373 373 373 373 373 373 374 374 374 374 374 374 374 374 374 374 374 375 375 375 375 375 375 375 375 375 375 375 376 376 376 376 376 376 376 376 376 376 376 377 377 377 377 377 377 377 377 377 377 377 378 378 378 378 378 378 378 378 378 378 378 378 379 379 379 379 379 379 379 379 379 379 379 379 379 379 380 380 380 380 380 380 380 380 380 380 380 380 380 380 380 380 380 380 380 381 381 381 381 381 381 381 381 381 381 381 381 381 381 381 381 381 381 381 381 381 381 382 382 382 382 382 382 382 382 382 382 382 382 382 382 370 370 370 371 371 371 371 371 371 371 371 372 372 372 372 372 372 372 372 372 373 373 373 373 373 373 373 373 373 373 374 374 374 374 374 374 374 374 374 374 375 375 375 375 375 375 375 375 375 375 375 376 376 376 376 376 376 376 376 376 376 376 377 377 377 377 377 377 377 377 377 377 377 378 378 378 378 378 378 378 378 378 378 378 378 379 379 379 379 379 379 379 379 379 379 379 379 379 379 380 380 380 380 380 380 380 380 380 380 380 380 380 380 380 380 380 380 381 381 381 381 381 381 381 381 381 381 381 381 381 381 381 381 381 381 381 381 382 382 382 382 382 382 382 382 382 382 382 382 382 382 382 382 382 382 382 382 370 370 371 371 371 371 371 371 371 371 371 372 372 372 372 372 372 372 372 372 373 373 373 373 373 373 373 373 373 374 374 374 374 374 374 374 374 374 374 374 375 375 375 375 375 375 375 375 375 375 376 376 376 376 376 376 376 376 376 376 376 377 377 377 377 377 377 377 377 377 377 377 378 378 378 378 378 378 378 378 378 378 378 378 378 379 379 379 379 379 379 379 379 379 379 379 379 379 380 380 380 380 380 380 380 380 380 380 380 380 380 380 380 380 380 380 380 381 381 381 381 381 381 381 381 381 381 381 381 381 381 381 381 381 381 382 382 382 382 382 382 382 382 382 382 382 382 382 382 382 382 382 382 382 382 382 382 382 382 370 370 370 370 370 370 370 370 370 371 371 371 371 371 371 371 371 371 372 372 372 372 372 372 372 372 373 373 373 373 373 373 373 373 373 373 374 374 374 374 374 374 374 374 374 374 375 375 375 375 375 375 375 375 375 375 375 376 376 376 376 376 376 376 376 376 376 376 377 377 377 377 377 377 377 377 377 377 378 378 378 378 378 378 378 378 378 378 378 378 378 379 379 379 379 379 379 379 379 379 379 379 379 379 380 380 380 380 380 380 380 380 380 380 380 380 380 380 380 380 380 380 380 381 381 381 381 381 381 381 381 381 381 381 381 381 381 381 381 381 382 382 382 382 382 382 382 382 382 382 382 382 382 382 382 382 382 382 382 382 382 382 382 382 382 382 382 382 382 382 383 383 383 383 369 370 370 370 370 370 370 370 370 370 371 371 371 371 371 371 371 371 371 371 372 372 372 372 372 372 372 372 373 373 373 373 373 373 373 373 373 374 374 374 374 374 374 374 374 374 374 375 375 375 375 375 375 375 375 375 375 375 376 376 376 376 376 376 376 376 376 376 376 377 377 377 377 377 377 377 377 377 377 377 378 378 378 378 378 378 378 378 378 378 378 378 379 379 379 379 379 379 379 379 379 379 379 379 379 380 380 380 380 380 380 380 380 380 380 380 380 380 380 380 380 380 380 380 381 381 381 381 381 381 381 381 381 381 381 381 381 381 381 381 381 381 382 382 382 382 382 382 382 382 382 382 382 382 382 382 382 382 382 382 382 382 382 382 382 382 382 382 382 382 383 383 383 383 383 383 383 383 370 370 370 370 370 370 370 370 370 370 371 371 371 371 371 371 371 371 371 371 372 372 372 372 372 372 372 372 373 373 373 373 373 373 373 373 374 374 374 374 374 374 374 374 374 374 375 375 375 375 375 375 375 375 375 375 375 376 376 376 376 376 376 376 376 376 376 376 377 377 377 377 377 377 377 377 377 377 377 378 378 378 378 378 378 378 378 378 378 378 378 378 379 379 379 379 379 379 379 379 379 379 379 379 380 380 380 380 380 380 380 380 380 380 380 380 380 380 380 380 380 380 380 380 381 381 381 381 381 381 381 381 381 381 381 381 381 381 381 381 382 382 382 382 382 382 382 382 382 382 382 382 382 382 382 382 382 382 382 382 382 382 382 382 382 382 382 383 383 383 383 383 383 383 383 383 383 383 370 370 370 370 370 370 370 370 370 371 371 371 371 371 371 371 371 371 371 371 372 372 372 372 372 372 372 373 373 373 373 373 373 373 373 373 374 374 374 374 374 374 374 374 374 374 375 375 375 375 375 375 375 375 375 375 375 376 376 376 376 376 376 376 376 376 376 376 377 377 377 377 377 377 377 377 377 377 378 378 378 378 378 378 378 378 378 378 378 378 378 379 379 379 379 379 379 379 379 379 379 379 379 380 380 380 380 380 380 380 380 380 380 380 380 380 380 380 380 381 380 380 380 381 381 381 381 381 381 381 381 381 381 381 381 381 381 381 381 381 382 382 382 382 382 382 382 382 382 382 382 382 382 382 382 382 382 382 382 382 382 382 382 382 383 383 383 383 383 383 383 383 383 383 383 383 383 383 383 368 368 368 369 369 369 369 370 370 370 370 370 370 370 370 371 371 371 371 371 371 371 371 371 371 372 372 372 372 372 372 372 373 373 373 373 373 373 373 373 373 374 374 374 374 374 374 374 374 374 374 375 375 375 375 375 375 375 375 375 375 375 376 376 376 376 376 376 376 376 376 376 376 377 377 377 377 377 377 377 377 377 377 378 378 378 378 378 378 378 378 378 378 378 378 379 379 379 379 379 379 379 379 379 379 379 379 379 380 380 380 380 380 380 380 380 380 380 380 380 380 380 380 380 381 381 381 381 381 381 381 381 381 381 381 381 381 381 381 381 381 381 381 381 382 382 382 382 382 382 382 382 382 382 382 382 382 382 382 382 382 382 382 382 382 382 382 382 383 383 383 383 383 383 383 383 383 383 383 383 383 383 383 383 383 368 368 368 368 369 369 369 369 369 369 369 369 369 370 370 370 370 370 370 370 370 370 371 371 371 371 371 371 371 371 371 371 372 372 372 372 372 372 372 372 373 373 373 373 373 373 373 373 373 374 374 374 374 374 374 374 374 374 374 375 375 375 375 375 375 375 375 375 375 376 376 376 376 376 376 376 376 376 376 376 377 377 377 377 377 377 377 377 377 377 378 378 378 378 378 378 378 378 378 378 378 378 378 379 379 379 379 379 379 379 379 379 379 379 379 380 380 380 380 380 380 380 380 380 380 380 380 380 380 380 381 381 381 381 381 381 381 381 381 381 381 381 381 381 381 381 381 381 381 381 382 382 382 382 382 382 382 382 382 382 382 382 382 382 382 382 382 382 382 382 382 382 382 382 383 383 383 383 383 383 383 383 383 383 383 383 383 383 383 383 383 383 383 383 367 368 368 368 368 368 368 369 369 369 369 369 369 369 369 369 370 370 370 370 370 370 370 370 371 371 371 371 371 371 371 371 371 371 371 372 372 372 372 372 372 372 373 373 373 373 373 373 373 373 373 374 374 374 374 374 374 374 374 374 374 375 375 375 375 375 375 375 375 375 375 375 376 376 376 376 376 376 376 376 376 376 377 377 377 377 377 377 377 377 377 377 377 378 378 378 378 378 378 378 378 378 378 378 378 379 379 379 379 379 379 379 379 379 379 379 379 379 380 380 380 380 380 380 380 380 380 380 380 380 380 380 381 381 381 381 381 381 381 381 381 381 381 381 381 381 381 381 381 381 381 381 382 382 382 382 382 382 382 382 382 382 382 382 382 382 382 382 382 382 382 382 382 382 382 383 383 383 383 383 383 383 383 383 383 383 383 383 383 383 383 383 383 383 383 383 383 367 368 368 368 368 368 368 368 368 368 369 369 369 369 369 369 369 369 369 370 370 370 370 370 370 370 370 370 371 371 371 371 371 371 371 371 371 371 372 372 372 372 372 372 372 372 373 373 373 373 373 373 373 373 373 374 374 374 374 374 374 374 374 374 374 375 375 375 375 375 375 375 375 375 375 376 376 376 376 376 376 376 376 376 376 376 377 377 377 377 377 377 377 377 377 377 378 378 378 378 378 378 378 378 378 378 378 378 379 379 379 379 379 379 379 379 379 379 379 379 379 380 380 380 380 380 380 380 380 380 380 380 380 380 380 381 381 381 381 381 381 381 381 381 381 381 381 381 381 381 381 381 381 381 382 382 382 382 382 382 382 382 382 382 382 382 382 382 382 382 382 382 382 382 382 382 382 383 383 383 383 383 383 383 383 383 383 383 383 383 383 383 383 383 383 383 383 383 383 383 383 383 383 383 383 367 368 368 368 368 368 368 368 368 368 369 369 369 369 369 369 369 369 369 370 370 370 370 370 370 370 370 370 371 371 371 371 371 371 371 371 371 371 372 372 372 372 372 372 372 373 373 373 373 373 373 373 373 373 374 374 374 374 374 374 374 374 374 374 375 375 375 375 375 375 375 375 375 375 375 376 376 376 376 376 376 376 376 376 376 377 377 377 377 377 377 377 377 377 377 377 378 378 378 378 378 378 378 378 378 378 378 379 379 379 379 379 379 379 379 379 379 379 379 379 380 380 380 380 380 380 380 380 380 380 380 380 380 380 381 381 381 381 381 381 381 381 381 381 381 381 381 381 381 381 381 381 381 382 382 382 382 382 382 382 382 382 382 382 382 382 382 382 382 382 382 382 382 382 382 383 383 383 383 383 383 383 383 383 383 383 383 383 383 383 383 383 383 383 383 383 383 383 383 383 383 383 383 383 383 383 383 383 368 368 368 368 368 368 368 368 368 369 369 369 369 369 369 369 369 369 370 370 370 370 370 370 370 370 370 371 371 371 371 371 371 371 371 371 371 372 372 372 372 372 372 372 372 373 373 373 373 373 373 373 373 373 374 374 374 374 374 374 374 374 374 374 375 375 375 375 375 375 375 375 375 375 376 376 376 376 376 376 376 376 376 376 376 377 377 377 377 377 377 377 377 377 377 378 378 378 378 378 378 378 378 378 378 378 379 379 379 379 379 379 379 379 379 379 379 379 379 380 380 380 380 380 380 380 380 380 380 380 380 380 380 381 381 381 381 381 381 381 381 381 381 381 381 381 381 381 381 381 381 382 382 382 382 382 382 382 382 382 382 382 382 382 382 382 382 382 382 382 382 382 382 383 383 383 383 383 383 383 383 383 383 383 383 383 383 383 383 383 383 383 383 383 383 383 383 383 383 383 383 383 383 383 383 383 384 384 384 384 368 368 368 368 368 368 368 368 369 369 369 369 369 369 369 369 369 370 370 370 370 370 370 370 370 370 371 371 371 371 371 371 371 371 371 371 372 372 372 372 372 372 372 372 373 373 373 373 373 373 373 373 374 374 374 374 374 374 374 374 374 374 375 375 375 375 375 375 375 375 375 375 375 376 376 376 376 376 376 376 376 376 376 377 377 377 377 377 377 377 377 377 377 377 378 378 378 378 378 378 378 378 378 378 378 379 379 379 379 379 379 379 379 379 379 379 379 380 380 380 380 380 380 380 380 380 380 380 380 380 380 381 381 381 381 381 381 381 381 381 381 381 381 381 381 381 381 381 381 382 382 382 382 382 382 382 382 382 382 382 382 382 382 382 382 382 382 382 382 382 383 383 383 383 383 383 383 383 383 383 383 383 383 383 383 383 383 383 383 383 383 383 383 383 383 383 383 383 383 383 383 383 384 384 384 384 384 384 384 368 368 368 368 368 368 368 368 369 369 369 369 369 369 369 369 370 370 370 370 370 370 370 370 370 370 371 371 371 371 371 371 371 371 371 372 372 372 372 372 372 372 372 373 373 373 373 373 373 373 373 373 374 374 374 374 374 374 374 374 374 374 375 375 375 375 375 375 375 375 375 375 376 376 376 376 376 376 376 376 376 376 376 377 377 377 377 377 377 377 377 377 377 378 378 378 378 378 378 378 378 378 378 378 379 379 379 379 379 379 379 379 379 379 379 379 379 380 380 380 380 380 380 380 380 380 380 380 380 380 381 381 381 381 381 381 381 381 381 381 381 381 381 381 381 381 381 382 382 382 382 382 382 382 382 382 382 382 382 382 382 382 382 382 382 382 382 382 382 383 383 383 383 383 383 383 383 383 383 383 383 383 383 383 383 383 383 383 383 383 383 383 383 383 383 383 383 383 383 384 384 384 384 384 384 384 384 384 384 384 368 368 368 368 368 368 369 369 369 369 369 369 369 369 370 370 370 370 370 370 370 370 370 371 371 371 371 371 371 371 371 371 371 372 372 372 372 372 372 372 372 373 373 373 373 373 373 373 373 373 374 374 374 374 374 374 374 374 374 375 375 375 375 375 375 375 375 375 375 376 376 376 376 376 376 376 376 376 376 376 377 377 377 377 377 377 377 377 377 377 378 378 378 378 378 378 378 378 378 378 378 379 379 379 379 379 379 379 379 379 379 379 379 379 379 380 380 380 380 380 380 380 380 380 380 380 380 380 381 381 381 381 381 381 381 381 381 381 381 381 381 381 381 381 382 382 382 382 382 382 382 382 382 382 382 382 382 382 382 382 382 382 382 382 382 382 383 383 383 383 383 383 383 383 383 383 383 383 383 383 383 383 383 383 383 383 383 383 383 383 383 383 383 383 384 384 384 384 384 384 384 384 384 384 384 384 384 384 384 384 384 384 368 368 368 368 369 369 369 369 369 369 369 369 369 370 370 370 370 370 370 370 370 370 371 371 371 371 371 371 371 371 371 372 372 372 372 372 372 372 372 372 373 373 373 373 373 373 373 373 374 374 374 374 374 374 374 374 374 374 375 375 375 375 375 375 375 375 375 375 376 376 376 376 376 376 376 376 376 376 376 377 377 377 377 377 377 377 377 377 378 378 378 378 378 378 378 378 378 378 378 379 379 379 379 379 379 379 379 379 379 379 379 379 379 380 380 380 380 380 380 380 380 380 380 380 380 380 381 381 381 381 381 381 381 381 381 381 381 381 381 381 381 381 381 382 382 382 382 382 382 382 382 382 382 382 382 382 382 382 382 382 382 382 382 382 383 383 383 383 383 383 383 383 383 383 383 383 383 383 383 383 383 383 383 383 383 383 383 383 383 383 384 384 384 384 384 384 384 384 384 384 384 384 384 384 384 384 384 384 384 384 384 384 368 368 368 368 369 369 369 369 369 369 369 369 369 370 370 370 370 370 370 370 370 370 371 371 371 371 371 371 371 371 371 372 372 372 372 372 372 372 372 373 373 373 373 373 373 373 373 373 374 374 374 374 374 374 374 374 374 374 375 375 375 375 375 375 375 375 375 376 376 376 376 376 376 376 376 376 376 376 377 377 377 377 377 377 377 377 377 377 378 378 378 378 378 378 378 378 378 378 378 379 379 379 379 379 379 379 379 379 379 379 379 380 380 380 380 380 380 380 380 380 380 380 380 380 380 381 381 381 381 381 381 381 381 381 381 381 381 381 381 381 381 381 382 382 382 382 382 382 382 382 382 382 382 382 382 382 382 382 382 382 382 382 383 383 383 383 383 383 383 383 383 383 383 383 383 383 383 383 383 383 383 383 383 383 383 383 383 384 384 384 384 384 384 384 384 384 384 384 384 384 384 384 384 384 384 384 384 384 384 384 384 384 384 368 368 368 368 369 369 369 369 369 369 369 369 369 370 370 370 370 370 370 370 370 370 371 371 371 371 371 371 371 371 371 372 372 372 372 372 372 372 373 373 373 373 373 373 373 373 373 373 374 374 374 374 374 374 374 374 374 375 375 375 375 375 375 375 375 375 375 376 376 376 376 376 376 376 376 376 376 376 377 377 377 377 377 377 377 377 377 378 378 378 378 378 378 378 378 378 378 378 379 379 379 379 379 379 379 379 379 379 379 379 380 380 380 380 380 380 380 380 380 380 380 380 380 380 381 381 381 381 381 381 381 381 381 381 381 381 381 381 381 381 381 381 382 382 382 382 382 382 382 382 382 382 382 382 382 382 382 382 382 382 382 383 383 383 383 383 383 383 383 383 383 383 383 383 383 383 383 383 383 383 383 383 383 383 383 383 384 384 384 384 384 384 384 384 384 384 384 384 384 384 384 384 384 384 384 384 384 384 384 384 384 384 384 384 384 368 368 369 369 369 369 369 369 369 369 369 370 370 370 370 370 370 370 370 370 371 371 371 371 371 371 371 371 371 372 372 372 372 372 372 372 372 372 372 373 373 373 373 373 373 373 373 373 373 374 374 374 374 374 374 374 374 374 375 375 375 375 375 375 375 375 375 375 376 376 376 376 376 376 376 376 376 376 376 377 377 377 377 377 377 377 377 378 378 378 378 378 378 378 378 378 378 379 379 379 379 379 379 379 379 379 379 379 380 380 380 380 380 380 380 380 380 380 380 380 380 381 381 381 381 381 381 381 381 381 381 381 381 381 381 382 382 381 381 381 381 381 382 382 382 382 382 382 382 382 382 382 382 382 382 382 382 382 382 382 382 382 383 383 383 383 383 383 383 383 383 383 383 383 383 383 383 383 383 383 383 383 383 383 383 383 383 384 384 384 384 384 384 384 384 384 384 384 384 384 384 384 384 384 384 384 384 384 384 384 384 384 384 384 384 384 368 368 369 369 369 369 369 369 369 369 369 370 370 370 370 370 370 370 370 370 370 371 371 371 371 371 371 371 371 371 372 372 372 372 372 372 372 372 372 373 373 373 373 373 373 373 373 373 373 374 374 374 374 374 374 374 374 374 374 375 375 375 375 375 375 375 375 375 376 376 376 376 376 376 376 376 376 376 376 376 377 377 377 377 377 377 377 377 378 378 378 378 378 378 378 378 378 379 379 379 379 379 379 379 379 379 379 379 380 380 380 380 380 380 380 380 380 380 380 380 380 381 381 381 381 381 381 381 381 381 381 381 381 381 381 382 382 382 381 381 381 381 381 382 382 382 382 382 382 382 382 382 382 382 382 382 382 382 382 382 382 383 383 383 383 383 383 383 383 383 383 383 383 383 383 383 383 383 383 383 383 383 383 383 383 383 384 384 384 384 384 384 384 384 384 384 384 384 384 384 384 384 384 384 384 384 384 384 384 384 384 384 384 384 384 384 384 368 368 369 369 369 369 369 369 369 369 369 370 370 370 370 370 370 370 370 370 370 371 371 371 371 371 371 371 371 371 372 372 372 372 372 372 372 372 372 373 373 373 373 373 373 373 373 373 373 374 374 374 374 374 374 374 374 374 375 375 375 375 375 375 375 375 375 375 376 376 376 376 376 376 376 376 376 376 377 377 377 377 377 377 377 377 377 377 378 378 378 378 378 378 378 378 378 379 379 379 379 379 379 379 379 379 379 379 380 380 380 380 380 380 380 380 380 380 380 380 380 381 381 381 381 381 381 381 381 381 381 381 381 381 381 382 382 382 381 381 381 381 382 382 382 382 382 382 382 382 382 382 382 382 382 382 382 382 382 383 383 383 383 383 383 383 383 383 383 383 383 383 383 383 383 383 383 383 383 383 383 383 383 383 384 384 384 384 384 384 384 384 384 384 384 384 384 384 384 384 384 384 384 384 384 384 384 384 384 384 384 384 384 384 384 384 368 368 369 369 369 369 369 369 369 369 369 370 370 370 370 370 370 370 370 370 371 371 371 371 371 371 371 371 371 371 372 372 372 372 372 372 372 372 373 373 373 373 373 373 373 373 373 373 373 374 374 374 374 374 374 374 374 374 375 375 375 375 375 375 375 375 375 375 376 376 376 376 376 376 376 376 376 376 377 377 377 377 377 377 377 377 377 377 378 378 378 378 378 378 378 378 379 379 379 379 379 379 379 379 379 379 379 380 380 380 380 380 380 380 380 380 380 380 380 380 380 381 381 381 381 381 381 381 381 381 381 381 381 381 381 382 382 382 381 381 382 382 382 382 382 382 382 382 382 382 382 382 382 382 382 382 382 382 382 383 383 383 383 383 383 383 383 383 383 383 383 383 383 383 383 383 383 383 383 383 383 383 384 384 384 384 384 384 384 384 384 384 384 384 384 384 384 384 384 384 384 384 384 384 384 384 384 384 384 384 384 384 384 384 384 384 384 368 368 369 369 369 369 369 369 369 369 369 370 370 370 370 370 370 370 370 370 371 371 371 371 371 371 371 371 371 372 372 372 372 372 372 372 372 372 373 373 373 373 373 373 373 373 373 373 373 374 374 374 374 374 374 374 374 375 375 375 375 375 375 375 375 375 375 376 376 376 376 376 376 376 376 376 376 376 377 377 377 377 377 377 377 377 377 377 378 378 378 378 378 378 378 378 379 379 379 379 379 379 379 379 379 379 379 380 380 380 380 380 380 380 380 380 380 380 380 380 381 381 381 381 381 381 381 381 381 381 381 381 381 381 382 382 382 382 382 382 382 382 382 382 382 382 382 382 382 382 382 382 382 382 382 382 382 382 383 383 383 383 383 383 383 383 383 383 383 383 383 383 383 383 383 383 383 383 383 383 384 384 384 384 384 384 384 384 384 384 384 384 384 384 384 384 384 384 384 384 384 384 384 384 384 384 384 384 384 384 384 384 384 384 385 385 385 385 368 369 369 369 369 369 369 369 369 369 370 370 370 370 370 370 370 370 370 371 371 371 371 371 371 371 371 371 372 372 372 372 372 372 372 372 372 373 373 373 373 373 373 373 373 373 373 374 374 374 374 374 374 374 374 374 375 375 375 375 375 375 375 375 375 375 376 376 376 376 376 376 376 376 376 376 377 377 377 377 377 377 377 377 377 377 377 378 378 378 378 378 378 378 379 379 379 379 379 379 379 379 379 379 379 380 380 380 380 380 380 380 380 380 380 380 380 380 380 381 381 381 381 381 381 381 381 381 381 381 381 381 382 382 382 382 382 382 382 382 382 382 382 382 382 382 382 382 382 382 382 382 382 382 382 383 383 383 383 383 383 383 383 383 383 383 383 383 383 383 383 383 383 383 383 383 383 384 384 384 384 384 384 384 384 384 384 384 384 384 384 384 384 384 384 384 384 384 384 384 384 384 384 384 384 384 384 384 384 384 385 385 385 385 385 385 385 385 385 369 369 369 369 369 369 369 370 370 370 370 370 370 370 370 370 371 371 371 371 371 371 371 371 371 372 372 372 372 372 372 372 372 372 373 373 373 373 373 373 373 373 373 373 374 374 374 374 374 374 374 374 374 375 375 375 375 375 375 375 375 375 375 376 376 376 376 376 376 376 376 376 376 377 377 377 377 377 377 377 377 377 377 377 378 378 378 378 378 378 378 379 379 379 379 379 379 379 379 379 379 379 380 380 380 380 380 380 380 380 380 380 380 380 380 381 381 381 381 381 381 381 381 381 381 381 381 381 382 382 382 382 382 382 382 382 382 382 382 382 382 382 382 382 382 382 382 382 382 382 382 383 383 383 383 383 383 383 383 383 383 383 383 383 383 383 383 383 383 383 383 383 383 384 384 384 384 384 384 384 384 384 384 384 384 384 384 384 384 384 384 384 384 384 384 384 384 384 384 384 384 384 384 385 385 385 385 385 385 385 385 385 385 385 385 385 385 385 385 385 369 369 369 369 369 370 370 370 370 370 370 370 370 370 370 371 371 371 371 371 371 371 371 371 372 372 372 372 372 372 372 372 372 373 373 373 373 373 373 373 373 373 374 374 374 374 374 374 374 374 374 374 375 375 375 375 375 375 375 375 375 376 376 376 376 376 376 376 376 376 376 377 377 377 377 377 377 377 377 377 377 377 377 378 378 378 378 378 378 379 379 379 379 379 379 379 379 379 379 379 380 380 380 380 380 380 380 380 380 380 380 380 381 381 381 381 381 381 381 381 381 381 381 381 381 381 382 382 382 382 382 382 382 382 382 382 382 382 382 382 382 382 382 382 382 382 382 382 382 383 383 383 383 383 383 383 383 383 383 383 383 383 383 383 383 383 383 383 383 383 384 384 384 384 384 384 384 384 384 384 384 384 384 384 384 384 384 384 384 384 384 384 384 384 384 384 384 384 384 384 385 385 385 385 385 385 385 385 385 385 385 385 385 385 385 385 385 385 385 385 385 385 369 369 369 369 369 370 370 370 370 370 370 370 370 370 371 371 371 371 371 371 371 371 371 372 372 372 372 372 372 372 372 372 372 373 373 373 373 373 373 373 373 373 374 374 374 374 374 374 374 374 374 374 374 375 375 375 375 375 375 375 375 376 376 376 376 376 376 376 376 376 376 377 377 377 377 377 377 377 377 377 377 377 377 378 378 378 378 378 378 379 379 379 379 379 379 379 379 379 379 379 380 380 380 380 380 380 380 380 380 380 380 380 381 381 381 381 381 381 381 381 381 381 381 381 381 381 382 382 382 382 382 382 382 382 382 382 382 382 382 382 382 382 382 382 382 382 382 382 383 383 383 383 383 383 383 383 383 383 383 383 383 383 383 383 383 383 383 383 383 384 384 384 384 384 384 384 384 384 384 384 384 384 384 384 384 384 384 384 384 384 384 384 384 384 384 385 384 385 385 385 385 385 385 385 385 385 385 385 385 385 385 385 385 385 385 385 385 385 385 385 385 369 369 369 369 369 370 370 370 370 370 370 370 370 370 371 371 371 371 371 371 371 371 371 372 372 372 372 372 372 372 372 372 372 373 373 373 373 373 373 373 373 374 374 374 374 374 374 374 374 374 374 374 375 375 375 375 375 375 375 375 375 376 376 376 376 376 376 376 376 376 376 377 377 377 377 377 377 377 377 377 377 377 378 378 378 378 378 378 379 379 379 379 379 379 379 379 379 379 379 380 380 380 380 380 380 380 380 380 380 380 380 381 381 381 381 381 381 381 381 381 381 381 381 381 381 382 382 382 382 382 382 382 382 382 382 382 382 382 382 382 382 382 382 382 382 382 383 383 383 383 383 383 383 383 383 383 383 383 383 383 383 383 383 383 383 383 383 383 384 384 384 384 384 384 384 384 384 384 384 384 384 384 384 384 384 384 384 384 384 384 384 384 384 384 385 385 385 385 385 385 385 385 385 385 385 385 385 385 385 385 385 385 385 385 385 385 385 385 385 385 385 385 385 385 385 385 385 385 369 369 369 369 370 370 370 370 370 370 370 370 370 371 371 371 371 371 371 371 371 371 372 372 372 372 372 372 372 372 372 372 373 373 373 373 373 373 373 373 374 374 374 374 374 374 374 374 374 374 374 375 375 375 375 375 375 375 375 376 376 376 376 376 376 376 376 376 376 377 377 377 377 377 377 377 377 377 377 377 378 378 378 378 378 378 378 379 379 379 379 379 379 379 379 379 379 379 380 380 380 380 380 380 380 380 380 380 380 380 381 381 381 381 381 381 381 381 381 381 381 381 381 382 382 382 382 382 382 382 382 382 382 382 382 382 382 382 382 382 382 382 382 382 383 383 383 383 383 383 383 383 383 383 383 383 383 383 383 383 383 383 383 383 383 384 384 384 384 384 384 384 384 384 384 384 384 384 384 384 384 384 384 384 384 384 384 384 384 384 384 385 385 385 385 385 385 385 385 385 385 385 385 385 385 385 385 385 385 385 385 385 385 385 385 385 385 385 385 385 385 385 385 385 385 385 385 385 385 369 369 369 369 370 370 370 370 370 370 370 370 370 371 371 371 371 371 371 371 371 371 372 372 372 372 372 372 372 372 372 373 373 373 373 373 373 373 373 373 374 374 374 374 374 374 374 374 374 374 375 375 375 375 375 375 375 375 375 375 376 376 376 376 376 376 376 376 376 377 377 377 377 377 377 377 377 377 377 377 378 378 378 378 378 378 378 379 379 379 379 379 379 379 379 379 379 379 380 380 380 380 380 380 380 380 380 380 380 381 381 381 381 381 381 381 381 381 381 381 381 381 382 382 382 382 382 382 382 382 382 382 382 382 382 382 382 382 382 382 382 382 382 382 383 383 383 383 383 383 383 383 383 383 383 383 383 383 383 383 383 383 383 383 384 384 384 384 384 384 384 384 384 384 384 384 384 384 384 384 384 384 384 384 384 384 384 384 384 385 385 385 385 385 385 385 385 385 385 385 385 385 385 385 385 385 385 385 385 385 385 385 385 385 385 385 385 385 385 385 385 385 385 385 385 385 385 385 369 369 369 369 370 370 370 370 370 370 370 370 370 371 371 371 371 371 371 371 371 371 372 372 372 372 372 372 372 372 372 373 373 373 373 373 373 373 373 373 374 374 374 374 374 374 374 374 374 375 375 375 375 375 375 375 375 375 375 375 376 376 376 376 376 376 376 376 376 377 377 377 377 377 377 377 377 377 377 377 378 378 378 378 378 378 378 378 379 379 379 379 379 379 379 379 379 380 380 380 380 380 380 380 380 380 380 380 380 381 381 381 381 381 381 381 381 381 381 381 381 381 382 382 382 382 382 382 382 382 382 382 382 382 382 382 382 382 382 382 382 382 382 383 383 383 383 383 383 383 383 383 383 383 383 383 383 383 383 383 383 383 383 384 384 384 384 384 384 384 384 384 384 384 384 384 384 384 384 384 384 384 384 384 384 384 385 385 385 385 385 385 385 385 385 385 385 385 385 385 385 385 385 385 385 385 385 385 385 385 385 385 385 385 385 385 385 385 385 385 385 385 385 385 385 385 385 385 369 369 369 370 370 370 370 370 370 370 370 370 371 371 371 371 371 371 371 371 371 371 372 372 372 372 372 372 372 372 372 373 373 373 373 373 373 373 373 373 374 374 374 374 374 374 374 374 374 375 375 375 375 375 375 375 375 375 375 375 376 376 376 376 376 376 376 376 377 377 377 377 377 377 377 377 377 377 377 378 378 378 378 378 378 378 378 378 379 379 379 379 379 379 379 379 379 380 380 380 380 380 380 380 380 380 380 380 381 381 381 381 381 381 381 381 381 381 381 381 381 382 382 382 382 382 382 382 382 382 382 382 382 382 382 382 382 382 382 382 382 382 383 383 383 383 383 383 383 383 383 383 383 383 383 383 383 383 383 383 383 383 384 384 384 384 384 384 384 384 384 384 384 384 384 384 384 384 384 384 384 384 384 384 384 385 385 385 385 385 385 385 385 385 385 385 385 385 385 385 385 385 385 385 385 385 385 385 385 385 385 385 385 385 385 385 385 385 385 385 385 385 385 385 385 385 385 385 369 369 370 370 370 370 370 370 370 370 370 371 371 371 371 371 371 371 371 371 371 372 372 372 372 372 372 372 372 372 373 373 373 373 373 373 373 373 373 374 374 374 374 374 374 374 374 374 375 375 375 375 375 375 375 375 375 375 376 376 376 376 376 376 376 376 376 377 377 377 377 377 377 377 377 377 377 378 378 378 378 378 378 378 378 378 379 379 379 379 379 379 379 379 379 379 380 380 380 380 380 380 380 380 380 380 380 381 381 381 381 381 381 381 381 381 381 381 381 381 382 382 382 382 382 382 382 382 382 382 382 382 382 382 382 382 382 382 382 382 383 383 383 383 383 383 383 383 383 383 383 383 383 383 383 383 383 383 383 384 384 384 384 384 384 384 384 384 384 384 384 384 384 384 384 384 384 384 384 384 384 384 385 385 385 385 385 385 385 385 385 385 385 385 385 385 385 385 385 385 385 385 385 385 385 385 385 385 385 385 385 385 385 385 385 385 385 385 385 385 385 385 385 385 385 385 385 369 369 370 370 370 370 370 370 370 370 370 371 371 371 371 371 371 371 371 371 371 372 372 372 372 372 372 372 372 372 373 373 373 373 373 373 373 373 374 374 374 374 374 374 374 374 374 374 375 375 375 375 375 375 375 375 375 375 375 376 376 376 376 376 376 376 376 377 377 377 377 377 377 377 377 377 377 378 378 378 378 378 378 378 379 379 379 379 379 379 379 379 379 379 379 380 380 380 380 380 380 380 380 380 380 380 381 381 381 381 381 381 381 381 381 381 381 381 381 382 382 382 382 382 382 382 382 382 382 382 382 382 382 382 382 382 382 382 382 383 383 383 383 383 383 383 383 383 383 383 383 383 383 383 383 383 383 383 384 384 384 384 384 384 384 384 384 384 384 384 384 384 384 384 384 384 384 384 384 384 384 385 385 385 385 385 385 385 385 385 385 385 385 385 385 385 385 385 385 385 385 385 385 385 385 385 385 385 385 385 385 385 385 385 385 385 385 385 385 385 385 385 385 385 385 385 385 369 370 370 370 370 370 370 370 370 370 371 371 371 371 371 371 371 371 371 371 372 372 372 372 372 372 372 372 372 373 373 373 373 373 373 373 373 374 374 374 374 374 374 374 374 374 374 375 375 375 375 375 375 375 375 375 375 375 376 376 376 376 376 376 376 376 377 377 377 377 377 377 377 377 377 377 378 378 378 378 378 378 379 379 379 379 379 379 379 379 379 379 379 379 380 380 380 380 380 380 380 380 380 380 380 381 381 381 381 381 381 381 381 381 381 381 381 381 382 382 382 382 382 382 382 382 382 382 382 382 382 382 382 382 382 382 382 382 383 383 383 383 383 383 383 383 383 383 383 383 383 383 383 383 383 383 384 384 384 384 384 384 384 384 384 384 384 384 384 384 384 384 384 384 384 384 384 384 384 384 385 385 385 385 385 385 385 385 385 385 385 385 385 385 385 385 385 385 385 385 385 385 385 385 385 385 385 385 385 385 385 385 385 385 385 385 385 385 385 385 385 385 385 385 385 386 370 370 370 370 370 370 370 370 371 371 371 371 371 371 371 371 371 371 372 372 372 372 372 372 372 372 372 373 373 373 373 373 373 373 373 374 374 374 374 374 374 374 374 374 374 375 375 375 375 375 375 375 375 375 375 376 376 376 376 376 376 376 376 376 377 377 377 377 377 377 377 377 377 378 378 378 378 378 378 378 379 379 379 379 379 379 379 379 379 379 379 379 380 380 380 380 380 380 380 380 380 380 381 381 381 381 381 381 381 381 381 381 381 381 381 382 382 382 382 382 382 382 382 382 382 382 382 382 382 382 382 382 382 382 382 383 383 383 383 383 383 383 383 383 383 383 383 383 383 383 383 383 383 384 384 384 384 384 384 384 384 384 384 384 384 384 384 384 384 384 384 384 384 384 384 384 384 384 385 385 385 385 385 385 385 385 385 385 385 385 385 385 385 385 385 385 385 385 385 385 385 385 385 385 385 385 385 385 385 385 385 385 385 385 385 385 385 385 385 385 386 386 386 386 370 370 370 370 370 370 371 371 371 371 371 371 371 371 371 372 372 372 372 372 372 372 372 372 373 373 373 373 373 373 373 373 374 374 374 374 374 374 374 374 374 374 375 375 375 375 375 375 375 375 375 375 376 376 376 376 376 376 376 376 376 377 377 377 377 377 377 377 377 377 378 378 378 378 378 378 378 379 379 379 379 379 379 379 379 379 379 379 379 380 380 380 380 380 380 380 380 380 380 381 381 381 381 381 381 381 381 381 381 381 381 381 382 382 382 382 382 382 382 382 382 382 382 382 382 382 382 382 382 382 382 383 383 383 383 383 383 383 383 383 383 383 383 383 383 383 383 383 383 384 384 384 384 384 384 384 384 384 384 384 384 384 384 384 384 384 384 384 384 384 384 384 384 384 384 385 385 385 385 385 385 385 385 385 385 385 385 385 385 385 385 385 385 385 385 385 385 385 385 385 385 385 385 385 385 385 385 385 385 385 385 385 385 386 386 386 386 386 386 386 386 370 370 370 370 370 371 371 371 371 371 371 371 371 371 372 372 372 372 372 372 372 372 372 373 373 373 373 373 373 373 373 374 374 374 374 374 374 374 374 374 375 375 375 375 375 375 375 375 375 375 376 376 376 376 376 376 376 376 376 376 377 377 377 377 377 377 377 377 377 378 378 378 378 378 378 378 379 379 379 379 379 379 379 379 379 379 379 379 380 380 380 380 380 380 380 380 380 380 381 381 381 381 381 381 381 381 381 381 381 381 382 382 382 382 382 382 382 382 382 382 382 382 382 382 382 382 382 382 382 382 383 383 383 383 383 383 383 383 383 383 383 383 383 383 383 383 383 384 384 384 384 384 384 384 384 384 384 384 384 384 384 384 384 384 384 384 384 384 384 384 384 384 385 385 385 385 385 385 385 385 385 385 385 385 385 385 385 385 385 385 385 385 385 385 385 385 385 385 385 385 385 385 385 385 385 385 385 385 386 386 386 386 386 386 386 386 386 386 386 386 370 370 370 370 371 371 371 371 371 371 371 371 371 371 372 372 372 372 372 372 372 372 372 373 373 373 373 373 373 373 373 374 374 374 374 374 374 374 374 374 375 375 375 375 375 375 375 375 375 375 376 376 376 376 376 376 376 376 376 376 377 377 377 377 377 377 377 377 377 378 378 378 378 378 378 378 379 379 379 379 379 379 379 379 379 379 380 380 380 380 380 380 380 380 380 380 380 381 381 381 381 381 381 381 381 381 381 381 381 381 382 382 382 382 382 382 382 382 382 382 382 382 382 383 382 382 382 382 382 383 383 383 383 383 383 383 383 383 383 383 383 383 383 383 383 383 384 384 384 384 384 384 384 384 384 384 384 384 384 384 384 384 384 384 384 384 384 384 384 384 384 385 385 385 385 385 385 385 385 385 385 385 385 385 385 385 385 385 385 385 385 385 385 385 385 385 385 385 385 385 385 385 385 385 385 386 386 386 386 386 386 386 386 386 386 386 386 386 386 386 370 370 370 370 370 371 371 371 371 371 371 371 371 371 371 372 372 372 372 372 372 372 372 372 373 373 373 373 373 373 373 373 374 374 374 374 374 374 374 374 374 375 375 375 375 375 375 375 375 375 375 376 376 376 376 376 376 376 376 376 376 377 377 377 377 377 377 377 377 378 378 378 378 378 378 378 378 379 379 379 379 379 379 379 379 379 379 380 380 380 380 380 380 380 380 380 380 380 381 381 381 381 381 381 381 381 381 381 381 381 382 382 382 382 382 382 382 382 382 382 382 382 382 383 383 382 382 382 382 383 383 383 383 383 383 383 383 383 383 383 383 383 383 383 383 383 383 384 384 384 384 384 384 384 384 384 384 384 384 384 384 384 384 384 384 384 384 384 384 384 384 385 385 385 385 385 385 385 385 385 385 385 385 385 385 385 385 385 385 385 385 385 385 385 385 385 385 385 385 385 385 385 386 386 386 386 386 386 386 386 386 386 386 386 386 386 386 386 386 386 386 370 370 370 370 370 370 370 371 371 371 371 371 371 371 371 371 371 372 372 372 372 372 372 372 372 372 373 373 373 373 373 373 373 373 374 374 374 374 374 374 374 374 374 375 375 375 375 375 375 375 375 375 375 376 376 376 376 376 376 376 376 376 377 377 377 377 377 377 377 377 377 378 378 378 378 378 378 378 378 379 379 379 379 379 379 379 379 379 379 380 380 380 380 380 380 380 380 380 380 381 381 381 381 381 381 381 381 381 381 381 381 381 382 382 382 382 382 382 382 382 382 382 382 382 383 383 383 382 382 382 383 383 383 383 383 383 383 383 383 383 383 383 383 383 383 383 383 383 384 384 384 384 384 384 384 384 384 384 384 384 384 384 384 384 384 384 384 384 384 384 384 384 385 385 385 385 385 385 385 385 385 385 385 385 385 385 385 385 385 385 385 385 385 385 385 385 385 385 385 385 385 385 385 386 386 386 386 386 386 386 386 386 386 386 386 386 386 386 386 386 386 386 370 370 370 370 370 370 370 370 370 371 371 371 371 371 371 371 371 371 372 372 372 372 372 372 372 372 372 373 373 373 373 373 373 373 373 374 374 374 374 374 374 374 374 374 375 375 375 375 375 375 375 375 375 375 376 376 376 376 376 376 376 376 376 377 377 377 377 377 377 377 377 377 378 378 378 378 378 378 378 379 379 379 379 379 379 379 379 379 379 379 380 380 380 380 380 380 380 380 380 380 381 381 381 381 381 381 381 381 381 381 381 381 382 382 382 382 382 382 382 382 382 382 382 382 382 383 383 383 382 382 383 383 383 383 383 383 383 383 383 383 383 383 383 383 383 383 383 383 383 384 384 384 384 384 384 384 384 384 384 384 384 384 384 384 384 384 384 384 384 384 384 385 385 385 385 385 385 385 385 385 385 385 385 385 385 385 385 385 385 385 385 385 385 385 385 385 385 385 385 385 385 386 386 386 386 386 386 386 386 386 386 386 386 386 386 386 386 386 386 386 386 386 370 370 370 370 370 370 370 370 370 371 371 371 371 371 371 371 371 371 372 372 372 372 372 372 372 372 372 373 373 373 373 373 373 373 373 374 374 374 374 374 374 374 374 374 375 375 375 375 375 375 375 375 375 375 376 376 376 376 376 376 376 376 376 377 377 377 377 377 377 377 377 377 378 378 378 378 378 378 378 379 379 379 379 379 379 379 379 379 379 380 380 380 380 380 380 380 380 380 380 380 381 381 381 381 381 381 381 381 381 381 381 381 382 382 382 382 382 382 382 382 382 382 382 382 382 383 383 383 382 382 383 383 383 383 383 383 383 383 383 383 383 383 383 383 383 383 383 383 384 384 384 384 384 384 384 384 384 384 384 384 384 384 384 384 384 384 384 384 384 384 385 385 385 385 385 385 385 385 385 385 385 385 385 385 385 385 385 385 385 385 385 385 385 385 385 385 385 385 385 386 386 386 386 386 386 386 386 386 386 386 386 386 386 386 386 386 386 386 386 386 386 386 369 369 369 370 370 370 370 370 370 370 370 370 371 371 371 371 371 371 371 371 371 371 372 372 372 372 372 372 372 372 373 373 373 373 373 373 373 373 374 374 374 374 374 374 374 374 374 375 375 375 375 375 375 375 375 375 376 376 376 376 376 376 376 376 376 376 377 377 377 377 377 377 377 377 377 378 378 378 378 378 378 378 379 379 379 379 379 379 379 379 379 379 380 380 380 380 380 380 380 380 380 380 381 381 381 381 381 381 381 381 381 381 381 381 382 382 382 382 382 382 382 382 382 382 382 382 382 383 383 383 383 382 383 383 383 383 383 383 383 383 383 383 383 383 383 383 383 383 383 383 384 384 384 384 384 384 384 384 384 384 384 384 384 384 384 384 384 384 384 384 384 384 385 385 385 385 385 385 385 385 385 385 385 385 385 385 385 385 385 385 385 385 385 385 385 385 385 385 385 385 386 386 386 386 386 386 386 386 386 386 386 386 386 386 386 386 386 386 386 386 386 386 386 386 369 369 369 370 370 370 370 370 370 370 370 370 370 371 371 371 371 371 371 371 371 371 372 372 372 372 372 372 372 372 372 373 373 373 373 373 373 373 374 374 374 374 374 374 374 374 374 375 375 375 375 375 375 375 375 375 376 376 376 376 376 376 376 376 376 376 377 377 377 377 377 377 377 377 377 377 378 378 378 378 378 378 378 379 379 379 379 379 379 379 379 379 380 380 380 380 380 380 380 380 380 380 381 381 381 381 381 381 381 381 381 381 381 382 382 382 382 382 382 382 382 382 382 382 382 382 382 383 383 383 383 382 383 383 383 383 383 383 383 383 383 383 383 383 383 383 383 383 383 384 384 384 384 384 384 384 384 384 384 384 384 384 384 384 384 384 384 384 384 384 384 385 385 385 385 385 385 385 385 385 385 385 385 385 385 385 385 385 385 385 385 385 385 385 385 385 385 385 385 386 386 386 386 386 386 386 386 386 386 386 386 386 386 386 386 386 386 386 386 386 386 386 386 369 369 369 370 370 370 370 370 370 370 370 370 370 371 371 371 371 371 371 371 371 371 372 372 372 372 372 372 372 372 372 373 373 373 373 373 373 373 374 374 374 374 374 374 374 374 374 375 375 375 375 375 375 375 375 375 375 376 376 376 376 376 376 376 376 376 377 377 377 377 377 377 377 377 377 377 378 378 378 378 378 378 378 379 379 379 379 379 379 379 379 379 380 380 380 380 380 380 380 380 380 380 381 381 381 381 381 381 381 381 381 381 381 382 382 382 382 382 382 382 382 382 382 382 382 383 383 383 383 383 383 383 383 383 383 383 383 383 383 383 383 383 383 383 383 383 383 383 384 384 384 384 384 384 384 384 384 384 384 384 384 384 384 384 384 384 384 384 384 384 385 385 385 385 385 385 385 385 385 385 385 385 385 385 385 385 385 385 385 385 385 385 385 385 385 385 385 386 386 386 386 386 386 386 386 386 386 386 386 386 386 386 386 386 386 386 386 386 386 386 386 386 386 369 369 369 370 370 370 370 370 370 370 370 370 371 371 371 371 371 371 371 371 371 372 372 372 372 372 372 372 372 372 373 373 373 373 373 373 373 374 374 374 374 374 374 374 374 374 374 375 375 375 375 375 375 375 375 375 376 376 376 376 376 376 376 376 376 377 377 377 377 377 377 377 377 377 378 378 378 378 378 378 378 378 379 379 379 379 379 379 379 379 379 380 380 380 380 380 380 380 380 380 381 381 381 381 381 381 381 381 381 381 381 381 382 382 382 382 382 382 382 382 382 382 382 382 382 383 383 383 383 383 383 383 383 383 383 383 383 383 383 383 383 383 383 383 383 383 384 384 384 384 384 384 384 384 384 384 384 384 384 384 384 384 384 384 384 384 384 384 385 385 385 385 385 385 385 385 385 385 385 385 385 385 385 385 385 385 385 385 385 385 385 385 385 385 386 386 386 386 386 386 386 386 386 386 386 386 386 386 386 386 386 386 386 386 386 386 386 386 386 386 386 386 369 369 369 369 369 370 370 370 370 370 370 370 370 370 371 371 371 371 371 371 371 371 371 372 372 372 372 372 372 372 372 372 373 373 373 373 373 373 373 373 374 374 374 374 374 374 374 374 374 375 375 375 375 375 375 375 375 375 376 376 376 376 376 376 376 376 376 377 377 377 377 377 377 377 377 377 378 378 378 378 378 378 378 379 379 379 379 379 379 379 379 379 380 380 380 380 380 380 380 380 380 380 381 381 381 381 381 381 381 381 381 381 381 382 382 382 382 382 382 382 382 382 382 382 382 382 383 383 383 383 383 383 383 383 383 383 383 383 383 383 383 383 383 383 383 383 383 383 384 384 384 384 384 384 384 384 384 384 384 384 384 384 384 384 384 384 384 384 384 385 385 385 385 385 385 385 385 385 385 385 385 385 385 385 385 385 385 385 385 385 385 385 385 385 386 386 386 386 386 386 386 386 386 386 386 386 386 386 386 386 386 386 386 386 386 386 386 386 386 386 386 386 386 386 386 369 369 369 369 369 369 370 370 370 370 370 370 370 370 370 370 371 371 371 371 371 371 371 371 371 372 372 372 372 372 372 372 372 373 373 373 373 373 373 373 373 374 374 374 374 374 374 374 374 374 375 375 375 375 375 375 375 375 375 376 376 376 376 376 376 376 376 376 377 377 377 377 377 377 377 377 377 378 378 378 378 378 378 378 379 379 379 379 379 379 379 379 379 380 380 380 380 380 380 380 380 380 380 381 381 381 381 381 381 381 381 381 381 381 382 382 382 382 382 382 382 382 382 382 382 382 382 383 383 383 383 383 383 383 383 383 383 383 383 383 383 383 383 383 383 383 383 383 384 384 384 384 384 384 384 384 384 384 384 384 384 384 384 384 384 384 384 384 384 385 385 385 385 385 385 385 385 385 385 385 385 385 385 385 385 385 385 385 385 385 385 385 385 385 386 386 386 386 386 386 386 386 386 386 386 386 386 386 386 386 386 386 386 386 386 386 386 386 386 386 386 386 386 386 386 386 386 386 386 369 369 369 369 369 369 370 370 370 370 370 370 370 370 370 370 371 371 371 371 371 371 371 371 371 372 372 372 372 372 372 372 372 373 373 373 373 373 373 373 373 374 374 374 374 374 374 374 374 374 375 375 375 375 375 375 375 375 375 376 376 376 376 376 376 376 376 376 377 377 377 377 377 377 377 377 377 378 378 378 378 378 378 378 379 379 379 379 379 379 379 379 379 380 380 380 380 380 380 380 380 380 380 381 381 381 381 381 381 381 381 381 381 381 382 382 382 382 382 382 382 382 382 382 382 383 383 383 383 383 383 383 383 383 383 383 383 383 383 383 383 383 383 383 383 383 383 383 384 384 384 384 384 384 384 384 384 384 384 384 384 384 384 384 384 384 384 384 385 385 385 385 385 385 385 385 385 385 385 385 385 385 385 385 385 385 385 385 385 385 385 385 385 386 386 386 386 386 386 386 386 386 386 386 386 386 386 386 386 386 386 386 386 386 386 386 386 386 386 386 386 386 386 386 386 386 386 386 386 386 369 369 369 369 369 369 369 370 370 370 370 370 370 370 370 370 371 371 371 371 371 371 371 371 371 372 372 372 372 372 372 372 372 373 373 373 373 373 373 373 373 374 374 374 374 374 374 374 374 374 375 375 375 375 375 375 375 375 375 376 376 376 376 376 376 376 376 376 377 377 377 377 377 377 377 377 377 378 378 378 378 378 378 378 379 379 379 379 379 379 379 379 379 380 380 380 380 380 380 380 380 380 380 381 381 381 381 381 381 381 381 381 381 382 382 382 382 382 382 382 382 382 382 382 382 382 383 383 383 383 383 383 383 383 383 383 383 383 383 383 383 383 383 383 383 383 383 384 384 384 384 384 384 384 384 384 384 384 384 384 384 384 384 384 384 384 384 385 385 385 385 385 385 385 385 385 385 385 385 385 385 385 385 385 385 385 385 385 385 385 386 386 386 386 386 386 386 386 386 386 386 386 386 386 386 386 386 386 386 386 386 386 386 386 386 386 386 386 386 386 386 386 386 386 386 386 386 386 386 386 386 369 369 369 369 370 370 370 370 370 370 370 370 371 371 371 371 371 371 371 371 371 372 372 372 372 372 372 372 373 373 373 373 373 373 373 373 374 374 374 374 374 374 374 374 374 375 375 375 375 375 375 375 375 375 376 376 376 376 376 376 376 376 376 377 377 377 377 377 377 377 377 377 378 378 378 378 378 378 378 379 379 379 379 379 379 379 379 379 380 380 380 380 380 380 380 380 380 380 381 381 381 381 381 381 381 381 381 381 382 382 382 382 382 382 382 382 382 382 382 382 383 383 383 383 383 383 383 383 383 383 383 383 383 383 383 383 383 383 383 383 383 384 384 384 384 384 384 384 384 384 384 384 384 384 384 384 384 384 384 384 384 385 385 385 385 385 385 385 385 385 385 385 385 385 385 385 385 385 385 385 385 385 385 386 386 386 386 386 386 386 386 386 386 386 386 386 386 386 386 386 386 386 386 386 386 386 386 386 386 386 386 386 386 386 386 386 386 386 386 386 386 386 386 386 386 386 386 369 369 369 369 369 370 370 370 370 370 370 371 371 371 371 371 371 371 372 372 372 372 372 372 372 373 373 373 373 373 373 373 373 373 374 374 374 374 374 374 374 374 375 375 375 375 375 375 375 375 375 376 376 376 376 376 376 376 376 376 377 377 377 377 377 377 377 377 377 378 378 378 378 378 378 378 379 379 379 379 379 379 379 379 379 380 380 380 380 380 380 380 380 380 380 381 381 381 381 381 381 381 381 381 381 382 382 382 382 382 382 382 382 382 382 382 382 383 383 383 383 383 383 383 383 383 383 383 383 383 383 383 383 383 383 383 383 384 384 384 384 384 384 384 384 384 384 384 384 384 384 384 384 384 384 384 384 384 385 385 385 385 385 385 385 385 385 385 385 385 385 385 385 385 385 385 385 385 385 386 386 386 386 386 386 386 386 386 386 386 386 386 386 386 386 386 386 386 386 386 386 386 386 386 386 386 386 386 386 386 386 386 386 386 386 386 386 386 386 386 386 386 386 386 369 369 369 369 369 370 370 370 371 371 371 371 371 371 372 372 372 372 372 372 372 373 373 373 373 373 373 373 373 373 374 374 374 374 374 374 374 374 374 375 375 375 375 375 375 375 375 376 376 376 376 376 376 376 376 376 377 377 377 377 377 377 377 377 377 378 378 378 378 378 378 378 379 379 379 379 379 379 379 379 379 380 380 380 380 380 380 380 380 380 381 381 381 381 381 381 381 381 381 381 382 382 382 382 382 382 382 382 382 382 382 382 383 383 383 383 383 383 383 383 383 383 383 383 383 383 383 383 383 383 383 383 383 384 384 384 384 384 384 384 384 384 384 384 384 384 384 384 384 384 384 384 384 385 385 385 385 385 385 385 385 385 385 385 385 385 385 385 385 385 385 385 385 385 386 386 386 386 386 386 386 386 386 386 386 386 386 386 386 386 386 386 386 386 386 386 386 386 386 386 386 386 386 386 386 386 386 386 386 386 386 386 386 386 386 386 386 386 386 386 386 371 371 371 371 371 372 372 372 372 372 372 373 373 373 373 373 373 373 373 373 374 374 374 374 374 374 374 374 374 375 375 375 375 375 375 375 375 376 376 376 376 376 376 376 376 376 377 377 377 377 377 377 377 377 377 378 378 378 378 378 378 378 379 379 379 379 379 379 379 379 380 380 380 380 380 380 380 380 380 380 381 381 381 381 381 381 381 381 381 381 382 382 382 382 382 382 382 382 382 382 382 382 383 383 383 383 383 383 383 383 383 383 383 383 383 383 383 383 383 383 383 383 383 384 384 384 384 384 384 384 384 384 384 384 384 384 384 384 384 384 384 384 385 385 385 385 385 385 385 385 385 385 385 385 385 385 385 385 385 385 385 385 385 386 385 386 386 386 386 386 386 386 386 386 386 386 386 386 386 386 386 386 386 386 386 386 386 386 386 386 386 386 386 386 386 386 386 386 386 386 386 386 386 386 386 386 386 386 386 386 371 371 371 372 372 372 372 372 372 372 373 373 373 373 373 373 373 373 374 374 374 374 374 374 374 374 374 375 375 375 375 375 375 375 375 375 376 376 376 376 376 376 376 376 377 377 377 377 377 377 377 377 377 378 378 378 378 378 378 378 379 379 379 379 379 379 379 379 380 380 380 380 380 380 380 380 380 380 381 381 381 381 381 381 381 381 381 381 382 382 382 382 382 382 382 382 382 382 382 382 383 383 383 383 383 383 383 383 383 383 383 383 383 383 383 383 383 383 383 383 384 384 384 384 384 384 384 384 384 384 384 384 384 384 384 384 384 384 384 384 385 385 385 385 385 385 385 385 385 385 385 385 385 385 385 385 385 385 385 385 385 385 386 386 386 386 386 386 386 386 386 386 386 386 386 386 386 386 386 386 386 386 386 386 386 386 386 386 386 386 386 386 386 386 386 386 386 386 386 386 386 386 386 386 386 386 386 371 371 371 372 372 372 372 372 372 373 373 373 373 373 373 373 373 373 374 374 374 374 374 374 374 374 375 375 375 375 375 375 375 375 375 376 376 376 376 376 376 376 376 377 377 377 377 377 377 377 377 377 378 378 378 378 378 378 378 379 379 379 379 379 379 379 379 380 380 380 380 380 380 380 380 380 381 381 381 381 381 381 381 381 381 381 382 382 382 382 382 382 382 382 382 382 382 382 383 383 383 383 383 383 383 383 383 383 383 383 383 383 383 383 383 383 383 383 384 384 384 384 384 384 384 384 384 384 384 384 384 384 384 384 384 384 384 384 385 385 385 385 385 385 385 385 385 385 385 385 385 385 385 385 385 385 385 385 385 385 386 386 386 386 386 386 386 386 386 386 386 386 386 386 386 386 386 386 386 386 386 386 386 386 386 386 386 386 386 386 386 386 386 386 386 386 386 386 386 386 386 386 386 386 371 371 371 372 372 372 372 372 372 372 373 373 373 373 373 373 373 373 374 374 374 374 374 374 374 374 374 375 375 375 375 375 375 375 375 376 376 376 376 376 376 376 376 377 377 377 377 377 377 377 377 377 378 378 378 378 378 378 378 379 379 379 379 379 379 379 379 380 380 380 380 380 380 380 380 380 381 381 381 381 381 381 381 381 381 381 382 382 382 382 382 382 382 382 382 382 382 382 383 383 383 383 383 383 383 383 383 383 383 383 383 383 383 383 383 383 383 383 384 384 384 384 384 384 384 384 384 384 384 384 384 384 384 384 384 384 384 385 385 385 385 385 385 385 385 385 385 385 385 385 385 385 385 385 385 385 385 385 385 386 386 386 386 386 386 386 386 386 386 386 386 386 386 386 386 386 386 386 386 386 386 386 386 386 386 386 386 386 386 386 386 386 386 386 386 386 386 386 386 386 386 386 371 371 371 372 372 372 372 372 372 372 373 373 373 373 373 373 373 373 374 374 374 374 374 374 374 374 374 375 375 375 375 375 375 375 375 376 376 376 376 376 376 376 376 376 377 377 377 377 377 377 377 377 378 378 378 378 378 378 378 379 379 379 379 379 379 379 379 380 380 380 380 380 380 380 380 380 381 381 381 381 381 381 381 381 381 381 382 382 382 382 382 382 382 382 382 382 382 382 383 383 383 383 383 383 383 383 383 383 383 383 383 383 383 383 383 383 383 383 384 384 384 384 384 384 384 384 384 384 384 384 384 384 384 384 384 384 384 385 385 385 385 385 385 385 385 385 385 385 385 385 385 385 385 385 385 385 385 385 386 386 386 386 386 386 386 386 386 386 386 386 386 386 386 386 386 386 386 386 386 386 386 386 386 386 386 386 386 386 386 386 386 386 386 386 386 386 386 386 386 386 386 370 370 370 370 370 371 371 371 371 371 371 372 372 372 372 372 372 372 372 373 373 373 373 373 373 373 373 374 374 374 374 374 374 374 374 375 375 375 375 375 375 375 375 376 376 376 376 376 376 376 376 376 377 377 377 377 377 377 377 377 378 378 378 378 378 378 378 379 379 379 379 379 379 379 379 380 380 380 380 380 380 380 380 380 381 381 381 381 381 381 381 381 381 381 382 382 382 382 382 382 382 382 382 382 382 383 383 383 383 383 383 383 383 383 383 383 383 383 383 383 383 383 383 383 383 384 384 384 384 384 384 384 384 384 384 384 384 384 384 384 384 384 384 384 384 385 385 385 385 385 385 385 385 385 385 385 385 385 385 385 385 385 385 385 385 385 386 386 386 386 386 386 386 386 386 386 386 386 386 386 386 386 386 386 386 386 386 386 386 386 386 386 386 386 386 386 386 386 386 386 386 386 386 386 386 386 386 386 386 370 370 370 370 370 370 370 370 370 371 371 371 371 371 371 371 371 372 372 372 372 372 372 372 373 373 373 373 373 373 373 373 374 374 374 374 374 374 374 374 375 375 375 375 375 375 375 375 375 376 376 376 376 376 376 376 376 377 377 377 377 377 377 377 377 378 378 378 378 378 378 378 379 379 379 379 379 379 379 379 380 380 380 380 380 380 380 380 380 381 381 381 381 381 381 381 381 381 382 382 382 382 382 382 382 382 382 382 382 382 383 383 383 383 383 383 383 383 383 383 383 383 383 383 383 383 383 383 383 383 384 384 384 384 384 384 384 384 384 384 384 384 384 384 384 384 384 384 384 385 385 385 385 385 385 385 385 385 385 385 385 385 385 385 385 385 385 385 385 385 385 386 386 386 386 386 386 386 386 386 386 386 386 386 386 386 386 386 386 386 386 386 386 386 386 386 386 386 386 386 386 386 386 386 386 386 386 386 386 386 386 386 386 386 386 387 387 387 387 387 387 369 370 370 370 370 370 370 370 370 370 371 371 371 371 371 371 371 371 372 372 372 372 372 372 373 373 373 373 373 373 373 373 374 374 374 374 374 374 374 374 374 375 375 375 375 375 375 375 375 376 376 376 376 376 376 376 376 377 377 377 377 377 377 377 377 378 378 378 378 378 378 378 379 379 379 379 379 379 379 379 380 380 380 380 380 380 380 380 380 381 381 381 381 381 381 381 381 381 382 382 382 382 382 382 382 382 382 382 382 382 383 383 383 383 383 383 383 383 383 383 383 383 383 383 383 383 383 383 383 383 384 384 384 384 384 384 384 384 384 384 384 384 384 384 384 384 384 384 384 385 385 385 385 385 385 385 385 385 385 385 385 385 385 385 385 385 385 385 385 385 385 386 386 386 386 386 386 386 386 386 386 386 386 386 386 386 386 386 386 386 386 386 386 386 386 386 386 386 386 386 386 386 386 386 386 386 386 386 386 386 386 386 386 387 387 387 387 387 387 387 387 388 388 369 369 370 370 370 370 370 370 370 370 371 371 371 371 371 371 371 371 372 372 372 372 372 372 372 373 373 373 373 373 373 373 373 374 374 374 374 374 374 374 374 375 375 375 375 375 375 375 375 376 376 376 376 376 376 376 376 377 377 377 377 377 377 377 377 378 378 378 378 378 378 378 379 379 379 379 379 379 379 379 380 380 380 380 380 380 380 380 380 381 381 381 381 381 381 381 381 381 382 382 382 382 382 382 382 382 382 382 382 383 383 383 383 383 383 383 383 383 383 383 383 383 383 383 383 383 383 383 383 384 384 384 384 384 384 384 384 384 384 384 384 384 384 384 384 384 384 384 385 385 385 385 385 385 385 385 385 385 385 385 385 385 385 385 385 385 385 385 385 385 385 386 386 386 386 386 386 386 386 386 386 386 386 386 386 386 386 386 386 386 386 386 386 386 386 386 386 386 386 386 386 386 386 386 386 386 386 386 386 386 386 387 387 387 387 387 387 387 387 387 387 388 388 388 388 369 369 369 370 370 370 370 370 370 370 370 371 371 371 371 371 371 371 371 371 372 372 372 372 372 372 373 373 373 373 373 373 373 373 374 374 374 374 374 374 374 374 375 375 375 375 375 375 375 375 376 376 376 376 376 376 376 376 377 377 377 377 377 377 377 377 377 378 378 378 378 378 378 379 379 379 379 379 379 379 379 380 380 380 380 380 380 380 380 380 381 381 381 381 381 381 381 381 381 382 382 382 382 382 382 382 382 382 382 382 383 383 383 383 383 383 383 383 383 383 383 383 383 383 383 383 383 383 383 384 384 384 384 384 384 384 384 384 384 384 384 384 384 384 384 384 384 384 384 385 385 385 385 385 385 385 385 385 385 385 385 385 385 385 385 385 385 385 385 385 385 385 386 386 386 386 386 386 386 386 386 386 386 386 386 386 386 386 386 386 386 386 386 386 386 386 386 386 386 386 386 386 386 386 386 386 386 386 386 386 387 387 387 387 387 387 387 387 387 387 387 387 388 388 388 388 388 369 369 369 370 370 370 370 370 370 370 370 371 371 371 371 371 371 371 371 372 372 372 372 372 372 372 373 373 373 373 373 373 373 373 374 374 374 374 374 374 374 374 375 375 375 375 375 375 375 375 376 376 376 376 376 376 376 376 377 377 377 377 377 377 377 377 378 378 378 378 378 378 378 379 379 379 379 379 379 379 379 380 380 380 380 380 380 380 380 381 381 381 381 381 381 381 381 381 382 382 382 382 382 382 382 382 382 382 382 383 383 383 383 383 383 383 383 383 383 383 383 383 383 383 383 383 383 383 384 384 384 384 384 384 384 384 384 384 384 384 384 384 384 384 384 384 384 384 384 385 385 385 385 385 385 385 385 385 385 385 385 385 385 385 385 385 385 385 385 385 385 386 386 386 386 386 386 386 386 386 386 386 386 386 386 386 386 386 386 386 386 386 386 386 386 386 386 386 386 386 386 386 386 386 386 386 386 386 387 387 387 387 387 387 387 387 387 387 387 387 387 388 388 388 388 388 388 369 369 370 370 370 370 370 370 370 370 371 371 371 371 371 371 371 371 371 372 372 372 372 372 372 373 373 373 373 373 373 373 373 374 374 374 374 374 374 374 374 375 375 375 375 375 375 375 375 376 376 376 376 376 376 376 376 377 377 377 377 377 377 377 377 378 378 378 378 378 378 378 379 379 379 379 379 379 379 379 380 380 380 380 380 380 380 380 381 381 381 381 381 381 381 381 381 382 382 382 382 382 382 382 382 382 382 382 383 383 383 383 383 383 383 383 383 383 383 383 383 383 383 383 383 383 383 384 384 384 384 384 384 384 384 384 384 384 384 384 384 384 384 384 384 384 384 384 385 385 385 385 385 385 385 385 385 385 385 385 385 385 385 385 385 385 385 385 385 385 386 386 386 386 386 386 386 386 386 386 386 386 386 386 386 386 386 386 386 386 386 386 386 386 386 386 386 386 386 386 386 386 386 386 386 386 387 387 387 387 387 387 387 387 387 387 387 387 387 387 388 388 388 388 388 369 370 370 370 370 370 370 370 370 371 371 371 371 371 371 371 371 372 372 372 372 372 372 372 373 373 373 373 373 373 373 374 374 374 374 374 374 374 374 375 375 375 375 375 375 375 375 376 376 376 376 376 376 376 376 377 377 377 377 377 377 377 377 378 378 378 378 378 378 378 379 379 379 379 379 379 379 379 380 380 380 380 380 380 380 380 381 381 381 381 381 381 381 381 381 382 382 382 382 382 382 382 382 382 382 383 383 383 383 383 383 383 383 383 383 383 383 383 383 383 383 383 383 383 383 384 384 384 384 384 384 384 384 384 384 384 384 384 384 384 384 384 384 384 384 385 385 385 385 385 385 385 385 385 385 385 385 385 385 385 385 385 385 385 385 385 385 385 386 386 386 386 386 386 386 386 386 386 386 386 386 386 386 386 386 386 386 386 386 386 386 386 386 386 386 386 386 386 386 386 386 386 387 387 387 387 387 387 387 387 387 387 387 387 387 387 387 387 388 388 388 388 370 370 370 370 370 370 370 370 370 371 371 371 371 371 371 371 372 372 372 372 372 372 372 373 373 373 373 373 373 373 373 374 374 374 374 374 374 374 374 375 375 375 375 375 375 375 375 376 376 376 376 376 376 376 376 377 377 377 377 377 377 377 378 378 378 378 378 378 378 379 379 379 379 379 379 379 379 380 380 380 380 380 380 380 380 381 381 381 381 381 381 381 381 382 382 382 382 382 382 382 382 382 382 382 383 383 383 383 383 383 383 383 383 383 383 383 383 383 383 383 383 383 383 384 384 384 384 384 384 384 384 384 384 384 384 384 384 384 384 384 384 384 384 384 385 385 385 385 385 385 385 385 385 385 385 385 385 385 385 385 385 385 385 385 385 385 385 386 386 386 386 386 386 386 386 386 386 386 386 386 386 386 386 386 386 386 386 386 386 386 386 386 386 386 386 386 386 386 386 386 386 387 387 387 387 387 387 387 387 387 387 387 387 387 387 387 387 388 388 388 388 388 388 388 369 369 370 370 370 370 370 370 370 371 371 371 371 371 371 371 372 372 372 372 372 372 372 373 373 373 373 373 373 373 373 374 374 374 374 374 374 374 375 375 375 375 375 375 375 375 376 376 376 376 376 376 376 376 377 377 377 377 377 377 377 377 378 378 378 378 378 378 378 379 379 379 379 379 379 379 379 380 380 380 380 380 380 380 380 381 381 381 381 381 381 381 381 381 381 382 382 382 382 382 382 382 382 382 382 382 382 383 383 383 383 383 383 383 383 383 383 383 383 383 383 383 383 384 384 384 384 384 384 384 384 384 384 384 384 384 384 384 384 384 384 384 384 384 384 384 385 385 385 385 385 385 385 385 385 385 385 385 385 385 385 385 385 385 385 385 385 385 385 385 385 385 385 386 386 386 386 386 386 386 386 386 386 386 386 386 386 386 386 386 386 386 386 386 386 386 386 386 386 386 386 386 386 386 386 386 386 386 386 386 386 386 386 386 386 386 387 387 387 387 387 387 387 387 387 387 387 369 369 369 370 370 370 370 370 370 370 370 371 371 371 371 371 371 372 372 372 372 372 372 372 373 373 373 373 373 373 373 373 374 374 374 374 374 374 374 374 375 375 375 375 375 375 375 375 376 376 376 376 376 376 376 377 377 377 377 377 377 377 377 378 378 378 378 378 378 378 379 379 379 379 379 379 379 379 380 380 380 380 380 380 380 380 381 381 381 381 381 381 381 381 381 382 382 382 382 382 382 382 382 382 382 382 382 383 383 383 383 383 383 383 383 383 383 383 383 383 383 383 383 383 384 384 384 384 384 384 384 384 384 384 384 384 384 384 384 384 384 384 384 384 384 384 385 385 385 385 385 385 385 385 385 385 385 385 385 385 385 385 385 385 385 385 385 385 385 385 385 385 385 385 386 386 386 386 386 386 386 386 386 386 386 386 386 386 386 386 386 386 386 386 386 386 386 386 386 386 386 386 386 386 386 386 386 386 386 386 386 386 386 386 386 386 386 387 387 387 387 387 387 387 387 387 387 387 368 368 368 369 369 369 369 369 369 369 370 370 370 370 370 370 370 370 371 371 371 371 371 372 372 372 372 372 372 372 372 373 373 373 373 373 373 373 373 374 374 374 374 374 374 374 375 375 375 375 375 375 375 375 376 376 376 376 376 376 376 376 377 377 377 377 377 377 377 377 378 378 378 378 378 378 379 379 379 379 379 379 379 379 380 380 380 380 380 380 380 380 381 381 381 381 381 381 381 381 381 382 382 382 382 382 382 382 382 382 382 382 382 383 383 383 383 383 383 383 383 383 383 383 383 383 383 383 383 383 384 384 384 384 384 384 384 384 384 384 384 384 384 384 384 384 384 384 384 384 384 384 385 385 385 385 385 385 385 385 385 385 385 385 385 385 385 385 385 385 385 385 385 385 385 385 385 385 385 386 386 386 386 386 386 386 386 386 386 386 386 386 386 386 386 386 386 386 386 386 386 386 386 386 386 386 386 386 386 386 386 386 386 386 386 386 386 386 386 386 386 386 386 387 387 387 387 387 387 387 387 387 387 387 387 368 368 368 368 369 369 369 369 369 369 369 370 370 370 370 370 370 370 370 371 371 371 371 371 371 372 372 372 372 372 372 372 373 373 373 373 373 373 373 373 374 374 374 374 374 374 374 374 375 375 375 375 375 375 375 375 376 376 376 376 376 376 376 377 377 377 377 377 377 377 377 378 378 378 378 378 378 379 379 379 379 379 379 379 379 380 380 380 380 380 380 380 380 381 381 381 381 381 381 381 381 381 382 382 382 382 382 382 382 382 382 382 382 382 383 383 383 383 383 383 383 383 383 383 383 383 383 383 383 383 383 384 384 384 384 384 384 384 384 384 384 384 384 384 384 384 384 384 384 384 384 384 384 385 385 385 385 385 385 385 385 385 385 385 385 385 385 385 385 385 385 385 385 385 385 385 385 385 385 385 386 386 386 386 386 386 386 386 386 386 386 386 386 386 386 386 386 386 386 386 386 386 386 386 386 386 386 386 386 386 386 386 386 386 386 386 386 386 386 386 386 386 386 386 387 387 387 387 387 387 387 387 387 387 387 387 368 368 368 368 368 369 369 369 369 369 369 369 370 370 370 370 370 370 370 370 371 371 371 371 371 371 372 372 372 372 372 372 372 373 373 373 373 373 373 373 373 374 374 374 374 374 374 374 375 375 375 375 375 375 375 375 376 376 376 376 376 376 376 376 377 377 377 377 377 377 377 378 378 378 378 378 378 378 379 379 379 379 379 379 379 380 380 380 380 380 380 380 380 381 381 381 381 381 381 381 381 381 382 382 382 382 382 382 382 382 382 382 382 383 383 383 383 383 383 383 383 383 383 383 383 383 383 383 383 383 383 384 384 384 384 384 384 384 384 384 384 384 384 384 384 384 384 384 384 384 384 384 384 385 385 385 385 385 385 385 385 385 385 385 385 385 385 385 385 385 385 385 385 385 385 385 385 385 385 385 386 386 386 386 386 386 386 386 386 386 386 386 386 386 386 386 386 386 386 386 386 386 386 386 386 386 386 386 386 386 386 386 386 386 386 386 386 386 386 386 386 386 386 386 387 387 387 387 387 387 387 387 387 387 387 387 387 387 368 368 368 368 368 369 369 369 369 369 369 369 370 370 370 370 370 370 370 370 371 371 371 371 371 372 372 372 372 372 372 372 372 373 373 373 373 373 373 373 374 374 374 374 374 374 374 374 375 375 375 375 375 375 375 376 376 376 376 376 376 376 376 377 377 377 377 377 377 377 377 378 378 378 378 378 378 379 379 379 379 379 379 379 379 380 380 380 380 380 380 380 381 381 381 381 381 381 381 381 381 382 382 382 382 382 382 382 382 382 382 382 383 383 383 383 383 383 383 383 383 383 383 383 383 383 383 383 383 383 384 384 384 384 384 384 384 384 384 384 384 384 384 384 384 384 384 384 384 384 384 385 385 385 385 385 385 385 385 385 385 385 385 385 385 385 385 385 385 385 385 385 385 385 385 385 385 385 385 386 386 386 386 386 386 386 386 386 386 386 386 386 386 386 386 386 386 386 386 386 386 386 386 386 386 386 386 386 386 386 386 386 386 386 386 386 386 386 386 386 386 386 386 387 387 387 387 387 387 387 387 387 387 387 387 387 387 387 368 368 368 368 369 369 369 369 369 369 369 370 370 370 370 370 370 370 371 371 371 371 371 371 372 372 372 372 372 372 372 373 373 373 373 373 373 373 373 374 374 374 374 374 374 374 375 375 375 375 375 375 375 375 376 376 376 376 376 376 376 377 377 377 377 377 377 377 377 378 378 378 378 378 378 379 379 379 379 379 379 379 379 380 380 380 380 380 380 380 381 381 381 381 381 381 381 381 381 382 382 382 382 382 382 382 382 382 382 382 383 383 383 383 383 383 383 383 383 383 383 383 383 383 383 383 383 383 384 384 384 384 384 384 384 384 384 384 384 384 384 384 384 384 384 384 384 384 384 385 385 385 385 385 385 385 385 385 385 385 385 385 385 385 385 385 385 385 385 385 385 385 385 385 385 385 386 386 386 386 386 386 386 386 386 386 386 386 386 386 386 386 386 386 386 386 386 386 386 386 386 386 386 386 386 386 386 386 386 386 386 386 386 386 386 386 386 386 386 386 386 387 387 387 387 387 387 387 387 387 387 387 387 387 387 387 387 387 368 368 368 369 369 369 369 369 369 369 370 370 370 370 370 370 370 371 371 371 371 371 372 372 372 372 372 372 372 372 373 373 373 373 373 373 373 374 374 374 374 374 374 374 374 375 375 375 375 375 375 375 376 376 376 376 376 376 376 376 377 377 377 377 377 377 377 378 378 378 378 378 378 379 379 379 379 379 379 379 379 380 380 380 380 380 380 380 380 381 381 381 381 381 381 381 382 382 382 382 382 382 382 382 382 382 382 382 383 383 383 383 383 383 383 383 383 383 383 383 383 383 383 383 383 383 384 384 384 384 384 384 384 384 384 384 384 384 384 384 384 384 384 384 384 384 384 385 385 385 385 385 385 385 385 385 385 385 385 385 385 385 385 385 385 385 385 385 385 385 385 385 385 385 386 386 386 386 386 386 386 386 386 386 386 386 386 386 386 386 386 386 386 386 386 386 386 386 386 386 386 386 386 386 386 386 386 386 386 386 386 386 386 386 386 386 386 386 386 387 387 387 387 387 387 387 387 387 387 387 387 387 387 387 387 387 387 368 368 368 369 369 369 369 369 369 370 370 370 370 370 370 370 370 371 371 371 371 371 372 372 372 372 372 372 372 372 373 373 373 373 373 373 373 374 374 374 374 374 374 374 375 375 375 375 375 375 375 375 376 376 376 376 376 376 376 377 377 377 377 377 377 377 377 378 378 378 378 378 378 379 379 379 379 379 379 379 380 380 380 380 380 380 380 380 381 381 381 381 381 381 381 382 382 382 382 382 382 382 382 382 382 382 382 383 383 383 383 383 383 383 383 383 383 383 383 383 383 383 383 383 383 384 384 384 384 384 384 384 384 384 384 384 384 384 384 384 384 384 384 384 384 384 385 385 385 385 385 385 385 385 385 385 385 385 385 385 385 385 385 385 385 385 385 385 385 385 385 385 385 386 386 386 386 386 386 386 386 386 386 386 386 386 386 386 386 386 386 386 386 386 386 386 386 386 386 386 386 386 386 386 386 386 386 386 386 386 386 386 386 386 386 386 386 386 387 387 387 387 387 387 387 387 387 387 387 387 387 387 387 387 387 387 387 369 370 370 370 370 370 370 370 371 371 371 371 371 371 372 372 372 372 372 372 372 373 373 373 373 373 373 373 374 374 374 374 374 374 374 374 375 375 375 375 375 375 375 376 376 376 376 376 376 376 376 377 377 377 377 377 377 377 378 378 378 378 378 378 379 379 379 379 379 379 379 380 380 380 380 380 380 380 380 381 381 381 381 381 381 381 381 382 382 382 382 382 382 382 382 382 382 382 382 383 383 383 383 383 383 383 383 383 383 383 383 383 383 383 383 383 384 384 384 384 384 384 384 384 384 384 384 384 384 384 384 384 384 384 384 384 385 385 385 385 385 385 385 385 385 385 385 385 385 385 385 385 385 385 385 385 385 385 385 385 385 385 385 385 386 386 386 386 386 386 386 386 386 386 386 386 386 386 386 386 386 386 386 386 386 386 386 386 386 386 386 386 386 386 386 386 386 386 386 386 386 386 386 386 386 386 386 386 386 387 387 387 387 387 387 387 387 387 387 387 387 387 387 387 387 387 387 387 387 387 369 370 370 370 370 370 370 370 371 371 371 371 371 371 372 372 372 372 372 372 373 373 373 373 373 373 373 373 374 374 374 374 374 374 374 375 375 375 375 375 375 375 375 376 376 376 376 376 376 376 377 377 377 377 377 377 377 378 378 378 378 378 378 379 379 379 379 379 379 379 379 380 380 380 380 380 380 380 381 381 381 381 381 381 381 381 382 382 382 382 382 382 382 382 382 382 382 382 383 383 383 383 383 383 383 383 383 383 383 383 383 383 383 383 383 384 384 384 384 384 384 384 384 384 384 384 384 384 384 384 384 384 384 384 384 384 384 385 385 385 385 385 385 385 385 385 385 385 385 385 385 385 385 385 385 385 385 385 385 385 385 385 385 386 386 386 386 386 386 386 386 386 386 386 386 386 386 386 386 386 386 386 386 386 386 386 386 386 386 386 386 386 386 386 386 386 386 386 386 386 386 386 386 386 386 386 386 386 387 387 387 387 387 387 387 387 387 387 387 387 387 387 387 387 387 387 387 387 387 387 387 387 369 369 370 370 370 370 370 370 371 371 371 371 371 371 372 372 372 372 372 372 372 373 373 373 373 373 373 373 373 374 374 374 374 374 374 374 375 375 375 375 375 375 375 376 376 376 376 376 376 376 376 377 377 377 377 377 377 377 378 378 378 378 378 378 379 379 379 379 379 379 379 380 380 380 380 380 380 380 380 381 381 381 381 381 381 381 382 382 382 382 382 382 382 382 382 382 382 382 382 383 383 383 383 383 383 383 383 383 383 383 383 383 383 383 383 383 384 384 384 384 384 384 384 384 384 384 384 384 384 384 384 384 384 384 384 384 384 385 385 385 385 385 385 385 385 385 385 385 385 385 385 385 385 385 385 385 385 385 385 385 385 385 385 386 386 386 386 386 386 386 386 386 386 386 386 386 386 386 386 386 386 386 386 386 386 386 386 386 386 386 386 386 386 386 386 386 386 386 386 386 386 386 386 386 386 386 386 386 387 387 387 387 387 387 387 387 387 387 387 387 387 387 387 387 387 387 387 387 387 387 387 387 387 387 387 387 387 387 369 369 369 370 370 370 370 370 371 371 371 371 371 371 371 372 372 372 372 372 372 372 373 373 373 373 373 373 373 374 374 374 374 374 374 374 374 375 375 375 375 375 375 375 376 376 376 376 376 376 376 377 377 377 377 377 377 377 378 378 378 378 378 378 379 379 379 379 379 379 379 379 380 380 380 380 380 380 380 381 381 381 381 381 381 381 381 382 382 382 382 382 382 382 382 382 382 382 382 383 383 383 383 383 383 383 383 383 383 383 383 383 383 383 383 383 384 384 384 384 384 384 384 384 384 384 384 384 384 384 384 384 384 384 384 384 384 385 385 385 385 385 385 385 385 385 385 385 385 385 385 385 385 385 385 385 385 385 385 385 385 385 385 386 386 386 386 386 386 386 386 386 386 386 386 386 386 386 386 386 386 386 386 386 386 386 386 386 386 386 386 386 386 386 386 386 386 386 386 386 386 386 386 386 386 386 386 386 387 387 387 387 387 387 387 387 387 387 387 387 387 387 387 387 387 387 387 387 387 387 387 387 387 387 387 387 387 387 387 387 387 387 369 369 369 369 370 370 370 370 371 371 371 371 371 371 371 371 372 372 372 372 372 372 373 373 373 373 373 373 373 373 374 374 374 374 374 374 374 375 375 375 375 375 375 375 376 376 376 376 376 376 376 376 377 377 377 377 377 377 378 378 378 378 378 378 378 379 379 379 379 379 379 379 380 380 380 380 380 380 380 381 381 381 381 381 381 381 381 381 382 382 382 382 382 382 382 382 382 382 382 382 383 383 383 383 383 383 383 383 383 383 383 383 383 383 383 383 383 384 384 384 384 384 384 384 384 384 384 384 384 384 384 384 384 384 384 384 384 384 385 385 385 385 385 385 385 385 385 385 385 385 385 385 385 385 385 385 385 385 385 385 385 385 385 385 386 386 386 386 386 386 386 386 386 386 386 386 386 386 386 386 386 386 386 386 386 386 386 386 386 386 386 386 386 386 386 386 386 386 386 386 386 386 386 386 386 386 386 386 387 387 387 387 387 387 387 387 387 387 387 387 387 387 387 387 387 387 387 387 387 387 387 387 387 387 387 387 387 387 387 387 387 387 387 387 387 387 369 369 369 369 370 370 370 370 371 371 371 371 371 371 371 372 372 372 372 372 372 372 373 373 373 373 373 373 373 374 374 374 374 374 374 374 374 375 375 375 375 375 375 375 376 376 376 376 376 376 376 377 377 377 377 377 377 378 378 378 378 378 378 378 379 379 379 379 379 379 379 380 380 380 380 380 380 380 380 381 381 381 381 381 381 381 381 381 382 382 382 382 382 382 382 382 382 382 382 382 382 383 383 383 383 383 383 383 383 383 383 383 383 383 383 383 384 384 384 384 384 384 384 384 384 384 384 384 384 384 384 384 384 384 384 384 384 384 385 385 385 385 385 385 385 385 385 385 385 385 385 385 385 385 385 385 385 385 385 385 385 385 385 386 386 386 386 386 386 386 386 386 386 386 386 386 386 386 386 386 386 386 386 386 386 386 386 386 386 386 386 386 386 386 386 386 386 386 386 386 386 386 386 386 386 386 386 387 387 387 387 387 387 387 387 387 387 387 387 387 387 387 387 387 387 387 387 387 387 387 387 387 387 387 387 387 387 387 387 387 387 387 387 387 387 387 387 387 387 387 369 369 369 370 370 370 370 371 371 371 371 371 371 371 372 372 372 372 372 372 372 373 373 373 373 373 373 373 374 374 374 374 374 374 374 375 375 375 375 375 375 375 376 376 376 376 376 376 376 376 377 377 377 377 377 378 378 378 378 378 378 378 379 379 379 379 379 379 379 379 380 380 380 380 380 380 380 380 381 381 381 381 381 381 381 381 381 382 382 382 382 382 382 382 382 382 382 382 382 382 383 383 383 383 383 383 383 383 383 383 383 383 383 383 383 384 384 384 384 384 384 384 384 384 384 384 384 384 384 384 384 384 384 384 384 384 384 384 385 385 385 385 385 385 385 385 385 385 385 385 385 385 385 385 385 385 385 385 385 385 385 386 386 386 386 386 386 386 386 386 386 386 386 386 386 386 386 386 386 386 386 386 386 386 386 386 386 386 386 386 386 386 386 386 386 386 386 386 386 386 386 386 386 386 386 387 387 387 387 387 387 387 387 387 387 387 387 387 387 387 387 387 387 387 387 387 387 387 387 387 387 387 387 387 387 387 387 387 387 387 387 387 387 387 387 387 387 387 369 370 370 370 370 371 371 371 371 371 371 371 372 372 372 372 372 372 372 373 373 373 373 373 373 373 374 374 374 374 374 374 374 375 375 375 375 375 375 375 376 376 376 376 376 376 376 376 377 377 377 377 377 378 378 378 378 378 378 378 379 379 379 379 379 379 379 380 380 380 380 380 380 380 380 381 381 381 381 381 381 381 381 381 382 382 382 382 382 382 382 382 382 382 382 382 382 382 383 383 383 383 383 383 383 383 383 383 383 383 383 383 384 384 384 384 384 384 384 384 384 384 384 384 384 384 384 384 384 384 384 384 384 384 384 384 385 385 385 385 385 385 385 385 385 385 385 385 385 385 385 385 385 385 385 385 385 385 386 386 386 386 386 386 386 386 386 386 386 386 386 386 386 386 386 386 386 386 386 386 386 386 386 386 386 386 386 386 386 386 386 386 386 386 386 386 386 386 386 386 386 386 387 387 387 387 387 387 387 387 387 387 387 387 387 387 387 388 387 387 387 387 387 387 387 387 387 387 387 387 387 387 387 387 387 387 387 387 387 387 387 387 387 387 387 387 370 370 370 371 371 371 371 371 371 372 372 372 372 372 372 372 373 373 373 373 373 373 373 373 374 374 374 374 374 374 374 375 375 375 375 375 375 375 376 376 376 376 376 376 376 377 377 377 377 377 378 378 378 378 378 378 378 378 379 379 379 379 379 379 379 380 380 380 380 380 380 380 380 381 381 381 381 381 381 381 381 381 382 382 382 382 382 382 382 382 382 382 382 382 382 382 383 383 383 383 383 383 383 383 383 383 383 383 383 383 384 384 384 384 384 384 384 384 384 384 384 384 384 384 384 384 384 384 384 384 384 384 384 384 385 385 385 385 385 385 385 385 385 385 385 385 385 385 385 385 385 385 385 385 386 386 386 386 386 386 386 386 386 386 386 386 386 386 386 386 386 386 386 386 386 386 386 386 386 386 386 386 386 386 386 386 386 386 386 386 386 386 386 386 386 386 386 386 386 387 387 387 387 387 387 387 387 387 387 387 387 387 387 387 387 387 387 387 387 387 387 387 387 387 387 387 387 387 387 387 387 387 387 387 387 387 387 387 387 387 387 387 387 387 370 371 371 371 371 371 371 372 372 372 372 372 372 372 373 373 373 373 373 373 373 374 374 374 374 374 374 374 375 375 375 375 375 375 375 375 376 376 376 376 376 376 376 377 377 377 377 377 378 378 378 378 378 378 378 379 379 379 379 379 379 379 379 380 380 380 380 380 380 380 380 381 381 381 381 381 381 381 381 381 381 382 382 382 382 382 382 382 382 382 382 382 382 383 383 383 383 383 383 383 383 383 383 383 383 383 383 384 383 384 384 384 384 384 384 384 384 384 384 384 384 384 384 384 384 385 385 384 384 384 384 384 385 385 385 385 385 385 385 385 385 385 385 385 385 385 385 385 385 385 385 386 386 386 386 386 386 386 386 386 386 386 386 386 386 386 386 386 386 386 386 386 386 386 386 386 386 386 386 386 386 386 386 386 386 386 386 386 386 386 386 386 386 386 386 386 387 387 387 387 387 387 387 387 387 387 387 387 387 387 387 387 387 387 387 387 387 387 387 387 387 387 387 387 387 387 387 387 387 387 387 387 387 387 387 387 387 387 387 387 387 371 371 371 371 371 371 372 372 372 372 372 372 372 373 373 373 373 373 373 374 374 374 374 374 374 374 375 375 375 375 375 375 375 375 376 376 376 376 376 376 376 377 377 377 377 378 378 378 378 378 378 378 378 379 379 379 379 379 379 379 380 380 380 380 380 380 380 380 381 381 381 381 381 381 381 381 381 381 381 381 382 382 382 382 382 382 382 382 382 382 382 383 383 383 383 383 383 383 383 383 383 383 383 383 383 384 384 384 384 384 384 384 384 384 384 384 384 384 384 384 384 385 385 385 385 385 385 384 384 385 385 385 385 385 385 385 385 385 385 385 385 385 385 385 385 385 385 385 386 386 386 386 386 386 386 386 386 386 386 386 386 386 386 386 386 386 386 386 386 386 386 386 386 386 386 386 386 386 386 386 386 386 386 386 386 386 386 386 386 386 386 386 386 387 387 387 387 387 387 387 387 387 387 387 387 387 387 387 387 387 387 387 387 387 387 387 387 387 387 387 387 387 387 387 387 387 387 387 387 387 387 387 387 387 387 387 387 387 387 371 371 371 371 372 372 372 372 372 372 372 373 373 373 373 373 373 374 374 374 374 374 374 374 375 375 375 375 375 375 375 375 376 376 376 376 376 376 377 377 377 377 377 378 378 378 378 378 378 378 379 379 379 379 379 379 379 379 380 380 380 380 380 380 380 380 381 381 381 381 381 381 381 381 381 381 381 381 382 382 382 382 382 382 382 382 382 382 382 383 383 383 383 383 383 383 383 383 383 383 383 383 383 384 384 384 384 384 384 384 384 384 384 384 384 384 384 384 384 385 385 385 385 385 385 384 384 385 385 385 385 385 385 385 385 385 385 385 385 385 385 385 385 385 385 385 385 386 386 386 386 386 386 386 386 386 386 386 386 386 386 386 386 386 386 386 386 386 386 386 386 386 386 386 386 386 386 386 386 386 386 386 386 386 386 386 386 386 386 386 387 387 387 387 387 387 387 387 387 387 387 387 387 387 387 387 387 387 387 387 387 387 387 387 387 387 387 387 387 387 387 387 387 387 387 387 387 387 387 387 387 387 387 387 387 387 387 387 387 371 371 372 372 372 372 372 372 373 373 373 373 373 373 373 374 374 374 374 374 374 374 375 375 375 375 375 375 375 376 376 376 376 376 376 377 377 377 377 377 378 378 378 378 378 378 378 378 379 379 379 379 379 379 379 380 380 380 380 380 380 380 380 381 381 381 381 381 381 381 381 381 381 381 381 382 382 382 382 382 382 382 382 382 382 382 383 383 383 383 383 383 383 383 383 383 383 383 383 384 384 384 384 384 384 384 384 384 384 384 384 384 384 384 384 384 384 385 385 385 385 385 384 384 385 385 385 385 385 385 385 385 385 385 385 385 385 385 385 385 385 385 385 386 386 386 386 386 386 386 386 386 386 386 386 386 386 386 386 386 386 386 386 386 386 386 386 386 386 386 386 386 386 386 386 386 386 386 386 386 386 386 386 386 386 387 387 387 387 387 387 387 387 387 387 387 387 387 387 387 387 387 387 387 387 387 387 387 387 387 387 387 387 387 387 387 387 387 387 387 387 387 387 387 387 387 387 387 387 387 387 387 387 387 387 387 387 387 387 387 387 387 374 374 374 374 374 375 375 375 375 375 375 375 375 376 376 376 376 376 376 377 377 377 377 377 378 378 378 378 378 378 378 378 379 379 379 379 379 379 379 380 380 380 380 380 380 380 380 380 380 380 380 381 381 381 381 381 381 381 381 382 382 382 382 382 382 382 382 382 382 383 383 383 383 383 383 383 383 383 383 383 383 383 383 384 384 384 384 384 384 384 384 384 384 384 384 384 384 384 384 384 384 384 385 385 385 384 384 385 385 385 385 385 385 385 385 385 385 385 385 385 385 385 385 385 385 385 386 386 386 386 386 386 386 386 386 386 386 386 386 386 386 386 386 386 386 386 386 386 386 386 386 386 386 386 386 386 386 386 386 386 386 386 386 386 386 386 386 386 387 387 387 387 387 387 387 387 387 387 387 387 387 387 387 387 387 387 387 387 387 387 387 387 387 387 387 387 387 387 387 387 387 387 387 387 387 387 387 387 387 387 387 387 387 387 387 387 387 387 387 387 387 387 387 387 387 387 387 387 387 387 387 374 374 374 374 374 375 375 375 375 375 375 375 375 376 376 376 376 376 376 377 377 377 377 377 377 377 377 378 378 378 378 378 378 378 379 379 379 379 379 379 379 379 380 380 380 380 380 380 380 380 380 381 381 381 381 381 381 381 381 381 381 382 382 382 382 382 382 382 382 382 383 383 383 383 383 383 383 383 383 383 383 383 383 383 384 384 384 384 384 384 384 384 384 384 384 384 384 384 384 384 384 384 384 384 385 385 384 385 385 385 385 385 385 385 385 385 385 385 385 385 385 385 385 385 385 385 386 386 386 385 386 386 386 386 386 386 386 386 386 386 386 386 386 386 386 386 386 386 386 386 386 386 386 386 386 386 386 386 386 386 386 386 386 386 386 386 386 386 386 387 387 387 387 387 387 387 387 387 387 387 387 387 387 387 387 387 387 387 387 387 387 387 387 387 387 387 387 387 387 387 387 387 387 387 387 387 387 387 387 387 387 387 387 387 387 387 387 387 387 387 387 387 387 387 387 387 387 387 387 387 387 387 387 387 387 387 374 374 374 374 374 375 375 375 375 375 375 375 375 376 376 376 376 376 376 376 377 377 377 377 377 377 378 378 378 378 378 378 378 378 379 379 379 379 379 379 379 379 379 379 380 380 380 380 380 380 381 381 381 381 381 381 381 381 381 381 381 382 382 382 382 382 382 382 382 382 383 383 383 383 383 383 383 383 383 383 383 383 383 383 384 384 384 384 384 384 384 384 384 384 384 384 384 384 384 384 384 384 384 384 385 384 385 385 385 385 385 385 385 385 385 385 385 385 385 385 385 385 385 385 385 385 386 385 385 386 386 386 386 386 386 386 386 386 386 386 386 386 386 386 386 386 386 386 386 386 386 386 386 386 386 386 386 386 386 386 386 386 386 386 386 386 386 386 387 387 387 387 387 387 387 387 387 387 387 387 387 387 387 387 387 387 387 387 387 387 387 387 387 387 387 387 387 387 387 387 387 387 387 387 387 387 387 387 387 387 387 387 387 387 387 387 387 387 387 387 387 387 387 387 387 387 387 387 387 387 387 387 387 387 387 387 387 387 387 387 371 371 371 372 374 374 374 374 374 375 375 375 375 375 375 375 375 376 376 376 376 376 376 377 377 377 377 377 377 378 378 378 378 378 378 378 378 378 379 379 379 379 379 379 379 379 379 380 380 380 380 380 380 380 381 381 381 381 381 381 381 381 381 381 381 382 382 382 382 382 382 382 382 383 383 383 383 383 383 383 383 383 383 383 383 383 383 383 384 384 384 384 384 384 384 384 384 384 384 384 384 384 384 384 384 384 384 384 385 385 385 385 385 385 385 385 385 385 385 385 385 385 385 385 385 385 385 385 385 385 385 386 386 386 386 386 386 386 386 386 386 386 386 386 386 386 386 386 386 386 386 386 386 386 386 386 386 386 386 386 386 386 386 386 386 386 386 386 386 386 386 387 387 387 387 387 387 387 387 387 387 387 387 387 387 387 387 387 387 387 387 387 387 387 387 387 387 387 387 387 387 387 387 387 387 387 387 387 387 387 387 387 387 387 387 387 387 387 387 387 387 387 387 387 387 387 387 387 387 387 387 387 387 387 387 387 387 387 387 387 387 387 387 369 369 369 370 371 371 372 372 374 374 374 374 374 375 375 375 375 375 375 375 375 376 376 376 376 376 377 377 377 377 377 377 377 378 377 378 378 378 378 378 378 378 379 379 379 379 379 379 379 379 380 380 380 380 380 380 380 381 380 380 381 381 381 381 381 381 381 381 381 381 382 382 382 382 382 382 382 383 383 383 383 383 383 383 383 383 383 383 383 383 383 383 383 384 384 384 384 384 384 384 384 384 384 384 384 384 384 384 384 384 384 385 385 385 385 385 385 385 385 385 385 385 385 385 385 385 385 385 385 385 385 385 385 385 386 386 386 386 386 386 386 386 386 386 386 386 386 386 386 386 386 386 386 386 386 386 386 386 386 386 386 386 386 386 386 386 386 386 386 386 386 386 386 386 387 387 387 387 387 387 387 387 387 387 387 387 387 387 387 387 387 387 387 387 387 387 387 387 387 387 387 387 387 387 387 387 387 387 387 387 387 387 387 387 387 387 387 387 387 387 387 387 387 387 387 387 387 387 387 387 387 387 387 387 387 387 387 387 387 387 387 387 387 387 387 387 387 387 387 387 369 369 369 370 370 371 371 371 371 372 372 373 373 373 374 374 374 374 374 374 375 375 375 375 375 375 375 376 375 376 376 376 377 377 377 377 377 377 378 378 378 378 378 378 378 378 378 378 379 379 379 379 379 379 380 379 379 380 380 380 380 380 380 380 380 380 381 381 381 381 381 381 381 381 381 381 381 382 382 382 382 382 382 382 382 383 383 383 383 383 383 383 383 383 383 383 383 383 383 383 383 383 383 384 384 384 384 384 384 384 384 384 384 384 384 384 385 385 385 385 385 385 385 385 385 385 385 385 385 385 385 385 385 385 385 385 385 385 385 385 386 386 386 386 386 386 386 386 386 386 386 386 386 386 386 386 386 386 386 386 386 386 386 386 386 386 386 386 386 386 386 386 386 386 386 386 386 386 386 386 387 387 387 387 387 387 387 387 387 387 387 387 387 387 387 387 387 387 387 387 387 387 387 387 387 387 387 387 387 387 387 387 387 387 387 387 387 387 387 387 387 387 387 387 387 387 387 387 387 387 387 387 387 387 387 387 387 387 387 387 387 387 387 387 387 387 387 387 387 387 387 387 387 387 387 387 387 387 369 369 370 370 370 370 371 371 371 372 372 372 373 374 374 374 374 374 374 374 374 375 375 375 375 375 375 375 376 375 376 376 377 377 377 377 377 377 377 378 378 378 378 378 378 378 378 378 379 379 379 379 379 379 379 379 379 380 380 380 380 380 380 380 380 380 380 381 381 381 381 381 381 381 381 381 381 381 381 381 382 382 382 382 382 382 382 382 383 383 383 383 383 383 383 383 383 383 383 383 383 383 383 383 383 384 384 384 384 384 384 384 384 384 384 385 385 385 385 385 385 385 385 385 385 385 385 385 385 385 385 385 385 385 385 385 385 385 385 385 386 386 386 386 386 386 386 386 386 386 386 386 386 386 386 386 386 386 386 386 386 386 386 386 386 386 386 386 386 386 386 386 386 386 386 386 386 386 386 386 387 387 387 387 387 387 387 387 387 387 387 387 387 387 387 387 387 387 387 387 387 387 387 387 387 387 387 387 387 387 387 387 387 387 387 387 387 387 387 387 387 387 387 387 387 387 387 387 387 387 387 387 387 387 387 387 387 387 387 387 387 387 387 387 387 387 387 387 387 387 387 386 387 387 387 387 387 387 387 369 369 369 370 370 370 370 370 370 370 371 371 371 371 371 371 372 372 372 372 372 372 373 373 373 373 374 374 374 374 374 374 375 375 375 375 375 375 375 375 375 376 376 377 377 376 377 377 377 377 377 378 378 378 378 378 378 378 378 378 379 379 379 379 379 379 379 379 380 380 380 380 380 380 380 381 380 380 381 381 381 381 381 381 381 381 381 381 381 381 381 382 382 382 382 382 382 382 382 382 382 382 382 383 383 383 383 383 383 383 383 383 383 383 383 383 383 383 384 384 384 384 384 384 384 384 384 385 385 385 385 385 385 385 385 385 385 385 385 385 385 385 385 385 385 385 385 385 385 385 385 386 386 386 386 386 386 386 386 386 386 386 386 386 386 386 386 386 386 386 386 386 386 386 386 386 386 386 386 386 386 386 386 386 386 386 386 386 386 386 386 387 387 387 387 387 387 387 387 387 387 387 387 387 387 387 387 387 387 387 387 388 388 387 387 387 387 387 387 387 387 387 387 387 387 387 387 387 387 387 387 387 387 387 387 387 387 387 387 387 387 387 387 387 387 387 387 387 387 387 387 387 387 387 387 387 387 387 387 387 387 387 387 386 386 387 387 387 387 387 387 386 387 369 369 369 369 369 369 370 370 370 370 370 370 370 371 371 371 371 371 371 372 372 372 372 372 372 372 373 373 373 373 373 373 373 373 374 374 374 374 374 375 375 375 375 375 375 376 376 375 376 376 376 376 376 377 377 377 377 377 377 378 378 378 378 378 378 378 379 379 379 379 379 379 380 380 380 380 380 380 380 380 380 381 381 381 381 381 381 381 381 381 381 381 381 381 381 382 382 382 382 382 382 382 382 382 382 382 382 382 383 383 383 383 383 383 383 383 383 383 383 384 384 384 384 384 383 383 383 384 384 384 384 384 384 384 385 385 385 385 385 385 385 385 385 385 385 385 385 385 385 385 385 385 385 385 385 385 385 386 386 386 386 386 386 386 386 386 386 386 386 386 386 386 386 386 386 386 386 386 386 386 386 386 386 386 386 386 386 386 386 386 387 387 386 386 387 387 386 386 387 387 387 387 387 387 387 387 387 387 387 387 387 387 387 387 387 387 387 387 387 387 387 387 387 387 387 387 387 387 387 387 387 387 387 387 387 387 387 387 387 387 387 387 387 387 387 387 387 387 387 387 387 387 387 387 387 387 387 387 387 387 387 386 386 386 386 386 386 386 386 386 386 386 386 386 386 386 387 387 387 386 387 368 368 369 369 369 369 369 369 370 370 370 370 370 370 370 370 371 371 371 371 371 372 372 372 372 372 372 372 372 373 373 373 373 373 373 374 374 374 374 374 375 375 375 375 375 375 375 376 375 376 376 376 376 376 377 377 377 377 377 378 377 378 378 378 379 379 379 379 379 379 379 379 379 379 379 380 380 380 380 380 380 381 381 381 381 381 381 381 381 381 381 381 381 381 382 382 382 382 382 382 382 382 382 382 382 382 382 383 383 383 383 383 383 383 383 383 383 383 383 383 383 383 383 384 384 384 384 384 383 384 384 384 384 384 384 385 385 385 385 385 385 385 385 385 385 385 385 385 385 385 385 385 385 385 385 385 385 385 386 386 386 386 386 386 386 386 386 386 386 386 386 386 386 386 386 386 386 386 386 386 386 386 386 386 386 386 386 386 386 386 386 387 387 387 387 387 387 387 387 387 387 387 387 387 387 387 387 387 387 387 387 387 387 387 387 387 387 387 387 387 387 387 387 388 387 387 387 387 387 387 387 387 387 387 387 387 387 387 387 387 387 387 387 387 387 387 387 387 387 387 387 387 387 387 387 387 387 387 387 387 386 386 386 386 386 386 386 386 386 386 386 386 386 386 386 386 386 386 386 386 386 386 368 368 368 368 369 369 369 369 369 369 369 370 370 370 370 370 370 370 371 371 371 371 371 372 372 372 372 372 372 372 372 372 373 373 373 373 373 374 374 374 374 374 375 375 375 375 375 375 375 376 376 376 376 376 376 376 377 377 377 377 377 378 377 378 378 378 378 378 378 379 379 379 379 379 379 379 379 379 379 380 380 380 380 380 380 380 380 381 381 381 381 381 381 381 381 381 381 382 382 382 382 382 382 382 382 382 382 382 382 382 382 383 383 383 383 383 383 383 383 383 383 383 383 383 383 383 384 384 384 384 384 384 384 384 384 384 384 384 385 385 385 385 385 385 385 385 385 385 385 385 385 385 385 385 385 385 385 385 385 385 385 386 386 386 386 386 386 386 386 386 386 386 386 386 386 386 386 386 386 386 386 386 386 386 386 386 386 386 386 386 386 386 386 387 387 387 387 387 387 387 387 387 387 387 387 387 387 387 387 387 387 387 387 387 387 387 387 387 387 387 387 387 387 387 388 388 387 387 387 387 387 387 387 387 387 387 387 387 387 387 387 387 387 387 387 387 387 387 387 387 387 387 387 387 387 387 387 387 387 387 387 386 386 386 387 387 387 386 386 386 386 386 386 386 386 386 386 386 386 386 386 386 386 386 366 366 366 367 367 368 368 368 368 368 369 369 369 369 369 369 369 370 370 370 370 370 370 371 371 371 371 371 371 371 372 372 372 372 372 372 372 372 372 373 373 373 373 373 374 374 374 374 374 374 375 375 375 375 375 375 376 376 376 377 377 377 377 377 377 377 378 378 378 378 378 378 378 378 378 378 379 379 379 378 378 379 379 379 379 379 380 380 380 380 380 380 380 380 380 381 381 381 381 381 381 381 381 381 382 382 382 382 382 382 382 382 382 382 382 382 383 383 383 383 383 383 383 383 383 383 383 383 383 383 383 384 384 384 384 384 384 384 384 384 384 384 384 385 385 385 385 385 385 385 385 385 385 385 385 385 385 385 385 385 385 385 385 385 385 385 386 386 386 386 386 386 386 386 386 386 386 386 386 386 386 386 386 386 386 386 386 386 386 386 386 386 386 386 386 386 386 386 387 387 387 387 387 387 387 387 387 387 387 387 387 387 387 387 387 387 387 387 387 387 387 387 387 387 387 387 387 387 387 387 387 387 387 387 387 387 387 387 387 387 387 387 387 387 387 387 387 387 387 387 387 387 387 387 387 387 387 387 387 387 387 387 387 387 387 386 386 386 387 387 387 387 387 387 387 388 387 387 386 386 386 386 386 386 386 386 386 386 386 366 366 366 367 367 367 367 367 367 367 368 368 368 368 368 369 369 369 369 369 369 369 370 370 370 370 370 371 371 371 371 371 371 371 371 372 372 372 372 372 372 372 373 373 373 373 373 373 373 374 374 374 374 374 374 375 375 375 375 375 376 376 376 376 376 376 376 377 377 377 377 377 377 377 377 377 378 378 378 378 378 378 379 378 378 379 379 379 379 379 379 380 380 380 380 380 380 380 380 380 381 381 381 381 381 381 381 381 381 382 382 382 382 382 382 382 382 382 382 382 382 383 383 383 383 383 383 383 383 383 383 383 383 384 384 384 384 384 384 384 384 384 384 384 384 384 384 384 385 385 385 385 385 385 385 385 385 385 385 385 385 385 385 385 385 385 385 385 385 385 385 386 386 386 386 386 386 386 386 386 386 386 386 386 386 386 386 386 386 386 386 386 386 386 386 386 386 386 386 386 386 386 386 387 387 387 387 387 387 387 387 387 387 387 387 387 387 387 387 387 387 387 387 387 387 387 387 387 387 387 387 387 387 387 387 387 387 387 387 387 387 387 387 387 387 387 387 387 387 387 387 387 387 387 387 387 387 387 387 387 387 387 387 387 387 387 387 387 386 387 387 387 387 387 387 387 387 387 387 387 387 387 386 386 387 387 386 386 387 387 366 366 366 366 366 367 367 367 367 367 367 368 368 368 368 368 369 369 369 369 369 369 369 369 370 370 370 370 370 370 371 371 371 371 371 371 371 371 372 372 372 372 372 372 373 373 373 373 373 373 373 373 374 374 374 374 374 374 375 375 375 375 375 376 376 376 376 376 376 376 376 377 377 377 377 377 377 377 378 378 378 378 378 378 378 378 379 379 379 379 379 379 379 379 380 380 380 380 380 380 380 381 381 381 381 381 381 381 381 381 381 382 382 382 382 382 382 382 382 382 382 383 383 383 383 383 383 383 383 383 383 383 383 383 384 384 384 384 384 384 384 384 384 384 384 384 384 384 384 385 385 385 385 385 385 385 385 385 385 385 385 385 385 385 385 385 385 385 385 385 385 385 386 386 386 386 386 386 386 386 386 386 386 386 386 386 386 386 386 386 386 386 386 386 386 386 386 386 386 386 386 386 386 386 387 387 387 387 387 387 387 387 387 388 387 387 387 387 387 387 387 387 387 387 387 387 387 387 387 387 387 387 387 387 387 387 387 387 387 387 387 387 387 387 387 387 387 387 387 387 387 387 387 387 387 387 387 387 387 387 387 387 387 387 387 387 387 387 387 387 387 387 387 387 387 386 387 387 387 387 387 387 387 387 387 387 387 387 366 366 366 366 366 367 367 367 367 367 368 368 368 368 368 368 369 369 369 369 369 369 369 369 370 370 370 370 370 370 370 371 371 371 371 371 371 372 372 372 372 372 372 372 373 373 373 373 373 373 373 374 374 374 374 374 374 375 375 375 375 375 375 376 376 376 376 376 376 376 377 377 377 377 377 377 377 378 378 378 378 378 378 379 379 379 379 379 379 379 379 379 380 380 380 380 380 380 380 380 380 381 381 381 381 381 381 381 381 382 382 382 382 382 382 382 382 382 382 382 382 383 383 383 383 383 383 383 383 383 383 383 383 383 384 384 384 384 384 384 384 384 384 384 384 384 384 384 384 385 385 385 385 385 385 385 385 385 385 385 385 385 385 385 385 385 385 385 385 385 385 386 386 386 386 386 386 386 386 386 386 386 386 386 386 386 386 386 386 386 386 386 386 386 386 386 386 386 386 386 386 386 386 386 387 387 387 387 387 387 387 387 387 388 387 387 387 387 387 387 387 387 387 387 387 387 387 387 387 387 387 387 387 387 387 387 387 387 387 387 387 387 387 387 387 387 387 387 387 387 387 387 387 387 387 387 387 387 387 387 387 387 387 387 387 387 387 387 387 387 387 387 387 387 387 387 387 387 387 387 387 387 387 387 387 387 387 366 366 366 366 366 367 367 367 367 368 368 368 368 368 368 368 369 369 369 369 369 369 369 369 370 370 370 370 370 370 371 371 371 371 371 371 372 372 372 372 372 372 372 373 373 373 373 373 373 373 374 374 374 374 374 374 375 375 375 375 375 375 376 376 376 376 376 376 376 376 377 377 377 377 377 377 377 378 378 378 378 378 378 379 379 379 379 379 379 379 379 379 380 380 380 380 380 380 380 380 381 381 381 381 381 381 381 381 381 382 382 382 382 382 382 382 382 382 382 382 383 383 383 383 383 383 383 383 383 383 383 383 383 383 384 384 384 384 384 384 384 384 384 384 384 384 384 384 384 385 385 385 385 385 385 385 385 385 385 385 385 385 385 385 385 385 385 385 385 385 386 386 386 386 386 386 386 386 386 386 386 386 386 386 386 386 386 386 386 386 386 386 386 386 386 386 386 386 386 386 386 386 386 386 386 386 387 387 387 387 387 387 388 388 387 387 387 387 387 387 387 387 387 387 387 387 387 387 387 387 387 387 387 387 387 387 387 387 387 387 387 387 387 387 387 387 387 387 387 387 387 387 387 387 387 387 387 387 387 387 387 387 387 387 387 387 387 387 387 387 387 387 387 387 387 387 387 387 387 387 387 387 387 386 387 387 366 366 366 366 366 366 367 367 367 367 368 368 368 368 368 368 368 369 369 369 369 369 369 369 369 370 370 370 370 370 370 371 371 371 371 371 371 372 372 372 372 372 372 372 373 373 373 373 373 373 373 374 374 374 374 374 374 375 375 375 375 375 376 376 376 376 376 376 376 376 377 377 377 377 377 377 377 377 378 378 378 378 378 378 378 379 379 379 379 379 379 379 379 380 380 380 380 380 380 380 381 381 381 381 381 381 381 381 381 381 381 382 382 382 382 382 382 382 382 382 382 383 383 383 383 383 383 383 383 383 383 383 383 383 383 384 384 384 384 384 384 384 384 384 384 384 384 384 384 384 385 385 385 385 385 385 385 385 385 385 385 385 385 385 385 385 385 385 385 385 385 386 386 386 386 386 386 386 386 386 386 386 386 386 386 386 386 386 386 386 386 386 386 386 386 386 386 386 386 386 386 386 386 386 386 387 387 387 387 387 387 387 388 387 387 387 387 387 387 387 387 387 387 387 387 387 387 387 387 387 387 387 387 387 387 387 387 387 387 387 387 387 387 387 387 387 387 387 387 387 387 387 387 387 387 387 387 387 387 387 387 387 387 387 387 387 387 387 387 387 387 387 387 387 387 387 387 387 387 387 387 387 387 386 387 387 386 366 366 366 366 366 366 367 367 367 367 368 368 368 368 368 368 368 369 369 369 369 369 369 369 370 370 370 370 370 370 371 371 371 371 371 371 371 372 372 372 372 372 372 373 373 373 373 373 373 373 373 374 374 374 374 374 374 375 375 375 375 375 376 376 376 376 376 376 376 377 377 377 377 377 377 377 377 378 378 378 378 378 378 378 379 379 379 379 379 379 379 379 380 380 380 380 380 380 380 380 381 381 381 381 381 381 381 381 381 381 382 382 382 382 382 382 382 382 382 382 382 383 383 383 383 383 383 383 383 383 383 383 383 383 384 384 384 384 384 384 384 384 384 384 384 384 384 384 384 384 385 385 385 385 385 385 385 385 385 385 385 385 385 385 385 385 385 385 385 385 385 386 386 386 386 386 386 386 386 386 386 386 386 386 386 386 386 386 386 386 386 386 386 386 386 386 386 386 386 386 386 386 386 386 387 387 387 387 387 387 387 388 387 387 387 387 387 387 387 387 387 387 387 387 387 387 387 387 387 387 387 387 387 387 387 387 387 387 387 387 387 387 387 387 387 387 387 387 387 387 387 387 387 387 387 387 387 387 387 387 387 387 387 387 387 387 387 387 387 387 387 387 387 387 387 387 387 387 387 387 387 386 386 386 386 366 366 366 366 366 366 367 367 367 367 368 368 368 368 368 368 368 369 369 369 369 369 369 370 370 370 370 370 370 370 371 371 371 371 371 371 372 372 372 372 372 372 372 373 373 373 373 373 373 373 374 374 374 374 374 374 374 375 375 375 375 375 376 376 376 376 376 376 376 377 377 377 377 377 377 377 378 378 378 378 378 378 378 378 379 379 379 379 379 379 379 380 380 380 380 380 380 380 380 380 380 381 381 381 381 381 381 381 381 381 382 382 382 382 382 382 382 382 382 382 382 383 383 383 383 383 383 383 383 383 383 383 383 383 384 384 384 384 384 384 384 384 384 384 384 384 384 384 384 385 385 385 385 385 385 385 385 385 385 385 385 385 385 385 385 385 385 385 385 385 386 386 386 386 386 386 386 386 386 386 386 386 386 386 386 386 386 386 386 386 386 386 386 386 386 386 386 386 386 386 386 386 386 386 387 387 387 387 387 387 387 387 387 387 387 387 387 387 387 387 387 387 387 387 387 387 387 387 387 387 387 387 387 387 387 387 387 387 387 387 387 387 387 387 387 387 387 387 387 387 387 387 387 387 387 387 387 387 387 387 387 387 387 387 387 387 387 387 387 387 387 387 387 387 387 387 387 387 387 387 387 386 386 365 366 366 366 366 366 366 367 367 367 367 367 368 368 368 368 368 368 369 369 369 369 369 369 369 370 370 370 370 370 370 370 371 371 371 371 371 371 372 372 372 372 372 372 372 373 373 373 373 373 373 373 374 374 374 374 374 374 375 375 375 375 375 376 376 376 376 376 376 376 377 377 377 377 377 377 377 377 378 378 378 378 378 378 378 379 379 379 379 379 379 379 379 380 380 380 380 380 380 380 380 380 380 381 381 381 381 381 381 381 381 381 382 382 382 382 382 382 382 382 382 382 382 383 383 383 383 383 383 383 383 383 383 383 383 384 384 384 384 384 384 384 384 384 384 384 384 384 384 384 384 385 385 385 385 385 385 385 385 385 385 385 385 385 385 385 385 385 385 385 385 386 386 386 386 386 386 386 386 386 386 386 386 386 386 386 386 386 386 386 386 386 386 386 386 386 386 386 386 386 386 386 386 386 386 386 387 387 387 387 387 387 387 387 387 387 387 387 387 387 387 387 387 387 387 387 387 387 387 387 387 387 387 387 387 387 387 387 387 387 387 387 387 387 387 387 387 387 387 387 387 387 387 387 387 387 387 387 387 387 387 387 387 387 387 387 387 387 387 387 387 387 387 387 387 387 387 387 387 387 387 387 386 365 365 365 366 366 366 366 366 367 367 367 367 367 368 368 368 368 368 368 369 369 369 369 369 369 369 370 370 370 370 370 370 371 371 371 371 371 371 371 372 372 372 372 372 372 372 373 373 373 373 373 373 373 374 374 374 374 374 375 375 375 375 375 375 376 376 376 376 376 376 376 377 377 377 377 377 377 377 377 378 378 378 378 378 378 378 379 379 379 379 379 379 379 379 380 380 380 380 380 380 380 380 380 381 381 381 381 381 381 381 381 381 382 382 382 382 382 382 382 382 382 382 382 383 383 383 383 383 383 383 383 383 383 383 383 384 384 384 384 384 384 384 384 384 384 384 384 384 384 384 384 384 385 385 385 385 385 385 385 385 385 385 385 385 385 385 385 385 385 385 385 385 386 386 386 386 386 386 386 386 386 386 386 386 386 386 386 386 386 386 386 386 386 386 386 386 386 386 386 386 386 386 386 386 386 386 387 387 387 387 387 387 387 387 387 387 387 387 387 387 387 387 387 387 387 387 387 387 387 387 387 387 387 387 387 387 387 387 387 387 387 387 387 387 387 387 387 387 387 387 387 387 387 387 387 387 387 387 387 387 387 387 387 387 387 387 387 387 387 387 387 387 387 387 387 387 387 387 387 387 387 386 386 365 365 365 366 366 366 366 366 367 367 367 367 367 367 368 368 368 368 368 368 369 369 369 369 369 369 370 370 370 370 370 370 370 371 371 371 371 371 371 371 372 372 372 372 372 372 372 373 373 373 373 373 373 373 374 374 374 374 375 375 375 375 375 375 375 376 376 376 376 376 376 376 377 377 377 377 377 377 377 378 378 378 378 378 378 378 378 379 379 379 379 379 379 379 379 380 380 380 380 380 380 380 380 380 381 381 381 381 381 381 381 381 381 382 382 382 382 382 382 382 382 382 382 382 383 383 383 383 383 383 383 383 383 383 383 383 384 384 384 384 384 384 384 384 384 384 384 384 384 384 384 384 385 385 385 385 385 385 385 385 385 385 385 385 385 385 385 385 385 385 385 385 386 386 386 386 386 386 386 386 386 386 386 386 386 386 386 386 386 386 386 386 386 386 386 386 386 386 386 386 386 386 386 386 386 386 386 387 387 387 387 387 387 387 387 387 387 387 387 387 387 387 387 387 387 387 387 387 387 387 387 387 387 387 387 387 387 387 387 387 387 387 387 387 387 387 387 387 387 387 387 387 387 387 387 387 387 387 387 387 387 387 387 387 387 387 387 387 387 387 387 387 387 387 387 387 387 387 387 387 386 386 365 365 365 365 366 366 366 366 367 367 367 367 367 367 368 368 368 368 368 368 368 369 369 369 369 369 369 370 370 370 370 370 370 370 371 371 371 371 371 371 371 372 372 372 372 372 372 373 373 373 373 373 373 373 373 374 374 374 374 375 375 375 375 375 375 376 376 376 376 376 376 376 376 377 377 377 377 377 377 377 378 378 378 378 378 378 378 379 379 379 379 379 379 379 379 379 380 380 380 380 380 380 380 380 380 381 381 381 381 381 381 381 381 381 382 382 382 382 382 382 382 382 382 382 382 383 383 383 383 383 383 383 383 383 383 383 383 384 384 384 384 384 384 384 384 384 384 384 384 384 384 384 384 385 385 385 385 385 385 385 385 385 385 385 385 385 385 385 385 385 385 385 386 386 386 386 386 386 386 386 386 386 386 386 386 386 386 386 386 386 386 386 386 386 386 386 386 386 386 386 386 386 386 386 386 386 386 387 387 387 387 387 387 387 387 387 387 387 387 387 387 387 387 387 387 387 387 387 387 387 387 387 387 387 387 387 387 387 387 387 387 387 387 387 387 387 387 387 387 387 387 387 387 387 387 387 387 387 387 387 387 387 387 387 387 387 387 387 387 387 387 387 387 387 387 387 387 387 387 387 387 387 365 365 365 365 365 365 365 366 366 366 367 367 367 367 367 367 368 368 368 368 368 368 368 369 369 369 369 369 369 370 370 370 370 370 370 370 371 371 371 371 371 371 372 372 372 372 372 372 372 373 373 373 373 373 373 373 373 374 374 374 375 375 375 375 375 375 375 376 376 376 376 376 376 376 377 377 377 377 377 377 377 377 378 378 378 378 378 378 378 379 379 379 379 379 379 379 379 379 380 380 380 380 380 380 380 380 380 381 381 381 381 381 381 381 381 381 382 382 382 382 382 382 382 382 382 382 382 383 383 383 383 383 383 383 383 383 383 383 384 384 384 384 384 384 384 384 384 384 384 384 384 384 384 384 385 385 385 385 385 385 385 385 385 385 385 385 385 385 385 385 385 385 385 385 386 386 386 386 386 386 386 386 386 386 386 386 386 386 386 386 386 386 386 386 386 386 386 386 386 386 386 386 386 386 386 386 386 386 386 387 387 387 387 387 387 387 387 387 387 387 387 387 387 387 387 387 387 387 387 387 387 387 387 387 387 387 387 387 387 387 387 387 387 387 387 387 387 387 387 387 387 387 387 387 387 387 387 387 387 387 387 387 387 387 387 387 387 387 387 387 387 387 387 387 387 387 387 387 387 387 387 387 365 365 365 365 365 365 366 366 366 366 367 367 367 367 367 367 368 368 368 368 368 368 368 369 369 369 369 369 369 370 370 370 370 370 370 371 371 371 371 371 371 371 372 372 372 372 372 372 372 373 373 373 373 373 373 373 374 374 374 375 375 375 375 375 375 375 376 376 376 376 376 376 376 376 377 377 377 377 377 377 377 378 378 378 378 378 378 378 378 379 379 379 379 379 379 379 379 380 380 380 380 380 380 380 380 380 381 381 381 381 381 381 381 381 381 381 382 382 382 382 382 382 382 382 382 382 383 383 383 383 383 383 383 383 383 383 383 383 384 384 384 384 384 384 384 384 384 384 384 384 384 384 384 385 385 385 385 385 385 385 385 385 385 385 385 385 385 385 385 385 385 385 385 386 386 386 386 386 386 386 386 386 386 386 386 386 386 386 386 386 386 386 386 386 386 386 386 386 386 386 386 386 386 386 386 386 386 386 387 387 387 387 387 387 387 387 387 387 387 387 387 387 387 387 387 387 387 387 387 387 387 387 387 387 387 387 387 387 387 387 387 387 387 387 387 387 387 387 387 387 387 387 387 387 387 387 387 387 387 387 387 387 387 387 387 387 387 387 387 387 387 387 387 387 387 387 364 365 365 365 365 365 365 366 366 366 366 367 367 367 367 367 367 368 368 368 368 368 368 368 369 369 369 369 369 369 370 370 370 370 370 370 371 371 371 371 371 371 371 372 372 372 372 372 372 372 373 373 373 373 373 373 373 374 374 374 375 375 375 375 375 375 375 376 376 376 376 376 376 376 377 377 377 377 377 377 377 377 378 378 378 378 378 378 378 378 379 379 379 379 379 379 379 379 380 380 380 380 380 380 380 380 380 381 381 381 381 381 381 381 381 381 381 382 382 382 382 382 382 382 382 382 382 383 383 383 383 383 383 383 383 383 383 383 384 384 384 384 384 384 384 384 384 384 384 384 384 384 384 385 385 385 385 385 385 385 385 385 385 385 385 385 385 385 385 385 385 385 385 385 386 386 386 386 386 386 386 386 386 386 386 386 386 386 386 386 386 386 386 386 386 386 386 386 386 386 386 386 386 386 386 386 386 386 387 387 387 387 387 387 387 387 387 387 387 387 387 387 387 387 387 387 387 387 387 387 387 387 387 387 387 387 387 387 387 387 387 387 387 387 387 387 387 387 387 387 387 387 387 387 387 387 387 387 387 387 387 387 387 387 387 387 387 387 387 387 387 364 364 365 365 365 365 365 365 366 366 366 366 367 367 367 367 367 367 368 368 368 368 368 368 368 369 369 369 369 369 369 370 370 370 370 370 370 371 371 371 371 371 371 371 372 372 372 372 372 372 372 373 373 373 373 373 373 374 374 374 374 375 375 375 375 375 375 375 376 376 376 376 376 376 376 377 377 377 377 377 377 377 377 378 378 378 378 378 378 378 378 379 379 379 379 379 379 379 379 380 380 380 380 380 380 380 380 380 381 381 381 381 381 381 381 381 381 381 382 382 382 382 382 382 382 382 382 383 383 383 383 383 383 383 383 383 383 383 384 384 384 384 384 384 384 384 384 384 384 384 384 384 384 385 385 385 385 385 385 385 385 385 385 385 385 385 385 385 385 385 385 385 385 385 386 386 386 386 386 386 386 386 386 386 386 386 386 386 386 386 386 386 386 386 386 386 386 386 386 386 386 386 386 386 386 386 386 386 387 387 387 387 387 387 387 387 387 387 387 387 387 387 387 387 387 387 387 387 387 387 387 387 387 387 387 387 387 387 387 387 387 387 387 387 387 387 387 387 387 387 387 387 387 387 387 387 387 387 387 387 387 387 387 387 387 387 387 387 387 387 387 387 364 364 364 365 365 365 365 365 366 366 366 366 366 367 367 367 367 367 367 368 368 368 368 368 368 369 369 369 369 369 369 369 370 370 370 370 370 370 371 371 371 371 371 371 371 372 372 372 372 372 372 373 373 373 373 373 373 373 374 374 374 374 375 375 375 375 375 375 375 376 376 376 376 376 376 376 377 377 377 377 377 377 377 377 378 378 378 378 378 378 378 378 379 379 379 379 379 379 379 379 380 380 380 380 380 380 380 380 380 381 381 381 381 381 381 381 381 381 382 382 382 382 382 382 382 382 382 382 383 383 383 383 383 383 383 383 383 383 383 384 384 384 384 384 384 384 384 384 384 384 384 384 385 385 385 385 385 385 385 385 385 385 385 385 385 385 385 385 385 385 385 385 385 385 385 386 386 386 386 386 386 386 386 386 386 386 386 386 386 386 386 386 386 386 386 386 386 386 386 386 386 386 386 386 386 386 386 386 387 387 387 387 387 387 387 387 387 387 387 387 387 387 387 387 387 387 387 387 387 387 387 387 387 387 387 387 387 387 387 387 387 387 387 387 387 387 387 387 387 387 387 387 387 387 387 387 387 387 387 387 387 387 387 387 387 387 387 387 387 387 387 387 387 387 364 364 364 364 365 365 365 365 365 365 366 366 366 366 366 366 367 367 367 367 367 367 368 368 368 368 368 368 369 369 369 369 369 369 370 370 370 370 370 370 371 371 371 371 371 371 371 372 372 372 372 372 372 373 373 373 373 373 373 374 374 374 374 374 374 375 375 375 375 375 375 375 376 376 376 376 376 376 376 377 377 377 377 377 377 377 377 378 378 378 378 378 378 378 378 378 379 379 379 379 379 379 379 379 380 380 380 380 380 380 380 380 381 381 381 381 381 381 381 381 381 381 382 382 382 382 382 382 382 382 382 382 383 383 383 383 383 383 383 383 383 383 383 383 383 383 384 384 384 384 384 384 384 384 384 384 384 384 385 384 384 384 384 384 385 385 385 385 385 385 385 385 385 385 385 385 385 385 385 385 385 385 385 385 385 385 385 385 385 386 386 386 386 386 386 386 386 386 386 386 386 386 386 386 386 386 386 386 386 388 388 388 388 388 388 388 388 388 388 388 388 388 388 388 388 388 388 388 388 388 388 388 388 388 388 388 388 388 388 388 388 388 388 388 388 388 388 388 388 388 388 388 388 388 388 388 387 388 388 387 387 387 387 387 387 387 387 387 387 387 387 387 387 387 387 387 387 387 363 364 364 364 364 364 364 365 365 365 365 365 366 366 366 366 366 366 366 367 367 367 367 367 367 368 368 368 368 368 368 369 369 369 369 369 369 370 370 370 370 370 370 371 371 371 371 371 371 372 372 372 372 372 372 372 373 373 373 373 373 374 374 374 374 374 374 374 375 375 375 375 375 375 375 376 376 376 376 376 376 376 377 377 377 377 377 377 377 377 378 378 378 378 378 378 378 378 378 379 379 379 379 379 379 379 380 380 380 380 380 380 380 380 380 381 381 381 381 381 381 381 381 381 381 382 382 382 382 382 382 382 382 382 382 383 383 383 383 383 383 383 383 383 383 383 383 383 384 384 384 384 384 384 384 384 384 384 384 384 384 384 384 384 384 385 385 385 385 385 385 385 385 385 385 385 385 385 385 385 385 385 385 385 385 385 385 385 385 385 385 386 386 386 386 386 386 386 386 386 386 386 386 386 386 386 386 386 386 386 386 387 388 388 388 388 388 388 388 388 388 388 388 388 388 388 388 388 388 388 388 388 388 388 388 388 388 388 388 388 388 388 388 388 388 387 387 388 388 388 388 388 388 388 388 388 388 387 388 387 387 387 387 387 387 387 387 387 387 387 387 387 387 387 387 387 387 387 387 387 363 363 363 363 363 364 364 364 364 364 365 365 365 365 365 366 366 366 366 366 366 367 367 367 367 367 367 367 368 368 368 368 368 369 369 369 369 369 369 369 370 370 370 370 370 370 371 371 371 371 371 371 372 372 372 372 372 372 372 373 373 373 373 373 374 374 374 374 374 374 374 375 375 375 375 375 375 375 376 376 376 376 376 376 376 377 377 377 377 377 377 377 378 378 378 378 378 378 378 378 378 378 379 379 379 379 379 379 379 380 380 380 380 380 380 380 380 381 381 381 381 381 381 381 381 381 381 381 382 382 382 382 382 382 382 382 382 382 383 383 383 383 383 383 383 383 383 383 383 383 384 384 384 384 384 384 384 384 384 384 384 384 384 384 384 384 384 384 385 385 385 385 385 385 385 385 385 385 385 385 385 385 385 385 385 385 385 385 385 385 385 385 385 385 386 385 386 386 386 385 386 386 386 386 386 386 386 386 386 386 386 386 386 387 387 387 388 388 388 388 388 388 388 388 388 388 388 388 388 388 388 388 388 388 388 388 388 388 388 388 388 388 388 388 388 388 388 387 387 387 387 388 388 388 388 388 388 388 387 387 387 387 387 387 387 387 387 387 387 387 387 387 387 387 387 387 387 387 387 387 387 387 364 364 365 365 365 365 365 366 366 366 366 366 366 367 367 367 367 367 367 368 368 368 368 368 368 369 369 369 369 369 369 370 370 370 370 370 370 370 371 371 371 371 371 371 372 372 372 372 372 372 373 373 373 373 373 373 374 374 374 374 374 374 374 375 375 375 375 375 375 376 376 376 376 376 376 376 377 377 377 377 377 377 377 377 378 378 378 378 378 378 378 378 378 378 379 379 379 379 379 379 379 380 380 380 380 380 380 380 380 381 381 381 381 381 381 381 381 381 381 381 382 382 382 382 382 382 382 382 382 382 383 383 383 383 383 383 383 383 383 383 383 384 384 384 384 384 384 384 384 384 384 384 384 384 384 384 384 384 384 385 385 385 385 385 385 385 385 385 385 385 385 385 385 385 385 385 385 385 385 385 385 385 385 385 385 385 385 385 386 385 386 386 386 386 386 386 386 386 386 386 386 386 386 386 387 387 387 387 388 388 388 388 388 388 388 388 388 388 388 388 388 388 388 388 388 388 388 388 388 388 388 388 388 388 388 388 388 388 388 387 387 387 387 387 387 388 387 387 387 387 387 387 387 387 387 387 387 387 387 387 387 387 387 387 387 387 387 387 387 387 387 387 387 364 365 365 365 365 365 366 366 366 366 366 366 367 367 367 367 367 367 368 368 368 368 368 368 369 369 369 369 369 369 370 370 370 370 370 370 371 371 371 371 371 371 371 372 372 372 372 372 372 373 373 373 373 373 374 374 374 374 374 374 374 374 375 375 375 375 375 375 376 376 376 376 376 376 376 377 377 377 377 377 377 377 377 378 378 378 378 378 378 378 378 379 379 379 379 379 379 379 379 380 380 380 380 380 380 380 380 380 381 381 381 381 381 381 381 381 381 381 382 382 382 382 382 382 382 382 382 382 383 383 383 383 383 383 383 383 383 383 383 383 384 384 384 384 384 384 384 384 384 384 384 384 384 384 384 384 384 384 385 385 385 385 385 385 385 385 385 385 385 385 385 385 385 385 385 385 385 385 385 385 385 385 385 385 385 385 385 385 386 386 386 386 386 386 386 386 386 386 386 386 386 386 387 387 387 387 387 388 388 388 388 388 388 388 388 388 388 388 388 388 388 388 388 388 388 388 388 388 388 388 388 388 388 388 388 388 388 388 388 387 387 387 387 387 387 387 387 387 387 387 387 387 387 387 387 387 387 387 387 387 387 387 387 387 387 387 387 387 387 387 387 387 387 387 387 387 364 365 365 365 365 365 366 366 366 366 366 366 367 367 367 367 367 367 368 368 368 368 368 368 369 369 369 369 369 369 370 370 370 370 370 370 371 371 371 371 371 371 371 372 372 372 372 372 372 373 373 373 373 373 374 374 374 374 374 374 374 375 375 375 375 375 375 375 376 376 376 376 376 376 376 377 377 377 377 377 377 377 377 378 378 378 378 378 378 378 378 379 379 379 379 379 379 379 379 380 380 380 380 380 380 380 380 380 381 381 381 381 381 381 381 381 381 381 382 382 382 382 382 382 382 382 382 382 383 383 383 383 383 383 383 383 383 383 383 383 384 384 384 384 384 384 384 384 384 384 384 384 384 384 384 384 384 385 385 385 385 385 385 385 385 385 385 385 385 385 385 385 385 385 385 385 385 385 385 385 385 385 385 385 385 385 385 385 386 386 385 386 386 386 386 386 386 386 386 386 386 387 387 387 387 387 387 388 388 388 388 388 388 388 388 388 388 388 388 388 388 388 388 388 388 388 388 388 388 388 388 388 388 388 388 388 388 388 388 388 387 387 387 387 387 387 387 387 387 387 387 387 387 387 387 387 387 387 387 387 387 387 387 387 387 387 387 387 387 387 387 387 387 387 387 387 387 387 387 387 364 364 364 365 365 365 365 365 365 366 366 366 366 366 366 367 367 367 367 367 367 368 368 368 368 368 368 369 369 369 369 369 369 370 370 370 370 370 370 371 371 371 371 371 371 371 372 372 372 372 372 372 373 373 373 373 373 374 374 374 374 374 374 374 375 375 375 375 375 375 375 376 376 376 376 376 376 376 377 377 377 377 377 377 377 377 378 378 378 378 378 378 378 379 379 379 379 379 379 379 379 379 380 380 380 380 380 380 380 380 380 381 381 381 381 381 381 381 381 381 382 382 382 382 382 382 382 382 382 382 382 383 383 383 383 383 383 383 383 383 383 383 383 384 384 384 384 384 384 384 384 384 384 384 384 384 384 384 384 385 385 385 385 385 385 385 385 385 385 385 385 385 385 385 385 385 385 385 385 385 385 385 385 385 385 385 385 385 385 385 385 385 385 386 385 386 386 386 386 386 386 386 386 387 387 387 387 387 387 387 387 388 388 388 388 388 388 388 388 388 388 388 388 388 388 388 388 388 388 388 388 388 388 388 388 388 388 388 388 388 388 388 388 388 388 388 388 387 387 387 387 387 387 387 387 387 387 387 387 387 387 387 387 387 387 387 387 387 387 387 387 387 387 387 387 387 387 387 387 387 387 387 387 387 387 364 364 364 364 364 364 365 365 365 365 365 366 366 366 366 366 366 366 367 367 367 367 367 367 368 368 368 368 368 368 369 369 369 369 369 369 370 370 370 370 370 370 371 371 371 371 371 371 372 372 372 372 372 372 372 373 373 373 373 373 374 374 374 374 374 374 374 375 375 375 375 375 375 375 376 376 376 376 376 376 376 377 377 377 377 377 377 377 378 378 378 378 378 378 378 378 379 379 379 379 379 379 379 379 379 380 380 380 380 380 380 380 380 380 381 381 381 381 381 381 381 381 381 382 382 382 382 382 382 382 382 382 382 383 383 383 383 383 383 383 383 383 383 383 383 384 384 384 384 384 384 384 384 384 384 384 384 384 384 384 384 384 385 385 385 385 385 385 385 385 385 385 385 385 385 385 385 385 385 385 385 385 385 385 385 385 385 385 385 385 385 385 385 385 385 385 385 386 386 386 386 386 386 386 386 387 387 387 387 387 387 387 387 387 387 388 388 388 388 388 388 388 388 388 388 388 388 388 388 388 388 388 388 388 388 388 388 388 388 388 388 388 388 388 388 388 388 388 388 388 387 387 387 387 387 387 387 387 387 387 387 387 387 387 387 387 387 387 387 387 387 387 387 387 387 387 387 387 387 387 387 387 387 387 387 387 387 387 387 387 363 363 363 363 364 364 364 364 364 364 365 365 365 365 365 365 366 366 366 366 366 366 367 367 367 367 367 367 368 368 368 368 368 369 369 369 369 369 369 369 370 370 370 370 370 370 371 371 371 371 371 371 372 372 372 372 372 372 373 373 373 373 373 373 374 374 374 374 374 374 374 375 375 375 375 375 375 375 376 376 376 376 376 376 376 377 377 377 377 377 377 377 378 378 378 378 378 378 378 378 379 379 379 379 379 379 379 379 379 380 380 380 380 380 380 380 380 380 381 381 381 381 381 381 381 381 381 382 382 382 382 382 382 382 382 382 382 382 383 383 383 383 383 383 383 383 383 383 383 384 384 384 384 384 384 384 384 384 384 384 384 384 384 384 384 385 385 385 385 385 385 385 385 385 385 385 385 385 385 385 385 385 385 385 385 385 385 385 385 385 385 385 385 385 385 385 385 385 385 385 385 386 386 386 386 386 386 386 387 387 387 387 387 387 387 387 387 387 387 387 388 388 388 388 388 388 388 388 388 388 388 388 388 388 388 388 388 388 388 388 388 388 388 388 388 388 388 388 388 387 387 388 388 387 387 387 387 387 387 387 387 387 387 387 387 387 387 387 387 387 387 387 387 387 387 387 387 387 387 387 387 387 387 387 387 387 387 387 387 387 387 387 387 387 361 361 362 362 363 363 363 363 363 364 364 364 364 365 365 365 365 365 365 366 366 366 366 366 366 367 367 367 367 367 368 368 368 368 368 368 369 369 369 369 369 369 370 370 370 370 370 370 370 371 371 371 371 371 371 372 372 372 372 372 373 373 373 373 373 373 373 374 374 374 374 374 374 375 375 375 375 375 375 375 376 376 376 376 376 376 376 376 377 377 377 377 377 377 377 378 378 378 378 378 378 378 378 379 379 379 379 379 379 379 379 379 380 380 380 380 380 380 380 380 381 381 381 381 381 381 381 381 381 382 382 382 382 382 382 382 382 382 382 382 383 383 383 383 383 383 383 383 383 383 383 383 384 384 384 384 384 384 384 384 384 384 384 384 384 384 384 384 385 385 385 385 385 385 385 385 385 385 385 385 385 385 385 385 385 385 385 385 385 385 385 385 385 385 385 385 385 385 385 385 385 385 385 386 386 386 386 386 386 386 387 387 387 387 387 387 387 387 387 387 387 387 387 388 388 388 388 388 388 388 388 388 388 388 388 388 388 388 388 388 388 388 388 388 388 388 388 388 388 388 387 387 387 387 387 387 387 387 387 387 387 387 387 387 387 387 387 387 387 387 387 387 387 387 387 387 387 387 387 387 387 387 387 387 387 387 387 387 387 387 387 387 387 387 387 387 387 360 361 361 361 361 362 362 362 363 363 363 363 363 364 365 365 365 365 365 365 366 366 366 366 367 367 367 367 367 367 368 368 368 368 368 368 369 369 369 369 369 369 370 370 370 370 370 370 371 371 371 371 371 371 371 372 372 372 372 372 373 373 373 373 373 373 374 374 374 374 374 374 374 375 375 375 375 375 375 375 376 376 376 376 376 376 376 377 377 377 377 377 377 377 377 378 378 378 378 378 378 378 378 379 379 379 379 379 379 379 379 380 380 380 380 380 380 380 380 380 381 381 381 381 381 381 381 381 381 382 382 382 382 382 382 382 382 382 382 382 383 383 383 383 383 383 383 383 383 383 383 384 384 384 384 384 384 384 384 384 384 384 384 384 384 384 384 385 385 385 385 385 385 385 385 385 385 385 385 385 385 385 385 385 385 385 385 385 385 385 385 385 385 385 385 385 385 385 385 385 385 385 385 385 386 386 386 386 386 387 387 387 387 387 387 387 387 387 387 387 387 387 387 387 387 387 388 388 388 388 388 388 388 388 388 388 388 388 388 388 388 388 388 388 388 388 388 388 388 387 388 387 387 387 387 387 387 387 387 387 387 387 387 387 387 387 387 387 387 387 387 387 387 387 387 387 387 387 387 387 387 387 387 387 387 387 387 387 387 387 387 387 387 387 387 386 360 360 360 361 361 361 361 361 362 362 362 362 363 363 363 363 363 365 365 365 367 367 367 367 368 368 368 368 368 368 369 369 369 369 369 369 370 370 370 370 370 370 371 371 371 371 371 371 372 372 372 372 372 373 373 373 373 373 373 373 374 374 374 374 374 374 374 375 375 375 375 375 375 375 376 376 376 376 376 376 376 377 377 377 377 377 377 377 377 378 378 378 378 378 378 378 379 379 379 379 379 379 379 379 379 380 380 380 380 380 380 380 380 380 381 381 381 381 381 381 381 381 381 382 382 382 382 382 382 382 382 382 382 383 383 383 383 383 383 383 383 383 383 383 383 384 384 384 384 384 384 384 384 384 384 384 384 384 384 384 385 385 385 385 385 385 385 385 385 385 385 385 385 385 385 385 385 385 385 385 385 385 385 385 385 385 385 385 385 385 385 385 385 385 385 385 385 385 385 385 386 386 387 387 387 387 387 387 387 387 387 387 387 387 387 387 387 387 387 387 387 387 387 388 388 388 388 388 388 388 388 388 388 388 388 388 388 388 388 388 388 388 388 387 388 387 387 387 387 387 387 387 387 387 387 387 387 387 387 387 387 387 387 387 387 387 387 387 387 387 387 387 387 387 387 387 387 387 387 387 387 387 387 387 387 387 387 387 386 360 360 360 360 361 361 361 361 361 362 362 362 362 362 362 363 367 367 367 368 368 368 368 368 368 369 369 369 369 369 370 370 370 370 370 370 370 371 371 371 371 371 371 372 372 372 372 372 373 373 373 373 373 373 373 374 374 374 374 374 374 374 375 375 375 375 375 375 375 376 376 376 376 376 376 376 377 377 377 377 377 377 377 377 378 378 378 378 378 378 378 379 379 379 379 379 379 379 379 379 380 380 380 380 380 380 380 380 381 381 381 381 381 381 381 381 381 381 382 382 382 382 382 382 382 382 382 382 383 383 383 383 383 383 383 383 383 383 383 384 384 384 384 384 384 384 384 384 384 384 384 384 384 384 384 385 385 385 385 385 385 385 385 385 385 385 385 385 385 385 385 385 385 385 385 385 385 385 385 385 385 385 385 385 385 385 385 385 385 385 385 385 385 385 385 385 387 387 387 387 387 387 387 387 387 387 387 387 387 387 387 387 387 387 387 387 387 387 387 388 388 388 388 388 388 388 388 388 388 388 388 388 388 388 388 387 387 387 387 387 387 387 387 387 387 387 387 387 387 387 387 387 387 387 387 387 387 387 387 387 387 387 387 387 387 387 387 387 387 387 387 387 387 387 387 387 387 387 387 387 387 387 387 360 360 360 360 361 361 361 361 361 362 362 362 362 362 367 367 368 368 368 368 368 369 369 369 369 369 369 369 370 370 370 370 370 370 371 371 371 371 371 371 372 372 372 372 372 373 373 373 373 373 373 373 374 374 374 374 374 374 374 375 375 375 375 375 375 375 376 376 376 376 376 376 376 377 377 377 377 377 377 377 378 378 378 378 378 378 378 378 379 379 379 379 379 379 379 379 379 380 380 380 380 380 380 380 380 381 381 381 381 381 381 381 381 381 381 382 382 382 382 382 382 382 382 382 382 383 383 383 383 383 383 383 383 383 383 383 384 384 384 384 384 384 384 384 384 384 384 384 384 384 384 385 385 385 385 385 385 385 385 385 385 385 385 385 385 385 385 385 385 385 385 385 385 385 385 385 385 385 385 385 385 385 385 385 385 385 385 385 385 385 385 385 387 387 387 387 387 387 387 387 387 387 387 387 387 387 387 387 387 387 387 387 387 387 387 387 387 387 388 388 388 388 388 388 388 388 388 388 387 387 387 387 387 387 387 387 387 387 387 387 387 387 387 387 387 387 387 387 387 387 387 387 387 387 387 387 387 387 387 387 387 387 387 387 387 387 387 387 387 387 387 386 386 387 387 387 360 360 360 360 361 361 361 361 361 362 368 368 368 368 368 368 369 369 369 369 369 369 370 370 370 370 370 370 370 371 371 371 371 371 371 372 372 372 372 372 373 373 373 373 373 373 373 374 374 374 374 374 374 374 375 375 375 375 375 375 375 376 376 376 376 376 376 376 377 377 377 377 377 377 377 378 378 378 378 378 378 378 378 379 379 379 379 379 379 379 379 380 380 380 380 380 380 380 380 380 381 381 381 381 381 381 381 381 381 381 382 382 382 382 382 382 382 382 382 383 383 383 383 383 383 383 383 383 383 383 383 384 384 384 384 384 384 384 384 384 384 384 384 384 384 385 385 385 385 385 385 385 385 385 385 385 385 385 385 385 385 385 385 385 385 385 385 385 385 385 385 385 385 385 385 385 385 385 385 385 385 385 385 385 385 385 387 387 387 387 387 387 387 387 387 387 387 387 387 387 387 387 387 387 387 387 387 387 387 387 387 387 387 387 388 388 388 388 388 388 387 387 387 387 387 387 387 387 387 387 387 387 387 387 387 387 387 387 387 387 387 387 387 387 387 387 387 387 387 387 387 387 387 387 387 387 387 387 387 387 387 387 387 387 387 387 387 360 360 360 361 361 361 361 361 367 368 368 368 368 368 368 369 369 369 369 369 369 370 370 370 370 370 370 371 371 371 371 371 371 372 372 372 372 372 373 373 373 373 373 373 373 373 374 374 374 374 374 374 374 375 375 375 375 375 375 376 376 376 376 376 376 376 377 377 377 377 377 377 377 377 378 378 378 378 378 378 378 378 379 379 379 379 379 379 379 379 380 380 380 380 380 380 380 380 380 381 381 381 381 381 381 381 381 381 382 382 382 382 382 382 382 382 382 382 383 383 383 383 383 383 383 383 383 383 383 383 384 384 384 384 384 384 384 384 384 384 384 384 384 384 385 385 385 385 385 385 385 385 385 385 385 385 385 385 385 385 385 385 385 385 385 385 385 385 385 385 385 385 385 385 385 385 385 385 385 385 385 385 385 385 387 387 387 387 387 387 387 387 387 387 387 387 387 387 387 387 387 387 387 387 387 387 387 387 387 387 387 387 387 387 387 388 388 387 387 387 387 387 387 387 387 387 387 387 387 387 387 387 387 387 387 387 387 387 387 387 387 387 387 387 387 387 387 387 387 387 387 387 387 387 387 387 387 386 360 360 360 360 361 361 367 367 367 368 368 368 368 368 368 369 369 369 369 369 369 370 370 370 370 370 370 371 371 371 371 371 371 372 372 372 372 372 373 373 373 373 373 373 373 374 374 374 374 374 374 374 375 375 375 375 375 375 375 376 376 376 376 376 376 376 377 377 377 377 377 377 377 377 378 378 378 378 378 378 378 378 379 379 379 379 379 379 379 379 380 380 380 380 380 380 380 380 380 381 381 381 381 381 381 381 381 381 382 382 382 382 382 382 382 382 382 382 383 383 383 383 383 383 383 383 383 383 383 384 384 384 384 384 384 384 384 384 384 384 384 384 384 384 384 385 385 385 385 385 385 385 385 385 385 385 385 385 385 385 385 385 385 385 385 385 385 385 385 385 385 385 385 385 385 385 385 385 385 385 385 385 385 387 387 387 387 387 387 387 387 387 387 387 387 387 387 387 387 387 387 387 387 387 387 387 387 387 387 387 387 387 387 387 387 387 387 387 387 387 387 387 387 387 387 387 387 387 387 387 387 387 387 387 387 387 387 387 387 387 387 387 387 387 387 387 387 367 367 367 367 367 368 368 368 368 368 368 369 369 369 369 369 369 370 370 370 370 370 370 371 371 371 371 371 372 372 372 372 372 372 373 373 373 373 373 373 373 374 374 374 374 374 374 374 375 375 375 375 375 375 375 376 376 376 376 376 376 376 377 377 377 377 377 377 377 377 378 378 378 378 378 378 378 379 379 379 379 379 379 379 379 379 380 380 380 380 380 380 380 380 381 381 381 381 381 381 381 381 381 381 382 382 382 382 382 382 382 382 382 382 383 383 383 383 383 383 383 383 383 383 384 384 384 384 384 384 384 384 384 384 384 384 384 384 384 384 385 385 385 385 385 385 385 384 385 385 385 385 385 385 385 385 385 385 385 385 385 385 385 385 385 385 385 385 385 385 385 385 385 385 385 385 385 385 387 387 387 387 387 387 387 387 387 387 387 387 387 387 387 387 387 387 387 387 387 387 387 387 387 387 387 387 387 387 387 387 387 387 387 387 387 387 387 387 387 387 387 387 387 387 387 387 387 387 387 387 387 387 387 387 387 387 387 387 387 387 387 367 367 367 367 367 367 368 368 368 368 368 368 369 369 369 369 369 369 370 370 370 370 370 370 371 371 371 371 372 372 372 372 372 372 372 373 373 373 373 373 373 373 374 374 374 374 374 374 374 375 375 375 375 375 375 375 376 376 376 376 376 376 376 377 377 377 377 377 377 377 378 378 378 378 378 378 378 378 379 379 379 379 379 379 379 379 379 380 380 380 380 380 380 380 380 381 381 381 381 381 381 381 381 381 381 382 382 382 382 382 382 382 382 382 382 383 383 383 383 383 383 383 383 383 384 384 384 384 384 384 384 384 384 384 384 384 384 384 384 384 384 385 385 384 384 384 384 384 384 384 385 385 385 385 385 385 385 385 385 385 385 385 385 385 385 385 385 385 385 385 385 385 385 385 385 385 385 385 387 387 387 387 387 387 387 387 387 387 387 387 387 387 387 387 387 387 387 387 387 387 387 387 387 387 387 387 387 387 387 387 387 387 387 387 387 387 387 387 387 387 387 387 387 387 387 387 387 387 387 387 387 387 387 387 387 387 387 387 387 387 387 367 367 367 367 367 367 368 368 368 368 368 368 369 369 369 369 369 369 370 370 370 370 370 370 370 371 371 371 371 372 372 372 372 372 372 372 373 373 373 373 373 373 373 374 374 374 374 374 374 374 375 375 375 375 375 375 376 376 376 376 376 376 376 376 377 377 377 377 377 377 377 378 378 378 378 378 378 378 378 379 379 379 379 379 379 379 379 380 380 380 380 380 380 380 380 380 380 381 381 381 381 381 381 381 381 381 382 382 382 382 382 382 382 382 382 382 383 383 383 383 383 383 383 383 384 384 384 384 384 384 384 384 384 384 384 384 384 384 384 384 384 384 384 384 384 384 384 384 384 384 384 385 385 385 385 385 385 385 385 385 385 385 385 385 385 385 385 385 385 385 385 385 385 385 385 385 385 385 387 387 387 387 387 387 387 387 387 387 387 387 387 387 387 387 387 387 387 387 387 387 387 387 387 387 387 387 387 387 387 387 387 387 387 387 387 387 387 387 387 387 387 387 387 387 387 387 387 387 387 387 387 387 387 387 387 387 387 387 387 387 387 366 367 367 367 367 367 367 368 368 368 368 368 368 369 369 369 369 369 369 370 370 370 370 370 370 371 371 371 371 371 372 372 372 372 372 372 372 373 373 373 373 373 373 374 374 374 374 374 374 374 375 375 375 375 375 375 375 376 376 376 376 376 376 376 376 377 377 377 377 377 377 377 378 378 378 378 378 378 378 378 379 379 379 379 379 379 379 379 380 380 380 380 380 380 380 380 380 381 381 381 381 381 381 381 381 381 381 382 382 382 382 382 382 382 382 382 383 383 383 383 383 383 383 383 383 383 383 384 384 384 384 384 384 384 384 384 384 384 384 384 384 384 384 384 384 384 384 384 384 384 384 385 385 385 385 385 385 385 385 385 385 385 385 385 385 385 385 385 385 385 385 385 385 385 385 385 385 385 387 387 387 387 387 387 387 387 387 387 387 387 387 387 387 387 387 387 387 387 387 387 387 387 387 387 387 387 387 387 387 387 387 387 387 387 387 387 387 387 387 387 387 387 387 387 387 387 387 387 387 387 387 387 387 387 387 387 387 387 387 387 387 366 366 366 366 366 366 367 367 367 367 367 367 368 368 368 368 368 368 369 369 369 369 369 369 370 370 370 370 370 370 371 371 371 371 371 372 372 372 372 372 372 372 373 373 373 373 373 373 374 374 374 374 374 374 374 375 375 375 375 375 375 375 376 376 376 376 376 376 376 376 377 377 377 377 377 377 377 378 378 378 378 378 378 378 378 379 379 379 379 379 379 379 379 380 380 380 380 380 380 380 380 380 381 381 381 381 381 381 381 381 381 382 382 382 382 382 382 382 382 382 383 383 383 383 383 383 383 383 383 383 383 384 384 384 384 384 384 384 384 384 384 384 384 384 384 384 384 384 384 384 385 384 384 384 384 384 385 385 385 385 385 385 385 385 385 385 385 385 385 385 385 385 385 385 385 385 385 385 385 385 385 385 387 387 387 387 387 387 387 387 387 387 387 387 387 387 387 387 387 387 387 387 387 387 387 387 387 387 387 387 387 387 387 387 387 387 387 387 387 387 387 387 387 387 387 387 387 387 387 387 387 387 387 387 387 387 387 387 387 387 387 387 387 387 386 386 366 366 366 366 366 366 367 367 367 367 367 367 368 368 368 368 368 368 369 369 369 369 369 369 370 370 370 370 370 370 371 371 371 371 371 372 372 372 372 372 372 372 373 373 373 373 373 373 374 374 374 374 374 374 374 375 375 375 375 375 375 375 376 376 376 376 376 376 376 377 377 377 377 377 377 377 377 378 378 378 378 378 378 378 378 379 379 379 379 379 379 379 379 380 380 380 380 380 380 380 380 380 381 381 381 381 381 381 381 381 381 382 382 382 382 382 382 382 382 382 383 383 383 383 383 383 383 383 383 383 384 384 384 384 384 384 384 384 384 384 384 384 384 384 384 384 384 384 384 384 384 384 384 384 384 384 385 385 385 385 385 385 385 385 385 385 385 385 385 385 385 385 385 385 385 385 385 385 385 385 385 387 387 387 387 387 387 387 387 387 387 387 387 387 387 387 387 387 387 387 387 387 387 387 387 387 387 387 387 387 387 387 387 387 387 387 387 387 387 387 387 387 387 387 387 387 387 387 387 387 387 387 387 387 387 387 387 387 387 387 387 387 387 387 387 386 386 365 365 365 366 366 366 366 366 366 367 367 367 367 367 368 368 368 368 368 368 368 369 369 369 369 369 369 370 370 370 370 370 370 371 371 371 371 372 372 372 372 372 372 372 373 373 373 373 373 373 373 374 374 374 374 374 374 374 375 375 375 375 375 375 375 376 376 376 376 376 376 376 377 377 377 377 377 377 377 378 378 378 378 378 378 378 378 378 379 379 379 379 379 379 379 379 380 380 380 380 380 380 380 380 380 381 381 381 381 381 381 381 381 381 382 382 382 382 382 382 382 382 382 382 383 383 383 383 383 383 383 383 384 383 384 384 384 384 384 384 384 384 384 384 384 384 384 384 384 384 384 384 384 384 384 384 384 384 384 385 385 385 385 385 385 385 385 385 385 385 385 385 385 385 385 385 385 385 385 385 385 385 385 387 387 387 387 387 387 387 387 387 387 387 387 387 387 387 387 387 387 387 387 387 387 387 387 387 387 387 387 387 387 387 387 387 387 387 387 387 387 387 387 387 387 387 387 387 387 387 387 387 387 387 387 387 387 387 387 387 387 387 387 387 387 387 387 387 386 365 365 365 366 366 366 366 366 367 367 367 367 367 367 368 368 368 368 368 368 369 369 369 369 369 369 370 370 370 370 370 370 371 371 371 371 371 372 372 372 372 372 372 372 373 373 373 373 373 373 373 374 374 374 374 374 374 375 375 375 375 375 375 375 375 376 376 376 376 376 376 376 377 377 377 377 377 377 377 378 378 378 378 378 378 378 378 379 379 379 379 379 379 379 379 379 380 380 380 380 380 380 380 380 380 381 381 381 381 381 381 381 381 381 382 382 382 382 382 382 382 382 382 382 382 383 383 383 383 383 383 383 383 383 383 383 383 384 384 384 384 384 384 384 384 384 384 384 384 384 384 384 384 384 384 384 384 384 384 385 385 385 385 385 385 385 385 385 385 385 385 385 385 385 385 385 385 385 385 385 385 385 387 387 387 387 387 387 387 387 387 387 387 387 387 387 387 387 387 387 387 387 387 387 387 387 387 387 387 387 387 387 387 387 387 387 387 387 387 387 387 387 387 387 387 387 387 387 387 387 387 387 387 387 387 387 387 387 387 387 387 387 387 386 386 387 387 386 386 365 365 365 365 365 366 366 366 366 366 366 367 367 367 367 367 367 368 368 368 368 368 368 369 369 369 369 369 369 370 370 370 370 370 371 371 371 371 371 371 372 372 372 372 372 372 372 373 373 373 373 373 373 373 374 374 374 374 374 374 374 375 375 375 375 375 375 375 376 376 376 376 376 376 376 377 377 377 377 377 377 377 378 378 378 378 378 378 378 378 378 379 379 379 379 379 379 379 379 380 380 380 380 380 380 380 380 381 381 381 381 381 381 381 381 381 381 381 382 382 382 382 382 382 382 382 382 383 383 383 383 383 383 383 383 383 383 383 384 383 383 384 384 384 384 384 384 384 384 384 384 384 384 384 384 384 384 384 384 384 384 384 384 385 385 385 385 385 385 385 385 385 385 385 385 385 385 385 385 385 385 385 385 385 387 387 387 387 387 387 387 387 387 387 387 387 387 387 387 387 387 387 387 387 387 387 387 387 387 387 387 387 387 387 387 387 387 387 387 387 387 387 387 387 387 387 387 387 387 387 387 387 387 387 387 387 387 387 387 387 387 387 387 386 386 386 386 386 386 386 386 365 365 365 366 366 366 366 366 366 367 367 367 367 367 367 368 368 368 368 368 368 369 369 369 369 369 369 370 370 370 370 370 371 371 371 371 371 371 372 372 372 372 372 372 372 373 373 373 373 373 373 373 374 374 374 374 374 374 375 375 375 375 375 375 375 376 376 376 376 376 376 376 376 377 377 377 377 377 377 377 378 378 378 378 378 378 378 378 378 379 379 379 379 379 379 379 379 380 380 380 380 380 380 380 380 381 381 381 381 381 381 381 381 381 381 382 382 382 382 382 382 382 382 382 383 383 383 383 383 383 383 383 383 383 383 383 383 383 384 384 384 384 384 384 384 384 384 384 384 384 384 384 384 384 384 384 384 384 384 384 385 385 385 385 385 385 385 385 385 385 385 385 385 385 385 385 385 385 385 385 385 387 387 387 387 387 387 387 387 387 387 387 387 387 387 387 387 387 387 387 387 387 387 387 387 387 387 387 387 387 387 387 387 387 387 387 387 387 387 387 387 387 387 387 387 387 387 387 387 387 387 387 387 387 387 387 387 387 386 386 386 386 387 386 386 386 386 386 386 364 365 365 365 365 365 365 366 366 366 366 366 366 367 367 367 367 367 367 368 368 368 368 368 368 369 369 369 369 369 369 370 370 370 370 371 371 371 371 371 371 371 372 372 372 372 372 372 372 373 373 373 373 373 373 373 374 374 374 374 374 374 375 375 375 375 375 375 375 376 376 376 376 376 376 376 377 377 377 377 377 377 377 377 377 378 378 378 378 378 378 378 379 379 379 379 379 379 379 379 379 380 380 380 380 380 380 380 380 381 381 381 381 381 381 381 381 381 382 382 382 382 382 382 382 382 382 383 383 383 383 383 383 383 383 383 383 383 383 384 383 384 383 384 384 384 384 384 384 384 384 384 384 384 384 384 384 384 384 384 384 384 384 384 384 384 384 384 384 384 385 385 385 385 385 385 385 385 385 385 385 385 385 385 387 387 387 387 387 387 387 387 387 387 387 387 387 387 387 387 387 387 387 387 387 387 387 387 387 387 387 387 387 387 387 387 387 387 387 387 387 387 387 387 387 387 387 387 387 387 387 387 387 387 387 387 387 387 387 387 386 386 387 387 387 387 387 386 386 386 386 386 386 386 386 386 386 386 386 386 386 386 386 386 386 386 386 386 386 386 365 365 365 365 365 366 366 366 366 366 366 367 367 367 367 367 368 368 368 368 368 368 369 369 369 369 369 369 369 370 370 370 370 371 371 371 371 371 371 371 372 372 372 372 372 372 372 373 373 373 373 373 373 374 374 374 374 374 374 374 375 375 375 375 375 375 375 376 376 376 376 376 376 376 377 377 377 377 377 377 377 377 377 378 378 378 378 378 378 378 379 379 379 379 379 379 379 379 379 380 380 380 380 380 380 380 380 381 381 381 381 381 381 381 381 381 382 382 382 382 382 382 382 382 382 383 383 383 383 382 383 383 383 383 383 383 383 383 383 383 383 383 384 384 384 384 384 384 384 384 384 384 384 384 384 384 384 384 384 384 384 384 384 384 384 384 384 384 384 385 385 385 385 385 385 385 385 385 385 385 385 387 387 387 387 387 387 387 387 387 387 387 387 387 387 387 387 387 387 387 387 387 387 387 387 387 387 387 387 387 387 387 387 387 387 387 387 387 387 387 387 387 387 387 387 387 387 387 387 387 387 387 387 387 387 387 386 386 386 387 387 387 387 387 387 386 386 386 386 386 386 386 386 386 386 386 386 386 386 386 386 386 386 386 386 386 386 386 386 386 364 365 365 365 365 365 365 366 366 366 366 366 367 367 367 367 367 367 368 368 368 368 368 368 369 369 369 369 369 369 370 370 370 370 370 371 371 371 371 371 371 371 372 372 372 372 372 372 372 373 373 373 373 373 373 374 374 374 374 374 374 374 375 375 375 375 375 375 375 376 376 376 376 376 376 376 377 377 377 377 377 377 377 377 377 378 378 378 378 378 378 378 379 379 379 379 379 379 379 379 379 380 380 380 380 380 380 380 380 381 381 381 381 381 381 381 381 381 382 382 382 382 382 382 382 382 382 382 382 382 382 382 383 383 383 383 383 383 383 383 383 383 383 383 384 384 384 383 383 383 383 384 384 384 384 384 384 384 384 384 384 384 384 384 384 384 384 384 384 384 384 384 385 385 385 385 385 385 385 385 385 385 386 386 387 387 387 387 387 387 387 387 387 387 387 387 387 387 387 387 387 387 387 387 387 387 387 387 387 387 387 387 387 387 387 387 387 387 387 387 387 387 387 387 387 387 387 387 387 387 387 387 387 387 387 387 387 387 387 387 387 387 387 387 387 386 386 386 386 386 386 386 386 387 387 387 387 387 386 386 386 386 386 386 386 386 386 386 386 386 386 386 386 364 365 365 365 365 365 366 366 366 366 366 366 367 367 367 367 367 367 368 368 368 368 368 368 369 369 369 369 369 369 370 370 370 370 370 371 371 371 371 371 371 371 372 372 372 372 372 372 373 373 373 373 373 373 373 373 374 374 374 374 374 374 375 375 375 375 375 375 375 376 376 376 376 376 376 376 377 377 377 377 377 377 377 377 377 378 378 378 378 378 378 378 379 379 379 379 379 379 379 379 379 380 380 380 380 380 380 380 380 380 381 381 381 381 381 381 381 381 382 382 382 382 382 382 382 382 382 382 382 382 382 383 383 383 383 383 383 383 383 383 383 383 383 384 384 383 383 383 383 383 383 383 383 383 384 384 384 383 383 384 384 384 384 384 384 384 384 384 384 384 384 384 384 384 385 385 385 385 385 385 385 386 386 386 386 387 386 386 386 386 387 387 387 387 387 387 387 387 387 387 387 387 387 387 387 387 387 387 387 387 387 387 387 387 387 387 387 387 387 387 387 387 387 387 387 387 387 387 387 387 387 387 387 387 387 387 387 387 387 387 387 387 387 387 387 386 386 386 386 386 386 386 387 387 387 387 386 386 386 386 386 386 386 386 386 386 386 386 386 386 386 386 386 364 364 364 365 365 365 365 365 365 366 366 366 366 366 366 367 367 367 367 367 367 368 368 368 368 368 368 369 369 369 369 369 369 370 370 370 370 370 371 371 371 371 371 371 371 372 372 372 372 372 372 373 373 373 373 373 373 373 373 374 374 374 374 374 375 375 375 375 375 375 375 376 376 376 376 376 376 376 376 377 377 377 377 377 377 377 377 377 378 378 378 378 378 378 378 379 379 379 379 379 379 379 379 379 380 380 380 380 380 380 380 380 381 381 381 381 381 381 381 381 381 381 381 382 382 382 382 382 382 382 382 382 382 383 382 382 383 383 383 383 383 383 383 383 384 383 383 383 383 383 383 383 383 383 383 383 383 384 384 384 384 383 383 384 384 384 384 384 384 384 384 384 384 384 384 384 384 384 385 385 385 385 385 386 386 386 386 386 386 386 386 386 387 387 387 387 387 387 387 387 387 387 387 387 387 387 387 387 387 387 387 387 387 387 387 387 387 387 387 387 387 387 387 387 387 387 387 387 387 387 387 387 387 387 387 387 387 387 387 387 387 387 387 387 387 387 387 386 386 386 386 386 386 386 386 386 386 386 386 386 386 386 386 386 386 386 386 386 386 386 386 386 386 386 386 386 364 364 364 364 364 365 365 365 365 365 365 366 366 366 366 366 366 367 367 367 367 367 367 368 368 368 368 368 368 369 369 369 369 369 370 370 370 370 370 370 371 371 371 371 371 371 372 372 372 372 372 372 372 373 373 373 373 373 373 373 374 374 374 374 374 374 375 375 375 375 375 375 375 376 376 376 376 376 376 376 377 377 377 377 377 377 377 377 377 378 378 378 378 378 378 378 378 379 379 379 379 379 379 379 379 379 380 380 380 380 380 380 380 380 381 381 381 381 381 381 381 381 381 381 381 381 381 382 382 382 382 382 382 382 383 382 382 382 383 383 383 383 383 383 383 383 383 383 383 383 383 383 383 383 383 383 383 383 383 383 384 384 384 384 383 383 384 384 384 384 384 384 384 384 384 384 384 384 384 384 384 384 384 384 386 386 386 386 386 386 386 386 386 386 386 387 387 387 387 387 387 387 387 387 387 387 387 387 387 387 387 387 387 387 387 387 387 387 387 387 387 387 387 387 387 387 387 387 387 387 387 387 387 387 387 387 387 387 387 387 387 387 387 387 387 387 387 387 387 386 386 386 386 386 386 386 386 386 386 386 386 386 386 386 386 386 386 386 386 386 386 386 386 386 386 386 386 364 364 364 364 365 365 365 365 365 365 366 366 366 366 366 367 367 367 367 367 367 368 368 368 368 368 368 369 369 369 369 369 370 370 370 370 370 370 370 371 371 371 371 371 371 372 372 372 372 372 372 372 373 373 373 373 373 373 373 374 374 374 374 374 374 375 375 375 375 375 375 375 376 376 376 376 376 376 376 377 377 377 377 377 377 377 377 377 378 378 378 378 378 378 378 378 379 379 379 379 379 379 379 379 379 380 380 380 380 380 380 380 380 381 381 381 381 381 381 381 381 381 381 381 381 381 382 382 382 382 382 382 382 382 382 382 382 383 383 383 383 383 383 383 383 383 383 383 383 383 383 383 383 383 383 383 383 383 383 383 384 384 384 383 383 384 384 384 384 384 384 384 384 384 384 384 384 384 384 384 384 384 386 386 386 386 386 386 386 386 386 386 386 386 386 386 387 387 387 387 387 387 387 387 387 387 387 387 387 387 387 387 387 387 387 387 387 387 387 387 387 387 387 387 387 387 387 387 387 387 387 387 387 387 387 387 387 387 387 387 387 387 387 387 387 387 387 386 386 386 386 386 386 386 386 386 386 386 386 386 386 386 386 386 386 386 386 386 386 386 386 386 386 386 386 363 364 364 364 364 364 364 365 365 365 365 365 366 366 366 366 366 366 367 367 367 367 367 367 368 368 368 368 368 368 369 369 369 369 369 370 370 370 370 370 370 370 371 371 371 371 371 371 372 372 372 372 372 372 373 373 373 373 373 373 373 373 374 374 374 374 374 374 375 375 375 375 375 375 375 376 376 376 376 376 376 376 377 377 377 377 377 377 377 377 377 378 378 378 378 378 378 378 378 379 379 379 379 379 379 379 379 379 380 380 380 380 380 380 380 380 381 381 381 381 381 381 381 381 381 381 381 381 382 381 382 382 382 382 382 382 382 382 382 382 382 383 383 383 383 382 382 382 383 383 383 383 383 383 383 383 383 383 383 383 383 383 383 384 384 383 383 383 384 384 384 384 384 384 384 384 384 384 384 384 384 384 384 384 386 386 386 386 386 386 386 386 386 386 386 386 386 386 386 386 387 387 387 387 387 387 387 387 387 387 387 387 387 387 387 387 387 387 387 387 387 387 387 387 387 387 387 387 386 386 387 387 386 387 387 387 387 387 387 387 387 387 387 387 387 387 386 387 386 387 386 386 386 386 386 386 386 386 386 386 386 387 386 386 386 386 386 386 386 386 386 386 386 386 386 386 386 386 383 383 383 382 363 364 364 364 364 364 365 365 365 365 365 365 366 366 366 366 366 366 367 367 367 367 367 367 368 368 368 368 368 368 368 369 369 369 369 370 370 370 370 370 370 371 371 371 371 371 371 371 372 372 372 372 372 372 373 373 373 373 373 373 373 373 373 374 374 374 374 374 374 375 375 375 375 375 375 376 376 376 376 376 376 376 377 377 377 377 377 377 377 377 377 378 378 378 378 378 378 378 378 378 379 379 379 379 379 379 379 379 380 380 380 380 380 380 380 380 381 381 381 381 381 381 381 381 381 381 381 382 382 382 382 382 382 382 382 382 382 382 382 382 382 382 382 382 383 382 382 382 383 383 383 383 383 383 383 383 383 384 383 384 384 384 384 384 383 383 383 383 384 384 384 384 384 384 384 384 384 384 384 384 384 384 384 386 386 386 386 386 386 386 386 386 386 386 386 386 386 386 386 386 386 387 387 387 387 387 387 387 387 387 387 387 387 387 387 387 387 387 387 387 387 387 387 387 387 387 387 387 386 386 387 387 387 387 387 387 387 387 387 387 387 387 387 387 387 387 386 387 386 386 387 386 386 386 386 387 387 386 387 387 387 386 386 386 386 386 386 386 386 386 386 386 386 386 386 386 386 383 383 383 383 384 383 383 382 363 363 363 364 364 364 364 364 365 365 365 365 365 365 366 366 366 366 366 366 367 367 367 367 367 367 368 368 368 368 368 368 368 369 369 369 369 369 370 370 370 370 370 371 371 371 371 371 371 371 372 372 372 372 372 372 372 373 373 373 373 373 373 373 374 374 374 374 374 374 374 375 375 375 375 375 376 376 376 376 376 376 376 376 376 377 377 377 377 377 377 377 377 378 378 378 378 378 378 378 378 379 379 379 379 379 379 379 379 379 380 380 380 380 380 380 380 380 381 381 381 381 381 381 381 381 381 381 382 382 382 382 382 382 382 382 382 382 382 382 382 382 382 382 382 383 383 383 382 382 383 383 383 383 383 383 383 383 383 383 384 384 383 384 384 384 383 383 383 383 384 384 384 384 384 384 384 384 384 384 384 384 384 384 386 386 386 386 386 386 386 386 386 386 386 386 386 386 386 386 386 386 386 386 387 387 387 387 387 387 387 387 387 387 387 387 387 387 387 387 387 387 387 387 387 386 387 387 387 386 387 387 387 387 387 387 387 387 387 387 387 387 387 387 387 387 387 387 387 387 387 387 386 386 386 386 386 386 387 387 387 387 386 386 386 386 386 386 386 386 386 386 386 386 386 386 386 383 383 384 384 384 384 384 384 383 382 363 363 363 363 363 363 364 364 364 364 364 364 365 365 365 365 365 365 366 366 366 366 366 366 367 367 367 367 367 367 368 368 368 368 368 368 369 369 369 369 370 370 370 370 370 370 371 371 371 371 371 371 372 372 372 372 372 372 372 372 372 373 373 373 373 373 374 374 374 374 374 374 374 375 375 375 375 375 375 376 376 376 376 376 376 376 376 376 377 377 377 377 377 377 377 377 378 378 378 378 378 378 378 378 379 379 379 379 379 379 379 379 380 380 380 380 380 380 380 380 380 380 380 380 380 381 381 381 381 381 381 382 382 382 382 382 382 382 382 382 382 382 382 382 382 382 382 383 383 383 382 383 383 383 382 382 383 383 383 383 383 383 383 383 383 383 383 383 383 383 383 383 383 384 384 384 384 384 384 384 384 384 384 384 384 384 386 386 386 386 386 386 386 386 386 386 386 386 386 386 386 386 386 386 386 386 386 386 387 386 386 387 387 387 387 387 387 387 387 387 387 387 387 387 387 387 387 387 387 386 386 387 387 387 387 387 387 387 387 387 387 387 387 387 387 387 387 387 387 387 387 387 387 387 387 387 387 386 386 386 387 387 387 387 386 386 386 386 386 386 386 386 386 386 386 386 386 386 386 383 383 383 384 384 384 384 384 384 383 383 382 382 362 363 363 363 363 363 363 364 364 364 364 364 364 365 365 365 365 365 365 365 366 366 366 366 366 367 367 367 367 367 367 368 368 368 368 368 369 369 369 369 369 370 370 370 370 370 370 371 371 371 371 371 371 372 372 372 372 372 372 372 372 373 373 373 373 373 373 374 374 374 374 374 374 374 374 374 375 375 375 375 376 376 376 376 376 376 376 376 376 377 377 377 377 377 377 377 377 378 378 378 378 378 378 378 378 379 379 379 379 379 379 379 379 380 380 380 380 380 380 380 380 380 380 380 380 380 381 381 381 381 381 381 382 382 382 382 382 382 382 382 382 382 382 382 382 382 382 382 382 382 382 382 382 382 382 382 383 383 383 383 383 383 383 383 383 383 383 383 383 383 383 383 383 383 384 384 384 384 384 384 384 384 384 384 384 384 386 386 386 386 386 386 386 386 386 386 386 386 386 386 386 386 386 386 386 386 386 386 386 386 386 386 386 387 387 387 387 387 387 387 387 387 387 387 387 387 387 387 387 387 387 387 387 387 387 387 387 387 387 387 387 387 387 387 387 387 387 387 387 387 387 386 387 386 386 387 387 387 387 386 386 386 386 386 386 386 386 386 386 386 386 386 386 386 386 386 386 386 386 386 383 383 384 384 384 384 384 384 384 384 384 384 383 382 382 362 362 363 363 363 363 363 363 363 363 364 364 364 364 364 365 365 365 365 365 365 365 366 366 366 366 366 367 367 367 367 367 368 368 368 368 368 369 369 369 369 369 370 370 370 370 370 370 371 371 371 371 371 371 371 372 372 372 372 372 372 372 373 373 373 373 373 373 374 374 374 374 374 374 374 374 374 375 375 375 375 375 376 376 376 376 376 376 376 376 376 377 377 377 377 377 377 377 377 378 378 378 378 378 378 378 378 379 379 379 379 379 379 379 379 379 380 380 380 380 380 380 380 380 380 380 381 381 381 381 381 381 381 381 382 381 381 382 382 382 382 382 382 382 382 382 382 382 382 382 382 382 382 382 382 382 382 382 383 383 383 383 383 383 383 383 383 383 383 383 383 383 383 383 383 383 383 383 384 384 384 384 384 384 384 384 384 386 386 386 386 386 386 386 386 386 386 386 386 386 386 386 386 386 386 386 386 386 386 386 386 386 386 386 386 386 387 387 387 387 387 387 387 387 387 387 387 387 387 387 387 387 387 387 387 387 387 387 387 387 387 387 387 387 387 387 387 387 387 387 387 387 386 386 386 386 386 386 386 386 386 386 387 386 386 386 386 386 386 386 386 386 386 386 386 386 386 386 386 386 386 386 384 384 384 384 384 384 384 384 384 384 384 384 385 385 384 384 384 384 384 383 383 383 383 362 362 363 363 363 363 363 363 363 363 364 364 364 364 364 364 365 365 365 365 365 366 366 366 366 366 366 367 367 367 367 367 368 368 368 368 369 369 369 369 369 369 370 370 370 370 370 370 371 371 371 371 371 371 371 371 372 372 372 372 372 372 373 373 373 373 373 374 374 374 374 374 374 374 374 374 374 375 375 375 375 375 376 376 376 376 376 376 376 376 377 377 377 377 377 377 377 377 377 378 378 378 378 378 378 378 378 379 379 379 379 379 379 379 379 379 379 379 379 379 380 380 380 380 380 380 381 381 381 381 381 381 381 381 381 381 382 382 382 382 382 382 382 382 382 382 382 382 382 382 382 382 382 382 382 382 383 383 383 383 383 383 383 383 383 383 383 383 383 383 383 383 383 383 383 383 383 383 383 383 383 383 383 384 384 384 385 385 385 385 385 385 385 385 386 386 386 386 386 386 386 386 386 386 386 386 386 386 386 386 386 386 386 386 386 386 387 387 387 387 387 387 387 387 387 387 387 386 386 387 387 386 387 387 387 387 387 387 387 387 387 387 387 387 387 387 387 387 387 387 387 387 387 386 386 386 386 386 386 386 387 387 386 386 386 386 386 386 386 386 386 386 386 386 386 386 386 386 386 386 386 386 386 386 386 385 385 384 384 384 384 384 384 384 384 384 384 384 384 384 384 384 384 384 385 385 385 385 385 385 384 384 383 383 383 383 383 362 362 362 362 362 362 362 362 363 363 363 363 363 364 364 364 364 364 364 365 365 365 365 365 365 365 366 366 366 366 367 367 367 367 367 368 368 368 368 368 369 369 369 369 369 369 370 370 370 370 370 370 370 371 371 371 371 371 371 372 372 372 372 372 372 372 373 373 373 373 373 374 374 374 374 374 374 374 374 374 375 375 375 375 375 376 376 376 376 376 376 376 376 376 377 377 377 377 377 377 377 377 378 378 378 378 378 378 378 378 378 379 379 379 379 379 379 379 379 379 379 379 380 380 380 380 380 380 380 380 380 381 381 381 381 381 381 381 381 381 382 382 382 382 382 381 382 382 382 382 382 382 382 382 382 382 382 382 382 382 383 383 382 383 383 383 383 383 383 383 383 383 383 383 383 383 383 383 383 383 383 383 383 383 383 383 383 383 383 385 385 385 385 385 385 385 386 386 386 386 386 386 386 386 386 386 386 386 386 386 386 386 386 386 386 386 386 386 386 386 387 386 387 387 387 387 387 387 387 387 386 386 387 387 386 386 387 387 387 387 387 387 387 387 387 387 387 386 387 387 387 387 387 387 387 387 387 387 386 387 387 386 387 387 386 386 386 386 386 386 386 386 386 386 386 386 386 386 386 386 386 386 386 386 386 386 386 386 386 385 385 385 385 384 384 384 384 384 384 385 384 385 384 384 384 384 384 384 384 384 385 385 384 385 385 385 385 385 384 384 385 385 384 385 385 385 385 385 385 385 384 384 384 383 383 383 383 362 362 362 362 362 362 362 362 363 363 363 363 363 364 364 364 364 364 364 365 365 365 365 365 365 365 366 366 366 366 367 367 367 367 367 368 368 368 368 369 369 369 369 369 369 369 370 370 370 370 370 370 370 371 371 371 371 371 371 372 372 372 372 372 372 373 373 373 373 373 373 373 374 374 374 374 374 374 374 374 375 375 375 375 375 376 376 376 376 376 376 376 376 376 376 377 377 377 377 377 377 377 378 378 378 378 378 378 378 378 378 379 379 379 379 379 379 379 379 379 379 380 380 380 380 380 380 380 380 380 380 381 381 381 381 381 381 381 381 382 382 382 382 382 382 382 382 382 382 382 382 382 382 382 382 382 382 382 382 383 382 383 383 383 383 383 383 383 383 383 383 383 383 383 383 383 383 383 383 383 383 383 383 383 383 384 383 383 385 385 386 386 385 386 386 386 386 386 386 386 386 386 386 386 386 386 386 386 386 386 386 386 386 386 386 386 386 386 386 386 386 386 387 387 387 387 387 387 387 386 386 386 387 386 386 387 387 387 387 387 387 387 387 387 387 387 386 386 386 387 387 387 387 387 387 387 387 387 387 387 387 387 387 386 386 386 386 386 386 386 386 386 386 386 386 386 386 386 386 386 386 386 386 386 386 386 386 386 385 385 385 385 385 385 385 385 385 385 385 384 385 385 385 385 385 384 384 384 384 384 384 384 384 384 384 384 384 385 385 385 385 385 385 385 385 385 385 385 385 385 385 385 385 385 385 385 385 385 384 384 385 384 384 383 383 383 383 361 361 362 362 362 362 362 362 362 363 363 363 363 363 363 363 364 364 364 364 364 365 365 365 365 365 365 365 366 366 366 367 367 367 367 367 368 368 368 368 368 369 369 369 369 369 369 369 370 370 370 370 370 370 371 371 371 371 371 371 371 372 372 372 372 372 372 373 373 373 373 373 373 374 374 374 374 374 374 374 374 374 375 375 375 375 375 376 376 376 376 376 376 376 376 376 376 377 377 377 377 377 377 377 377 378 378 378 378 378 378 378 378 378 378 378 379 379 379 379 379 379 379 379 380 380 380 380 380 380 380 380 380 381 381 381 381 381 381 381 381 381 381 382 382 382 382 381 381 382 382 382 382 382 382 382 382 382 382 382 382 382 383 382 383 383 383 383 383 383 383 383 383 383 383 383 383 383 383 383 383 383 383 383 383 383 384 383 383 385 385 386 386 386 386 386 386 386 386 386 386 386 386 386 386 386 386 386 386 386 386 386 386 386 386 386 386 386 386 386 386 386 386 386 387 387 387 387 387 387 386 386 386 387 386 386 386 387 387 387 387 387 387 387 387 387 387 387 386 386 387 387 387 387 387 387 387 387 387 387 387 387 387 387 386 386 386 386 386 386 386 386 386 386 386 386 386 386 386 386 386 386 386 386 386 386 386 386 386 385 386 386 386 385 385 385 385 385 384 384 385 385 385 385 385 385 385 385 385 384 385 385 385 385 385 385 385 384 384 385 384 384 384 384 385 385 385 385 385 385 385 385 385 385 385 385 385 385 385 385 385 385 385 385 385 385 385 385 384 384 384 384 384 384 384 384 361 361 361 361 361 362 362 362 362 362 362 363 363 363 363 363 363 363 364 364 364 364 365 365 365 365 365 365 365 365 365 366 366 366 367 367 367 367 367 367 368 368 368 369 369 369 369 369 369 369 370 370 370 370 370 370 370 371 371 371 371 371 371 371 372 372 372 372 372 372 372 373 373 373 373 373 374 374 374 374 374 374 374 374 375 375 375 375 375 375 376 375 376 376 376 376 376 376 376 376 377 377 377 377 377 377 377 377 378 378 378 378 378 378 378 378 378 378 378 379 379 379 379 379 379 379 379 380 380 380 380 380 380 380 380 380 381 381 381 381 381 381 381 381 381 381 381 382 382 381 381 381 381 382 382 382 382 382 382 382 382 382 382 382 383 383 383 383 383 382 382 382 383 383 383 383 383 383 383 383 383 383 383 383 383 383 383 383 384 383 384 385 385 386 386 386 386 386 386 386 386 386 386 386 386 386 385 386 386 386 386 386 386 386 386 386 386 386 386 386 386 386 386 386 386 386 386 386 387 387 387 386 386 386 386 386 386 386 386 386 387 386 387 387 387 387 387 387 387 387 386 386 387 387 387 387 387 387 387 387 387 386 386 387 387 386 386 386 386 386 386 386 386 386 386 386 386 386 386 386 386 386 386 386 386 386 386 386 386 386 386 386 386 386 386 386 385 385 385 385 385 384 385 385 385 385 385 385 385 385 384 384 385 385 385 385 385 385 385 384 385 385 385 384 385 384 384 384 384 384 383 384 385 385 385 385 385 385 385 385 385 385 386 385 385 385 385 385 385 385 385 385 385 385 385 385 385 384 384 384 384 384 384 384 384 384 384 384 360 360 361 361 361 361 361 361 362 362 362 362 362 362 363 363 363 363 363 364 364 364 364 365 365 365 365 365 365 365 365 365 365 365 366 366 366 367 367 367 367 367 368 368 368 368 368 368 369 369 369 369 369 369 370 370 370 370 370 370 371 371 371 371 371 371 371 372 372 372 372 372 372 373 373 373 373 373 373 374 374 374 374 374 374 374 374 375 375 375 375 375 375 375 375 376 376 376 376 376 376 376 376 377 377 377 377 377 377 377 377 378 378 378 378 378 378 378 378 378 378 379 379 379 379 379 379 379 379 379 380 380 380 380 380 380 380 380 380 380 380 381 381 381 381 381 381 381 381 381 382 381 381 381 381 382 381 381 382 382 382 382 382 382 382 382 383 382 383 383 383 383 382 382 383 382 383 383 383 383 383 383 383 383 383 383 383 383 383 383 383 383 384 385 385 385 385 386 386 386 386 386 386 386 386 386 386 385 385 385 386 386 386 386 386 386 386 386 386 386 386 386 386 386 386 386 386 386 386 386 386 386 386 386 386 386 386 386 386 386 386 386 386 386 386 387 387 387 387 387 387 387 387 387 387 387 387 387 387 387 387 386 386 386 386 386 386 386 386 386 386 386 386 386 386 386 386 386 386 386 386 386 386 386 386 386 386 386 386 386 386 386 386 386 386 386 385 385 385 385 386 386 385 385 385 386 385 385 386 385 385 385 384 385 385 385 385 386 385 385 385 384 385 385 385 384 385 385 384 385 385 385 384 384 385 384 385 385 385 385 385 385 385 386 386 386 385 385 385 385 385 385 385 385 385 385 385 385 385 384 384 384 384 384 384 384 384 384 384 384 384 384 384 360 360 360 361 361 361 361 361 362 362 362 362 362 362 362 363 363 363 363 363 363 364 364 364 365 365 365 365 365 366 366 366 366 366 365 366 366 366 367 367 367 367 368 368 368 368 368 369 369 369 369 369 369 369 369 370 370 370 370 370 370 371 371 371 371 371 371 371 372 372 372 372 372 372 373 373 373 373 373 373 374 374 374 374 374 374 374 374 375 375 375 375 375 375 375 375 376 376 376 376 376 376 376 376 376 377 377 377 377 377 377 377 378 378 378 378 378 378 378 378 378 379 379 379 379 379 379 379 379 379 379 379 379 380 380 380 380 380 380 380 380 380 381 381 380 381 381 381 381 381 381 382 381 381 381 381 381 381 381 382 382 382 382 382 382 382 382 382 382 382 382 383 383 383 383 383 383 383 383 383 383 383 383 383 383 383 383 383 383 383 383 383 383 385 385 385 385 385 385 385 386 386 386 386 386 385 385 385 385 385 386 386 386 386 386 386 386 386 386 386 386 386 386 386 386 386 386 386 386 386 386 386 386 386 386 386 386 386 386 386 386 386 386 386 386 386 387 387 387 387 387 387 387 387 386 387 387 387 387 387 387 387 386 386 386 386 386 386 387 386 386 386 386 386 386 386 386 386 386 386 386 386 386 386 386 386 386 386 386 386 386 386 387 386 385 385 385 385 385 385 386 386 386 386 386 386 386 386 386 386 385 385 385 385 386 386 385 385 385 385 384 384 385 385 385 385 385 385 384 384 385 385 384 384 385 385 385 385 385 385 385 385 386 386 386 386 385 385 385 385 385 385 385 385 385 385 385 385 385 384 384 384 384 384 384 384 384 385 384 384 384 384 384 384 384 384 384 384 384 384 384 384 360 360 360 360 361 361 361 361 361 362 362 362 362 362 362 362 363 363 363 363 363 363 363 364 364 364 364 364 364 365 365 366 366 366 366 365 366 366 366 367 367 367 367 368 368 368 368 368 368 369 369 369 369 369 369 370 370 370 370 370 370 371 371 371 371 371 371 371 372 372 372 372 372 372 373 373 373 373 373 373 373 374 374 374 374 374 374 374 374 375 375 375 375 375 375 375 375 375 376 376 376 376 376 376 376 377 377 377 377 377 377 377 377 378 378 378 378 378 378 378 378 378 378 378 379 379 379 379 379 379 379 379 380 380 380 380 380 380 380 380 380 380 380 380 380 380 381 381 381 381 381 381 382 382 381 381 381 381 381 382 382 382 382 382 382 382 382 382 382 382 382 382 383 382 383 382 382 383 383 383 383 383 383 383 383 383 383 383 383 383 383 383 383 385 385 385 385 385 385 385 385 385 385 385 385 385 385 385 385 386 386 386 386 386 386 386 386 386 386 386 386 386 386 386 386 386 386 386 386 386 386 386 386 386 386 386 386 386 386 386 386 386 386 386 386 386 386 387 387 387 387 387 387 387 386 387 387 387 387 387 387 387 387 386 386 386 386 386 386 386 386 386 386 386 386 386 386 386 386 386 386 386 386 386 386 386 386 386 386 386 386 386 386 386 385 385 386 386 386 386 385 385 386 386 386 386 386 386 386 386 385 385 385 385 386 385 385 385 385 385 385 385 385 385 385 385 386 385 384 384 385 385 385 384 383 384 385 385 385 386 386 385 385 385 386 386 386 385 385 385 385 385 385 385 385 385 385 385 385 385 385 384 384 384 385 385 385 385 385 385 385 384 384 384 384 384 384 384 384 384 384 384 384 384 384 384 360 360 360 360 360 361 361 361 361 361 361 361 362 362 362 362 362 363 363 363 363 363 363 363 364 364 364 364 364 364 364 365 365 365 366 366 366 366 366 366 367 367 367 367 368 368 368 368 368 368 368 369 369 369 369 369 370 370 370 370 370 370 370 371 371 371 371 371 371 371 372 372 372 372 372 372 373 373 373 373 373 373 374 374 374 374 374 374 374 374 375 375 375 375 375 375 375 375 375 375 376 376 376 376 376 376 376 377 377 377 377 377 377 377 377 378 378 378 378 378 378 378 378 378 378 378 379 379 379 379 379 379 379 380 380 380 380 380 380 380 380 380 380 380 380 380 380 380 381 381 381 381 381 381 381 381 381 381 381 381 382 382 382 382 382 382 382 382 382 382 382 382 382 382 382 382 382 382 382 383 382 382 383 382 383 383 383 383 383 383 383 383 383 383 385 385 385 385 385 385 385 385 385 385 385 385 385 385 385 385 385 386 386 386 386 386 386 386 386 386 386 386 386 386 386 386 386 386 386 386 386 386 386 386 386 386 386 386 386 386 386 386 386 386 386 386 386 386 387 387 387 387 387 387 387 386 386 386 387 387 387 387 387 387 387 387 387 386 386 387 387 386 386 386 386 386 386 386 386 386 386 386 386 386 386 386 386 386 386 386 386 386 386 386 385 385 386 386 386 386 386 385 386 386 386 386 386 386 386 386 386 385 385 386 386 386 385 385 385 385 385 385 385 384 385 386 385 385 385 385 384 385 385 386 384 384 383 385 386 386 386 386 385 385 385 385 386 386 386 385 385 385 385 385 385 385 385 385 385 385 385 385 385 385 384 385 385 385 385 385 385 385 385 385 384 384 384 384 384 384 384 384 384 384 384 384 384 384 384 384 359 359 360 360 360 360 360 361 361 361 361 361 361 361 361 362 362 362 362 362 363 363 363 363 363 363 364 363 364 364 364 364 365 365 365 365 366 366 366 366 366 366 367 367 367 367 368 368 368 368 368 368 368 369 369 369 369 369 369 370 370 370 370 370 370 371 371 371 371 371 371 372 372 372 372 372 372 373 373 373 373 373 373 373 374 374 374 374 374 374 374 375 375 375 375 375 375 375 375 375 375 376 376 376 376 376 376 376 377 377 377 377 377 377 377 377 377 378 378 378 378 378 378 378 378 378 378 379 379 379 379 379 379 379 379 380 380 380 380 380 380 380 380 380 380 380 380 380 380 380 381 381 381 381 381 381 381 381 381 381 381 381 381 381 381 382 381 382 382 382 382 382 382 382 382 382 382 382 382 382 382 382 382 382 382 382 382 382 382 383 383 383 383 383 383 384 385 385 385 385 385 385 385 385 385 385 385 385 385 385 385 385 385 386 386 386 386 386 386 386 386 386 386 386 386 386 386 386 386 386 386 386 386 386 386 386 386 386 386 386 386 386 386 386 386 386 386 386 386 386 386 387 387 387 387 387 386 386 386 386 387 387 387 387 387 387 386 386 386 387 387 387 386 386 386 386 386 386 386 386 386 386 386 386 386 386 386 386 386 386 386 386 386 386 386 385 386 386 386 386 386 385 385 385 386 386 386 386 386 386 386 386 386 386 386 386 386 385 386 385 385 386 386 385 385 385 385 386 386 385 385 385 385 385 385 385 385 384 384 385 385 386 385 385 385 385 385 385 386 386 386 386 385 385 385 385 385 385 385 385 385 385 385 385 385 384 384 384 385 385 385 385 385 385 385 385 385 385 385 385 384 384 384 384 384 384 384 384 384 384 384 384 384 384 359 359 359 360 360 360 360 360 361 361 361 361 361 361 361 361 361 362 362 362 362 362 362 363 363 363 363 363 364 364 364 364 364 364 365 365 365 366 366 366 366 366 366 367 367 367 367 367 367 367 367 368 368 368 368 368 369 369 369 369 369 369 369 370 370 370 370 370 370 370 371 371 371 371 371 371 372 372 372 372 372 372 373 373 373 373 373 373 374 374 374 374 374 374 374 375 375 375 375 375 376 376 376 376 376 376 376 377 377 377 377 377 377 377 377 377 378 378 378 378 378 378 378 378 378 378 379 379 379 379 379 379 379 380 380 380 380 380 380 380 380 380 380 380 380 380 380 381 381 381 381 381 381 381 381 381 381 381 381 381 381 381 381 381 381 381 381 382 382 382 382 382 382 382 382 382 382 382 382 382 382 382 382 382 382 382 382 382 382 382 382 383 383 383 383 385 385 385 385 385 385 385 385 385 385 385 385 385 385 385 385 385 385 385 386 386 386 386 386 386 386 386 386 386 386 386 386 386 386 386 386 386 386 386 386 386 386 386 386 386 386 386 386 386 386 386 386 386 386 386 386 387 387 387 387 387 386 386 386 387 387 387 387 387 387 387 387 386 386 386 387 387 387 386 386 386 386 386 386 386 386 386 386 386 386 386 386 386 386 386 386 386 386 386 386 386 386 386 386 386 386 386 386 386 386 386 386 386 386 386 386 386 386 386 387 387 386 386 387 386 386 386 386 385 385 386 386 386 386 386 385 385 385 385 386 385 385 384 384 385 385 385 386 386 385 385 385 386 386 386 386 386 386 386 385 385 385 385 385 385 385 385 385 385 385 385 385 385 384 384 384 384 384 385 385 385 385 385 385 384 384 384 384 384 384 384 384 384 384 384 384 384 384 384 384 383 383 358 358 359 359 359 359 359 360 360 360 360 360 360 360 361 361 361 361 362 362 362 362 362 363 363 363 363 363 363 363 363 364 364 364 364 364 365 365 365 365 365 366 366 366 366 366 366 366 366 366 367 367 367 367 367 368 368 368 368 369 369 369 369 369 369 369 370 370 370 370 370 370 370 371 371 371 371 371 371 372 372 372 372 372 372 372 373 373 373 373 373 373 374 374 374 374 374 374 375 375 375 375 375 375 376 376 376 376 376 376 376 377 377 377 377 377 377 377 377 377 378 378 378 378 378 378 378 378 378 378 378 379 379 379 379 379 379 379 379 379 380 380 380 380 380 380 380 380 380 380 380 381 381 381 381 381 381 381 381 381 381 381 381 381 381 381 381 381 381 381 381 381 381 382 382 382 382 382 382 382 382 382 382 382 382 382 382 382 382 382 383 383 382 382 383 383 383 383 385 385 385 385 385 385 385 385 385 385 385 385 385 385 385 385 385 385 385 385 386 386 386 386 386 386 386 386 386 386 386 386 386 386 386 386 386 386 386 386 386 386 386 386 386 386 386 386 386 386 386 386 386 386 386 386 386 386 387 387 387 386 386 386 387 387 386 386 387 387 387 387 387 387 387 387 387 387 386 386 386 386 386 386 386 386 386 386 386 386 386 386 386 386 386 387 386 387 387 386 385 385 385 385 386 386 386 386 386 386 386 386 386 386 386 386 386 386 387 387 386 386 386 387 386 386 386 386 385 385 385 385 386 386 386 386 386 385 385 386 385 385 384 384 385 385 385 385 386 386 385 385 386 386 386 386 386 386 386 386 386 385 385 385 385 385 385 385 385 385 385 385 385 385 384 384 384 384 384 384 384 384 384 384 384 384 384 384 384 384 384 384 384 384 384 384 384 384 384 384 384 384 384 383 358 358 358 359 359 359 359 359 360 360 360 360 360 360 360 361 361 361 361 362 362 362 362 362 363 363 363 363 363 364 364 364 364 364 364 364 364 365 365 365 365 366 366 366 366 366 366 366 366 367 367 367 367 367 368 368 368 368 368 368 369 369 369 369 369 369 370 370 370 370 370 370 370 371 371 371 371 371 372 372 372 372 372 372 372 372 373 373 373 373 373 373 373 374 374 374 374 374 375 375 375 375 375 375 376 376 376 376 376 376 376 376 376 377 377 377 377 377 377 377 377 378 378 378 378 378 378 378 378 378 378 378 379 379 379 379 379 379 379 379 379 380 380 380 380 380 380 380 380 380 380 380 380 381 381 381 381 381 381 381 381 381 381 381 381 381 381 381 382 382 382 381 381 381 381 381 382 382 382 382 382 382 382 382 382 382 382 382 382 382 382 382 382 383 383 383 383 383 385 385 385 385 385 385 385 385 385 385 385 385 385 385 385 385 385 385 385 385 386 386 386 386 386 386 386 386 386 386 386 386 386 386 386 386 386 386 386 386 386 386 386 386 386 386 386 386 386 386 386 386 386 386 386 386 386 386 386 387 387 387 386 387 387 386 386 386 386 387 387 387 387 387 387 387 387 387 386 386 386 386 386 386 386 386 386 386 386 386 386 386 386 386 386 386 386 386 386 386 385 385 385 385 386 386 386 386 386 386 386 386 386 386 386 386 386 386 387 387 386 386 386 386 386 386 386 386 386 386 385 386 386 386 387 386 386 385 385 385 385 385 384 384 384 384 385 385 385 385 386 386 386 386 386 386 386 386 386 386 386 386 386 386 385 385 385 385 385 385 385 385 385 385 385 385 384 385 385 385 384 384 384 384 384 384 384 384 384 384 384 384 384 384 384 384 384 384 384 384 384 384 384 384 384 384 383 358 358 359 359 359 359 359 359 360 360 360 360 360 360 360 361 361 361 361 361 362 362 362 362 362 363 363 363 363 363 364 364 364 364 364 364 364 365 365 365 365 366 366 366 366 366 366 366 366 367 367 367 367 367 368 368 368 368 368 368 369 369 369 369 369 369 370 370 370 370 370 370 370 371 371 371 371 371 371 372 372 372 372 372 372 372 373 373 373 373 373 373 373 374 374 374 374 375 375 375 375 375 375 375 376 376 376 376 376 376 376 376 376 377 377 377 377 377 377 377 377 378 378 378 378 378 378 378 378 378 378 378 379 379 379 379 379 379 379 379 379 379 379 379 380 380 380 380 380 380 380 380 380 381 381 381 381 381 381 381 381 381 381 381 381 381 381 381 381 381 381 382 381 381 382 382 382 382 382 382 382 382 382 382 382 382 382 382 382 382 383 383 383 383 383 383 383 385 385 385 385 385 385 385 385 385 385 385 385 385 385 385 385 385 385 385 385 385 386 386 386 386 386 386 386 386 386 386 386 386 386 386 386 386 386 386 386 386 386 386 386 386 386 386 386 386 386 386 386 386 386 386 386 386 386 386 386 386 387 386 386 386 386 387 387 387 387 387 387 387 387 387 387 387 387 387 386 386 386 386 386 386 386 386 386 386 386 386 386 386 386 386 386 386 386 386 385 385 385 385 386 386 386 386 386 386 386 386 386 386 386 385 386 386 386 387 386 386 386 386 386 386 386 386 386 386 386 386 386 386 386 386 386 386 386 385 385 384 385 385 384 384 384 385 385 385 385 385 386 386 386 386 386 386 386 386 386 386 386 386 386 386 386 386 386 385 385 385 385 385 385 385 385 385 384 385 385 385 384 384 384 384 384 384 384 384 384 384 384 384 384 384 384 384 384 384 384 384 384 384 384 384 384 384 383 358 358 358 359 359 359 359 359 359 360 360 360 360 360 360 360 361 361 361 361 361 361 362 362 362 362 363 363 363 363 363 364 364 364 364 364 364 364 365 365 365 366 366 366 366 366 366 366 366 367 367 367 367 367 368 368 368 368 368 368 368 369 369 369 369 369 370 370 370 370 370 370 370 371 371 371 371 371 371 371 371 372 372 372 372 373 373 373 373 373 373 373 373 374 374 374 374 375 375 375 375 375 375 375 375 376 376 376 376 376 376 376 376 376 377 377 377 377 377 377 377 377 378 378 378 378 378 378 378 378 378 378 379 379 379 379 379 379 379 379 379 379 379 379 380 380 380 380 380 380 380 380 380 381 381 381 381 381 381 381 381 381 381 381 381 381 381 381 381 381 381 382 382 382 382 382 382 381 382 382 382 382 382 382 382 382 382 382 382 383 383 383 383 383 383 383 383 385 385 385 385 385 385 385 385 385 385 385 385 385 385 385 385 385 385 385 385 385 386 386 386 386 386 386 386 386 386 386 386 386 386 386 386 386 386 386 386 386 386 386 386 386 386 386 386 386 386 386 386 386 386 386 386 386 386 386 386 386 386 386 386 386 386 387 387 387 387 387 387 387 387 387 387 387 387 387 386 386 386 386 386 386 386 386 386 386 386 386 386 386 386 386 386 386 386 385 386 385 385 385 386 386 386 386 386 386 386 386 386 385 386 386 386 386 386 387 386 386 386 386 386 386 386 386 386 386 386 387 386 386 386 387 387 387 386 385 385 385 384 385 384 384 384 385 385 385 385 385 386 386 386 386 386 386 386 386 386 386 386 386 385 386 386 386 386 385 385 385 385 385 385 385 385 385 385 384 384 384 384 384 384 384 384 384 384 384 384 384 384 384 384 384 384 384 384 384 384 384 383 357 357 358 358 358 358 358 359 359 359 359 359 360 360 360 360 360 361 361 361 361 361 361 361 362 362 362 362 363 363 363 363 363 363 364 364 364 364 364 364 365 365 365 365 365 366 366 366 366 366 366 367 367 367 367 367 368 368 368 368 368 368 368 369 369 369 369 369 369 370 370 370 370 370 370 371 371 371 371 371 371 371 371 372 372 372 372 372 373 373 373 373 373 373 373 373 374 374 374 374 375 375 375 375 375 375 375 375 376 376 376 376 376 376 376 376 376 377 377 377 377 377 377 377 377 378 378 378 378 378 378 378 378 378 379 379 379 379 379 379 379 379 379 379 379 379 380 380 380 380 380 380 380 380 380 380 380 380 381 381 381 381 381 381 381 381 381 381 381 381 381 381 381 381 381 381 382 382 382 382 382 382 382 382 382 382 382 382 382 382 382 382 382 382 383 383 383 383 383 385 385 385 385 385 385 385 385 385 385 385 385 385 385 385 385 385 385 385 385 385 385 386 386 386 386 386 386 386 386 386 386 386 386 386 386 386 386 386 386 386 386 386 386 386 386 386 386 386 386 386 386 386 386 386 386 386 386 386 386 386 386 386 386 386 386 386 387 387 386 387 387 387 387 387 387 387 387 387 387 387 387 387 386 386 386 386 386 386 386 386 386 386 386 386 386 386 386 386 385 385 385 385 386 386 386 386 386 386 386 386 385 386 386 386 386 386 386 387 386 386 386 386 386 386 386 386 386 386 386 386 387 387 386 386 386 386 386 386 385 385 385 385 385 385 384 384 385 385 385 385 386 386 386 386 386 386 386 386 386 386 386 386 386 386 385 385 385 385 385 386 386 386 385 385 385 385 385 385 385 384 384 384 384 384 384 384 384 384 384 384 384 384 384 384 384 384 384 384 384 384 357 357 357 358 358 358 358 359 359 359 359 359 360 360 360 360 361 361 361 361 361 361 361 361 362 362 362 362 362 363 363 363 363 363 363 364 364 364 364 364 364 365 365 365 365 366 366 366 366 366 366 366 367 367 367 367 367 367 368 368 368 368 368 368 369 369 369 369 369 370 370 370 370 370 370 370 371 371 371 371 371 371 371 372 372 372 372 372 372 372 373 373 373 373 373 373 374 374 374 374 374 375 375 375 375 375 375 375 375 376 376 376 376 376 376 376 376 376 377 377 377 377 377 377 377 377 378 378 378 378 378 378 378 378 378 379 379 379 379 379 379 379 379 379 379 379 379 379 379 380 380 380 380 380 380 380 380 380 381 381 381 381 381 381 381 381 381 381 381 381 381 381 381 381 381 381 381 381 382 382 382 382 382 382 382 382 382 382 382 382 382 382 382 382 382 382 383 383 383 384 384 384 385 385 385 385 385 385 385 385 385 385 385 385 385 385 385 385 385 385 385 385 386 386 386 386 386 386 386 386 386 386 386 386 386 386 386 386 386 386 386 386 386 386 386 386 386 386 386 386 386 386 386 386 386 386 386 386 386 386 386 386 386 386 387 387 387 387 386 387 387 386 386 387 387 387 387 387 387 387 387 387 386 386 386 386 386 386 386 386 385 386 386 386 385 385 386 385 385 385 385 386 386 386 386 386 385 385 386 386 386 386 386 386 386 386 386 386 386 386 386 386 386 386 386 386 386 386 386 386 386 386 386 386 385 386 386 386 386 385 385 385 385 385 385 385 385 384 385 385 386 386 386 386 386 386 386 386 386 386 386 386 386 386 386 386 385 385 385 385 385 386 386 385 385 385 385 385 385 385 385 384 384 384 384 384 384 384 384 384 384 384 384 384 384 384 384 384 356 356 356 356 356 356 357 357 357 357 358 358 358 358 359 359 359 359 359 360 360 360 360 361 361 361 361 361 361 361 362 362 362 362 362 362 363 363 363 363 363 364 364 364 364 364 364 365 365 365 365 366 366 366 366 366 366 366 367 367 367 367 367 367 368 368 368 368 368 368 369 369 369 369 369 369 369 370 370 370 370 370 370 370 371 371 371 371 371 371 372 372 372 372 372 372 372 373 373 373 373 373 373 374 374 374 374 374 374 375 375 375 375 375 375 375 375 376 376 376 376 376 376 376 376 377 377 377 377 377 377 377 378 378 378 378 378 378 378 378 378 378 378 378 379 379 379 379 379 379 379 379 379 379 379 379 379 380 380 380 380 380 380 380 380 381 381 381 381 381 381 381 381 380 381 381 381 381 381 381 381 381 381 381 381 381 381 382 382 382 382 381 382 382 382 382 382 382 382 382 382 383 382 382 383 384 384 384 385 385 385 385 385 385 385 385 385 385 385 385 385 385 385 385 385 385 385 385 385 385 386 386 386 386 386 386 386 386 386 386 386 386 386 386 386 386 386 386 386 386 386 386 386 386 386 386 386 386 386 386 386 386 386 386 386 386 386 386 386 386 386 386 386 386 386 386 386 386 386 387 387 387 387 387 387 387 387 387 386 386 386 386 386 386 386 386 385 385 385 386 386 385 385 385 385 385 385 385 385 386 386 385 385 386 386 386 386 386 386 386 386 386 386 386 386 386 386 386 386 386 386 386 386 386 386 386 386 386 387 386 386 385 385 385 386 386 385 385 385 385 385 385 385 385 384 385 385 385 385 386 386 386 386 386 386 386 386 386 386 386 386 385 385 385 385 385 385 385 385 385 385 385 385 385 385 385 385 385 385 384 385 385 385 385 385 385 384 384 384 384 356 356 356 356 356 356 357 357 357 357 357 358 358 358 358 359 359 359 359 360 360 360 360 360 361 361 361 361 361 361 361 362 362 362 362 362 363 363 363 363 363 363 364 364 364 364 364 364 365 365 365 365 366 366 366 366 366 366 367 367 367 367 367 367 368 368 368 368 368 368 368 369 369 369 369 369 369 369 370 370 370 370 370 370 370 371 371 371 371 371 371 372 372 372 372 372 372 372 373 373 373 373 373 373 374 374 374 374 374 374 375 375 375 375 375 375 375 376 376 376 376 376 376 376 376 376 377 377 377 377 377 377 377 377 378 378 378 378 378 378 378 378 378 378 378 379 379 379 379 379 379 379 379 379 379 379 379 380 380 380 380 380 380 380 380 380 380 380 381 381 381 381 381 381 381 381 381 381 381 381 381 381 381 381 381 381 381 381 381 382 382 382 382 382 382 382 382 382 382 382 382 382 383 383 383 384 385 385 385 385 385 385 385 385 385 385 385 385 385 385 385 385 385 385 385 385 385 385 385 385 386 386 386 386 386 386 386 386 386 386 386 386 386 386 386 386 386 386 386 386 386 386 386 386 386 386 386 386 386 386 386 386 386 386 386 386 386 386 386 386 386 386 386 386 386 386 386 386 386 387 387 387 387 387 387 387 387 387 387 387 387 387 386 386 386 386 386 386 386 386 385 385 386 386 386 386 386 386 385 386 386 386 386 386 386 386 386 386 386 386 386 386 386 386 386 386 386 386 386 386 386 386 386 387 387 386 386 387 386 386 386 385 385 385 385 385 385 386 386 385 385 384 385 385 384 385 385 385 385 385 386 386 386 386 386 386 386 386 386 386 386 386 385 385 385 385 385 385 385 385 385 385 385 385 385 385 385 385 385 385 385 385 385 385 385 385 385 355 356 356 356 356 356 356 356 356 357 358 358 358 358 358 358 359 359 359 360 360 360 360 360 360 360 361 361 361 361 361 361 361 362 362 362 362 363 363 363 363 363 364 364 364 364 364 364 364 365 365 365 365 366 366 366 366 366 366 366 367 367 367 367 367 367 368 368 368 368 368 369 369 369 369 369 369 369 370 370 370 370 370 370 370 370 371 371 371 371 371 371 372 372 372 372 372 372 373 373 373 373 373 373 373 374 374 374 374 374 375 375 375 375 375 375 375 375 376 376 376 376 376 376 376 376 377 377 377 377 377 377 377 377 377 378 378 378 378 378 378 378 378 378 378 378 378 378 379 379 379 379 379 379 379 379 379 379 380 380 380 380 380 380 380 380 380 380 380 380 380 381 381 381 381 381 381 380 381 381 381 381 381 381 381 381 381 381 381 382 382 382 382 382 382 382 382 382 382 382 382 383 383 383 382 384 384 384 384 384 384 385 385 385 385 385 385 385 385 385 385 385 385 385 385 385 385 385 385 385 385 385 386 386 386 386 386 386 386 386 386 386 386 386 386 386 386 386 386 386 386 386 386 386 386 386 386 386 386 386 386 386 386 386 386 386 386 386 386 386 386 386 386 386 386 386 386 386 386 386 387 386 386 386 387 387 386 387 387 387 387 387 387 387 386 386 386 386 386 385 385 386 386 386 387 386 386 385 385 386 386 386 386 386 386 386 386 386 386 386 386 386 386 386 386 386 387 387 387 387 386 386 386 386 387 387 386 386 386 385 385 386 386 386 386 385 386 386 386 385 386 385 384 384 384 385 385 385 386 386 386 386 386 386 386 386 386 386 386 386 386 386 385 385 385 385 385 385 385 385 385 385 385 385 385 385 385 385 385 385 385 385 385 385 385 385 385 355 355 356 356 356 356 356 356 356 357 357 358 358 358 358 358 359 359 359 359 360 360 360 360 360 360 361 361 361 361 361 361 361 361 362 362 362 362 363 363 363 363 363 363 364 364 364 364 365 365 365 365 365 365 365 365 366 366 366 366 366 367 367 367 367 367 368 368 368 368 368 368 368 369 369 369 369 369 369 370 370 370 370 370 370 370 370 370 371 371 371 371 371 371 372 372 372 372 372 373 373 373 373 373 373 374 374 374 374 374 374 375 375 375 375 375 375 375 375 375 376 376 376 376 376 376 376 377 377 377 377 377 377 377 377 377 378 378 378 378 378 378 378 378 378 378 378 379 379 379 379 379 379 379 379 379 379 380 380 380 380 380 380 380 380 380 380 380 380 380 380 380 380 380 380 380 380 380 380 380 380 381 381 381 381 381 381 381 381 381 382 382 382 382 382 382 382 382 382 382 382 382 382 382 383 384 384 384 384 384 385 385 385 385 385 385 385 385 385 385 385 385 385 385 385 385 385 385 385 385 385 385 386 386 386 386 386 386 386 386 386 386 386 386 386 386 386 386 386 386 386 386 386 386 386 386 386 386 386 386 386 386 386 386 386 386 386 386 386 386 386 386 386 386 386 387 386 386 386 386 386 386 386 386 386 386 386 386 387 387 387 387 387 387 387 386 386 386 386 385 385 386 386 386 386 385 385 385 385 386 386 386 386 386 386 386 386 386 386 386 386 386 386 386 386 386 386 386 387 387 387 387 386 386 387 387 387 386 386 385 386 386 386 386 385 386 386 386 385 385 386 385 385 384 384 384 384 384 385 385 385 385 386 386 386 386 386 386 386 386 386 386 386 386 386 385 385 386 386 385 385 385 385 385 385 385 385 385 385 385 385 385 385 385 385 385 385 385 385 385 355 355 356 357 357 357 357 357 357 357 357 358 358 358 358 358 359 359 359 359 360 360 360 360 360 360 361 361 361 361 361 361 361 362 362 362 362 362 362 363 363 363 363 364 364 364 364 365 365 365 365 365 365 365 365 365 366 366 366 366 366 367 367 367 367 367 367 368 368 368 368 368 368 369 369 369 369 369 369 369 370 370 370 370 370 370 370 370 371 371 371 371 371 371 372 372 372 372 372 373 373 373 373 373 374 374 374 374 374 374 374 375 375 375 375 375 375 375 375 375 376 376 376 376 376 376 376 376 377 377 377 377 377 377 377 377 378 378 378 378 378 378 378 378 378 378 378 378 379 379 379 379 379 379 379 379 380 379 380 380 380 380 380 380 380 380 380 380 380 380 380 380 380 380 380 380 380 380 380 380 381 381 381 381 381 381 381 381 381 382 382 381 381 382 382 382 382 382 382 382 382 382 382 383 384 384 384 384 384 384 385 385 385 385 385 385 385 385 385 385 385 385 385 385 385 385 385 385 385 385 385 385 386 386 386 386 386 386 386 386 386 386 386 386 386 386 386 386 386 385 386 386 386 386 386 386 386 386 386 386 386 386 386 386 386 386 386 386 386 386 386 386 386 386 387 386 386 386 386 386 386 386 386 386 386 386 386 386 386 386 386 387 387 387 387 386 386 386 386 385 386 386 386 386 385 385 386 386 386 386 386 386 386 386 386 386 386 386 386 386 386 385 385 386 386 386 386 387 386 387 386 386 386 386 386 387 386 386 386 386 386 386 386 386 386 385 385 386 386 386 386 386 385 385 384 385 385 384 384 385 385 385 385 386 386 386 386 386 386 386 386 386 386 386 386 386 386 386 386 386 386 385 386 385 385 385 385 385 385 385 385 385 385 385 385 385 385 385 385 385 384 355 355 355 356 356 357 357 357 357 357 357 357 357 358 358 358 358 359 359 359 359 360 360 360 360 360 360 360 361 361 361 361 362 362 362 362 362 362 362 363 363 363 363 363 364 364 364 364 365 365 365 365 365 365 365 365 365 366 366 366 366 367 367 367 367 367 367 367 367 368 368 368 368 368 368 369 369 369 369 369 369 370 370 370 370 370 370 371 371 371 371 371 371 371 372 372 372 372 372 372 373 373 373 373 373 374 374 374 374 374 374 375 375 375 375 375 375 375 375 375 376 376 376 376 376 376 376 376 376 377 377 377 377 377 377 377 377 378 378 378 378 378 378 378 378 378 378 378 378 379 379 379 379 379 379 379 379 379 380 380 380 380 380 380 380 380 380 380 380 380 380 380 380 381 380 380 380 380 380 380 380 381 381 381 381 381 381 381 381 381 381 381 381 381 381 382 382 382 382 382 382 382 382 382 384 384 384 384 384 384 384 384 385 385 385 385 385 385 385 385 385 385 385 385 385 385 385 385 385 385 385 385 385 385 386 386 386 386 386 386 386 386 386 386 386 386 386 386 386 385 386 386 386 386 386 386 386 386 386 386 386 386 386 386 386 386 386 386 386 386 386 386 386 386 386 386 386 386 386 386 386 387 387 386 386 386 386 387 386 387 387 387 387 387 387 386 386 386 386 386 386 386 386 386 385 385 386 386 386 386 386 386 386 386 386 386 386 385 385 385 386 386 386 385 386 386 386 386 386 386 386 386 386 387 387 387 387 386 386 386 387 387 386 386 386 386 385 386 386 386 386 385 385 385 385 385 385 385 384 384 385 385 385 386 386 386 386 387 387 387 387 387 386 386 386 386 386 386 386 386 386 386 386 386 385 385 385 385 385 385 385 385 385 385 385 385 385 385 385 384 355 355 355 355 356 356 357 357 357 357 357 357 358 359 358 358 359 359 359 359 359 360 360 360 360 360 360 361 361 361 362 361 362 362 362 362 362 362 362 363 363 363 363 363 364 364 364 364 365 365 365 365 366 365 365 365 365 366 366 366 366 367 367 367 367 367 367 367 367 367 367 368 368 368 368 368 369 369 369 369 369 369 369 370 370 370 371 371 371 371 371 371 371 372 372 372 372 372 372 372 373 373 373 373 374 374 374 374 374 374 374 374 375 375 375 375 375 375 375 376 376 376 376 376 376 376 376 376 376 377 377 376 377 377 377 377 377 377 378 378 378 378 378 378 378 378 378 379 379 379 379 379 379 379 379 379 379 379 379 379 380 380 380 380 380 380 380 380 380 380 381 381 381 380 380 380 380 380 380 380 381 381 380 381 381 381 381 381 381 381 381 381 381 381 382 382 382 382 382 382 382 382 382 384 384 384 384 384 384 384 384 384 385 385 385 385 385 385 385 385 385 385 385 385 385 385 385 385 385 385 385 385 385 385 386 386 386 386 386 386 386 386 386 386 386 386 386 386 385 386 386 386 386 386 386 386 386 386 386 386 386 386 386 386 386 386 386 386 386 386 386 386 386 386 387 386 386 386 386 386 386 386 386 386 386 386 387 387 387 387 387 387 387 387 386 386 386 386 386 386 386 386 386 385 385 386 386 386 386 386 386 386 386 386 385 386 386 386 386 386 386 386 385 385 386 386 386 386 386 386 386 386 386 386 387 387 387 387 387 387 387 387 386 386 386 386 386 385 385 386 385 385 385 385 385 385 385 385 384 384 384 385 385 385 384 385 385 385 385 386 386 386 386 386 386 386 387 386 386 386 386 386 386 386 386 386 386 386 386 386 385 385 385 385 385 385 385 385 355 355 355 355 356 356 356 357 357 357 357 357 358 359 359 358 358 358 359 359 359 360 360 360 360 360 360 361 361 361 361 361 362 362 362 362 362 362 362 362 363 363 363 363 364 364 364 364 364 365 365 365 365 365 365 365 365 365 366 366 366 366 367 367 367 367 367 367 367 367 367 367 368 368 368 368 368 369 369 369 369 369 369 370 370 370 371 371 371 371 371 371 371 372 372 372 372 372 372 372 373 373 373 373 374 374 374 374 374 374 374 374 374 374 375 375 375 375 375 375 375 376 376 376 376 376 376 376 376 376 376 376 376 377 377 377 377 377 377 378 378 378 378 378 378 378 378 378 378 379 379 379 379 379 379 379 379 379 379 379 380 380 380 380 380 380 380 380 380 380 381 380 380 380 380 380 380 380 380 380 380 380 380 381 381 381 381 381 381 381 381 381 381 381 382 382 382 382 382 382 382 382 382 384 384 384 384 384 384 384 384 385 385 385 385 385 384 385 385 385 385 385 385 385 385 385 385 385 385 385 385 385 385 385 385 386 386 386 386 386 386 386 386 386 386 386 386 386 385 385 386 386 386 386 386 386 386 386 386 386 386 386 386 386 386 386 386 386 386 386 386 386 386 386 387 387 386 386 386 386 386 386 386 386 386 386 387 387 387 387 387 387 387 386 386 386 386 386 386 386 386 386 386 385 385 385 385 385 386 386 386 386 385 385 385 386 386 386 386 386 386 386 386 385 386 386 386 386 387 386 386 386 386 387 387 387 387 387 387 387 387 387 387 387 387 386 386 385 386 386 385 386 386 385 385 385 385 385 385 385 385 385 385 385 385 385 385 385 385 386 386 386 386 386 386 386 386 386 386 386 386 386 386 386 386 386 386 386 386 386 386 385 385 385 385 385 385 385 355 355 355 355 355 356 356 356 357 357 357 357 358 358 359 359 358 359 359 359 359 359 360 360 360 360 361 361 361 361 361 361 362 362 362 362 362 362 362 362 363 363 363 363 364 364 364 364 364 364 365 365 365 365 365 365 365 365 365 366 366 366 366 367 367 367 367 367 368 367 368 368 368 368 368 368 368 369 369 369 369 369 369 370 370 370 370 371 371 371 371 371 371 371 372 372 372 372 372 372 372 373 373 373 373 373 374 374 374 374 374 374 374 374 375 375 375 375 375 375 375 375 375 376 376 376 376 376 376 376 376 376 376 377 377 377 377 377 377 377 377 378 378 378 378 378 378 378 378 378 379 379 379 379 379 379 379 379 379 379 379 379 380 380 380 380 380 380 380 380 380 380 380 380 380 380 380 380 380 380 381 381 380 380 381 381 381 381 381 381 381 381 382 381 381 382 382 382 382 382 382 382 382 384 384 384 384 384 384 384 384 384 385 385 385 384 384 385 385 385 385 385 385 385 385 385 385 385 385 385 385 385 385 385 385 385 385 386 386 386 386 386 386 386 386 386 386 386 385 385 386 386 386 386 386 386 386 386 386 386 386 386 386 386 386 386 386 386 386 386 386 386 386 386 387 387 386 386 386 386 386 386 386 386 386 386 387 387 387 387 387 387 387 386 386 386 386 386 386 386 386 386 386 385 385 385 385 385 385 386 386 385 386 385 385 386 386 386 386 386 386 386 386 385 385 385 386 386 387 387 387 387 387 387 387 387 386 386 387 387 387 387 387 387 387 387 386 386 386 385 385 385 385 385 385 385 385 385 385 385 385 385 385 384 385 385 385 385 386 386 386 386 386 386 386 386 386 386 386 386 386 386 386 386 386 386 386 386 386 386 386 385 385 385 385 385 385 385 385 354 355 355 355 355 355 356 356 356 357 357 357 358 358 358 359 359 359 359 359 359 359 360 360 360 360 361 361 361 361 361 362 362 362 362 362 362 362 362 362 363 363 363 363 363 364 364 364 364 364 364 365 365 365 365 366 365 365 365 366 366 366 366 367 367 367 367 367 368 368 368 368 368 368 368 368 369 369 369 369 369 369 370 370 370 370 370 371 371 371 371 371 371 371 372 372 372 372 372 372 372 373 373 373 373 373 373 373 373 374 374 374 374 374 375 375 375 375 375 375 375 375 375 376 376 376 376 376 376 376 376 376 376 377 377 377 377 377 377 377 377 377 377 377 378 378 378 378 378 378 378 379 378 378 379 379 379 379 379 379 379 379 379 379 380 379 380 380 380 380 380 380 380 380 380 380 380 380 380 380 380 381 381 380 380 381 381 381 381 381 381 381 381 382 381 381 381 381 381 382 382 382 382 384 384 384 384 384 384 384 384 384 384 384 384 384 384 385 385 385 385 385 385 385 385 385 385 385 385 385 385 385 385 385 385 385 385 385 386 386 386 386 386 386 386 386 386 385 385 385 385 386 386 386 386 386 386 386 386 386 386 386 386 386 386 386 386 386 386 386 386 386 386 386 386 387 387 386 386 386 386 386 386 386 386 386 386 386 386 386 386 387 387 386 386 387 386 386 386 386 386 386 386 385 386 385 385 385 385 385 385 385 386 386 385 385 386 386 386 386 386 387 386 386 385 385 385 386 386 386 386 387 387 387 387 387 386 386 387 387 387 387 387 387 387 387 386 386 385 385 385 385 385 385 385 385 385 385 385 385 385 385 385 385 385 385 385 385 386 386 386 386 386 386 386 386 386 386 386 386 386 386 386 386 386 386 386 386 386 386 386 386 385 385 385 385 385 385 385 355 355 355 355 355 355 356 356 357 357 357 358 358 358 359 359 359 359 359 359 359 360 360 360 360 360 360 360 361 361 361 361 361 361 362 362 362 362 362 362 363 363 363 363 363 364 364 364 364 364 364 365 365 365 365 366 365 365 366 366 366 366 366 367 367 367 367 368 368 368 368 368 368 368 369 369 369 369 369 369 370 370 370 370 370 371 371 371 371 371 371 371 371 371 372 372 372 372 372 372 372 373 373 373 373 373 373 373 374 374 374 374 374 375 375 375 375 375 375 375 375 375 376 376 376 376 376 376 376 376 376 376 377 377 377 377 377 377 377 377 377 377 377 377 378 378 378 378 378 378 378 378 378 379 379 379 379 379 379 379 379 379 379 379 379 379 379 380 380 380 380 380 380 380 380 380 380 380 380 380 380 381 381 380 380 381 381 381 381 381 381 381 381 381 382 382 382 382 382 382 382 382 384 384 384 384 384 384 384 384 384 384 384 384 384 384 384 385 385 385 385 385 385 385 385 385 385 385 385 385 385 385 385 385 385 385 385 385 385 386 386 386 386 386 386 386 385 385 385 385 386 386 386 386 386 386 386 386 386 386 386 386 386 386 386 386 386 386 386 386 386 387 387 386 387 386 386 386 386 386 386 386 386 386 386 386 386 386 386 386 386 387 387 387 387 387 386 386 386 387 386 386 386 386 386 385 385 386 385 385 385 386 386 386 385 385 386 386 386 386 386 387 386 385 385 386 386 386 386 386 387 387 387 387 386 386 386 387 387 387 386 386 386 386 387 386 386 386 386 385 385 386 386 386 385 385 385 385 385 385 385 385 385 385 385 385 386 386 386 386 386 386 386 386 386 386 386 386 386 386 386 386 386 386 386 386 386 386 386 386 386 385 386 386 385 385 385 385 385 355 355 355 355 355 356 356 356 356 357 357 357 358 358 359 359 359 359 359 359 359 359 360 360 360 360 360 360 361 361 361 361 361 361 361 361 362 362 362 362 363 363 363 363 364 364 363 364 364 364 365 365 365 365 365 365 365 365 365 366 366 366 366 367 367 367 367 368 368 368 368 368 368 368 369 369 369 369 369 369 369 370 370 370 370 370 370 370 371 371 371 371 371 371 371 371 372 372 372 372 372 372 373 373 373 373 373 374 374 374 374 374 374 374 374 375 375 375 375 375 375 375 375 376 376 376 376 376 376 376 376 376 377 377 377 377 377 377 377 377 377 377 377 377 377 378 378 378 378 378 378 378 378 378 378 379 379 379 379 379 379 379 379 379 379 379 379 379 379 379 380 379 380 380 380 380 380 380 380 380 380 380 380 380 380 380 381 381 381 381 381 381 381 381 381 381 382 382 382 382 382 382 383 384 384 384 384 384 384 384 384 384 384 384 384 384 384 385 385 385 385 385 385 385 385 385 385 385 385 385 385 385 385 385 385 385 385 385 385 385 386 386 386 386 386 385 385 385 385 386 386 386 386 386 386 386 386 386 386 386 386 386 386 386 386 386 386 386 386 386 386 386 386 386 387 386 386 386 386 386 386 386 386 386 386 386 386 386 386 386 387 387 387 387 387 387 386 386 386 386 387 387 386 386 386 386 386 386 385 385 386 386 386 386 386 385 386 386 386 386 386 386 386 386 385 385 386 386 386 386 386 387 386 386 386 386 387 387 387 386 386 386 386 387 387 387 387 386 386 386 386 386 386 386 386 386 386 386 385 385 385 385 385 385 385 385 386 386 386 386 386 386 386 386 386 386 386 386 386 386 386 386 386 386 386 386 385 386 386 386 386 386 386 386 385 385 385 385 385 385 354 355 355 355 356 356 356 356 357 357 357 357 357 358 358 358 359 359 359 359 359 359 360 360 360 360 360 360 361 361 361 361 361 361 361 361 362 362 362 362 363 363 363 363 363 364 363 364 364 364 364 365 365 365 365 365 365 365 365 365 366 366 366 367 367 367 367 368 368 368 368 368 368 368 368 368 369 369 369 369 369 369 369 370 370 370 370 370 370 371 371 371 371 371 371 371 371 372 372 372 372 372 373 373 373 373 373 373 374 374 374 374 374 374 374 374 375 375 375 375 375 375 375 375 376 376 376 376 376 376 376 376 377 377 377 377 377 377 377 377 377 377 377 377 377 378 378 378 378 378 378 378 378 378 378 378 378 379 379 379 379 379 379 379 379 379 379 379 379 379 379 379 380 380 380 380 380 380 380 380 380 381 380 380 380 380 381 381 381 381 381 381 381 381 381 381 381 381 382 382 382 382 383 383 384 384 384 384 384 384 384 384 384 384 384 384 384 384 385 385 385 385 385 385 385 385 385 385 385 385 385 385 385 385 385 385 385 385 385 385 385 386 386 386 386 385 385 385 385 386 386 386 386 386 386 386 386 386 386 386 386 386 386 386 386 386 386 386 386 386 386 386 386 386 386 386 386 386 386 386 386 386 386 386 386 386 386 386 386 387 386 386 386 387 387 387 387 386 386 387 387 387 386 386 386 386 386 386 385 386 386 386 386 386 386 386 386 386 386 386 386 386 386 386 385 385 385 386 386 386 386 387 386 386 386 386 386 387 387 386 386 386 387 386 387 387 387 387 386 386 386 386 386 386 386 386 386 385 385 385 385 385 385 385 385 386 386 386 386 386 386 386 386 386 386 386 386 386 386 386 386 386 386 386 386 386 386 385 385 386 386 386 386 386 385 385 385 385 386 385 385 354 354 355 355 355 356 355 356 356 356 357 357 357 357 357 358 359 359 358 359 359 359 359 360 360 360 360 360 361 361 361 361 361 361 361 361 361 361 362 362 362 363 363 363 363 363 363 363 364 364 364 364 364 364 365 365 365 365 366 365 365 366 366 366 366 367 367 367 367 367 368 368 368 368 368 368 369 369 369 369 369 369 369 369 369 369 370 370 370 370 370 371 371 371 371 371 371 371 372 372 372 372 372 372 373 373 373 373 373 373 374 374 374 374 374 374 374 374 375 375 375 375 375 375 375 376 376 376 376 376 376 376 376 376 376 376 377 377 377 377 377 377 377 377 377 377 377 378 378 378 378 378 378 378 378 378 378 378 378 378 378 379 379 379 379 379 379 379 379 379 379 379 379 380 380 380 380 380 380 380 380 380 380 380 380 380 380 380 381 381 381 381 381 381 381 381 381 381 381 381 382 382 382 383 383 383 384 384 384 384 384 384 384 384 384 384 384 384 384 385 385 385 385 385 385 385 385 385 385 385 385 385 385 385 385 385 385 385 385 385 385 385 385 386 386 386 385 385 385 385 386 386 386 385 385 386 386 386 385 386 386 386 386 386 386 386 386 386 386 386 386 386 386 386 386 386 386 386 386 386 386 386 386 386 386 386 386 386 386 386 386 386 387 387 387 387 387 387 387 386 387 387 387 386 386 386 386 386 386 386 386 386 386 386 386 386 386 386 386 386 386 386 386 386 386 385 385 385 385 386 386 386 386 386 385 386 387 386 386 386 386 386 386 386 387 387 387 387 387 387 387 387 386 386 386 386 386 386 386 386 386 385 385 385 385 385 385 385 386 386 386 387 387 386 386 386 386 386 386 386 386 386 386 386 386 386 386 385 385 386 386 386 386 386 386 385 385 385 385 385 386 385 385 353 354 354 354 354 355 355 355 355 355 356 356 356 356 357 357 358 358 359 359 359 359 359 359 359 360 360 360 360 360 360 360 361 361 361 361 361 361 361 361 362 362 362 362 363 363 363 363 363 363 363 363 364 364 364 364 364 365 365 365 365 366 366 366 366 366 367 367 367 367 367 367 367 368 368 368 368 368 368 369 369 369 369 369 369 369 369 369 369 370 370 370 370 370 371 371 371 371 371 371 371 372 372 372 372 373 373 373 373 373 373 373 373 374 374 374 374 374 374 374 375 375 375 375 375 375 375 375 375 376 376 376 376 376 376 376 376 376 376 376 376 376 376 377 377 377 377 377 377 377 377 377 377 378 378 378 378 378 378 378 378 378 378 378 378 379 379 379 379 379 379 379 379 379 379 379 380 380 380 380 380 380 380 380 380 380 380 380 380 381 381 381 381 381 381 381 381 381 381 381 381 381 381 381 381 383 383 383 383 384 384 384 384 384 384 384 384 384 384 384 384 384 385 385 385 385 385 385 385 385 385 385 384 385 385 385 385 385 385 385 385 385 385 385 385 385 385 385 385 385 385 385 385 386 385 385 385 385 385 385 385 386 386 386 386 386 386 386 386 386 386 386 386 386 386 386 386 386 386 386 386 386 386 386 386 386 386 386 386 386 386 386 386 386 386 387 387 387 387 387 386 386 386 386 386 386 386 386 386 386 386 386 385 385 386 386 386 386 386 386 386 386 386 386 387 386 386 386 386 386 385 385 386 386 386 386 386 386 387 386 386 386 386 386 386 386 387 387 387 387 387 386 387 387 386 386 386 386 385 385 386 386 386 385 385 385 385 386 386 386 386 386 386 387 387 386 386 386 386 386 386 386 386 386 386 386 386 386 386 385 385 386 386 386 386 385 385 385 385 385 385 385 386 385 385 353 353 353 353 354 354 354 354 354 355 355 356 356 356 356 357 357 357 358 358 359 359 359 359 359 359 359 359 360 360 360 360 360 360 360 361 361 361 361 361 361 361 362 362 362 362 362 363 363 363 363 363 363 363 363 364 364 364 364 364 365 365 365 366 366 366 366 366 367 367 367 367 367 367 367 368 368 368 368 368 368 369 369 369 369 369 369 369 369 369 369 370 370 370 370 370 371 371 371 371 371 371 371 371 372 372 372 372 373 373 373 373 373 373 373 373 374 374 374 374 374 374 375 375 375 375 375 375 375 375 375 375 376 376 376 376 376 376 376 376 376 376 377 377 377 377 377 377 377 377 377 377 377 377 377 378 378 378 378 378 378 378 378 378 378 378 378 379 379 379 379 379 379 379 379 379 379 379 380 380 380 380 380 380 380 380 380 380 380 380 380 380 381 381 381 381 381 381 381 381 381 381 381 381 381 381 381 383 383 383 383 384 384 384 384 384 384 384 384 384 384 384 384 384 384 384 385 385 385 385 385 385 385 385 384 385 385 385 385 385 385 385 385 385 385 385 385 385 385 385 385 385 385 385 385 385 385 385 385 386 385 385 385 386 386 386 386 386 386 386 386 386 386 386 386 386 386 386 386 386 386 386 386 386 386 386 386 386 386 386 386 386 386 386 386 386 387 387 387 387 387 387 386 387 386 386 386 386 386 386 385 386 386 386 386 385 385 385 386 386 386 386 386 386 386 386 387 386 386 386 386 385 385 385 386 386 386 386 387 387 386 386 386 386 386 386 386 386 386 387 387 386 386 386 386 386 387 386 386 386 386 386 385 386 385 385 385 385 385 385 385 386 386 386 387 387 387 387 386 386 386 386 386 386 386 386 386 386 386 386 386 386 386 386 386 386 385 385 386 386 386 385 385 385 385 385 385 353 353 354 354 354 354 354 354 354 354 355 355 356 356 356 357 357 357 358 358 358 358 358 359 359 359 359 359 359 359 360 360 360 360 361 361 361 361 360 361 361 361 362 362 362 362 362 363 363 363 363 363 363 364 363 364 364 364 364 364 365 365 365 365 366 366 366 366 366 367 367 367 367 367 367 368 368 368 368 368 368 368 368 369 369 369 369 369 369 369 369 369 370 370 370 370 370 370 371 371 371 371 371 371 371 372 372 372 372 372 373 373 373 373 373 373 373 374 374 374 374 374 375 375 375 375 375 375 375 375 375 375 375 376 376 376 376 376 376 376 376 376 376 376 377 377 377 377 377 377 377 377 377 377 377 377 378 378 378 378 378 378 378 378 378 378 378 378 379 379 379 379 379 379 379 379 379 379 380 380 380 380 380 380 380 380 380 380 380 380 380 380 380 380 380 381 381 381 381 381 381 381 381 381 381 381 381 383 383 383 383 384 384 384 384 384 384 384 384 384 384 384 384 384 384 384 385 385 385 385 385 385 385 385 384 384 385 385 385 385 385 385 385 385 385 385 385 385 385 385 385 385 385 385 385 385 385 386 386 385 385 385 385 386 386 386 386 386 386 386 386 386 386 386 386 386 386 386 386 386 386 386 386 386 386 386 386 386 386 386 386 386 386 386 387 387 387 386 387 387 387 386 386 387 387 386 386 386 386 386 385 385 386 386 386 386 386 385 385 386 386 386 386 386 386 386 387 386 386 386 386 386 386 385 386 386 386 386 387 387 387 387 387 386 386 386 386 386 386 387 387 386 386 386 386 386 387 387 386 386 386 385 386 386 386 386 385 385 385 385 386 386 386 386 386 387 386 386 386 386 386 386 386 386 386 386 386 386 386 386 386 386 386 386 386 386 385 386 386 386 386 386 385 385 385 386 385 385 353 353 354 354 354 354 354 355 354 355 355 355 356 356 356 357 357 358 358 358 358 358 358 358 358 358 359 359 359 359 360 360 360 360 361 361 361 360 361 361 361 361 362 362 362 362 362 362 363 363 363 363 363 363 363 364 364 364 364 364 364 365 365 365 365 366 366 366 366 367 367 367 367 367 367 367 368 368 368 368 368 368 368 369 369 369 369 369 369 369 369 370 370 370 370 370 371 371 371 371 371 371 371 371 371 372 372 372 372 373 373 373 373 373 373 373 373 373 374 374 374 374 374 374 375 375 375 375 375 375 375 375 375 375 375 375 376 376 376 376 376 376 376 376 377 377 377 377 377 377 377 377 377 377 377 377 377 377 378 378 378 378 378 378 378 378 378 378 379 379 379 379 379 379 379 379 379 379 379 379 380 380 380 380 380 380 380 380 380 380 380 380 380 380 380 381 381 381 381 381 381 381 381 381 381 381 381 383 383 383 383 383 384 384 384 384 384 384 384 384 384 384 384 384 384 384 384 384 384 384 385 385 385 385 384 384 385 385 385 385 385 385 385 385 385 385 385 385 385 385 385 385 385 385 385 385 385 385 386 385 385 385 385 385 385 385 386 386 386 386 386 386 386 386 386 386 386 386 386 386 386 386 386 386 386 386 386 386 386 386 386 386 386 386 386 386 386 386 387 387 387 386 387 387 386 386 386 386 386 385 385 385 386 386 386 386 386 386 385 385 386 386 386 386 386 386 387 387 386 387 387 387 386 386 385 386 386 386 387 387 387 387 387 387 386 386 386 386 386 387 386 386 386 386 386 386 386 387 387 386 386 386 386 386 386 386 385 385 385 385 386 385 385 386 386 387 387 386 386 386 386 386 386 386 386 386 386 386 386 386 386 386 386 386 386 386 386 386 386 386 386 386 385 385 385 386 385 385 352 352 353 353 354 354 354 355 355 355 355 355 356 356 356 356 357 357 358 358 358 358 358 358 358 358 358 358 359 359 359 359 360 360 360 360 360 360 361 361 361 361 361 362 362 362 362 362 362 363 363 363 363 363 364 364 364 364 364 364 364 364 365 365 365 365 365 366 366 366 366 366 367 367 367 367 367 368 368 368 368 368 369 369 369 369 369 369 369 369 369 370 370 370 370 370 371 371 371 371 371 371 371 371 371 372 372 372 372 373 373 373 373 373 373 373 373 373 373 374 374 374 374 374 374 374 374 375 375 375 375 375 375 375 375 375 375 375 376 376 376 376 376 376 376 377 377 377 377 377 377 377 377 377 377 377 377 377 377 377 378 378 378 378 378 378 378 378 378 378 378 378 379 379 379 379 379 379 379 379 379 379 379 380 380 380 380 380 380 380 380 380 380 380 380 380 381 381 381 381 381 381 381 381 381 381 381 381 383 383 383 383 383 383 383 384 384 384 384 384 384 384 384 384 384 384 384 384 384 384 384 384 385 384 384 384 384 385 385 385 385 385 385 385 385 385 385 385 385 385 385 385 385 385 385 385 385 385 385 386 385 385 385 385 385 386 385 385 386 386 386 386 386 386 386 386 386 386 386 386 386 386 386 386 386 386 386 386 386 386 386 386 386 386 386 386 386 386 386 387 387 387 386 387 387 386 386 386 386 386 386 386 385 386 386 386 386 386 385 385 385 386 386 387 387 386 386 387 386 386 386 386 386 386 386 386 386 386 386 386 386 386 387 387 387 386 386 386 386 386 386 386 386 386 386 386 386 386 386 387 387 386 386 386 386 386 386 385 385 385 385 385 385 386 386 386 387 386 386 386 386 386 386 386 386 386 386 386 386 386 386 386 386 386 386 386 386 386 386 386 386 386 385 385 385 385 385 385 385 352 353 354 354 354 355 355 355 355 356 356 356 356 356 357 357 357 358 358 358 358 358 358 358 358 358 358 359 359 359 359 359 360 360 360 361 361 361 361 361 361 361 362 362 362 362 362 363 363 363 363 363 363 363 364 364 364 364 364 364 364 365 365 365 365 365 366 366 366 366 367 367 367 367 368 368 368 368 368 368 368 369 369 369 369 369 369 369 369 370 370 370 370 370 370 370 370 371 371 371 371 371 371 372 372 372 372 372 373 373 373 373 373 373 373 373 373 373 374 374 374 374 374 374 374 374 375 375 375 375 375 375 375 375 375 375 376 376 376 376 376 376 376 376 377 377 377 377 377 377 377 377 377 377 377 377 377 377 377 378 378 378 378 378 378 379 379 379 379 379 379 379 379 379 379 379 379 379 379 379 379 379 379 380 380 380 380 380 380 380 380 380 380 381 381 381 381 381 381 381 381 381 381 381 381 381 383 383 383 383 383 383 383 383 384 384 384 384 384 384 384 384 384 384 384 384 384 384 384 384 384 384 384 384 385 385 385 385 385 385 385 385 385 385 385 385 385 385 385 385 385 385 385 385 385 385 385 385 385 385 386 385 385 385 386 386 385 386 386 386 386 386 386 386 386 386 386 386 386 386 386 386 386 386 386 386 386 386 386 386 386 387 387 386 386 386 386 386 387 387 387 387 387 386 386 386 386 386 386 386 386 386 386 386 386 385 385 386 385 386 386 386 387 387 387 387 386 386 386 386 386 386 386 386 386 386 386 386 386 386 386 386 386 386 386 386 386 386 386 386 386 386 386 386 386 386 386 386 386 386 386 386 386 386 386 385 385 385 385 385 385 385 386 386 386 386 386 386 386 386 386 386 386 386 386 386 386 386 386 386 386 386 386 386 386 386 386 386 385 385 386 386 385 385 385 385 385 385 352 353 353 353 353 354 354 354 355 355 355 356 356 356 356 356 356 357 357 358 358 358 358 358 358 358 358 359 359 359 359 359 359 360 360 360 361 361 361 361 361 361 361 361 362 362 362 362 363 362 362 363 363 363 363 363 364 364 364 364 364 364 364 365 365 365 365 365 366 366 366 366 367 367 367 367 367 368 367 368 368 368 368 369 369 369 369 369 369 369 369 370 370 370 370 370 370 370 371 371 371 371 371 371 371 372 372 372 372 372 373 373 373 373 373 373 373 373 373 373 374 374 374 374 374 374 374 374 374 375 375 375 375 375 375 376 376 376 376 376 376 376 376 376 376 377 377 377 377 377 377 377 377 377 377 377 377 377 377 377 377 378 378 378 378 378 378 378 379 379 379 379 379 378 378 379 379 379 379 379 379 379 379 379 380 380 380 380 380 380 380 380 380 380 380 380 380 380 381 381 381 381 381 381 381 381 381 383 383 383 383 383 383 383 383 383 384 384 384 384 384 384 384 384 384 384 384 384 384 384 384 384 384 384 384 385 385 385 385 385 385 385 385 385 385 385 385 385 385 385 385 385 385 385 385 385 385 385 385 385 385 386 385 385 385 385 386 385 386 386 386 386 386 386 386 386 386 386 386 386 386 386 386 386 386 386 386 386 386 386 386 386 386 386 387 387 387 386 386 386 387 387 387 387 387 386 386 386 387 386 386 386 386 386 386 386 386 386 386 386 385 385 386 386 386 387 387 386 386 386 386 386 386 387 386 386 386 387 386 386 386 386 386 387 387 386 386 386 386 386 386 386 385 386 386 386 386 386 386 386 386 387 386 386 386 386 386 385 385 385 385 386 386 386 386 386 387 386 386 386 387 387 386 386 386 386 386 386 386 386 386 386 386 386 386 386 386 386 386 386 386 386 386 385 385 385 385 385 385 352 353 352 353 354 354 353 354 354 355 355 355 356 356 356 356 356 357 357 358 358 358 358 358 358 358 359 359 359 359 359 359 359 360 360 361 361 361 361 361 361 361 361 362 362 362 362 362 362 363 363 363 363 363 363 363 363 364 364 364 364 364 364 365 365 365 366 366 366 366 366 366 367 367 367 367 367 367 367 368 368 368 368 369 369 369 369 369 369 369 369 370 370 370 370 370 370 371 371 371 371 371 371 371 371 372 372 372 372 372 372 372 373 373 373 373 373 373 373 373 374 374 374 374 374 374 374 374 374 374 375 375 375 375 375 375 376 376 376 376 376 376 377 377 377 377 377 377 377 377 377 377 377 377 377 377 377 377 377 377 377 378 378 378 378 378 378 378 378 379 379 378 378 378 379 379 379 379 379 379 379 379 379 380 380 380 380 380 380 380 380 380 380 380 380 380 380 380 380 380 380 381 381 381 381 381 383 383 383 383 383 383 383 383 383 383 384 384 384 384 384 384 384 384 384 384 384 384 384 384 384 384 384 384 384 385 385 385 385 385 385 385 385 385 385 385 385 385 385 385 385 385 385 385 385 385 385 385 385 385 385 385 385 385 385 386 385 386 386 386 386 386 386 386 386 386 386 386 386 386 386 386 386 386 386 386 386 386 386 386 387 386 386 387 387 387 387 386 386 386 387 387 387 387 387 387 386 387 387 387 387 387 387 386 386 386 386 386 386 386 386 386 385 386 386 386 386 386 386 386 386 386 386 386 386 386 387 386 386 386 387 387 387 387 386 387 387 386 386 386 386 386 385 386 386 386 386 386 386 386 386 386 386 386 386 386 385 385 385 385 386 386 386 386 386 387 386 386 386 386 386 386 386 386 386 386 386 386 386 386 386 386 386 386 386 386 386 386 386 386 386 386 385 385 386 386 385 385 385 352 353 354 353 354 354 354 355 355 356 356 356 356 356 357 357 357 357 358 358 358 358 359 359 359 359 359 360 360 359 359 360 360 360 361 361 361 361 361 361 361 362 362 362 362 362 362 363 363 363 363 363 363 364 363 363 364 364 364 364 364 364 365 365 365 365 366 366 366 367 367 367 367 367 367 367 367 367 368 368 368 368 368 369 369 369 369 369 369 369 370 370 370 370 370 370 371 371 370 370 371 371 371 371 372 372 372 372 372 372 373 373 372 372 373 373 373 373 373 373 374 374 374 374 374 374 374 374 374 375 375 375 375 375 375 376 376 376 376 376 376 376 376 376 376 377 377 377 377 377 377 377 377 377 377 377 377 377 377 377 377 377 377 378 378 378 378 378 378 379 379 379 379 379 379 379 379 379 379 379 379 379 379 380 380 380 380 380 380 380 380 380 380 380 380 380 380 380 380 381 381 381 381 381 383 383 383 383 383 383 383 383 383 383 383 383 383 383 384 384 384 384 384 384 384 384 384 384 384 384 384 384 384 384 385 385 385 385 385 385 385 385 385 385 385 385 385 385 385 385 385 385 385 385 385 385 385 385 385 385 385 385 385 386 385 385 386 386 386 386 386 386 385 386 386 386 386 386 386 386 386 386 386 386 386 386 386 386 386 387 386 386 387 387 386 386 386 387 387 386 386 387 387 387 387 386 386 387 387 387 386 386 387 386 386 386 386 386 386 386 386 386 387 386 386 386 386 386 386 386 386 386 386 387 387 386 386 387 387 387 387 387 387 387 387 387 386 386 386 385 386 385 385 386 386 386 386 386 386 386 386 386 386 386 385 385 385 385 386 386 386 386 387 387 386 386 386 386 386 386 386 386 386 386 386 386 386 386 386 386 386 386 386 386 386 386 386 386 386 386 385 385 386 386 385 385 385 385 352 353 354 353 353 353 354 354 355 355 356 357 356 356 356 356 356 357 358 358 358 359 359 359 359 359 360 360 360 360 360 360 360 360 361 361 361 361 361 361 361 361 362 362 362 362 362 362 362 363 363 363 364 364 363 364 364 364 364 364 364 364 365 365 365 365 365 366 366 366 367 367 367 367 367 367 367 367 367 368 368 368 368 369 369 369 369 369 369 370 370 370 370 370 370 370 370 370 370 370 371 371 371 371 372 372 372 372 372 372 372 372 372 373 373 373 373 373 374 374 374 374 374 374 374 374 374 374 374 374 375 375 375 375 375 376 376 376 376 376 376 376 376 376 376 376 377 377 377 377 377 377 377 377 377 377 377 377 377 377 377 377 378 377 377 377 378 378 378 378 379 379 379 379 379 379 379 379 379 379 379 379 379 379 380 380 380 380 380 380 380 380 380 380 380 380 380 380 381 381 381 381 381 381 383 383 383 383 383 383 383 383 383 383 383 383 383 384 384 384 384 384 384 384 384 384 384 384 384 384 384 384 384 384 384 385 385 385 385 385 385 385 385 385 385 385 385 385 385 385 385 385 385 385 385 385 385 385 385 385 385 385 385 386 386 386 385 386 386 386 386 385 386 386 386 386 386 386 386 386 386 386 386 386 386 386 386 386 386 386 387 386 387 386 386 386 387 387 387 386 386 387 387 387 386 386 386 387 386 387 386 386 387 387 387 387 386 386 386 387 386 386 387 387 387 386 387 387 387 386 386 386 387 387 387 386 386 387 387 387 387 387 387 387 387 387 386 386 385 386 386 386 386 385 385 386 386 386 386 386 386 385 385 385 385 385 386 385 385 386 386 386 386 386 386 386 386 386 386 386 386 386 386 386 386 386 386 386 386 386 386 386 386 386 386 386 386 386 386 386 385 385 386 386 385 385 385 385 385 352 353 353 353 353 354 355 355 355 355 356 356 356 356 356 356 356 357 358 358 358 358 358 358 358 359 359 360 360 360 361 360 360 360 361 361 361 361 361 361 361 361 361 362 362 362 362 362 363 363 363 363 363 363 363 363 364 364 364 364 364 364 365 365 365 365 365 366 366 366 366 367 367 367 367 367 367 367 367 367 368 368 368 369 369 369 369 369 369 369 370 370 370 370 370 370 370 370 370 370 370 371 371 371 371 372 372 372 372 372 372 372 372 373 373 373 373 373 373 373 374 374 374 374 374 374 374 374 374 374 375 375 375 375 375 375 375 376 376 376 376 376 376 376 376 376 377 377 377 377 377 377 377 377 377 378 377 377 377 377 378 378 378 378 378 378 377 378 378 378 378 378 379 379 379 379 379 379 379 379 379 379 379 379 379 380 380 380 380 380 380 380 380 380 380 380 380 380 381 381 381 381 381 381 383 383 383 383 383 383 383 383 383 383 383 383 384 384 384 384 384 384 384 384 384 384 384 384 384 384 384 384 384 384 384 384 385 385 385 385 385 385 385 385 385 385 385 385 385 385 385 385 385 385 385 385 385 385 385 385 385 385 385 385 386 385 386 386 385 385 385 385 386 386 386 386 386 386 386 386 386 386 386 386 386 386 386 386 386 386 387 387 387 386 386 386 386 386 386 387 387 386 387 387 386 386 387 386 386 387 386 386 386 387 387 387 387 387 387 387 387 387 387 387 387 387 387 387 387 387 386 386 386 387 387 387 386 387 387 387 387 387 387 387 387 387 386 386 386 386 386 386 386 386 385 385 386 386 386 386 386 385 386 386 385 386 386 386 386 386 386 387 386 386 387 387 387 386 386 386 386 386 386 386 386 386 386 386 386 386 386 386 386 386 386 386 386 386 386 386 386 385 385 386 385 385 385 385 385 385 352 353 354 354 354 354 355 355 355 355 356 356 355 355 356 357 357 357 357 357 357 358 358 358 358 358 359 360 360 360 361 361 361 361 361 361 360 360 361 361 361 361 362 362 362 362 362 363 363 363 363 363 363 363 363 364 364 364 364 365 365 365 365 365 365 365 366 366 366 366 366 367 367 367 367 367 367 367 367 368 368 368 368 369 369 369 369 369 369 369 369 370 370 370 370 370 370 370 370 370 371 371 371 371 372 372 372 372 372 372 372 372 373 373 373 373 373 373 373 374 374 374 374 374 374 374 374 374 374 374 375 375 375 375 375 375 375 375 376 376 376 376 376 376 376 376 376 376 377 377 377 377 377 377 377 377 377 377 378 378 378 378 378 378 378 378 377 378 378 378 378 378 378 379 379 379 379 379 379 379 379 379 379 379 379 380 379 379 380 380 380 380 380 380 380 380 380 381 381 381 381 381 381 383 383 383 383 383 383 383 383 383 383 383 383 384 384 384 384 384 384 384 384 384 384 384 384 384 384 384 384 384 384 384 384 385 385 385 385 385 385 385 385 385 385 385 385 385 385 385 385 385 385 385 385 385 385 385 385 385 385 385 385 385 385 386 386 386 385 385 385 386 386 386 386 386 386 386 386 386 386 386 386 386 386 385 386 386 386 386 387 386 386 386 386 386 386 386 387 387 386 386 387 386 386 387 386 386 386 386 386 386 386 387 387 387 387 387 387 387 387 387 387 387 386 386 386 386 386 386 386 387 387 387 387 387 386 387 387 387 387 387 387 387 387 386 386 386 386 386 386 386 386 385 386 385 385 385 386 386 385 386 386 386 386 386 386 386 386 386 386 386 386 386 386 386 386 386 386 386 386 386 386 386 386 386 386 386 386 386 386 386 386 386 386 386 386 386 386 386 386 385 385 385 385 385 385 385 385 385 353 354 354 354 354 355 355 355 356 355 355 356 356 356 357 357 357 357 357 357 358 358 358 358 359 359 360 360 360 361 361 361 361 361 361 361 361 360 361 362 362 362 362 362 362 362 363 363 363 364 364 363 363 363 364 364 364 365 365 365 365 365 365 366 366 366 366 366 366 366 367 367 367 367 367 367 367 367 368 368 368 368 368 368 369 369 369 369 369 369 370 370 370 370 370 370 370 370 371 371 371 371 371 372 372 372 372 372 372 372 373 373 373 373 373 373 374 374 374 374 374 374 374 374 374 374 374 374 374 375 375 375 375 375 375 375 375 376 376 376 376 376 376 376 376 376 377 377 377 377 377 377 377 377 377 377 377 378 378 378 378 378 378 378 378 378 378 378 378 378 378 378 378 379 379 379 379 379 379 379 379 379 379 379 379 379 380 380 380 380 380 380 380 380 380 380 380 380 380 381 381 383 383 383 383 383 383 383 383 383 383 383 383 384 384 384 383 384 384 384 384 384 384 384 384 384 384 384 384 384 384 384 384 384 385 385 385 385 385 385 385 385 385 385 385 385 385 385 385 385 385 385 385 385 385 385 385 385 385 385 385 385 386 386 386 386 386 385 385 386 386 386 386 386 386 386 386 386 386 386 386 386 385 386 386 387 386 386 386 385 385 386 386 386 386 386 387 387 387 386 386 386 386 386 386 386 386 386 386 386 387 387 387 387 387 387 387 387 387 387 387 387 387 387 386 386 386 386 386 387 387 387 387 387 386 387 387 387 387 387 387 388 388 387 386 386 386 385 385 385 386 386 386 386 386 385 385 385 386 386 386 386 386 386 387 387 386 386 386 386 386 386 386 386 386 386 386 386 386 386 386 386 386 386 386 386 386 386 386 386 386 386 386 386 386 386 386 386 386 385 385 385 385 385 385 385 385 385 385 352 353 353 353 353 353 354 354 355 355 355 355 356 357 357 356 357 357 357 357 358 358 358 358 359 359 359 360 360 360 361 361 361 361 361 361 361 361 361 361 362 362 362 362 362 362 362 363 363 363 364 364 364 363 363 364 364 364 365 365 365 365 365 366 366 366 366 366 366 366 367 367 367 367 367 367 367 367 367 368 368 368 368 368 368 369 369 369 369 369 369 369 370 370 370 370 370 370 371 371 371 371 371 371 371 372 372 372 372 372 372 373 373 373 373 373 373 373 374 374 374 374 374 374 374 374 374 374 374 375 375 375 375 375 375 375 375 375 376 376 376 376 376 376 376 376 377 377 377 377 377 377 377 377 377 377 377 377 377 377 378 378 378 378 379 378 378 378 378 378 378 378 378 378 378 379 379 379 379 379 379 379 379 379 379 379 379 380 380 380 380 380 380 380 380 380 380 380 380 380 381 383 383 383 383 383 383 383 383 383 383 383 383 383 384 384 383 384 384 384 384 384 384 384 384 384 384 384 384 384 384 384 384 384 385 385 385 385 385 385 385 385 385 385 385 385 385 385 385 385 385 385 385 385 385 385 385 385 385 385 385 385 386 386 385 385 385 385 385 386 386 386 386 386 386 386 386 386 386 386 386 385 385 386 386 387 385 386 386 385 385 386 386 385 386 387 387 387 387 387 386 385 386 386 386 386 386 386 386 386 386 386 387 386 387 386 387 386 387 386 387 387 387 387 386 386 387 387 387 387 387 387 387 387 387 387 387 387 387 387 387 387 388 387 386 387 386 385 385 385 386 386 386 386 386 386 386 386 386 386 386 386 386 386 387 386 386 386 386 386 386 386 386 386 386 386 386 386 386 386 386 386 386 386 386 386 386 386 386 386 386 386 386 386 386 386 386 386 386 385 385 385 385 385 385 385 385 385 385 385 385 385 385 352 352 353 353 354 354 355 355 356 356 356 356 356 356 356 356 357 358 358 358 358 359 359 359 359 360 360 360 360 361 361 361 362 362 362 362 361 361 361 362 362 362 362 362 362 363 364 364 364 364 363 364 364 364 365 365 365 365 365 365 366 366 366 366 366 366 366 366 366 367 367 367 367 367 367 368 368 368 368 368 368 368 368 369 369 369 369 369 369 369 370 370 370 370 370 370 370 371 371 371 371 371 372 372 372 372 372 372 373 373 373 373 373 373 373 373 374 374 374 374 374 374 374 374 374 374 374 375 375 375 375 375 375 375 376 376 376 376 376 376 376 376 376 377 377 377 377 377 377 377 377 377 377 377 377 377 377 378 378 378 378 378 378 378 378 378 378 378 378 378 378 378 378 379 379 379 379 379 379 379 379 379 379 379 380 380 380 380 380 380 380 380 380 380 380 380 380 380 382 383 383 383 383 383 383 383 383 383 383 383 383 383 384 383 383 384 384 384 384 384 384 384 384 384 384 384 384 384 384 384 384 385 385 385 385 385 385 385 385 385 385 385 385 385 385 385 385 385 385 385 385 385 385 385 385 385 385 385 386 386 386 386 385 385 385 385 386 386 386 386 386 386 386 386 386 386 386 386 385 385 385 386 386 386 385 385 385 386 386 386 385 386 386 387 387 387 387 386 385 386 386 386 386 386 386 386 386 386 386 386 386 387 386 386 386 386 386 386 387 387 387 387 387 387 387 387 387 387 387 387 387 387 387 387 387 387 387 387 387 388 387 387 388 387 385 385 385 386 386 386 386 386 386 386 386 386 386 386 386 386 386 387 387 386 386 386 386 386 386 386 386 386 387 387 386 386 386 386 386 386 386 386 386 386 386 386 386 386 386 386 386 386 386 386 386 386 386 385 385 385 385 385 385 385 385 385 385 385 385 385 385 385 385 385 385 385 385 385 353 354 355 355 355 356 356 355 355 356 356 357 357 357 358 357 358 359 359 359 359 359 360 360 360 360 361 361 362 362 362 362 361 361 361 362 362 362 362 362 362 363 363 363 363 364 364 364 364 364 364 365 365 365 365 365 365 365 366 366 366 366 366 366 366 367 367 367 367 367 367 367 367 368 368 368 368 368 368 368 369 369 369 369 369 369 370 370 370 370 370 370 370 371 371 371 371 371 372 372 372 372 372 372 373 373 373 373 373 373 373 373 374 374 374 374 374 374 374 374 374 374 374 374 375 375 375 375 375 375 376 376 376 376 376 376 376 376 376 376 377 377 377 377 377 377 377 377 377 377 377 377 377 378 378 378 378 378 378 378 378 378 378 378 378 378 378 378 378 379 379 379 379 379 379 379 379 379 379 379 380 380 380 380 380 380 380 380 380 380 380 380 380 380 382 383 383 383 382 382 383 383 383 383 383 383 383 383 384 384 384 384 384 384 384 384 384 384 384 384 384 384 384 384 384 384 384 384 385 385 385 385 385 385 385 385 385 385 385 385 385 385 385 385 385 385 385 385 385 385 385 385 385 385 385 385 385 386 385 385 385 385 386 386 386 386 386 386 386 386 386 386 386 385 385 385 385 386 385 386 385 385 385 386 386 386 386 386 386 387 387 387 386 386 385 386 386 386 386 386 386 386 386 386 386 386 386 386 386 386 386 386 386 386 387 387 387 387 387 387 387 387 387 387 386 387 386 387 386 387 387 387 387 387 388 388 387 387 387 386 385 385 385 386 386 386 386 386 386 386 386 386 386 386 386 386 386 386 387 387 386 386 386 386 386 386 386 387 387 387 386 386 386 386 386 386 386 386 386 386 386 386 386 386 386 386 386 386 386 386 386 385 385 385 385 385 385 385 385 385 385 385 385 385 385 385 385 385 385 385 385 385 385 385 385 354 354 354 355 355 355 355 356 356 357 357 357 358 359 359 359 359 359 359 359 359 360 360 361 361 362 362 362 362 362 362 362 362 363 362 362 363 363 363 363 363 364 364 364 364 364 364 365 364 365 365 365 366 365 366 366 366 366 366 366 367 367 367 367 367 367 367 367 368 368 368 368 368 368 368 368 369 369 369 369 369 369 370 370 370 370 370 370 371 371 371 371 371 371 372 372 372 372 372 372 372 373 373 373 373 373 373 373 374 374 374 374 374 374 374 374 374 374 374 375 375 375 375 375 375 375 375 376 376 376 376 376 376 376 376 376 376 376 377 377 377 377 377 377 377 377 377 377 378 378 378 378 378 378 378 379 379 378 378 378 378 378 378 378 378 379 379 379 379 379 379 379 379 379 379 380 380 380 380 380 380 380 380 380 380 380 380 380 380 382 382 382 382 382 382 383 383 383 383 383 383 383 383 383 384 384 384 384 384 384 384 384 384 384 384 384 384 384 384 384 384 384 384 385 385 385 385 385 385 385 385 385 385 385 385 385 385 385 385 385 385 385 385 385 385 385 385 385 385 385 386 385 385 385 385 385 385 386 386 386 386 386 386 386 386 385 385 385 385 385 386 386 385 385 385 385 385 385 386 386 386 385 386 386 386 386 386 386 386 385 386 386 386 386 386 386 386 386 386 386 386 386 386 386 386 386 387 386 386 386 387 387 387 387 387 387 386 387 387 387 387 387 387 387 387 387 387 387 387 387 387 387 387 387 386 385 386 386 386 386 386 386 386 386 386 386 386 386 386 386 387 387 387 386 386 386 386 386 386 386 386 386 387 387 387 387 387 387 387 386 386 386 386 386 386 387 387 386 386 386 386 386 386 386 385 386 386 386 385 385 385 385 385 385 385 385 385 385 385 385 385 385 385 385 385 385 385 385 385 385 385 354 354 356 357 357 357 358 359 358 359 359 359 359 359 359 360 360 361 361 361 362 362 362 362 362 362 362 363 363 363 363 363 363 363 363 363 364 364 364 364 364 364 365 365 365 365 365 365 366 366 366 366 366 366 366 367 367 367 367 367 367 367 367 368 368 368 368 368 368 368 369 369 369 369 369 369 369 370 370 370 370 370 370 371 371 371 371 371 372 372 372 372 372 372 372 373 373 373 373 373 373 373 374 374 374 374 374 374 374 374 374 374 374 374 374 375 375 375 375 375 375 375 376 376 376 376 376 376 376 376 376 376 376 376 377 377 377 377 377 377 377 377 377 378 378 378 378 378 379 378 378 379 379 379 379 378 378 378 378 379 379 379 379 379 379 379 379 379 379 379 380 380 380 380 380 380 380 380 380 380 380 380 380 382 382 382 382 382 383 383 383 383 383 383 383 383 383 383 383 384 384 384 384 384 384 384 384 384 384 384 384 384 384 384 384 384 384 384 385 385 385 385 385 385 385 385 385 385 384 385 385 385 385 385 385 385 385 385 385 385 385 385 385 385 385 385 385 385 385 385 385 385 386 386 386 386 385 385 385 385 385 385 385 386 386 386 386 385 385 385 385 385 386 386 385 385 386 386 386 386 386 387 386 385 386 386 386 386 386 386 386 386 386 386 386 386 386 386 386 386 386 386 386 387 387 387 387 387 387 387 387 387 387 387 387 387 387 387 387 387 387 387 387 387 387 387 387 387 386 386 386 386 386 386 386 386 386 386 386 386 386 386 386 386 386 387 387 387 386 386 386 386 386 386 386 386 387 387 387 386 386 386 386 386 386 386 386 387 387 387 387 386 386 386 386 386 386 385 386 386 386 386 386 385 385 385 385 385 385 385 385 385 385 385 385 385 385 385 385 385 385 385 385 385 385 356 356 357 357 358 358 359 358 358 359 359 360 360 361 361 361 360 360 361 361 361 361 361 362 363 364 364 364 364 364 363 363 363 364 364 364 364 364 364 364 365 365 365 365 365 366 366 366 366 366 366 366 366 366 366 367 367 367 367 368 367 367 367 367 368 368 368 368 369 369 369 369 369 369 369 370 370 370 370 370 370 371 371 371 371 371 372 371 372 372 372 372 372 372 373 373 373 373 373 373 373 374 374 374 374 374 374 374 374 374 374 374 374 375 375 375 375 375 375 375 376 376 376 376 376 376 376 376 376 376 376 376 377 377 377 377 377 377 377 377 377 377 377 378 378 378 378 378 378 378 378 379 379 378 378 378 379 379 379 379 379 379 379 379 379 379 379 379 379 379 380 380 380 380 380 380 380 380 380 380 380 382 382 382 382 382 383 383 383 383 383 383 383 383 383 383 383 383 383 384 384 384 384 384 384 384 384 384 384 384 384 384 384 384 384 384 384 385 385 385 385 385 385 385 385 385 384 385 385 385 385 385 385 385 385 385 385 385 385 385 385 385 385 385 385 385 385 385 385 385 385 385 385 385 385 385 385 385 385 385 385 386 386 386 386 385 385 385 385 385 386 386 385 385 385 385 386 386 387 387 386 386 386 386 386 386 386 386 386 386 386 386 386 386 386 386 386 386 386 386 387 387 387 387 387 387 387 387 387 387 388 387 387 387 387 387 387 387 387 387 387 387 387 387 387 387 386 386 386 386 386 386 386 386 386 386 386 386 386 386 386 386 386 386 387 387 387 386 386 386 386 386 386 386 387 387 387 387 386 386 386 386 386 386 386 386 386 386 386 386 386 386 386 386 386 386 386 386 386 386 386 385 385 385 385 385 385 385 385 385 385 385 385 385 385 385 385 385 385 385 385 385 385 356 358 358 358 358 358 358 359 359 360 360 360 361 361 361 360 360 360 361 361 361 361 362 363 363 363 364 364 364 364 363 363 364 364 365 364 364 364 364 364 364 365 365 366 366 366 366 367 366 366 366 367 367 367 367 367 367 368 368 368 368 368 368 368 368 368 369 369 369 369 369 369 369 370 370 370 370 370 370 371 371 371 371 371 371 371 371 372 372 372 372 372 372 372 373 373 373 373 373 373 374 374 374 374 374 374 374 374 374 374 374 374 375 375 375 375 375 375 375 376 376 376 376 376 376 376 376 376 376 376 376 376 377 377 377 377 377 377 377 377 377 378 377 378 378 378 378 378 378 378 378 378 378 378 379 379 379 379 379 379 379 379 379 379 379 379 379 379 379 379 379 380 380 380 380 380 380 380 380 382 382 382 382 382 382 382 382 382 383 382 382 383 383 383 383 383 383 384 384 383 384 384 384 384 384 384 384 384 384 384 384 384 384 384 384 384 385 385 385 385 385 385 385 385 385 385 385 385 385 385 385 385 385 385 385 385 385 385 385 385 385 385 385 385 385 385 385 385 385 385 385 385 385 385 385 385 386 386 386 386 386 385 385 385 385 385 385 385 386 386 385 385 385 385 386 386 386 386 387 386 386 386 386 386 386 386 386 386 386 386 386 386 386 386 386 386 386 386 386 386 387 387 387 387 387 387 387 387 387 388 388 387 387 387 387 387 387 387 387 387 387 387 387 387 386 386 386 386 386 386 386 387 387 386 386 386 386 386 386 386 386 386 386 387 387 387 386 386 386 386 386 386 386 387 387 387 386 386 386 386 386 386 386 386 386 386 386 386 386 386 386 386 386 386 386 386 386 386 385 385 385 385 385 385 385 385 385 385 385 385 385 385 385 385 385 385 385 385 385 385 385 357 357 358 358 358 358 359 359 359 360 360 360 360 360 360 360 361 362 362 362 362 362 362 362 363 363 363 364 364 364 364 364 365 365 365 365 364 364 364 365 365 366 366 366 366 366 366 366 366 366 367 367 367 367 367 367 368 368 368 368 368 368 368 368 368 368 369 369 369 369 369 369 370 370 370 370 370 370 371 371 371 371 371 371 371 371 371 372 372 372 372 372 372 373 373 373 373 373 373 373 374 374 374 374 374 374 374 374 374 374 374 375 375 375 375 375 375 375 375 376 375 376 376 376 376 376 376 376 376 376 376 377 376 377 377 377 377 377 377 377 377 377 378 378 378 378 378 378 378 378 378 378 379 379 379 379 379 379 379 379 379 379 379 379 379 379 379 379 379 379 379 379 380 380 380 380 380 380 382 382 382 382 382 382 382 382 383 383 383 382 382 383 383 383 383 383 383 383 384 384 383 383 384 384 384 384 384 384 384 384 384 384 384 384 384 384 385 385 385 385 385 385 385 385 385 385 385 385 385 385 385 385 385 385 385 385 385 385 385 385 385 385 385 386 385 385 385 385 385 385 385 386 386 386 385 386 386 386 386 386 386 385 385 385 386 385 385 385 385 385 386 386 385 386 386 386 386 386 385 385 385 385 386 386 386 386 386 386 386 386 386 386 386 386 386 386 386 386 386 386 387 387 387 387 387 387 387 387 387 387 387 387 387 387 387 387 387 387 387 387 387 387 387 386 386 386 386 386 386 386 387 387 387 387 387 386 386 386 386 386 386 386 386 387 387 386 386 386 386 386 386 386 386 386 386 387 386 386 386 386 386 386 386 386 386 386 386 386 386 386 386 386 386 386 386 386 386 385 384 385 385 385 385 385 385 385 385 385 385 385 385 385 385 385 385 385 385 385 385 357 358 358 358 359 359 359 359 359 359 359 359 360 360 360 361 361 361 362 362 363 363 363 363 363 362 363 364 364 365 365 365 365 365 365 365 365 365 365 365 365 365 366 366 366 366 366 366 367 367 367 367 367 367 367 368 368 368 368 368 368 368 368 368 368 369 369 369 369 369 369 369 370 370 370 370 370 370 370 371 371 371 371 371 371 371 371 371 372 372 372 372 372 372 372 373 373 373 373 373 373 373 374 374 374 374 374 374 374 374 375 375 375 375 375 375 375 375 375 375 375 376 376 376 376 376 376 376 376 377 377 376 376 377 377 377 377 377 377 377 377 377 378 378 378 378 378 378 378 378 378 379 379 379 379 379 379 379 379 379 379 379 379 379 379 379 379 379 379 379 379 379 380 380 380 380 380 380 382 382 382 382 382 382 382 382 383 383 382 382 382 382 383 383 383 383 383 383 383 383 383 383 383 383 384 384 384 384 384 384 384 384 384 384 384 384 384 385 385 385 385 385 385 385 385 385 385 385 385 385 385 385 385 385 385 385 385 385 385 385 385 385 385 385 385 385 385 385 385 385 385 385 386 386 386 386 386 386 386 386 386 385 385 385 386 386 386 385 385 385 385 385 385 386 386 386 386 386 385 385 385 385 385 385 386 386 386 386 386 386 386 386 386 386 386 386 386 386 386 386 386 387 387 387 387 387 387 387 387 387 387 387 387 387 387 387 387 387 387 387 387 387 387 386 386 386 386 386 386 387 387 387 387 386 386 386 386 387 386 386 386 387 387 387 388 387 387 386 386 386 386 386 386 386 387 387 386 386 386 386 386 386 386 386 386 386 386 386 386 386 386 386 386 386 386 386 386 385 384 384 385 385 385 385 385 385 385 385 385 385 385 385 385 385 385 385 385 385 385 357 357 358 358 359 359 358 358 359 359 359 359 360 360 360 360 361 362 362 361 362 363 363 363 363 363 363 363 363 363 364 364 364 364 364 365 365 365 365 365 365 365 365 365 365 365 365 366 366 366 367 367 367 367 367 367 367 367 368 368 368 367 368 368 368 368 368 368 369 369 369 369 369 369 370 370 370 370 370 371 371 371 371 371 371 371 372 372 372 372 372 372 372 372 372 372 372 372 373 373 373 373 373 373 373 374 373 374 374 374 374 374 374 374 375 374 374 375 375 375 376 376 376 376 376 376 376 376 376 376 376 376 376 376 376 377 377 377 377 377 377 377 378 378 378 378 378 378 378 378 378 379 379 379 379 378 378 378 378 379 378 378 379 379 379 379 379 379 379 379 380 380 380 380 380 380 380 380 380 382 382 382 382 382 382 382 382 383 383 382 382 382 383 383 383 383 383 383 383 383 383 383 383 383 383 383 383 384 384 384 384 384 384 384 384 384 384 384 384 385 385 385 385 385 385 385 385 385 385 385 385 385 385 385 385 385 385 385 385 385 385 385 385 385 385 385 386 385 385 385 385 385 386 386 386 386 386 386 386 386 386 386 386 386 385 385 386 385 385 385 385 385 385 385 386 386 386 386 386 385 385 385 385 385 385 385 386 386 386 386 386 386 386 386 386 386 386 386 386 386 386 386 387 387 387 387 387 388 387 387 387 387 387 387 387 387 387 387 387 387 387 387 387 387 386 386 386 386 386 386 387 387 386 386 386 386 386 386 386 387 386 386 386 387 388 388 387 386 386 386 386 386 386 386 386 387 387 386 386 386 386 386 386 386 386 386 386 386 386 386 386 386 386 386 386 386 386 386 385 384 384 385 385 385 385 385 385 385 385 385 385 385 385 385 385 385 385 385 385 385 358 358 358 358 358 358 358 359 359 360 360 360 360 360 360 361 361 361 361 362 362 362 363 363 363 363 363 363 363 363 364 364 365 366 365 365 365 365 366 366 365 365 365 365 365 366 366 366 366 367 367 367 368 367 367 367 367 368 367 367 368 368 368 368 368 368 368 369 369 369 369 369 370 370 370 370 370 370 371 371 371 371 371 371 372 372 372 372 372 372 372 372 372 372 372 372 373 373 373 373 373 373 373 373 373 374 374 374 374 374 374 375 375 375 374 374 375 375 375 375 375 375 376 376 376 376 376 376 376 376 376 376 376 376 377 377 377 377 377 377 377 378 378 378 378 378 378 378 378 378 378 379 378 378 378 378 378 378 378 378 379 379 379 379 379 379 379 379 379 380 379 379 380 380 380 380 380 382 382 382 382 382 382 382 382 382 383 383 383 382 383 383 383 383 383 383 383 383 383 383 383 383 383 383 384 384 384 384 384 384 384 384 384 384 384 384 384 384 384 384 384 384 384 384 384 385 385 385 385 385 385 385 385 385 385 385 385 385 385 385 385 385 386 385 386 386 386 385 385 385 386 386 386 386 386 386 386 386 386 386 386 386 385 385 386 386 385 385 385 385 385 385 386 386 386 386 386 386 386 385 385 385 385 385 385 385 386 386 386 386 386 386 386 386 386 386 386 386 386 387 387 387 387 387 387 387 388 387 387 387 387 387 387 388 388 387 387 387 387 387 387 387 387 386 386 386 386 386 386 387 386 386 386 386 386 386 386 386 386 386 386 387 387 387 387 386 386 386 386 386 386 386 386 386 387 387 387 387 386 386 386 386 387 387 386 386 386 387 386 386 386 386 386 386 386 386 386 385 384 385 385 385 385 385 385 385 385 385 385 385 385 385 385 385 385 385 385 357 358 358 358 358 358 359 359 359 360 360 360 360 361 361 361 361 361 361 361 361 362 363 364 364 363 363 363 363 364 364 364 365 365 366 365 365 365 365 365 365 365 365 366 366 366 366 366 366 366 367 367 367 367 367 367 367 367 367 367 367 368 368 368 368 368 368 369 369 369 369 369 370 370 370 370 370 371 371 371 371 371 371 371 372 372 372 372 372 372 372 372 372 372 372 372 373 373 373 373 373 373 373 373 373 374 374 374 374 374 374 374 375 375 375 375 375 375 375 375 376 375 376 376 376 376 376 376 376 376 376 377 377 376 376 377 377 377 377 377 378 378 378 378 378 378 378 378 378 378 378 379 379 378 378 378 378 378 378 378 379 379 379 379 379 379 379 379 379 379 379 379 380 380 380 380 380 382 382 382 382 382 382 382 382 382 383 382 383 383 383 383 383 383 383 383 383 383 383 383 383 383 384 384 384 384 384 384 384 384 384 384 384 384 384 384 384 384 384 384 384 384 384 384 384 384 385 385 385 385 385 385 385 385 385 385 385 385 385 385 385 385 385 385 386 386 386 385 385 385 386 386 386 386 386 386 386 386 386 386 386 386 385 386 386 386 385 385 385 385 385 385 386 386 386 386 386 386 386 386 386 385 385 385 385 385 385 385 385 385 385 386 386 386 386 386 386 386 386 387 387 386 386 386 386 387 387 387 387 387 387 387 387 387 387 387 387 387 387 387 387 387 388 387 386 386 386 386 386 386 386 386 386 386 386 386 386 386 386 386 386 386 386 387 387 387 387 386 386 386 386 386 386 386 387 387 387 387 386 386 386 386 386 386 386 386 386 386 386 386 386 386 386 386 386 386 386 385 385 385 385 385 385 385 385 385 385 385 385 385 385 385 385 385 385 358 358 358 358 358 359 359 359 359 360 360 360 361 361 361 361 361 362 362 361 361 362 363 364 364 365 364 363 363 364 364 365 365 365 365 365 364 364 364 364 365 366 366 366 366 366 366 366 367 367 367 367 367 367 367 368 368 367 367 367 367 368 368 368 368 369 369 368 368 369 369 369 369 370 370 370 370 371 371 371 371 371 371 371 372 372 372 372 372 372 372 372 372 372 372 372 373 373 373 373 373 373 373 373 373 373 374 373 374 374 374 374 374 374 375 375 375 375 375 376 376 375 375 376 376 376 376 376 376 376 376 377 377 377 376 377 378 377 377 377 378 378 378 378 378 378 378 378 378 378 378 378 378 378 378 378 378 378 378 378 378 379 379 379 379 379 379 379 379 379 379 380 380 380 380 380 380 382 382 382 382 382 382 382 382 382 383 383 383 382 382 383 383 383 383 383 383 383 383 383 383 383 384 384 384 384 384 383 383 384 384 384 384 384 384 384 384 384 384 384 384 384 384 384 384 384 384 385 385 385 385 385 385 385 385 385 385 385 385 385 385 385 385 385 385 385 385 385 385 385 385 386 386 386 386 386 386 386 386 386 386 386 385 386 386 386 385 385 385 385 385 386 386 387 387 387 387 386 386 386 386 386 386 386 385 385 386 385 385 385 385 385 385 385 385 386 386 386 386 386 386 386 386 386 386 387 386 387 387 387 387 387 387 387 387 387 387 387 387 387 387 387 387 388 387 386 386 386 386 386 386 386 386 386 386 386 386 386 386 386 386 386 386 387 387 387 387 387 387 386 386 386 386 386 387 387 387 387 387 386 386 386 386 386 386 386 386 386 386 386 386 386 386 386 386 386 386 385 385 385 385 385 385 385 385 385 385 385 385 385 385 385 385 385 357 358 358 358 358 358 359 359 359 360 360 360 360 360 360 360 361 361 362 362 361 362 363 363 363 365 365 364 363 363 364 364 365 365 366 365 365 365 365 365 365 365 366 366 366 366 367 366 366 367 367 367 367 367 367 367 367 367 367 367 367 367 368 368 369 369 369 369 369 369 368 369 369 369 370 370 370 370 371 371 371 371 371 371 372 371 371 372 372 372 372 372 372 372 372 373 373 373 373 373 373 373 372 373 373 373 374 374 374 374 374 374 374 374 375 375 375 375 375 375 375 375 376 376 376 376 376 376 376 377 376 376 377 377 377 377 377 377 377 377 377 377 377 377 377 377 377 378 378 378 378 378 378 378 378 378 378 378 378 378 378 378 379 379 379 379 379 379 379 379 379 380 380 380 380 380 380 382 382 382 382 382 382 382 382 382 383 383 383 383 383 383 383 383 383 383 383 383 383 383 383 383 384 384 383 383 384 383 383 384 384 384 384 384 384 384 384 384 384 384 384 384 384 384 384 384 384 384 384 385 385 385 385 385 385 385 385 385 385 385 385 385 385 385 385 385 385 385 385 385 385 386 386 386 386 386 386 386 386 386 386 386 385 386 386 386 386 385 385 385 385 386 386 387 387 387 387 386 386 386 386 386 386 386 386 385 385 386 386 386 385 385 385 385 385 386 386 386 386 386 387 387 386 386 386 386 387 387 387 387 387 387 387 387 387 387 386 387 387 387 387 387 386 387 388 387 386 386 386 386 386 386 387 387 386 386 386 386 386 386 386 386 386 387 387 387 387 386 386 386 386 386 386 386 387 387 387 387 386 386 386 386 386 386 386 386 386 386 386 386 386 386 386 386 386 386 386 385 385 385 385 385 385 385 385 385 385 385 385 385 385 385 385 385 358 358 358 358 359 359 360 360 360 360 360 360 360 361 362 362 363 363 363 363 363 363 363 364 365 364 364 364 364 364 365 366 366 366 366 366 365 365 365 366 366 367 366 366 366 367 366 366 367 367 367 367 367 367 367 367 367 367 367 368 368 369 369 369 369 369 369 369 369 369 369 370 370 370 371 371 371 371 371 371 371 371 371 371 372 372 372 372 373 373 373 373 373 372 372 372 372 372 372 373 373 373 373 373 374 374 374 374 374 374 374 375 375 375 375 375 375 375 375 375 375 376 376 376 376 376 376 376 376 376 376 377 377 377 377 377 377 377 377 377 377 377 377 378 378 378 378 378 378 378 378 378 378 378 379 379 379 378 378 379 379 379 379 379 379 379 379 379 380 380 380 380 380 380 382 382 382 382 382 382 382 382 382 383 383 383 383 383 383 383 383 383 383 383 383 383 383 383 383 383 384 383 383 383 383 384 384 384 384 384 384 384 384 384 384 384 384 384 384 384 385 384 384 384 384 384 385 385 385 385 385 385 385 385 385 385 385 385 385 385 385 385 385 385 385 385 385 385 385 386 386 386 386 386 386 386 386 386 386 386 386 386 385 385 385 385 385 385 386 386 386 387 387 387 386 386 386 386 386 386 386 385 385 386 385 386 386 386 386 386 385 386 386 386 386 386 386 386 387 387 386 386 387 387 387 387 387 387 387 387 387 386 387 387 386 387 387 386 387 386 387 386 387 387 386 386 387 387 387 387 387 386 386 386 386 386 386 386 386 386 386 386 387 387 387 387 386 386 386 386 386 387 387 387 387 387 386 386 387 387 386 386 386 386 386 386 386 386 386 386 386 386 386 386 385 385 385 385 385 385 385 385 385 385 385 385 385 385 385 385 358 358 358 359 359 359 359 359 360 360 361 361 362 362 362 363 363 363 363 363 364 364 364 364 365 365 365 364 365 365 366 366 366 366 365 365 365 365 366 366 366 366 366 366 366 367 367 367 367 367 367 367 367 367 367 367 367 368 368 368 369 369 369 369 369 370 370 369 369 370 370 370 370 370 370 370 370 371 371 371 371 372 372 372 372 372 372 372 372 372 372 372 372 372 372 372 373 373 373 373 373 373 373 374 374 374 374 374 374 374 375 375 375 375 375 375 375 375 375 375 375 375 375 375 376 376 376 377 377 377 377 377 377 377 377 377 377 377 377 377 377 378 377 377 378 377 378 378 378 378 378 378 378 378 378 378 378 378 379 379 379 379 379 379 379 380 380 380 379 380 380 380 382 382 382 382 382 382 382 382 382 383 383 383 383 383 383 383 383 383 383 383 383 383 383 383 383 383 383 384 383 383 383 383 384 384 384 384 384 384 384 384 384 384 384 384 384 384 384 385 384 384 384 384 384 385 385 385 385 385 385 385 385 385 385 385 385 385 385 385 385 385 385 385 385 386 386 386 386 386 386 386 386 385 386 386 386 386 386 385 385 385 385 385 385 385 386 387 387 387 387 387 385 386 386 386 386 386 386 385 386 385 385 385 385 386 386 386 386 386 386 386 387 387 386 387 387 387 387 387 386 387 387 387 387 387 387 387 387 386 386 386 386 386 387 386 386 387 387 387 387 387 388 387 386 387 387 387 387 386 386 386 386 386 386 386 386 386 386 386 387 387 387 387 387 386 386 386 386 386 386 387 387 387 387 387 387 387 387 386 386 386 386 386 386 386 386 386 386 386 386 386 385 385 385 385 385 385 385 385 385 385 385 385 385 385 358 358 358 359 359 359 360 360 360 360 361 362 362 362 362 362 362 363 364 364 365 364 364 365 365 365 365 366 366 366 366 366 366 365 365 365 366 366 366 367 367 366 367 367 366 367 367 367 368 368 368 368 368 368 368 367 367 368 368 369 369 370 370 370 370 370 369 369 369 369 369 370 370 370 370 370 371 371 371 371 371 372 372 372 372 372 372 372 372 372 372 372 372 372 372 372 373 373 373 373 373 373 373 373 374 374 373 374 374 374 374 374 375 375 375 375 375 375 375 375 375 375 375 375 376 376 376 376 376 376 377 377 376 376 377 377 376 377 377 377 377 377 377 377 377 377 377 377 377 377 378 378 378 377 377 378 378 378 378 379 379 379 379 379 379 379 379 379 379 379 379 380 380 380 380 380 380 380 380 381 381 381 381 381 381 381 381 381 381 381 381 381 381 381 381 381 381 381 382 382 382 382 382 382 382 382 382 382 382 382 382 382 382 382 383 382 382 382 383 383 383 384 384 385 385 385 385 385 385 385 385 385 385 385 385 385 385 385 385 385 385 385 385 385 385 386 386 386 386 386 386 386 386 386 386 386 386 386 385 385 385 385 385 385 386 386 386 387 387 387 387 386 386 386 386 386 387 387 386 386 386 386 386 386 386 386 387 388 388 388 388 388 388 387 388 388 387 387 388 388 387 387 387 388 388 388 387 387 387 387 387 387 387 387 387 387 387 387 387 387 387 387 388 387 387 387 387 387 387 386 387 387 387 387 387 387 387 387 387 387 387 387 388 387 387 387 387 387 387 387 387 387 387 387 387 387 387 387 387 387 387 387 387 387 386 386 386 386 386 386 386 385 385 385 385 385 385 385 385 385 385 385 385 385 385 358 358 359 359 359 360 359 360 360 360 361 362 363 363 362 362 363 364 364 364 364 364 365 365 365 365 366 366 366 366 366 366 366 366 366 366 366 366 366 366 367 366 366 367 367 367 368 368 368 368 368 368 368 368 368 367 367 368 368 369 369 370 369 369 370 369 369 369 369 369 370 370 370 370 370 370 371 371 371 371 371 371 372 372 372 372 372 372 372 372 372 372 372 372 372 372 372 372 372 372 373 373 374 374 374 374 374 374 374 374 374 374 375 375 375 375 375 375 375 375 375 375 375 375 375 376 376 376 377 377 376 376 377 377 377 376 377 378 378 377 377 377 377 377 377 377 377 377 377 377 378 378 378 378 378 378 378 378 379 379 378 379 379 379 379 379 379 379 379 379 380 380 380 380 380 380 380 380 380 381 381 381 381 381 381 381 381 381 381 381 381 381 381 381 381 381 381 381 381 381 382 382 382 382 382 382 382 382 382 382 382 382 382 383 382 382 382 382 383 383 385 384 384 385 385 385 385 385 385 385 385 385 385 385 385 385 385 385 385 385 385 385 385 386 385 386 386 386 386 386 385 386 386 386 386 386 386 385 385 385 385 385 385 386 386 386 387 387 387 387 387 387 387 387 387 387 387 387 387 386 386 386 386 387 387 387 387 388 387 387 387 387 387 388 388 387 387 388 388 388 387 388 388 388 388 387 387 387 387 387 387 387 387 386 387 387 387 387 387 387 387 387 387 387 387 387 387 388 387 387 387 387 387 387 387 387 387 387 387 387 387 387 388 387 387 387 387 387 387 387 387 387 387 387 387 387 387 387 387 387 386 387 387 387 386 386 386 386 386 386 385 385 385 386 385 385 385 385 385 385 385 385 385 385 385 358 358 358 359 359 359 360 361 361 361 361 362 362 363 363 364 364 364 364 365 365 365 365 365 365 365 366 366 366 366 366 366 367 367 367 367 367 367 367 367 367 367 368 368 368 368 368 368 369 368 368 367 367 368 369 368 368 368 368 369 369 369 369 369 370 370 370 371 371 370 370 371 370 371 371 371 371 371 371 371 372 372 372 372 372 372 372 373 373 373 373 373 373 373 373 373 373 373 374 374 374 374 374 374 374 374 374 374 374 375 375 375 375 375 375 375 375 375 375 375 375 375 375 376 376 377 376 376 376 376 377 377 377 377 378 378 377 377 377 377 377 377 377 377 377 377 377 377 378 378 378 378 378 378 378 379 379 379 379 379 379 379 379 379 379 379 379 380 380 380 380 380 380 380 380 380 381 381 381 381 381 381 381 381 381 381 381 381 381 381 381 381 381 381 381 381 381 382 382 382 382 382 382 382 382 382 382 382 382 382 382 383 382 382 382 383 383 385 384 384 385 385 385 385 385 385 385 385 385 385 385 385 385 385 385 385 385 385 385 385 385 385 386 386 386 386 385 386 385 386 386 386 386 386 386 386 385 385 385 385 385 386 386 387 387 387 387 388 387 387 387 387 387 387 387 387 387 387 387 387 387 387 387 387 387 387 387 387 387 387 387 388 388 387 387 388 388 388 388 388 388 388 388 387 387 387 387 387 388 387 387 386 386 386 387 387 387 386 386 387 386 386 387 387 387 388 387 387 386 387 387 387 387 387 387 388 387 387 387 387 387 387 387 386 386 387 387 387 387 387 387 387 387 387 387 387 387 387 386 386 386 386 386 386 386 386 386 386 386 386 386 386 386 385 385 385 385 385 385 385 385 358 358 360 360 361 360 360 361 362 362 362 362 363 363 363 364 364 364 365 365 365 365 366 366 366 366 366 367 367 367 367 367 368 368 367 367 367 367 368 368 368 368 367 368 368 368 368 367 367 368 369 369 368 369 369 368 369 369 370 370 370 370 370 370 371 371 371 371 371 371 371 371 371 371 371 371 371 371 372 372 372 372 372 373 373 373 374 374 374 374 374 374 374 374 374 374 374 374 374 374 374 374 374 374 374 374 374 375 375 375 375 375 375 375 375 375 375 376 376 375 376 376 376 376 377 377 377 377 378 377 378 378 377 377 377 378 377 377 377 377 377 377 377 377 377 377 378 378 378 378 378 378 379 379 379 379 379 379 379 379 379 379 379 379 380 380 380 380 380 380 380 380 380 381 381 381 381 381 380 380 380 381 381 381 381 381 381 381 381 381 381 381 381 381 381 382 382 382 382 382 382 382 382 382 382 382 382 382 382 382 382 383 383 383 385 384 384 385 385 385 385 385 385 385 385 385 385 385 385 385 385 385 385 385 385 385 385 385 385 386 386 386 386 385 385 385 386 386 385 385 386 386 386 386 386 386 386 386 386 387 387 387 388 388 388 388 388 387 387 387 387 388 388 388 388 388 388 388 388 387 387 387 387 387 387 387 387 387 387 388 387 387 387 388 388 388 388 388 388 388 387 387 387 387 387 388 387 387 387 386 387 387 387 387 386 386 386 386 386 387 387 387 387 387 387 387 387 387 387 387 387 387 387 387 387 387 387 387 387 387 387 386 387 387 387 387 387 387 387 387 387 387 387 387 387 386 386 386 386 386 386 386 386 386 386 386 386 386 386 386 385 385 385 385 385 385 385 385 360 360 360 360 360 361 361 362 363 363 363 363 364 364 364 364 365 365 365 365 365 365 366 366 366 366 366 367 367 367 367 367 368 367 367 367 367 367 367 367 367 368 367 368 367 367 368 368 368 368 368 368 369 369 369 369 369 369 370 370 370 371 371 371 372 372 372 371 371 371 371 371 371 371 371 371 371 372 372 372 373 373 373 373 374 374 374 374 374 374 374 374 374 374 374 374 374 374 374 374 374 374 374 374 374 374 374 375 375 375 375 375 375 375 375 375 375 376 376 376 376 376 376 377 377 378 378 378 378 378 377 377 377 377 377 377 377 377 377 377 377 377 377 377 377 378 378 379 378 379 378 379 379 379 379 379 379 379 379 379 379 379 379 380 380 380 380 380 380 380 380 380 380 381 380 381 381 380 380 380 380 381 381 381 381 381 381 381 381 381 381 381 381 381 381 382 382 382 382 382 382 382 382 382 382 382 382 382 382 382 383 383 383 385 385 385 385 385 385 385 385 385 385 385 385 385 385 385 385 385 385 385 385 385 385 385 385 385 385 385 385 385 385 385 385 385 385 385 385 386 386 386 386 386 386 386 386 386 387 387 388 388 388 387 388 388 388 388 388 387 387 388 388 388 388 388 388 387 387 387 387 387 387 387 387 387 387 387 387 387 387 387 387 388 388 388 388 388 388 388 387 387 387 387 387 387 387 387 386 387 387 387 387 386 386 386 386 386 387 387 387 387 387 387 387 387 387 387 387 387 387 387 388 387 387 387 387 387 387 387 387 386 387 387 387 387 387 387 387 387 387 387 387 387 386 386 386 386 386 386 386 386 386 385 386 385 385 385 385 385 385 385 385 385 385 385 385 359 359 360 360 360 361 361 361 362 362 363 364 364 365 364 364 364 364 364 365 365 365 366 366 365 365 365 366 365 366 367 367 367 367 367 367 368 368 367 367 367 367 367 367 367 367 367 367 368 369 369 369 369 369 369 369 369 369 369 370 371 371 371 371 372 372 372 372 372 372 372 372 372 371 371 371 371 371 372 372 373 373 373 373 374 374 374 373 374 374 374 374 374 374 374 374 374 374 374 374 374 374 375 374 374 374 374 374 374 375 375 375 375 375 375 375 375 375 375 376 376 376 376 376 376 376 377 377 377 378 378 377 377 377 377 376 377 377 378 378 378 377 377 378 377 377 378 378 379 379 379 379 379 379 379 379 379 379 379 379 379 379 379 379 380 380 380 380 380 380 380 380 380 380 380 380 380 380 380 380 381 381 381 381 381 381 381 381 381 381 381 381 381 381 381 381 382 382 382 382 381 382 382 382 382 382 382 382 382 382 382 382 382 382 384 384 385 385 385 385 385 385 385 385 385 385 385 385 385 385 385 385 385 385 385 385 385 385 385 385 385 385 385 385 385 385 385 385 386 386 386 386 386 386 386 386 386 386 387 387 387 388 388 388 388 388 388 388 388 388 388 388 388 388 387 387 387 387 387 387 387 387 387 387 387 388 387 387 387 387 387 387 387 387 387 388 388 388 387 387 387 387 387 386 386 387 387 387 387 386 386 387 387 387 387 387 386 386 386 386 387 387 387 387 387 388 387 387 387 386 387 387 387 387 387 387 387 387 387 387 387 387 386 386 387 387 387 387 387 387 387 387 387 387 386 386 386 386 386 386 386 386 386 386 385 385 385 385 385 385 385 385 385 385 385 385 385 385 360 360 361 362 362 362 362 362 362 362 363 364 364 365 365 365 365 365 365 365 366 365 365 365 365 365 365 366 367 367 367 367 367 367 368 368 368 368 367 367 368 367 368 368 368 368 369 369 369 369 369 369 369 369 370 369 370 370 371 371 371 372 372 372 372 372 372 372 372 372 372 372 372 372 372 372 372 373 373 373 373 373 373 373 373 373 373 374 374 374 374 374 374 374 374 374 374 374 374 374 375 375 375 374 374 374 375 375 375 375 375 375 375 375 376 376 376 377 376 376 376 376 376 376 377 377 378 378 378 377 377 377 377 377 377 378 378 377 377 377 378 378 377 378 378 378 378 379 379 379 379 378 378 379 379 379 379 379 379 379 379 380 380 380 380 380 380 380 380 380 380 380 380 380 380 380 380 380 381 381 381 381 381 381 381 381 381 381 381 381 381 381 381 382 382 382 382 381 381 382 382 382 382 382 382 382 382 382 382 382 382 384 384 385 385 384 385 385 385 385 385 385 385 385 385 385 385 385 385 385 385 385 385 385 385 385 385 385 385 385 386 386 385 385 386 386 386 386 386 386 386 385 385 386 386 386 386 386 387 387 387 387 387 388 388 388 388 388 388 388 388 388 387 387 387 387 388 388 387 388 388 388 388 388 388 388 387 387 387 387 387 387 387 387 387 387 386 386 387 387 386 386 387 387 387 387 387 387 387 387 387 387 387 386 386 386 386 387 387 387 387 387 387 387 387 387 386 387 387 387 387 387 387 387 387 387 387 387 386 386 386 387 387 387 387 387 387 387 387 387 387 386 386 386 386 386 386 386 386 386 386 385 385 385 385 385 385 385 385 385 385 385 385 385 359 360 360 361 361 361 361 361 361 362 363 362 363 364 365 365 365 365 365 365 365 365 365 365 365 365 365 366 366 367 367 367 367 367 367 367 368 368 368 368 368 368 368 368 368 368 368 368 369 369 369 369 369 369 369 370 370 370 371 371 371 372 372 371 372 372 371 372 372 372 373 372 372 373 373 372 372 373 373 373 373 373 373 374 374 374 374 373 373 374 374 373 373 374 374 374 374 374 374 374 375 375 375 375 375 375 375 375 375 375 375 375 375 376 376 376 376 376 376 376 377 376 376 377 377 377 377 377 377 377 378 378 378 378 378 378 378 378 378 378 378 378 378 378 378 378 378 378 378 379 378 379 379 379 378 379 379 379 379 379 379 380 380 380 380 380 380 380 380 380 380 380 380 380 380 380 380 380 380 380 381 381 381 381 381 381 381 381 381 381 381 381 381 382 382 381 381 381 382 382 382 382 382 382 382 382 382 382 382 382 382 384 384 384 384 384 385 385 385 385 385 385 385 385 385 385 385 385 385 385 385 385 385 385 385 385 385 385 386 385 385 385 385 385 385 386 386 385 385 385 385 385 385 385 385 385 385 385 385 385 386 386 386 386 387 387 387 387 387 387 388 387 387 388 388 388 388 388 388 388 388 388 388 388 388 388 388 388 387 387 387 387 386 386 386 386 387 387 387 387 387 386 387 387 387 387 387 387 387 387 386 387 387 387 386 386 386 386 386 386 387 387 387 387 387 387 387 387 387 387 387 387 387 387 387 387 386 386 386 386 386 386 386 386 386 386 387 387 387 387 387 386 386 386 386 386 386 386 386 386 386 385 385 385 385 385 385 385 385 385 385 385 385 385 359 360 360 360 361 361 362 362 363 362 361 362 363 363 363 364 364 365 365 365 365 365 364 365 366 366 366 367 367 367 367 367 367 367 367 367 367 368 368 368 368 368 368 368 368 368 368 368 368 368 368 369 369 370 370 370 370 370 371 371 371 371 371 371 371 371 372 372 372 372 372 372 372 373 372 372 373 373 373 373 373 373 374 374 374 374 374 374 374 374 374 373 374 374 374 374 374 374 374 375 375 375 375 375 375 375 375 375 375 376 376 376 376 376 376 376 376 376 376 376 376 376 376 377 377 377 377 377 377 377 377 377 377 378 378 377 377 378 378 378 378 378 378 378 378 378 378 378 378 378 378 378 378 379 378 378 379 379 379 379 380 380 380 380 380 380 380 380 380 380 380 380 380 380 380 380 380 380 380 380 380 381 381 381 381 381 381 381 381 381 381 382 381 381 381 381 382 382 382 382 381 382 382 382 382 382 382 382 382 382 384 384 384 384 384 384 384 384 384 384 385 385 385 385 385 385 385 385 385 385 385 385 385 385 385 385 385 386 385 385 385 385 385 385 385 385 385 385 385 385 386 386 386 386 386 385 385 385 386 386 386 386 386 387 386 387 387 386 387 388 388 387 387 388 388 388 388 388 388 388 389 389 389 389 389 388 388 388 388 388 387 386 386 386 386 387 387 387 387 387 386 386 387 387 387 387 387 387 387 386 386 386 387 387 386 386 386 386 386 386 387 387 387 387 387 387 386 387 387 387 387 387 387 387 387 387 386 386 386 386 386 386 386 386 386 387 387 387 387 387 387 386 386 386 386 386 385 386 386 386 385 385 385 385 385 385 385 385 385 385 385 385 385 385 359 360 361 361 362 361 362 362 362 361 362 362 362 362 363 363 363 364 365 365 365 364 364 365 365 366 366 366 367 367 367 368 368 368 367 367 367 367 367 368 368 368 368 368 368 368 368 368 368 369 369 369 370 369 369 369 370 370 371 371 371 371 371 371 371 372 372 372 372 372 372 372 372 372 372 373 373 373 373 373 373 373 373 374 373 374 374 374 374 374 373 373 374 374 374 374 374 374 374 374 375 375 375 375 375 375 375 375 376 376 376 376 376 376 376 376 376 376 376 376 376 376 377 377 377 377 376 377 377 377 377 377 377 377 377 377 377 378 377 377 377 378 378 378 378 378 378 378 378 378 378 378 378 378 378 378 379 379 379 380 380 380 380 380 380 380 380 380 380 380 380 380 380 380 380 380 380 380 380 380 381 381 381 381 381 381 381 381 381 381 381 381 381 381 382 382 382 382 382 382 382 382 382 382 382 382 382 382 382 384 384 384 384 384 384 384 384 384 384 384 385 385 385 385 385 385 385 385 385 385 385 385 385 385 385 385 385 385 385 385 385 385 385 385 385 385 385 386 385 385 385 386 386 387 386 385 385 385 385 385 386 386 386 386 386 386 387 387 388 388 388 387 387 388 387 387 388 389 389 389 388 388 389 389 388 388 389 388 388 387 386 386 386 386 387 387 387 387 386 386 386 386 387 387 387 387 387 387 387 387 386 386 387 387 386 386 387 386 386 387 387 387 386 387 387 386 387 387 387 387 387 387 387 387 387 386 386 386 386 386 386 386 386 386 387 387 387 387 387 386 386 386 385 385 386 385 386 386 386 385 385 385 385 385 385 385 385 385 385 385 385 385 385 359 360 360 360 360 361 362 361 361 361 361 362 362 362 362 363 363 364 365 365 364 364 364 365 365 365 366 367 367 367 367 367 367 367 367 367 367 367 367 367 368 368 368 368 368 368 369 368 369 369 369 370 369 369 369 370 370 370 370 370 371 371 371 371 371 372 372 372 372 372 372 373 373 372 372 372 373 373 373 373 373 373 373 373 374 374 374 374 374 374 374 373 373 374 374 374 374 374 374 375 375 375 375 375 375 375 376 376 376 376 376 376 376 376 376 376 376 376 376 376 376 376 377 377 377 377 376 377 377 377 377 377 377 377 377 377 377 377 377 378 378 378 378 378 378 378 378 378 378 378 378 379 379 379 379 378 378 379 379 379 380 380 380 380 380 380 380 380 380 380 380 381 380 380 380 380 380 380 380 380 381 381 381 381 381 381 381 381 381 381 381 381 382 382 382 382 382 382 382 381 382 382 382 382 382 382 382 382 384 384 384 384 384 384 384 384 384 384 385 385 385 385 385 385 385 385 385 385 385 385 385 385 385 385 385 385 385 385 385 385 385 385 385 385 385 385 386 385 385 385 386 386 386 386 386 386 387 387 386 386 386 386 386 386 386 387 387 387 387 387 387 387 387 387 388 388 389 389 389 388 388 388 389 389 389 389 389 388 388 387 386 386 386 387 387 387 387 387 387 386 386 387 387 387 387 387 387 387 387 386 386 386 387 387 387 387 386 386 386 386 387 386 386 386 386 387 387 387 387 387 387 387 387 387 387 386 386 386 386 386 386 386 386 386 387 387 386 386 386 386 385 385 385 385 386 386 386 386 385 385 385 385 385 385 385 385 385 385 385 385 385 386 361 361 361 361 362 361 362 363 363 363 364 365 365 365 365 364 364 365 366 366 366 366 366 367 367 367 367 367 367 367 367 367 368 368 368 368 368 368 368 368 369 369 369 369 369 369 369 370 370 370 370 370 370 371 371 371 371 371 371 372 372 372 372 372 372 373 372 372 372 372 372 373 373 373 373 373 373 373 374 374 374 374 374 374 374 374 374 374 374 374 374 374 374 375 375 375 375 375 375 375 376 376 376 376 376 376 376 376 376 376 376 376 376 376 376 377 377 377 376 377 377 377 377 377 377 377 377 377 377 377 378 378 378 378 378 378 378 378 378 378 378 378 378 379 379 378 378 379 378 378 378 379 379 379 380 380 380 380 380 380 380 380 380 380 380 380 380 380 380 380 380 380 380 381 381 381 381 381 381 381 381 381 381 381 381 381 381 381 381 381 381 381 381 382 381 381 381 382 382 382 382 384 384 384 384 384 384 384 384 384 384 384 385 385 385 385 385 385 385 385 385 385 385 385 385 385 385 385 385 385 385 385 385 385 385 385 385 385 385 386 386 386 386 386 386 385 385 386 386 386 387 387 387 386 386 386 386 387 387 387 387 387 386 387 388 388 387 387 388 388 388 388 388 388 388 388 389 389 389 389 388 388 387 386 386 386 386 387 387 387 387 387 387 387 386 387 387 387 387 387 387 387 386 386 387 387 387 387 387 386 386 386 386 386 386 386 386 387 387 387 387 387 387 387 387 387 387 387 386 386 386 387 386 386 387 386 386 386 387 386 386 386 386 386 385 385 386 386 386 386 386 385 385 385 385 385 385 385 385 385 385 385 386 386 386 386 361 361 361 361 362 362 363 364 363 363 364 365 365 365 364 364 365 366 366 366 366 366 367 367 367 367 367 368 368 368 367 367 368 368 368 368 368 368 368 369 369 369 369 369 369 369 369 369 370 370 370 371 371 371 371 371 371 372 372 372 372 372 372 372 373 373 372 372 372 372 372 373 373 373 373 373 373 373 374 374 374 374 374 374 374 374 374 374 374 374 374 374 374 375 375 375 375 375 375 376 375 375 375 376 376 376 376 376 376 376 376 376 376 377 377 376 376 376 376 377 377 377 377 377 377 377 377 377 377 378 378 378 378 378 378 378 378 378 378 378 378 378 378 379 379 379 379 379 379 378 379 379 379 379 380 380 380 380 380 380 380 380 380 380 380 380 380 380 380 380 381 380 380 381 381 381 381 381 381 381 381 381 381 381 381 381 381 381 381 381 381 381 382 382 381 381 381 381 381 382 384 384 384 384 384 384 384 384 384 384 384 384 384 385 385 385 385 385 385 385 385 385 385 385 385 385 385 385 385 385 385 385 385 385 386 386 386 386 386 386 386 386 386 386 386 386 386 386 386 386 386 386 387 387 387 387 387 387 387 388 387 387 387 387 388 388 388 388 388 388 388 388 388 388 389 389 389 389 389 388 388 387 386 385 386 386 386 387 387 387 387 387 387 387 386 386 387 386 387 387 387 387 387 387 387 386 386 387 387 386 386 386 386 386 386 386 387 387 387 387 387 386 386 387 386 386 386 386 386 386 387 387 387 387 387 387 386 386 386 386 386 386 386 386 386 386 386 386 386 386 385 385 385 385 385 385 385 385 385 386 386 386 386 361 361 361 361 361 362 363 362 362 363 364 365 365 365 365 364 365 365 366 366 366 366 366 367 367 367 367 367 367 368 368 368 368 368 368 368 369 369 369 368 369 369 369 369 369 369 369 370 370 371 371 371 371 371 371 371 371 371 372 372 372 372 372 372 373 373 372 372 372 372 372 373 373 373 373 373 373 373 373 374 374 374 374 374 374 374 374 374 374 374 374 374 374 374 375 375 375 375 375 375 375 375 375 375 375 376 376 376 376 376 376 376 376 377 376 376 376 376 377 376 377 377 377 377 377 377 377 377 377 378 378 378 378 378 378 378 378 378 378 378 378 378 379 379 379 379 379 379 379 378 379 379 379 379 380 379 380 380 380 380 380 380 380 380 380 380 380 380 380 380 381 381 381 381 381 381 381 381 381 381 381 381 381 381 381 381 381 381 382 382 381 381 382 382 381 381 381 381 381 381 383 383 384 384 384 384 384 384 384 384 384 384 384 385 385 385 384 384 385 385 385 385 385 385 385 385 385 385 385 385 385 385 385 385 386 386 385 386 385 386 386 386 386 386 386 387 386 386 387 387 387 387 386 386 387 387 387 387 388 388 388 387 387 387 387 388 388 388 388 388 388 388 388 388 388 388 389 389 388 388 388 388 386 385 386 386 386 387 387 387 387 387 387 387 387 387 387 387 386 387 387 387 387 387 387 387 386 386 387 386 386 386 386 386 386 386 386 387 387 387 387 387 386 386 386 386 386 386 386 386 386 386 387 387 387 387 387 386 386 386 385 386 386 386 386 386 386 386 386 386 385 385 385 385 385 385 385 362 362 362 363 363 364 363 364 365 365 364 364 365 365 366 366 366 366 366 366 367 367 367 367 367 367 367 367 368 368 368 368 368 369 368 369 369 369 369 369 369 369 369 370 370 371 371 371 371 371 371 371 371 371 372 372 372 372 372 372 372 372 372 372 373 373 373 373 373 373 373 373 373 374 374 374 374 374 374 374 374 374 374 374 374 374 374 374 374 374 375 375 375 375 375 375 375 375 375 375 375 376 376 376 376 376 376 376 376 376 376 377 377 376 376 376 377 377 377 377 377 377 377 377 377 378 378 378 378 378 378 378 378 378 378 378 378 378 378 379 379 379 379 379 379 379 379 379 380 380 380 380 380 380 380 380 380 380 380 380 380 380 380 380 380 380 381 381 381 381 381 381 381 381 381 381 381 381 381 381 381 381 381 381 381 381 381 381 382 382 382 382 381 381 381 383 384 384 384 384 384 384 384 384 384 384 384 384 384 384 384 384 385 385 384 385 385 385 385 385 385 385 385 385 385 385 385 385 385 385 385 385 385 385 386 385 386 386 386 386 386 386 387 387 387 387 387 387 387 386 387 387 387 387 388 388 388 388 387 387 388 388 388 388 388 388 388 388 388 388 388 388 388 388 388 388 388 386 386 386 386 386 386 387 387 387 387 387 387 387 387 387 387 386 386 386 387 387 387 387 387 386 386 386 386 386 386 386 386 386 386 387 387 387 386 387 387 386 386 386 386 386 386 386 386 386 386 386 387 387 386 386 385 386 386 386 386 386 386 386 386 386 386 386 386 385 385 385 385 361 362 362 362 362 363 363 363 364 365 365 364 364 365 366 366 366 366 366 366 366 366 367 367 367 367 367 367 367 368 368 368 368 368 368 368 369 369 369 369 369 369 369 370 370 370 371 371 371 371 371 371 371 371 371 372 372 372 372 372 372 372 372 372 372 372 373 373 373 373 373 373 373 373 373 373 374 374 374 374 375 375 375 374 374 374 374 374 374 374 374 375 375 375 375 375 375 375 375 375 375 375 375 375 375 375 376 376 376 376 376 376 376 376 376 376 376 376 376 377 377 377 377 377 377 377 377 378 378 377 378 378 378 378 378 378 378 378 378 378 378 379 379 379 379 379 379 379 379 380 380 380 380 380 380 380 380 380 380 380 380 380 380 380 380 380 380 381 381 381 381 381 381 381 381 381 381 381 381 382 381 381 381 381 381 381 381 381 381 382 382 382 381 381 381 381 384 384 384 384 384 384 384 384 384 384 384 384 384 384 384 384 384 384 384 384 385 385 385 385 385 385 385 385 385 385 385 385 385 385 385 385 385 386 386 385 385 385 386 386 386 386 386 387 387 388 387 387 387 387 387 387 387 387 387 387 387 388 388 388 388 388 388 388 388 388 388 388 388 388 388 388 388 388 388 388 388 388 387 386 385 386 386 387 386 387 387 387 387 387 387 387 387 387 387 387 386 386 387 387 387 387 386 386 386 386 386 386 386 386 386 386 387 387 386 386 386 386 386 386 386 386 386 386 386 386 386 386 386 386 386 386 385 385 386 386 386 386 386 386 386 386 386 386 386 386 385 385 385 385 386 361 362 363 363 362 362 362 363 364 365 364 364 364 365 365 366 366 366 366 367 366 366 367 367 367 367 367 367 367 367 368 368 368 368 368 368 368 369 369 369 369 369 369 369 370 370 371 371 371 371 371 371 371 371 371 371 371 371 372 372 372 372 372 372 372 372 372 373 373 373 373 373 373 373 373 373 373 374 374 374 374 374 375 375 374 374 374 374 374 374 375 375 375 375 375 375 375 375 375 375 375 375 375 375 376 376 376 376 376 376 376 376 376 376 376 376 376 376 376 377 377 377 377 377 377 377 377 377 377 377 378 378 378 378 378 378 378 378 378 378 378 378 378 378 378 379 379 379 380 380 380 380 380 380 380 380 380 380 380 380 380 380 380 380 380 380 380 381 381 381 381 381 381 381 381 381 381 381 381 382 382 382 381 381 381 381 381 381 381 382 382 382 381 381 381 381 384 384 384 384 384 384 384 384 384 384 384 384 384 384 384 384 384 384 384 384 384 385 385 385 385 385 385 385 385 385 385 385 385 385 386 385 385 386 386 385 385 386 386 386 386 386 386 386 387 387 386 387 387 387 387 387 387 387 387 387 387 387 388 388 389 388 388 388 388 388 388 388 388 388 388 388 388 388 388 388 388 387 387 386 386 386 386 386 386 387 387 387 387 387 387 387 387 387 387 387 387 386 386 387 387 387 387 387 386 386 386 386 386 386 386 386 386 386 386 386 386 386 386 386 386 386 386 386 386 386 386 386 386 386 386 386 386 386 386 386 387 387 387 387 387 386 386 386 386 386 385 385 386 386 386 362 363 363 363 363 362 363 364 364 364 364 365 365 365 365 366 366 366 367 367 367 367 367 367 367 367 367 368 367 367 368 368 368 368 368 368 369 369 369 369 370 369 370 370 370 371 371 371 371 371 371 371 371 371 371 371 371 371 371 372 372 372 372 372 372 372 372 372 373 373 373 373 373 373 373 373 374 374 374 374 374 374 375 375 374 374 374 374 374 375 375 375 375 375 376 375 375 375 375 375 375 375 376 376 376 376 376 376 376 376 376 376 376 376 376 376 376 376 376 377 377 377 377 377 377 377 377 377 377 377 378 378 378 378 378 378 378 378 378 378 378 378 378 378 378 379 379 379 380 380 380 380 380 380 380 380 380 380 380 380 380 380 380 380 380 381 381 381 381 381 381 381 381 381 381 381 381 382 381 381 381 381 381 381 381 382 381 382 382 382 381 381 381 381 381 384 384 384 384 384 384 384 384 384 384 384 384 384 384 384 384 384 384 384 384 385 385 385 385 384 385 385 385 385 385 385 385 386 386 386 386 386 386 386 386 386 386 386 386 386 386 387 387 386 387 387 387 387 387 387 387 387 387 387 388 388 387 388 388 388 388 388 388 388 388 388 388 388 388 388 388 388 388 388 387 387 387 386 386 386 386 386 386 386 386 387 387 387 387 387 387 387 387 387 387 387 387 386 386 387 387 387 387 387 386 386 386 386 387 386 386 386 386 386 386 386 386 386 386 386 386 387 386 386 386 386 386 386 386 386 386 386 386 386 387 387 387 387 387 387 387 387 387 387 386 385 385 386 386 354 354 361 362 363 363 363 363 363 362 363 364 364 364 364 364 365 365 366 366 366 366 367 367 367 367 367 367 367 367 367 367 367 367 367 368 368 368 368 368 369 369 369 369 370 370 370 370 370 370 371 371 371 371 371 371 372 371 371 371 371 371 371 371 371 372 372 372 372 372 372 373 373 373 373 373 373 373 373 374 374 374 374 374 375 374 375 375 374 374 374 374 375 375 374 374 375 375 375 375 375 375 375 375 375 375 376 376 376 376 376 376 376 376 376 376 376 376 376 376 376 376 376 377 377 377 377 377 377 377 377 377 377 378 378 378 378 378 378 378 378 378 378 378 378 378 378 378 379 379 379 379 380 380 380 380 380 380 380 380 380 380 380 380 380 380 380 380 381 381 381 381 381 381 381 381 381 381 382 382 382 382 381 381 381 381 381 381 381 381 381 381 382 381 381 381 381 381 384 384 384 384 384 384 384 384 384 384 384 384 384 384 384 384 384 384 384 384 385 385 385 384 384 385 385 385 385 385 385 385 385 385 385 385 385 386 386 386 386 386 386 386 386 386 386 386 386 387 387 387 387 387 387 387 388 388 387 387 388 388 388 388 388 388 387 387 388 388 388 388 388 388 388 388 388 388 387 387 387 387 387 387 386 386 386 386 386 386 387 387 387 387 387 387 387 387 387 387 387 387 387 386 386 387 387 387 387 387 387 386 387 387 386 386 386 387 387 386 386 386 386 386 386 386 386 386 386 386 386 386 386 386 386 386 387 387 387 387 387 387 387 354 356 355 361 361 361 361 362 363 363 363 364 363 363 363 363 363 363 364 364 365 365 366 366 366 366 366 366 366 366 366 367 367 367 367 368 368 368 367 367 367 368 368 368 369 369 369 369 369 369 370 370 370 370 370 370 371 371 371 372 372 372 371 372 372 372 372 372 372 371 372 372 372 372 372 372 372 373 373 373 373 373 373 374 374 374 374 374 374 374 375 375 374 374 374 374 375 375 374 374 374 375 375 375 375 375 375 375 375 375 375 375 375 376 376 376 376 377 377 377 376 376 377 377 377 377 377 376 377 377 377 377 377 377 377 378 377 378 378 378 378 378 378 378 378 378 378 378 378 378 378 378 379 379 379 379 379 380 380 379 380 380 380 380 380 380 380 380 380 380 380 380 381 381 380 381 381 381 381 381 381 381 381 381 381 382 381 381 381 381 381 381 381 381 381 381 381 381 381 381 381 381 383 384 384 384 384 384 384 384 384 384 384 384 384 384 384 384 384 384 384 384 384 385 384 384 384 384 384 384 384 385 385 385 385 385 385 385 385 386 386 386 386 386 386 386 386 386 386 387 387 387 387 387 387 387 387 387 388 388 388 387 387 387 388 388 388 387 388 388 388 388 388 388 388 388 388 388 388 387 387 387 388 388 387 386 386 386 386 386 386 386 386 386 387 387 387 387 387 387 387 387 387 387 387 386 386 387 387 387 387 387 387 387 387 387 387 386 386 387 387 386 386 386 386 386 386 386 387 386 386 386 386 386 386 386 386 386 386 387 387 354 356 357 356 355 354 355 355 355 361 361 361 361 362 361 362 362 363 363 363 363 363 363 363 363 364 364 364 364 364 365 365 366 366 366 366 366 366 366 367 367 367 367 367 367 368 368 368 367 367 367 368 368 369 369 369 369 369 369 369 370 370 370 370 370 371 371 371 371 371 371 372 372 372 372 372 372 372 372 372 371 372 372 372 372 372 373 373 373 373 373 373 373 374 374 374 374 374 374 374 375 375 374 374 374 374 375 375 375 374 375 374 374 375 375 375 375 375 375 375 375 375 375 376 376 377 377 377 376 377 377 377 377 377 377 377 376 376 377 377 377 377 377 377 378 378 378 378 378 378 378 378 378 378 378 378 378 378 378 378 378 379 379 379 379 379 379 379 379 379 379 380 380 380 380 380 380 380 380 380 381 380 380 381 380 381 381 381 381 381 381 381 381 381 381 382 381 381 381 381 381 381 381 381 381 381 381 381 381 381 381 383 384 384 384 384 384 384 384 384 384 384 384 384 384 384 384 384 384 384 384 384 384 384 384 384 384 385 385 385 385 385 385 385 385 385 385 386 386 386 386 386 386 386 386 386 386 386 387 387 387 387 387 387 387 387 387 387 387 387 387 387 388 388 388 388 388 387 388 388 388 388 388 388 388 388 388 388 388 388 388 388 388 387 386 386 386 386 386 386 386 386 386 387 387 387 387 387 387 387 387 387 387 387 387 386 386 387 386 387 387 387 387 387 387 387 387 387 387 387 386 386 386 386 386 386 386 386 386 386 386 386 386 386 386 386 386 387 387 387 354 355 357 357 357 355 357 357 357 356 355 361 362 362 362 362 362 362 363 363 364 363 363 363 362 363 364 364 364 364 364 364 365 365 366 366 366 366 366 367 367 367 367 368 368 368 368 368 368 368 367 368 368 367 368 368 369 369 369 369 369 369 370 370 370 370 370 370 370 370 371 371 371 371 371 371 371 372 372 372 372 372 372 371 372 372 372 372 372 373 373 373 373 373 373 373 373 373 374 374 374 374 374 374 375 375 375 375 375 375 375 375 375 374 375 375 375 375 375 375 375 375 375 375 376 376 376 376 376 376 376 376 376 377 377 377 377 377 377 377 377 377 377 377 377 377 377 378 378 378 378 377 378 378 378 378 378 378 378 378 378 378 378 379 379 379 379 379 379 379 379 380 380 379 380 380 380 380 380 380 380 380 380 380 381 381 381 381 381 381 381 381 380 381 381 381 381 381 381 381 381 381 381 381 381 381 381 381 381 381 381 381 381 383 383 384 384 384 384 384 384 384 384 384 384 384 384 384 384 384 384 384 384 384 384 384 384 384 384 385 385 385 385 385 385 385 386 385 386 386 386 386 386 386 386 386 386 386 386 387 387 387 387 387 387 387 387 387 387 387 387 387 387 388 388 388 388 388 388 388 388 388 388 388 388 388 388 388 388 388 388 388 388 388 388 387 386 386 386 386 386 386 386 386 386 386 387 387 387 387 387 387 387 387 387 387 387 387 386 386 386 387 387 387 387 387 387 387 387 387 387 386 386 386 386 386 386 386 386 386 386 386 386 386 386 386 386 386 386 386 387 387 354 356 357 357 357 356 358 359 358 357 356 356 356 356 361 361 361 361 361 361 362 362 363 363 363 364 364 363 363 363 363 363 364 364 365 364 364 364 364 365 366 366 366 367 367 367 367 368 368 368 367 368 368 368 368 368 368 368 368 368 368 368 368 369 369 369 369 369 370 370 370 370 370 370 370 371 371 371 371 371 371 371 371 371 372 372 372 372 372 372 372 372 373 373 373 373 373 373 373 373 373 373 373 373 374 374 374 374 374 374 374 374 375 375 375 375 375 375 374 375 375 375 375 376 375 375 376 376 376 376 376 376 376 376 376 376 376 376 376 376 377 377 376 377 376 377 377 377 377 377 377 377 377 377 377 377 377 377 378 378 378 378 378 378 378 378 378 378 379 379 379 379 379 379 379 379 380 380 379 379 380 380 380 380 380 380 380 380 380 381 381 381 381 381 381 381 381 381 380 381 381 381 381 381 381 381 381 381 381 381 381 381 381 381 381 381 381 381 383 383 384 384 384 384 384 384 384 384 384 384 384 384 384 384 384 384 384 384 384 384 384 384 384 384 384 384 384 384 385 385 385 386 386 386 385 385 386 386 386 386 385 386 386 386 386 387 387 387 387 387 387 387 388 387 388 388 388 388 388 388 388 388 388 388 388 388 388 388 388 388 388 388 388 388 388 388 388 387 387 387 387 387 386 386 386 386 386 386 386 386 386 386 387 387 387 387 387 387 387 387 387 386 387 386 386 386 386 387 387 387 387 387 387 387 386 386 386 386 386 386 386 386 386 386 386 386 386 386 386 386 386 386 386 386 386 387 387 354 356 356 357 357 358 359 359 358 358 358 358 357 356 360 361 361 361 361 361 361 362 362 362 362 362 362 363 363 363 363 363 363 364 364 365 364 364 364 365 365 365 366 366 366 366 367 367 367 367 367 367 367 367 367 367 368 368 368 369 369 368 368 368 368 368 369 369 369 369 370 370 370 370 370 370 370 371 371 371 371 371 371 371 371 371 371 371 372 372 372 372 372 372 373 373 373 373 373 373 373 373 373 373 373 373 374 374 374 374 374 374 374 374 375 375 374 374 375 375 374 374 375 375 375 376 376 376 376 376 376 376 376 376 376 376 376 376 376 376 376 376 376 376 376 376 376 377 377 377 377 377 377 377 377 377 377 377 378 378 378 378 378 378 378 378 378 378 378 378 379 379 379 379 379 379 379 379 379 380 379 379 379 380 380 380 380 380 380 380 381 381 381 381 381 381 380 380 381 381 381 380 380 381 381 381 381 381 381 381 381 381 381 381 381 381 381 381 381 381 383 383 383 383 384 384 384 384 384 384 384 384 384 384 384 384 384 384 384 384 384 384 384 384 384 384 384 384 384 384 385 385 385 385 385 385 385 386 386 385 385 385 385 385 386 386 386 386 387 387 387 387 387 387 387 387 388 388 388 388 388 388 388 388 388 388 388 388 387 388 388 388 388 388 388 388 387 387 387 387 387 387 386 386 386 386 386 386 386 386 386 386 386 387 387 387 387 387 387 387 387 387 387 387 386 386 386 387 387 387 387 387 387 387 386 386 386 386 386 386 386 386 387 386 386 386 386 386 386 387 387 386 386 386 386 386 386 387 387 387 356 356 357 357 358 358 359 359 358 358 358 357 357 356 357 357 360 361 361 361 361 361 361 362 362 362 362 362 363 363 363 363 363 363 364 364 365 365 365 364 365 366 366 366 366 366 366 366 366 366 366 366 366 367 367 367 367 367 367 367 368 368 369 369 369 369 368 368 368 369 369 369 370 370 370 370 370 370 370 371 370 370 371 371 371 372 372 371 371 371 371 371 371 371 372 372 373 373 373 373 373 373 373 373 373 373 373 373 374 374 374 374 374 374 374 374 375 375 375 374 374 374 374 374 375 375 375 375 375 376 375 376 376 376 376 376 376 376 376 376 376 376 376 376 376 376 376 376 377 377 377 377 377 377 377 377 377 377 377 377 377 378 378 378 378 378 378 378 378 378 378 378 379 379 379 379 379 379 379 379 379 379 379 379 379 379 380 380 380 380 380 380 380 380 381 381 381 381 380 380 380 380 380 380 380 380 381 381 381 381 381 381 381 381 381 381 381 381 381 381 381 381 383 383 384 383 383 383 384 384 384 384 384 384 384 384 384 384 384 384 384 384 384 384 384 384 384 384 384 384 384 384 385 385 385 385 385 385 385 385 385 385 385 385 385 386 386 386 386 387 387 387 387 387 387 387 387 387 387 387 387 387 387 388 388 388 388 388 387 387 387 387 388 388 387 387 388 388 388 388 387 386 387 387 386 386 386 386 386 386 386 386 386 386 386 386 387 387 387 387 386 387 387 387 387 387 387 387 386 387 387 387 387 387 387 387 387 386 386 386 386 386 386 386 386 386 386 386 386 386 386 386 386 386 386 386 386 386 386 387 387 355 356 357 357 358 358 358 359 359 358 358 357 357 358 359 359 358 358 359 358 358 358 358 358 358 359 358 358 359 359 359 359 360 360 361 361 361 361 361 361 361 362 361 362 362 362 363 363 363 363 363 363 364 364 364 364 365 365 365 365 366 366 366 366 366 366 366 366 366 366 366 366 367 367 367 367 367 367 368 368 368 369 369 369 369 369 369 368 369 369 370 370 370 370 370 370 370 370 370 370 371 371 371 371 372 372 372 372 372 371 371 371 371 372 372 372 373 373 373 373 373 373 373 373 373 373 374 374 374 374 374 374 374 374 375 375 375 374 374 375 374 375 375 375 375 375 375 375 375 375 376 376 377 376 376 376 376 376 376 376 376 376 376 376 376 376 376 377 377 377 377 377 377 377 377 377 377 377 377 377 378 378 378 378 378 378 378 378 378 378 379 379 379 379 379 379 379 379 379 379 380 380 379 380 379 379 380 380 380 380 380 380 381 381 381 380 380 381 380 381 380 380 380 380 380 381 381 381 381 381 381 381 381 381 381 381 381 381 381 381 383 383 383 383 383 383 383 383 383 384 384 384 384 384 384 384 384 384 384 384 384 384 384 384 384 384 384 384 384 384 384 385 385 385 385 384 385 385 385 385 385 385 385 386 386 386 386 387 387 387 387 387 387 387 387 387 387 387 387 387 387 388 388 388 388 387 387 387 387 387 388 387 387 387 387 387 387 387 387 387 386 386 386 386 386 386 386 387 386 386 386 386 386 386 387 387 387 387 387 386 387 387 387 387 387 387 387 387 387 386 386 387 387 387 386 386 386 386 386 386 386 386 386 386 386 386 386 386 386 386 386 386 386 386 387 387 386 387 387 356 358 358 358 358 358 358 358 357 357 357 358 358 359 360 360 360 360 360 359 359 359 360 360 359 359 359 359 359 360 360 361 361 361 361 362 362 362 361 361 361 362 362 362 363 363 363 363 363 363 363 364 364 364 364 364 365 365 366 366 366 367 367 367 366 366 366 367 367 367 367 367 367 367 367 367 368 368 368 368 369 369 369 369 369 369 368 369 370 370 370 370 370 370 370 370 370 370 371 371 371 371 371 372 372 372 372 372 372 372 371 371 372 372 372 372 373 373 373 373 373 373 373 373 373 374 374 374 374 374 374 374 375 374 375 375 374 375 375 375 375 375 375 375 375 375 375 375 376 376 376 376 377 376 376 376 376 376 376 376 376 376 376 376 376 377 377 377 377 377 377 377 377 377 377 377 377 377 377 378 378 378 378 378 378 378 378 378 379 379 379 379 379 379 379 379 380 380 380 380 380 380 380 379 379 380 380 380 380 380 380 380 381 381 380 380 380 381 381 380 380 380 380 380 381 381 381 381 381 381 381 381 381 381 381 381 381 381 383 383 383 383 383 383 383 383 383 383 384 384 384 384 384 384 384 384 384 384 384 384 384 384 384 384 384 384 384 384 385 385 385 384 384 385 386 386 385 385 385 385 385 385 385 386 386 386 387 387 387 387 387 387 387 387 387 387 387 387 388 388 388 388 387 387 387 386 387 387 387 387 387 386 386 387 387 387 387 387 386 386 386 386 386 386 386 387 387 386 386 386 386 386 387 387 387 387 387 387 387 387 387 387 387 387 387 386 386 386 387 387 387 387 387 386 386 386 386 386 386 386 386 386 386 386 386 386 386 386 386 386 386 386 387 387 387 387 387 357 357 358 358 358 358 357 357 357 357 357 358 359 360 360 361 360 360 360 361 361 361 361 361 361 361 360 360 360 360 361 361 361 361 361 362 362 362 362 361 362 362 362 362 363 363 363 363 363 363 364 364 364 364 364 365 365 365 366 366 367 367 367 367 366 366 367 367 367 367 367 367 367 367 368 368 368 368 369 368 368 369 369 369 368 368 369 369 369 370 370 370 370 370 370 370 371 371 371 371 371 371 371 372 372 371 372 372 372 372 372 372 372 372 372 373 373 373 373 373 373 373 373 373 373 374 374 374 374 374 374 375 375 374 375 374 375 374 375 375 375 375 375 375 375 375 375 376 376 376 376 376 376 376 376 376 377 377 376 376 376 376 376 376 377 377 377 377 377 377 377 377 377 377 377 377 377 377 377 378 378 378 378 378 378 378 378 379 379 379 379 379 379 379 379 380 380 380 380 380 380 380 379 379 379 380 380 380 380 380 380 380 380 380 380 381 380 380 380 380 380 380 380 380 381 381 381 381 381 381 381 381 381 381 381 381 381 383 383 383 383 383 383 383 383 383 383 384 384 384 384 384 384 384 384 384 384 384 384 384 384 384 384 384 384 384 385 385 385 384 384 385 385 386 386 386 386 385 385 386 386 386 386 386 386 386 386 386 387 387 387 387 387 387 388 388 387 387 387 387 387 387 386 386 387 387 387 387 387 386 386 386 387 387 387 387 386 386 386 386 386 386 386 386 386 386 386 386 386 386 386 386 386 386 387 387 387 386 387 387 386 387 387 387 386 386 386 386 386 387 387 386 386 386 386 386 386 386 386 386 387 387 386 386 386 386 386 386 386 386 386 386 387 387 387 387 357 358 358 359 359 358 357 358 358 358 358 359 360 361 361 361 361 361 361 361 361 361 361 362 362 361 361 361 361 361 360 361 361 361 362 362 361 362 362 362 362 362 363 363 363 363 363 363 363 364 364 364 364 364 364 365 365 365 366 366 367 367 366 366 366 366 366 367 367 367 367 367 367 367 368 368 368 368 369 368 368 368 369 368 368 369 369 370 370 370 370 370 370 370 370 371 371 371 371 371 372 371 371 371 371 372 372 372 372 372 372 372 372 372 372 373 373 373 373 373 373 374 374 374 374 374 374 374 374 374 374 375 375 375 374 375 375 375 375 375 375 375 375 375 375 375 375 375 376 376 376 376 376 376 376 377 377 377 376 376 376 376 376 377 377 377 377 377 377 377 377 377 377 377 377 377 377 377 378 378 378 378 378 378 378 378 379 379 379 379 379 379 379 379 379 379 380 380 380 380 380 380 379 380 380 380 380 380 380 380 380 380 380 381 381 381 380 380 380 380 380 380 380 380 381 381 381 381 381 381 381 381 381 381 381 381 383 383 383 383 383 383 383 383 383 383 384 384 384 384 384 384 384 384 384 384 384 384 384 384 384 384 384 385 385 385 385 385 384 384 385 385 385 386 386 386 386 386 386 386 386 386 386 386 386 386 386 386 386 386 387 387 387 387 387 387 387 387 387 386 386 386 386 387 388 387 387 387 386 386 386 387 387 386 386 386 386 386 385 386 386 386 386 386 386 386 386 386 386 386 386 386 386 386 386 386 386 386 386 386 386 386 386 386 386 386 386 386 386 386 386 386 386 386 386 386 387 387 386 386 386 386 386 386 386 386 386 386 386 387 387 387 387 358 359 360 360 359 359 359 359 359 360 359 361 361 361 361 361 361 362 362 362 362 362 362 362 362 361 361 361 360 361 361 361 361 362 362 361 361 362 362 362 362 362 362 363 363 363 363 363 363 364 364 364 364 365 365 365 366 366 366 367 367 367 366 366 366 366 366 367 367 367 367 367 367 367 367 368 368 368 369 369 368 368 368 368 369 369 369 370 370 370 370 370 370 370 371 371 371 370 371 371 371 371 372 372 372 372 372 372 372 372 371 371 372 372 373 373 373 373 373 373 373 373 373 374 374 374 374 374 374 374 374 374 374 374 375 375 375 375 375 375 375 375 375 375 375 375 375 375 375 375 376 376 376 376 376 376 377 376 376 376 376 376 377 377 377 377 377 377 377 377 377 377 377 377 377 377 377 377 377 377 378 378 378 378 378 379 379 379 379 379 379 379 379 379 379 380 380 380 380 380 379 379 380 380 380 380 380 380 380 380 380 380 381 380 380 380 380 380 380 380 380 380 380 380 381 381 381 381 381 381 381 381 381 381 381 383 383 383 384 384 383 383 383 383 383 383 384 384 384 384 384 384 384 384 384 384 384 384 384 384 384 384 384 385 385 384 384 384 384 385 385 385 385 385 385 386 385 385 386 386 386 386 386 386 387 386 387 387 387 387 387 387 387 387 387 387 387 386 386 387 387 387 387 387 387 386 386 386 386 386 386 386 386 386 386 386 386 385 386 386 386 386 386 386 386 386 386 386 386 386 386 386 386 386 386 386 386 386 386 386 386 386 386 386 386 386 386 386 386 386 386 386 386 386 386 386 386 386 386 386 386 386 386 386 386 386 386 386 387 387 387 387 360 360 359 359 359 359 359 359 360 360 361 361 361 361 361 362 362 362 362 362 363 363 362 362 362 362 362 362 363 363 362 363 363 362 361 361 362 362 363 362 363 363 363 364 364 364 364 364 364 365 365 365 365 365 365 366 366 366 366 366 367 367 367 366 366 367 367 367 367 367 367 367 367 367 368 368 368 368 369 369 369 369 368 369 369 370 370 370 370 370 370 370 371 371 371 371 371 370 370 370 370 371 372 371 371 372 372 372 371 371 371 372 372 373 373 373 373 373 373 373 373 374 374 374 374 374 374 374 374 375 375 374 374 375 374 374 375 375 375 375 375 375 375 375 375 375 375 375 375 376 376 376 376 376 376 376 376 376 377 377 377 377 377 377 377 377 377 377 377 377 377 377 377 377 377 377 377 377 377 377 378 378 378 378 379 379 379 379 379 379 379 379 379 379 379 380 380 380 380 379 379 379 380 380 380 380 380 380 380 380 380 380 381 380 380 380 380 380 380 381 381 381 381 381 381 381 381 381 381 381 381 381 381 381 383 383 383 384 384 383 383 383 383 383 384 384 384 384 384 384 384 384 384 384 384 384 384 384 384 384 385 385 385 384 384 384 384 384 385 385 385 385 385 385 385 385 386 386 386 386 385 386 386 386 387 387 386 387 387 387 387 387 387 387 387 386 385 386 386 387 387 387 387 386 386 387 386 386 387 386 386 386 386 386 386 386 386 386 386 386 386 386 386 386 386 386 386 386 386 386 386 386 386 386 386 387 387 387 386 386 386 386 386 386 386 386 386 386 386 386 386 386 386 386 386 386 386 386 386 386 386 386 386 386 386 386 386 387 387 387 387 360 360 359 360 360 360 360 360 360 360 360 360 361 361 361 362 362 362 362 363 363 363 363 363 362 362 363 363 363 364 363 363 364 364 363 362 362 362 363 363 364 364 364 365 365 365 365 365 365 366 366 366 365 365 365 365 366 366 366 366 367 367 367 367 367 367 367 367 367 368 368 368 368 368 367 368 368 368 369 369 369 369 369 369 369 370 370 370 370 371 371 371 371 371 371 371 371 371 370 370 370 371 371 371 371 371 371 371 371 372 372 372 372 372 372 372 372 373 373 373 373 373 374 374 374 374 374 374 374 374 374 374 374 375 374 374 374 375 375 375 375 375 375 375 375 375 375 376 376 376 376 376 376 376 376 376 376 376 377 377 377 377 377 377 377 377 377 377 377 377 377 377 377 377 377 377 377 377 377 377 377 378 378 378 379 379 379 379 379 379 379 380 379 379 379 380 380 380 380 379 379 379 379 380 380 380 380 380 380 380 380 380 380 380 380 380 381 381 381 380 380 381 381 381 381 381 381 381 381 381 381 381 381 381 383 383 383 383 383 383 383 383 383 383 383 384 384 384 384 384 384 384 384 384 384 384 384 384 384 384 384 384 384 384 384 384 384 384 384 385 385 385 386 386 385 385 385 386 386 385 385 385 386 386 386 386 386 386 387 387 387 387 387 387 387 386 385 386 386 386 387 386 386 386 386 386 386 386 386 386 386 386 386 386 386 386 386 386 386 386 386 386 386 386 386 386 386 386 386 386 386 386 386 386 386 387 387 387 386 386 386 387 386 386 386 386 386 386 386 386 386 386 386 386 386 386 386 386 386 386 386 386 386 386 386 386 386 386 387 387 387 360 359 359 359 360 360 360 361 360 360 360 360 361 361 362 362 362 363 363 363 363 363 363 363 363 363 363 364 364 364 364 364 364 363 363 363 363 364 364 365 365 365 365 365 365 365 365 366 366 366 366 365 365 366 365 365 366 366 366 367 367 367 367 367 367 367 367 368 368 368 368 368 368 368 368 368 368 368 369 369 369 369 369 369 370 370 370 370 371 371 371 371 371 371 370 370 370 370 370 370 370 370 371 371 371 370 371 372 373 373 372 372 372 372 372 372 372 373 373 373 373 373 374 374 374 374 374 374 374 374 374 375 375 374 375 375 375 375 375 375 375 375 375 375 375 375 376 376 376 376 376 376 376 376 376 376 376 376 377 377 377 377 377 377 377 377 377 376 377 377 377 377 377 377 377 377 377 377 377 377 378 378 378 379 379 379 379 379 379 380 380 379 379 379 379 380 380 380 380 380 379 379 379 379 380 380 380 380 380 380 380 380 380 380 380 380 381 381 381 381 381 381 381 381 381 381 381 381 381 381 381 381 381 383 383 383 383 383 383 383 383 383 383 383 384 384 384 384 384 384 384 384 384 384 384 384 384 385 385 384 384 384 384 384 385 385 385 385 385 385 385 385 385 385 385 385 386 386 386 385 385 385 386 386 386 386 386 387 387 387 387 387 387 387 387 386 386 385 386 386 386 385 386 386 386 386 386 386 386 386 386 386 386 386 386 386 386 386 386 386 386 386 386 386 386 386 386 386 386 387 386 386 386 386 386 387 387 387 387 387 386 386 386 386 386 386 386 386 386 386 386 386 386 386 386 386 386 386 386 386 386 386 386 386 386 387 387 387 387 387 360 359 359 359 360 360 361 360 360 360 361 360 361 362 362 362 363 363 363 363 363 363 364 363 363 364 364 364 364 364 364 364 364 364 364 364 364 364 364 365 365 365 365 365 365 365 366 366 366 366 366 366 366 366 366 365 366 367 367 366 366 367 367 367 367 367 367 367 368 368 368 368 368 368 368 368 368 368 369 369 369 369 370 370 370 370 370 370 371 371 371 371 371 371 371 370 370 371 371 371 371 372 372 372 371 371 372 372 372 372 372 372 372 373 372 372 373 373 373 373 373 373 374 374 374 374 374 374 374 375 375 375 375 375 375 375 375 375 375 375 375 375 375 375 376 376 376 376 376 376 376 376 376 376 376 376 376 377 377 377 377 377 377 377 377 376 377 376 376 377 377 377 377 377 377 377 377 377 377 377 377 378 379 379 379 379 379 379 380 379 379 379 380 380 380 380 380 379 379 379 379 379 379 380 380 380 380 380 380 380 380 380 380 380 380 380 381 381 381 381 381 381 381 381 381 381 381 381 381 381 381 381 383 383 383 383 383 383 383 383 383 383 383 384 384 384 384 384 384 384 384 384 384 384 384 384 384 384 384 384 384 384 385 385 385 385 385 385 385 384 384 385 385 385 385 385 385 385 385 385 385 386 386 386 386 386 386 386 387 387 387 387 387 387 387 386 386 385 386 386 386 385 385 385 386 386 386 386 386 386 386 386 386 386 386 386 386 386 386 386 386 386 386 386 386 386 386 386 387 387 386 386 386 386 386 387 387 387 387 386 386 386 386 386 386 386 386 386 386 386 386 386 386 386 386 386 386 386 386 386 386 386 386 386 386 386 387 387 387 359 359 360 360 360 360 360 360 361 361 361 361 362 362 362 363 363 363 363 363 363 363 363 364 364 364 364 364 364 364 364 364 364 364 364 364 364 364 364 365 365 365 365 365 365 366 366 366 366 366 366 366 366 365 365 366 366 367 366 366 366 367 367 367 367 367 368 367 367 367 368 368 368 368 368 368 368 369 369 369 369 369 369 370 370 370 370 370 370 370 371 371 371 370 370 371 371 371 371 371 372 372 372 371 371 371 372 372 372 373 373 373 373 373 373 373 373 373 373 373 373 373 373 374 374 374 374 374 375 375 375 375 375 375 375 375 375 375 375 375 375 375 375 376 375 376 376 376 376 376 376 376 376 376 376 376 377 377 377 377 377 377 377 377 376 377 377 376 376 376 377 377 377 377 377 377 377 377 377 378 378 378 378 379 379 379 379 380 379 379 380 380 380 380 379 380 380 380 380 380 380 380 380 380 380 380 380 380 380 380 380 380 380 380 381 380 380 381 380 380 380 380 380 381 381 380 381 381 380 381 381 383 383 383 383 383 383 383 383 383 383 383 384 384 384 384 384 384 384 384 384 384 384 384 384 384 384 384 384 384 384 385 385 385 385 385 385 384 384 384 384 385 385 385 386 385 385 385 385 385 386 386 386 386 386 386 386 386 386 386 387 387 387 387 386 386 386 385 385 385 386 385 385 386 386 386 386 386 386 386 386 386 386 386 386 386 386 386 386 386 386 386 386 386 386 386 386 387 387 387 386 386 386 386 387 387 387 387 386 386 386 386 386 386 386 386 386 386 386 386 386 386 386 386 386 386 386 386 386 386 386 386 386 387 386 387 387 387 359 359 360 360 360 360 360 361 361 361 361 361 362 363 363 363 363 363 363 363 363 363 364 364 364 364 364 364 364 364 364 364 364 364 364 364 365 365 364 364 364 364 365 365 365 366 366 366 366 366 366 366 366 366 366 366 366 366 366 366 366 366 367 367 367 368 368 368 368 368 368 368 368 368 368 368 369 369 369 369 369 369 370 370 370 370 370 370 370 370 370 370 370 370 370 371 371 371 371 371 371 372 372 372 371 372 372 372 372 373 373 373 373 373 373 373 373 373 373 373 373 374 374 374 374 374 374 374 375 375 375 375 375 375 375 375 375 375 375 375 375 375 375 375 376 376 376 376 376 376 376 376 376 376 376 376 377 377 377 377 377 377 377 377 377 377 376 376 376 377 377 377 377 377 377 377 377 377 378 378 379 379 379 379 379 379 379 380 380 380 379 379 379 379 380 380 380 380 380 380 380 380 380 380 380 380 380 380 380 380 380 380 380 380 381 381 380 380 380 381 381 381 381 380 380 381 380 381 381 381 383 383 383 383 383 383 383 383 383 383 383 383 384 384 384 384 384 384 384 384 384 384 384 384 384 384 384 384 384 384 384 385 385 385 385 384 385 385 384 384 385 385 385 385 385 385 386 385 385 385 386 386 386 386 386 386 386 386 387 387 387 387 387 387 386 386 386 386 385 385 385 385 385 385 386 386 386 386 386 386 386 386 386 386 386 386 386 386 386 386 386 387 386 386 386 386 387 387 386 386 386 386 386 387 387 386 386 386 386 386 386 386 386 386 386 386 386 386 386 386 386 386 386 386 386 386 386 386 386 386 386 386 387 387 387 387 360 361 361 361 361 361 361 361 361 361 361 362 363 363 363 363 363 363 363 363 363 363 363 363 363 363 364 364 364 364 364 364 364 364 364 364 364 364 364 364 364 364 365 365 365 366 366 366 366 366 366 366 366 366 366 366 366 366 366 366 366 366 366 367 367 367 368 368 368 368 368 368 368 368 368 368 369 369 369 369 369 370 370 370 370 370 370 370 370 370 370 370 370 370 370 370 371 371 371 371 371 372 372 372 372 372 372 372 372 372 373 373 373 373 373 373 373 373 373 373 374 374 374 374 374 374 374 374 375 374 375 375 375 375 375 375 375 375 375 375 375 375 375 376 376 376 376 376 376 376 376 376 376 376 376 376 377 377 377 377 377 378 377 377 377 376 376 376 376 376 377 377 377 377 377 377 377 377 378 379 379 379 379 379 379 379 380 380 380 380 380 380 380 379 380 380 380 380 380 380 380 380 380 380 380 380 380 380 380 380 380 380 380 380 380 381 381 381 380 380 380 380 380 380 380 380 381 381 381 383 383 383 383 382 382 383 383 383 383 383 383 384 384 384 384 384 384 384 384 384 384 384 384 384 384 384 384 384 384 384 384 384 384 384 384 384 384 384 384 384 384 385 385 385 385 385 385 385 385 385 385 386 386 385 386 386 386 386 386 386 386 387 386 387 387 386 386 386 385 385 385 385 385 386 386 386 385 385 386 386 386 386 386 386 386 386 386 386 386 386 386 387 387 386 387 387 386 386 386 386 386 387 387 387 386 386 386 386 386 386 386 386 386 386 386 386 386 386 386 386 386 386 386 386 386 386 386 386 386 386 386 387 387 387 387 360 360 360 361 361 361 360 361 361 361 361 362 363 363 363 363 363 363 363 363 363 363 363 363 363 364 364 364 363 364 364 364 364 365 365 365 365 364 364 364 365 365 365 365 365 365 365 366 366 366 366 366 366 366 366 366 366 366 366 366 366 366 367 367 367 367 367 368 368 368 368 368 368 368 368 369 369 369 369 369 370 370 370 370 370 370 370 370 370 370 371 371 371 370 370 370 371 371 371 371 371 372 372 372 372 372 372 372 372 373 373 373 373 373 373 373 373 373 373 373 374 374 374 374 374 374 374 374 374 374 375 375 375 375 375 375 375 375 375 375 376 376 376 376 376 376 376 376 376 376 376 376 376 376 377 377 377 377 377 378 377 377 377 377 376 376 376 376 376 377 377 377 377 377 377 377 377 377 379 379 379 379 379 379 379 379 380 380 380 380 380 379 380 380 380 380 380 380 380 380 380 380 380 380 380 380 380 379 380 380 380 380 380 380 380 380 380 380 380 380 380 380 380 380 381 381 381 381 383 383 383 383 383 383 383 383 383 383 383 383 384 384 384 384 384 384 384 384 384 384 384 384 384 384 384 384 384 384 384 384 384 384 384 384 384 384 384 384 384 384 384 384 385 385 385 385 385 385 385 385 386 386 385 386 386 386 386 386 386 386 386 386 386 386 386 386 386 386 385 385 385 385 385 386 386 385 386 386 386 386 386 386 386 386 386 386 386 386 386 386 386 387 387 387 387 386 386 387 387 387 387 387 387 387 386 386 386 386 386 386 386 386 386 386 386 386 386 386 386 386 386 386 386 386 386 386 386 386 386 386 386 386 386 387 360 360 360 360 360 360 361 362 362 362 362 363 363 363 363 363 363 363 364 363 363 363 363 363 363 364 364 364 364 364 364 364 364 365 365 365 364 364 364 365 365 365 365 365 365 365 365 365 365 366 366 366 366 366 366 366 367 367 366 366 366 367 367 366 366 367 367 368 368 368 368 368 368 368 369 369 369 369 369 370 370 370 370 370 370 370 370 370 371 371 371 371 371 370 370 370 371 371 371 371 371 372 372 372 372 372 372 372 372 373 373 373 373 373 373 373 373 373 373 373 373 374 374 374 374 374 374 374 374 374 375 375 375 375 375 375 375 375 375 376 376 376 376 376 376 376 376 376 376 376 376 376 376 376 376 376 377 377 378 378 377 377 377 377 376 376 376 376 377 377 377 377 377 377 377 377 377 378 379 379 379 378 379 379 379 379 380 380 380 380 379 380 380 380 380 380 380 380 380 380 380 380 380 380 380 380 380 380 380 380 380 380 380 380 380 380 380 380 380 380 380 380 381 381 381 381 381 383 384 383 383 383 383 383 383 383 383 383 383 384 384 384 384 384 384 384 384 384 384 384 384 384 384 384 384 384 384 384 384 384 384 385 385 384 384 384 384 384 385 385 385 385 385 385 385 385 385 385 385 385 385 385 386 386 386 386 386 386 386 386 386 386 386 386 386 386 386 386 385 385 385 385 385 385 386 386 386 386 386 386 386 386 386 386 386 386 386 386 386 386 386 386 387 387 386 386 387 387 387 387 387 387 387 386 386 386 386 386 386 386 386 386 386 386 386 386 386 386 386 386 386 386 386 386 386 386 386 386 386 386 386 386 361 361 361 361 360 361 361 362 362 362 362 363 363 363 363 363 362 363 363 363 363 363 363 363 364 364 364 364 364 364 365 365 365 365 365 365 364 364 364 365 365 365 365 366 366 365 366 366 366 366 367 367 367 367 367 367 367 367 366 366 366 366 366 366 366 367 367 368 368 368 368 368 369 369 369 369 369 369 370 370 370 370 370 370 370 370 371 370 371 371 371 371 371 371 370 371 371 371 371 371 372 372 372 372 372 372 372 372 372 373 373 374 373 373 373 374 373 373 373 373 373 374 374 374 374 374 374 374 374 374 375 375 375 375 375 375 375 375 376 376 376 376 376 376 376 376 376 376 376 376 376 376 376 376 377 377 377 378 377 377 377 377 377 376 376 376 376 376 377 377 377 377 377 377 377 377 378 378 379 379 378 379 379 379 379 379 380 380 380 380 380 380 380 380 380 380 380 380 380 380 380 380 380 380 380 380 380 380 380 380 380 380 380 380 380 380 380 380 380 380 380 380 381 381 381 381 384 384 383 383 382 382 382 382 382 383 383 383 384 384 384 384 384 384 384 384 384 384 384 384 384 384 384 384 384 384 384 384 384 384 384 385 385 384 385 384 385 385 385 385 385 385 385 385 385 385 385 385 386 385 385 385 385 385 385 385 386 386 386 386 386 386 386 386 386 385 385 385 385 385 385 385 385 386 386 386 386 386 386 386 386 386 386 386 386 386 386 386 386 386 386 387 387 387 386 387 387 387 386 386 386 386 386 386 386 386 386 386 386 386 386 386 386 386 386 386 386 386 386 386 386 386 386 386 386 386 386 386 386 387 387 361 361 361 360 361 361 362 362 362 362 363 362 362 362 363 363 363 363 363 363 363 363 364 364 364 364 364 364 364 364 365 365 365 365 365 365 365 365 365 365 365 365 365 365 365 366 366 366 367 367 367 367 367 367 367 367 367 366 367 367 367 367 367 367 366 367 368 368 368 369 369 369 369 369 369 369 369 370 370 370 370 370 370 370 370 370 370 370 371 371 371 371 371 370 371 371 371 371 372 372 371 371 372 372 372 372 372 372 372 373 373 374 374 374 374 374 373 373 373 373 374 374 374 374 374 374 374 374 374 374 375 375 375 375 375 375 375 376 376 376 376 376 376 376 376 376 376 376 376 376 376 376 376 376 377 377 377 377 377 377 377 376 376 376 376 376 376 376 377 377 377 377 377 377 377 378 379 379 379 379 379 379 379 379 379 380 380 380 380 380 380 380 381 380 380 380 380 380 380 380 380 380 380 380 380 380 380 380 380 380 380 380 380 380 380 381 380 380 381 380 380 381 381 381 381 383 383 383 383 383 383 383 383 383 383 383 383 384 384 384 384 384 384 384 384 384 384 384 384 384 384 384 384 384 385 385 385 384 384 384 384 385 385 385 385 385 385 385 385 386 386 385 385 385 385 385 385 386 386 386 385 385 385 385 385 385 385 386 385 386 385 385 385 385 385 385 385 385 385 385 385 385 386 386 386 386 386 386 386 386 386 386 386 386 386 386 386 386 386 387 387 387 386 386 386 386 386 386 387 386 386 386 386 386 386 386 386 386 386 386 386 386 386 386 386 386 386 386 386 386 386 386 386 386 386 386 386 386 387 361 361 360 360 360 361 361 361 361 362 362 362 362 361 362 362 362 362 363 363 364 364 364 364 364 363 364 364 364 365 365 365 365 365 365 365 365 365 365 365 365 365 365 365 366 366 366 366 366 367 367 367 367 367 367 367 368 367 367 367 367 367 367 367 366 366 367 368 368 368 369 369 369 369 369 369 370 370 370 370 370 370 370 370 370 370 370 371 371 371 371 371 371 371 371 371 371 371 371 372 371 371 372 372 372 372 372 372 372 372 373 373 373 374 374 374 374 374 374 373 373 374 374 374 374 374 374 374 374 374 375 375 375 375 375 375 375 375 376 376 376 376 376 376 376 376 376 376 376 376 376 376 376 376 376 377 377 377 378 378 377 377 377 376 376 376 376 376 376 377 377 377 377 377 377 378 378 379 379 378 379 379 379 379 379 380 380 380 380 380 380 380 380 380 380 380 380 380 380 380 380 380 380 380 380 380 380 380 380 380 380 380 380 380 380 380 380 380 381 380 381 381 381 381 381 383 383 383 382 382 382 383 383 383 383 383 383 384 384 384 384 384 384 384 384 384 384 384 384 384 384 384 384 384 384 384 384 384 384 384 384 385 385 385 385 385 384 385 385 385 385 386 386 386 385 385 385 385 385 385 385 385 385 385 385 385 385 385 385 385 385 385 385 385 385 385 385 385 385 385 385 385 386 386 386 386 386 386 386 386 386 386 386 386 386 386 387 387 386 386 386 386 386 386 386 386 386 386 386 386 386 386 386 386 386 386 386 386 386 386 386 386 386 386 386 386 386 386 386 386 386 386 386 386 386 386 386 387 360 360 360 359 360 360 360 361 361 361 362 362 361 362 362 362 362 363 364 364 364 365 365 365 364 364 364 364 364 365 365 365 365 365 365 365 365 365 366 366 366 366 365 366 366 366 366 366 367 367 367 367 367 368 368 368 368 368 367 367 368 368 367 367 367 367 367 368 368 368 368 368 369 369 369 369 369 370 370 370 370 370 370 371 370 370 371 371 371 371 371 371 372 371 371 371 371 371 371 371 371 372 372 372 372 372 372 372 372 372 373 373 373 374 374 374 374 374 374 374 374 374 374 374 374 374 374 374 374 375 375 375 375 375 375 375 375 375 376 376 376 376 376 376 376 376 376 376 376 376 376 376 376 376 377 377 377 377 378 378 377 377 376 376 376 376 376 376 376 377 377 377 377 377 378 378 379 378 378 379 379 379 379 379 380 380 380 379 379 380 380 380 380 379 379 380 379 379 379 380 380 380 380 380 380 380 380 380 380 380 381 381 381 380 380 380 381 381 381 381 381 381 381 382 384 384 383 383 382 382 382 382 383 383 383 383 383 384 384 384 384 384 384 384 384 383 384 384 384 384 384 384 384 384 384 384 384 384 384 384 384 385 385 385 385 385 385 384 385 385 386 386 386 386 385 385 385 385 385 385 385 385 385 385 385 385 385 385 385 385 385 385 385 385 385 385 385 385 385 385 385 385 386 386 386 386 386 386 386 386 386 386 386 386 386 386 387 387 387 386 386 386 386 386 386 386 386 386 386 386 386 386 386 386 386 386 386 386 386 386 386 386 386 385 385 386 386 386 386 386 386 386 386 386 386 386 387 361 360 360 360 360 360 360 360 361 361 362 362 362 361 361 362 363 363 363 363 364 364 365 364 364 364 364 364 364 364 365 365 365 365 365 365 365 366 366 366 366 366 366 366 366 366 367 367 367 367 368 368 367 368 368 368 368 368 368 368 368 368 368 368 367 367 367 367 368 368 368 369 369 369 369 369 369 370 370 370 370 370 370 370 370 370 371 371 371 371 371 371 371 371 371 371 371 371 371 372 372 372 372 372 372 372 372 372 373 372 373 373 374 374 374 374 374 374 374 374 374 374 374 374 374 374 374 374 374 375 375 375 375 375 375 375 375 376 376 376 376 376 376 376 376 376 376 376 376 376 376 376 376 377 377 377 377 377 378 378 377 377 377 377 377 377 376 376 377 377 377 377 377 378 378 379 378 378 379 379 379 379 379 380 380 380 379 379 379 379 379 380 380 380 380 380 379 380 380 380 380 380 380 380 380 380 380 381 380 381 381 380 380 380 380 381 381 381 381 381 381 381 382 384 383 382 382 382 382 382 383 383 383 383 383 383 384 384 384 384 384 384 384 384 383 384 384 384 384 384 384 384 384 384 384 384 384 384 384 385 384 385 384 385 385 385 385 385 385 385 385 385 386 385 385 385 386 385 385 385 385 385 385 385 385 385 385 385 385 385 385 385 385 385 385 385 385 385 385 385 385 385 385 385 385 385 386 385 386 386 386 386 386 386 386 386 386 386 386 386 386 386 386 386 386 386 386 386 386 386 386 386 386 386 386 386 386 386 386 386 386 386 385 385 386 386 386 386 386 385 386 386 386 386 387 386 361 361 360 360 361 362 362 361 362 362 362 361 362 362 362 363 363 364 364 364 364 364 364 364 364 364 364 364 364 365 365 365 365 365 365 366 366 366 366 366 366 366 366 367 367 367 367 367 368 368 367 367 368 368 368 368 368 368 368 368 368 368 367 367 368 368 368 369 369 369 369 369 369 369 370 370 370 370 370 370 370 370 370 371 371 371 371 371 371 372 372 371 372 372 371 371 371 371 372 372 372 372 372 372 373 373 373 373 373 373 374 374 374 374 374 374 374 374 374 374 374 374 374 374 374 374 375 375 375 375 375 375 375 375 375 376 376 376 376 376 376 376 376 376 376 376 376 376 376 376 376 377 377 377 377 377 377 377 377 377 377 377 376 376 376 377 377 377 378 378 378 378 378 378 379 379 379 379 379 379 379 380 380 380 379 379 379 380 380 380 380 380 380 380 380 380 380 380 380 380 380 380 380 380 381 381 381 380 380 380 380 380 381 381 381 381 381 381 381 381 384 383 383 382 382 382 382 383 383 383 383 383 383 383 384 384 384 384 384 384 384 383 383 384 384 384 384 384 384 384 384 384 384 384 384 384 385 384 385 384 384 385 385 385 385 384 384 385 385 385 385 386 385 386 385 385 386 385 385 385 384 384 384 384 385 385 385 385 385 385 385 385 385 385 385 385 385 385 385 385 385 385 386 385 385 385 385 386 386 386 386 386 386 386 386 386 386 386 386 386 386 386 386 386 386 386 386 386 386 386 386 386 386 386 386 386 386 386 386 386 386 386 386 386 386 386 385 386 386 386 386 386 386 386 361 360 360 362 362 361 361 361 361 362 362 363 362 363 363 363 364 364 364 365 365 365 365 365 365 364 364 364 364 364 365 365 365 365 366 366 366 366 366 366 366 367 367 367 367 368 367 368 368 368 368 368 368 368 368 368 368 368 368 369 369 368 368 369 369 369 369 369 369 369 369 369 369 370 370 370 370 370 370 370 370 371 371 371 371 371 371 371 372 372 372 372 372 372 371 371 372 372 372 372 372 372 373 373 373 373 373 373 373 373 374 374 374 374 374 374 374 374 374 374 374 374 374 374 374 375 375 375 375 375 375 375 375 376 376 376 376 376 376 376 376 376 376 376 376 376 376 376 376 377 377 377 377 377 377 377 377 377 377 377 377 376 376 377 377 377 377 378 378 378 378 378 379 379 379 379 379 379 379 380 380 380 380 380 380 380 380 380 380 380 380 380 379 379 380 380 380 380 380 380 380 380 380 380 380 380 380 380 381 381 381 381 381 381 381 382 382 382 383 383 382 382 382 382 382 383 383 383 383 383 383 383 384 384 384 384 384 384 384 383 383 384 384 384 384 384 384 384 384 384 384 384 384 385 385 384 384 384 384 385 385 385 385 385 385 385 384 385 385 385 385 386 386 385 386 386 386 386 385 385 385 384 385 385 385 385 385 385 385 385 385 385 385 385 385 386 386 385 385 385 386 386 386 385 385 385 386 386 386 386 386 386 386 386 386 386 386 386 386 386 386 386 386 386 386 386 386 386 386 386 386 386 386 386 386 386 386 386 386 386 386 386 386 386 386 386 386 386 386 386 386 386 361 361 360 361 361 360 361 361 362 362 362 363 363 363 364 364 364 364 364 365 365 365 365 365 365 365 365 365 365 365 365 365 365 365 366 366 366 366 366 367 367 367 367 367 367 367 368 368 368 368 368 368 368 368 368 368 368 368 368 368 368 369 369 369 369 369 369 369 370 370 370 369 369 370 370 370 370 370 370 371 370 370 371 371 371 371 371 371 371 372 372 372 372 372 371 371 372 372 372 372 372 373 373 373 373 373 373 373 373 373 373 374 374 374 375 375 374 374 374 374 374 374 374 374 375 375 375 375 375 375 375 375 375 375 376 376 376 376 376 376 376 376 376 376 376 376 376 376 376 376 377 377 377 377 377 377 377 377 377 377 377 377 376 377 377 377 377 378 378 378 378 378 379 379 379 379 379 379 379 380 380 380 380 380 380 380 379 379 380 380 380 380 380 380 380 380 380 380 380 380 380 380 380 380 380 380 381 381 381 381 381 381 381 381 381 381 381 381 383 383 382 383 382 383 383 383 383 383 383 383 383 383 383 384 384 384 384 384 384 383 383 383 384 384 384 384 384 384 384 384 384 384 384 384 385 384 384 384 384 384 384 385 385 385 385 385 385 385 384 385 385 385 385 385 385 386 386 386 386 386 385 385 385 385 385 385 385 385 385 386 386 386 387 387 387 388 387 386 385 385 386 387 386 386 386 386 386 386 386 386 386 386 386 386 386 386 386 386 386 386 386 386 386 386 386 386 386 386 386 386 385 385 385 386 386 386 386 386 386 386 386 386 386 386 386 386 386 386 386 386 386 386 386 360 361 361 361 362 362 362 362 363 363 364 365 365 365 365 364 365 365 365 365 366 366 365 365 365 365 365 365 365 365 365 365 366 366 366 366 366 367 367 367 367 367 367 367 368 368 368 368 368 368 368 368 368 368 368 367 367 368 368 368 368 368 369 369 369 370 370 370 370 370 370 370 370 370 370 370 370 370 371 371 371 371 371 371 371 371 371 372 372 372 372 371 371 371 372 372 372 372 373 373 373 373 373 373 373 373 373 373 374 374 375 375 374 374 374 374 374 374 374 375 375 375 375 375 375 375 375 375 375 375 375 376 376 376 376 376 376 376 376 376 376 376 376 376 376 376 376 376 377 377 377 377 377 377 378 378 377 377 377 377 377 377 377 377 378 378 378 378 378 378 378 379 379 380 379 379 379 380 379 380 379 379 379 379 379 379 380 380 380 380 380 380 380 380 380 380 380 381 380 380 380 381 381 381 381 381 381 381 381 381 380 380 381 381 381 382 382 382 382 383 383 383 383 383 383 383 383 383 383 383 384 384 384 384 384 384 383 383 383 384 384 384 384 384 384 384 384 384 384 384 384 384 384 384 384 384 384 384 384 385 385 385 385 385 386 385 385 385 385 385 385 385 386 386 386 386 386 386 386 385 385 385 385 385 385 385 386 387 387 387 387 387 388 387 386 386 385 386 386 386 386 386 386 386 386 386 386 386 386 386 386 386 386 386 386 386 386 386 386 386 386 386 386 386 386 386 386 385 385 385 386 386 386 386 386 386 386 386 386 386 386 386 386 386 386 386 386 387 386 386 386 361 361 362 362 362 362 363 363 363 364 365 365 365 365 365 365 365 365 365 365 366 366 366 366 366 366 366 366 365 366 366 366 366 366 366 366 366 366 367 367 367 367 367 367 368 368 368 368 368 368 368 369 369 368 368 368 368 369 368 368 368 368 368 368 369 369 370 370 370 370 370 370 370 370 370 370 370 370 371 371 371 371 371 371 371 371 371 371 372 372 372 372 371 371 372 372 372 373 373 373 373 373 373 373 373 374 373 374 374 374 375 374 374 374 374 374 374 374 374 375 375 375 375 375 375 375 375 375 375 375 375 376 376 376 376 376 376 376 376 376 376 376 376 376 376 376 376 376 376 377 377 377 377 377 377 377 377 377 377 377 377 377 377 377 378 378 378 378 378 378 378 379 379 379 379 379 379 379 380 380 380 379 380 380 379 380 379 379 380 380 380 380 380 380 380 380 380 380 380 380 380 381 381 381 381 381 381 380 380 380 380 381 381 381 382 382 382 382 383 383 383 383 383 383 383 383 383 383 383 383 384 384 384 384 384 383 383 384 384 384 384 384 384 384 384 384 384 384 384 384 384 384 384 385 385 384 384 384 384 385 385 385 385 385 385 385 385 385 385 385 385 385 386 386 386 386 386 386 386 386 386 385 385 386 386 386 386 386 386 386 386 387 387 387 387 386 386 386 386 387 387 386 386 386 386 386 386 386 386 386 387 387 386 386 386 386 386 386 386 386 386 386 386 385 385 386 385 385 385 386 386 386 386 386 386 386 386 386 386 386 386 386 386 386 386 386 387 386 386 386 386 361 362 362 362 363 363 363 363 364 364 364 365 365 365 365 365 365 365 365 365 365 366 366 366 366 366 366 366 366 366 366 366 366 366 366 366 366 366 367 367 367 367 367 367 367 368 367 367 368 367 367 368 368 368 368 367 368 369 369 369 368 368 368 368 368 368 369 369 369 370 370 370 370 369 369 370 370 370 371 371 371 371 371 372 372 372 371 372 372 372 372 372 372 371 371 372 372 372 372 373 373 373 373 373 374 374 374 374 374 374 375 375 374 375 374 374 374 374 374 374 374 375 375 375 375 375 375 375 375 375 375 376 376 376 376 376 376 376 376 376 376 376 376 376 376 376 376 376 376 377 376 377 377 377 377 377 377 377 377 377 377 377 377 378 378 378 378 378 378 378 378 378 378 379 379 379 379 380 380 380 380 380 380 380 380 380 379 380 379 379 380 380 380 380 380 380 380 380 380 380 380 380 380 381 381 381 381 381 380 380 380 380 381 380 382 382 383 383 383 383 383 383 383 383 383 383 383 383 383 383 384 384 384 384 384 384 383 383 383 384 384 384 384 384 384 384 384 384 384 384 384 384 384 384 384 384 384 384 384 384 385 385 385 385 385 385 384 384 385 385 385 385 385 386 386 385 385 385 386 386 386 386 386 386 386 386 386 386 386 386 386 386 387 387 387 387 386 386 386 387 387 386 386 386 386 386 386 386 386 386 386 387 387 386 386 386 386 386 386 386 386 387 386 385 385 386 386 386 386 386 386 386 387 386 386 386 386 386 386 386 386 386 386 386 386 386 386 386 386 386 387 387 361 361 361 362 362 362 363 363 363 363 364 364 365 365 365 365 365 365 366 366 366 366 366 366 367 367 366 366 366 366 366 367 366 366 366 366 367 367 367 368 368 368 368 368 368 368 367 368 368 367 368 368 368 368 368 368 369 369 369 369 369 369 369 368 368 368 368 368 369 369 369 369 369 369 369 369 370 370 370 371 371 371 371 372 371 371 371 372 372 372 372 372 372 371 371 372 372 372 372 373 373 373 373 373 373 373 373 373 374 374 374 375 374 374 374 374 374 374 374 374 374 374 374 374 374 375 375 375 375 375 375 375 375 375 376 376 376 376 376 376 376 376 376 376 376 376 376 376 376 376 376 377 377 377 377 377 377 377 377 377 377 377 377 378 378 378 378 378 378 378 378 378 379 379 379 379 379 380 379 379 379 380 379 379 379 379 379 379 379 379 379 379 379 379 379 379 379 379 379 380 380 380 380 380 380 380 380 380 380 380 380 380 380 380 380 380 380 380 380 380 381 381 380 380 381 381 381 381 381 381 381 381 381 381 381 381 381 381 381 381 381 381 381 381 381 382 382 382 382 382 382 382 382 382 382 382 382 382 383 383 383 383 382 384 384 384 385 384 385 385 385 385 385 385 385 385 385 385 385 386 386 386 386 386 386 386 386 386 387 387 387 387 387 386 386 386 386 385 386 386 386 386 386 386 386 386 386 386 386 386 386 386 386 386 386 386 386 386 385 385 387 386 386 385 385 386 386 386 386 386 386 387 386 386 386 386 386 386 386 385 386 386 386 386 386 387 387 386 386 387 387 361 361 361 361 362 362 363 363 363 364 364 365 365 365 365 365 365 365 366 366 366 366 366 367 367 367 367 367 367 367 367 367 367 367 366 367 367 367 368 368 368 368 368 368 368 368 367 368 367 368 368 368 368 368 369 369 368 369 369 370 370 370 369 368 368 369 369 369 369 369 370 370 370 370 370 370 370 370 370 371 371 371 371 372 372 372 372 372 372 372 372 371 371 371 372 372 372 372 373 373 373 373 373 373 373 373 373 374 374 374 374 374 374 374 374 374 374 374 374 374 374 375 375 375 375 375 375 375 375 375 375 375 375 375 375 376 376 376 376 376 376 376 376 376 376 376 376 376 376 376 376 377 377 377 377 377 377 377 377 377 377 377 378 378 378 378 378 378 378 378 378 378 379 379 379 379 379 379 379 379 379 379 379 379 379 379 379 379 379 379 379 379 380 380 380 379 380 380 380 380 380 379 379 379 380 379 379 380 380 380 380 380 380 380 380 380 380 380 380 380 381 381 381 381 381 381 381 381 381 381 381 381 381 381 381 381 381 381 381 381 381 381 381 381 382 382 382 382 382 382 382 382 382 382 382 382 382 382 382 382 382 382 384 384 384 384 385 385 385 385 386 385 385 385 385 385 385 385 385 386 386 386 386 386 386 386 386 386 386 386 387 386 386 386 386 386 385 385 386 386 386 386 386 386 386 386 386 386 386 386 386 386 386 386 386 386 386 385 385 387 387 387 386 386 385 385 386 386 386 386 386 386 386 386 386 386 386 386 386 386 386 386 386 386 387 387 386 386 387 387 361 361 361 362 362 362 363 363 364 364 365 365 365 364 365 366 366 366 366 366 366 367 367 367 367 367 367 367 367 368 367 367 367 367 367 367 367 368 368 368 368 368 368 368 368 368 368 368 368 368 369 369 368 368 368 369 369 369 369 370 370 369 369 369 369 369 369 369 369 370 370 370 370 370 370 370 370 370 370 371 371 371 371 372 372 372 372 372 372 372 371 372 372 372 372 372 372 372 372 373 373 373 373 373 373 374 374 373 374 374 374 374 374 374 374 374 374 374 374 374 375 375 375 375 375 375 375 375 375 375 375 375 375 376 376 376 376 376 376 376 376 376 376 376 376 377 377 377 376 376 376 376 376 377 377 377 377 377 377 377 377 377 378 378 378 378 378 378 378 378 378 379 379 378 379 379 378 379 379 379 379 379 379 379 379 379 379 379 379 379 379 379 379 380 380 380 380 380 380 379 380 379 379 379 379 380 380 380 380 380 380 380 380 380 380 380 380 380 380 380 380 381 381 381 381 381 381 381 381 381 381 381 381 381 381 381 381 381 381 382 382 382 382 382 382 382 382 382 382 382 382 382 382 382 382 382 382 382 382 382 382 384 385 384 384 385 385 385 385 385 385 385 385 384 385 385 385 385 385 386 385 386 386 386 386 386 386 386 386 386 386 386 386 386 386 386 385 386 386 386 386 386 386 386 386 386 386 386 386 386 386 386 386 386 386 385 385 385 387 387 387 387 386 386 386 386 386 386 386 386 386 386 386 386 386 386 386 386 386 386 386 386 386 386 386 386 387 387 362 362 362 362 363 363 364 364 364 364 364 364 365 365 365 365 366 366 366 366 367 367 367 367 367 367 367 367 368 367 367 367 367 367 367 368 368 368 368 368 368 368 368 367 368 368 368 368 369 369 369 369 368 368 369 369 369 369 370 370 370 370 369 369 369 369 370 370 370 370 370 369 370 370 370 370 370 371 371 371 371 371 372 372 371 372 372 372 372 372 372 372 372 372 372 372 373 373 373 373 373 373 373 373 373 373 374 374 374 375 375 375 374 374 374 374 374 374 375 375 375 375 375 375 375 375 375 375 375 375 375 376 376 376 376 376 376 376 376 376 376 376 376 376 376 376 376 376 376 376 376 376 377 377 377 377 377 377 377 377 378 378 378 378 378 378 378 378 378 378 379 378 378 378 378 378 379 379 379 379 379 379 379 379 379 379 379 379 379 379 379 379 379 380 380 380 379 380 380 380 380 380 380 380 380 380 380 380 380 380 380 380 380 380 380 380 380 380 380 380 381 381 381 381 381 381 381 381 381 381 381 381 381 381 381 381 381 381 382 382 382 382 382 382 382 382 382 382 382 382 382 382 382 382 382 382 382 382 382 384 385 385 385 385 385 385 385 385 385 385 385 385 385 385 385 385 385 385 385 386 385 386 386 385 386 386 386 386 386 386 386 386 386 386 386 386 386 386 386 386 386 386 386 386 386 386 386 386 386 386 386 386 386 385 385 385 386 387 387 387 387 387 386 386 386 386 386 386 386 386 386 386 386 386 386 386 386 386 386 386 386 386 386 386 386 387 387 363 363 362 362 363 363 363 363 363 364 364 365 365 365 366 366 366 366 366 367 367 367 367 367 367 367 367 367 367 368 368 368 368 368 368 368 367 368 368 368 368 368 368 368 368 368 368 368 368 368 368 368 369 369 370 369 369 370 369 369 370 370 369 369 369 369 370 370 370 370 369 370 370 370 370 370 370 371 371 371 371 372 371 371 371 371 371 372 372 372 372 372 372 372 373 372 372 373 373 373 373 373 373 373 374 374 374 374 374 374 374 374 374 374 374 374 374 375 375 375 375 375 375 375 375 375 375 375 375 375 375 375 375 375 376 376 376 376 376 376 376 376 376 376 376 376 377 377 377 377 377 377 377 377 377 377 377 377 377 378 378 378 378 378 378 378 378 379 379 379 378 378 378 378 379 379 379 379 379 378 379 379 379 379 379 379 379 379 379 379 379 379 379 379 379 380 380 380 380 380 380 380 380 380 380 380 380 380 380 380 380 380 380 380 380 380 380 380 380 380 381 381 381 381 381 381 381 381 381 381 381 381 381 381 381 381 382 382 382 382 382 382 382 382 382 382 382 382 382 382 382 382 382 382 382 382 382 382 384 385 385 386 385 385 385 385 385 385 385 385 384 384 385 385 385 385 385 385 385 385 385 385 385 385 385 386 386 386 386 386 386 386 386 386 386 386 386 386 386 386 386 386 386 386 386 387 386 386 386 386 386 386 385 385 385 386 387 387 387 387 387 386 386 386 386 386 386 386 386 386 386 386 386 386 386 386 386 386 386 386 387 386 386 386 386 387 362 362 363 363 363 363 363 363 364 364 365 365 366 366 366 366 366 366 366 367 367 367 367 367 367 367 367 367 367 367 368 368 368 368 368 368 368 368 368 368 368 368 368 368 368 368 368 368 368 368 368 369 369 369 369 369 369 369 370 370 369 369 370 369 369 370 370 370 369 369 369 369 370 370 370 370 370 371 371 371 371 371 372 371 371 371 371 372 372 372 372 372 373 372 373 373 373 373 373 373 373 373 373 373 374 374 374 374 374 374 374 375 374 374 374 374 374 374 375 375 375 375 375 375 375 375 375 375 375 375 375 375 375 375 376 376 376 376 376 376 376 376 376 376 376 376 377 377 377 377 377 377 377 377 377 377 377 377 377 377 377 378 378 378 378 378 378 378 378 379 379 378 378 378 379 379 379 379 379 379 379 379 379 379 379 379 379 379 379 379 379 379 379 379 379 380 380 380 380 380 380 380 380 380 380 380 380 380 380 380 380 380 380 381 381 381 381 380 380 380 380 381 381 381 381 381 381 381 381 381 381 381 381 381 381 381 382 382 382 382 382 382 382 382 382 382 382 382 382 382 382 382 383 383 383 383 383 383 385 384 385 385 385 385 385 385 385 385 385 384 384 385 385 385 385 385 385 385 385 385 385 385 385 385 385 386 386 386 386 386 386 386 386 386 386 386 386 386 386 386 386 386 386 386 386 386 386 386 386 386 386 386 386 386 386 386 387 387 386 387 387 386 386 386 385 385 386 386 386 386 386 386 386 386 386 386 386 386 386 386 386 386 386 386 386 387 388 362 362 363 363 363 363 363 364 364 364 364 365 365 366 366 366 366 366 366 367 367 367 367 367 367 367 367 367 367 367 367 368 368 368 368 368 368 368 368 368 368 368 368 368 368 369 369 368 368 368 368 368 369 370 370 369 369 369 369 370 370 370 369 369 369 370 370 369 369 369 369 370 370 370 371 371 371 371 371 371 371 372 371 371 371 371 372 372 372 372 372 372 372 373 373 373 373 373 373 373 373 373 373 373 373 374 374 374 374 374 374 374 375 375 375 375 374 374 375 375 375 375 375 375 375 375 375 375 375 375 375 375 375 375 375 375 376 376 376 376 376 376 376 376 376 376 377 377 377 376 377 377 377 377 377 377 377 377 378 378 377 378 378 378 377 378 378 378 378 379 379 378 377 378 378 378 379 379 378 379 379 379 379 379 379 379 379 379 379 379 379 379 379 379 379 380 380 380 380 380 380 380 380 380 380 380 380 380 380 380 380 380 380 380 380 380 380 380 380 380 380 380 381 381 381 381 381 381 381 381 381 381 381 381 381 381 382 382 382 382 382 382 382 382 382 382 382 382 382 382 382 383 383 383 383 383 383 383 384 384 385 385 385 385 385 385 385 385 385 384 385 385 385 385 385 385 385 385 385 385 385 385 385 385 385 386 386 386 386 386 386 386 386 386 385 386 386 386 386 386 387 387 387 387 387 387 386 386 386 386 386 386 386 386 386 387 387 387 386 386 386 386 386 385 385 386 386 386 386 386 386 386 386 386 386 386 386 386 386 386 386 387 387 387 387 387 388 363 363 363 363 363 363 363 364 364 364 365 365 365 366 366 366 366 366 366 367 367 367 367 367 368 367 367 367 367 367 367 367 368 368 368 368 368 368 368 368 368 368 368 368 369 369 369 368 368 368 368 369 369 369 369 369 370 370 369 369 369 369 370 369 369 370 370 370 370 370 370 370 370 369 370 370 371 371 371 371 371 371 372 371 371 371 371 372 372 372 372 372 372 372 373 373 373 373 373 373 373 373 373 373 373 374 374 374 374 374 374 374 374 374 374 374 374 374 374 375 375 375 375 375 375 375 374 374 375 375 375 375 375 375 375 375 376 376 376 376 376 376 376 376 376 376 376 377 377 377 376 376 377 377 377 377 377 377 378 378 378 378 378 378 377 378 378 378 378 378 379 378 377 378 378 378 379 379 378 379 379 379 379 379 379 379 379 379 379 379 379 379 379 379 380 380 380 380 380 380 380 380 380 380 380 380 380 380 380 380 380 380 380 380 380 380 380 380 380 380 380 380 381 381 381 381 381 381 381 381 381 381 381 381 381 381 381 381 381 382 382 382 382 382 382 382 382 382 382 382 382 383 383 383 384 383 383 383 384 384 385 385 385 385 385 385 385 385 384 384 385 385 385 385 385 385 385 385 385 385 385 385 385 385 385 385 385 385 385 386 386 386 386 386 385 386 386 386 386 386 386 386 386 387 387 387 386 386 386 386 386 386 386 386 386 386 387 387 386 386 385 385 385 385 386 386 386 386 386 386 386 386 386 386 386 386 386 386 386 386 386 386 387 387 387 387 387 387 363 364 364 363 363 363 363 364 365 365 365 365 365 366 366 366 366 366 366 367 367 367 367 368 368 368 368 367 367 367 367 367 367 368 368 368 368 368 368 369 369 369 369 369 369 368 368 368 368 368 369 369 369 369 369 369 370 370 369 369 370 370 370 370 370 370 370 370 370 370 370 370 369 370 370 371 371 371 371 371 371 372 371 371 371 371 371 372 372 372 373 372 373 373 373 373 374 373 373 373 374 373 374 373 374 374 374 374 374 374 373 373 374 373 373 374 374 374 374 374 375 375 375 375 375 374 374 375 375 375 375 375 375 375 375 376 376 376 376 376 376 376 376 376 376 376 376 376 377 377 376 376 377 377 377 377 377 378 378 378 378 378 378 377 377 377 378 377 378 378 379 378 378 378 378 379 378 378 379 379 379 379 379 379 379 379 379 379 379 379 379 379 379 380 380 380 380 380 380 380 380 380 380 380 380 380 380 380 380 380 380 380 380 380 380 380 380 380 380 380 380 381 381 381 381 381 380 381 381 381 381 381 381 381 381 381 381 382 382 382 382 382 382 382 382 382 382 382 382 382 382 383 383 383 383 383 382 384 384 384 385 385 385 385 385 385 385 384 384 385 385 385 385 385 385 385 385 385 385 385 385 385 385 385 386 385 385 385 385 386 386 386 386 386 385 386 386 386 386 386 386 386 386 386 386 386 386 386 386 386 386 386 386 386 386 386 387 386 386 386 386 386 385 386 386 386 386 386 386 386 386 386 386 386 386 386 386 386 386 386 386 386 386 386 386 386 387 387 363 364 364 364 364 363 363 364 365 365 366 366 366 366 366 366 366 366 366 367 367 367 367 367 367 368 368 367 367 367 367 368 367 368 367 367 367 368 368 369 369 369 369 369 369 369 369 368 368 368 369 369 369 370 370 370 370 369 369 369 370 370 370 370 370 370 370 370 370 369 369 369 369 370 370 370 371 371 371 372 371 372 372 371 371 372 372 372 372 372 373 373 373 373 373 373 374 374 374 374 374 374 373 374 374 374 375 375 374 373 373 374 375 374 374 374 374 374 374 374 374 374 375 375 375 375 374 375 375 375 375 375 375 375 375 375 375 376 376 376 376 376 376 376 376 376 376 376 377 377 377 377 377 377 377 377 377 377 377 378 378 378 378 378 378 377 377 378 378 378 378 378 378 378 378 378 378 378 379 379 379 379 379 379 379 379 379 379 379 379 379 379 379 379 380 380 380 380 380 380 380 380 380 380 380 380 380 380 380 380 380 380 380 380 380 380 380 380 380 380 380 380 380 380 380 380 380 381 381 381 381 381 381 381 381 381 381 381 382 382 382 382 382 382 382 382 382 382 382 382 382 382 382 382 383 382 382 384 385 384 385 385 385 384 385 385 385 385 384 384 384 385 385 385 385 385 385 385 385 385 385 385 385 385 385 385 385 385 386 386 386 386 386 386 385 386 386 386 385 385 386 386 386 387 386 386 386 385 385 385 386 386 386 386 386 386 386 386 386 386 386 386 386 386 386 386 386 386 386 386 386 386 386 386 386 386 386 386 386 387 386 386 386 386 387 387 387 387 387 387 363 364 364 364 363 363 364 364 365 365 365 366 366 366 367 366 366 366 366 367 367 367 367 368 368 368 368 368 367 368 368 367 368 368 368 367 367 368 368 368 369 369 369 369 368 368 368 368 369 369 369 369 370 370 370 370 369 370 370 370 370 369 369 369 369 369 369 369 369 369 370 370 370 370 370 370 371 371 372 372 372 372 372 372 372 372 372 372 372 372 373 373 373 373 373 373 373 374 374 374 373 374 374 374 374 374 374 373 373 374 375 375 375 374 374 374 374 374 374 374 374 374 375 374 374 374 374 374 375 375 376 375 375 375 375 376 376 376 375 376 376 377 376 376 376 376 376 376 377 377 377 377 377 377 377 377 377 377 377 377 378 378 378 378 378 378 377 378 378 378 378 378 378 379 378 378 379 379 379 379 379 379 378 379 379 379 379 379 379 379 379 379 379 380 380 380 380 380 380 380 380 380 380 380 380 380 380 380 380 380 380 380 380 380 380 380 380 380 380 380 380 380 380 381 381 380 380 381 381 381 381 381 380 380 381 381 381 382 382 382 382 382 382 382 382 382 382 382 382 382 382 382 382 382 382 383 384 385 384 384 385 385 384 385 385 385 384 384 384 384 384 385 385 385 385 385 385 385 385 385 385 385 385 385 385 385 385 385 385 385 386 386 386 386 386 386 386 386 386 386 386 387 387 387 386 386 385 385 385 386 386 386 386 386 386 386 386 386 386 386 386 386 386 386 386 386 386 386 386 386 386 386 386 386 386 386 386 386 386 386 386 386 386 386 386 386 386 386 387 387 363 363 363 364 364 364 363 363 364 364 364 365 366 367 367 367 367 367 367 367 367 367 367 367 368 368 368 368 368 368 368 367 367 368 368 368 367 367 367 368 368 368 368 369 369 368 368 368 369 369 370 369 369 370 370 370 370 370 370 370 370 369 370 370 369 369 370 370 370 370 369 369 369 370 371 371 371 371 371 372 371 372 372 372 372 373 373 372 372 372 372 373 373 373 373 373 373 373 374 374 374 374 374 374 374 374 374 374 374 373 374 374 375 375 375 375 374 374 374 374 374 374 374 374 374 374 374 375 374 375 375 376 376 376 375 375 376 376 376 376 375 376 376 376 376 376 376 376 376 376 377 377 377 377 377 377 377 377 377 377 377 377 378 378 378 378 378 378 378 377 378 379 378 378 378 378 378 378 378 379 379 379 379 378 379 379 379 379 379 379 379 379 379 379 379 380 380 380 380 380 380 380 380 380 380 380 380 380 380 380 380 381 381 381 381 381 381 381 381 381 380 380 380 380 380 381 380 380 380 381 381 381 380 381 380 381 381 382 382 382 382 382 382 382 382 382 382 382 382 382 382 382 383 382 382 382 382 384 384 384 384 385 384 384 384 385 384 384 384 384 384 384 384 385 385 385 385 385 385 385 384 385 385 385 385 385 385 385 385 385 385 385 386 386 386 386 386 386 386 386 386 386 386 387 387 386 386 386 386 386 386 386 386 386 386 386 386 386 386 386 386 386 386 386 386 386 386 386 385 386 386 386 386 386 386 386 386 386 386 386 386 386 386 386 386 386 386 386 386 387 387 387 387 387 387 362 362 362 363 363 364 364 364 364 364 364 364 365 365 366 366 366 366 367 367 367 367 367 367 368 368 368 368 368 368 369 369 368 368 368 368 368 368 368 368 368 368 368 368 368 368 368 368 369 369 369 370 370 370 370 370 370 370 369 370 370 370 370 370 371 370 369 369 370 371 371 370 369 369 370 370 370 371 371 371 371 371 371 372 372 372 372 373 373 373 372 372 373 373 373 373 373 373 373 374 374 374 374 375 375 374 374 375 375 374 374 375 375 374 375 376 375 375 374 374 374 374 374 374 373 374 375 374 374 375 375 375 375 376 376 375 375 376 376 377 376 376 376 376 377 377 377 377 376 376 376 376 377 377 377 377 377 377 377 377 377 377 377 378 378 378 378 378 378 378 378 378 378 378 378 378 379 378 378 379 378 378 379 379 379 379 379 379 379 379 379 379 379 379 379 379 380 380 380 380 380 380 380 380 380 380 380 380 380 380 380 380 381 381 381 381 381 381 381 381 381 381 380 380 380 380 381 381 380 381 380 380 380 380 381 381 380 381 381 382 382 382 382 382 382 382 382 382 382 382 382 382 383 383 383 382 382 383 384 384 384 385 384 384 385 385 385 385 385 385 384 384 384 384 384 384 384 384 384 384 384 384 384 384 384 384 384 385 385 385 385 385 385 385 386 386 386 386 386 386 386 386 386 386 386 386 386 386 386 386 386 386 386 386 386 386 386 386 386 386 386 386 386 386 386 386 386 386 386 385 386 386 386 386 386 386 386 386 386 386 387 387 387 386 386 386 386 386 386 386 386 386 387 387 387 387 360 362 362 362 363 363 364 364 364 364 364 365 365 365 366 366 366 366 365 365 366 366 367 367 367 367 368 368 368 368 368 368 369 369 368 368 369 369 369 369 369 368 368 369 369 369 369 369 368 368 369 369 369 369 370 370 370 371 371 370 370 370 370 369 370 370 369 369 369 370 370 370 370 370 370 370 370 370 370 371 371 371 371 372 372 372 372 372 373 373 373 373 373 373 373 373 373 373 374 373 374 374 374 374 375 375 375 375 375 374 374 374 375 375 375 375 376 376 375 375 374 374 374 374 374 373 375 375 374 374 375 375 375 376 376 376 376 376 376 376 376 376 376 376 376 376 377 377 377 377 377 376 376 377 376 376 377 377 377 377 377 377 377 377 378 378 378 378 378 378 378 378 378 377 377 378 378 378 378 379 378 378 378 378 379 379 379 379 379 379 379 379 379 379 379 379 379 379 380 380 380 380 380 380 380 380 380 380 380 380 380 380 380 380 380 380 381 381 381 381 381 381 381 380 380 380 381 381 381 381 381 381 381 381 381 381 381 381 381 381 382 382 382 382 382 382 382 382 382 382 382 382 382 382 383 382 382 383 383 384 384 384 385 384 384 384 385 385 385 385 385 385 385 384 384 384 384 384 384 384 384 384 384 384 384 384 384 384 384 385 385 385 385 385 385 385 385 385 385 385 385 386 386 386 386 386 386 386 386 386 386 386 386 386 386 386 386 386 386 386 386 386 386 386 386 386 386 386 386 385 385 385 386 386 386 386 386 386 386 386 386 386 386 387 387 387 387 386 386 386 386 386 386 386 386 387 387 388 361 361 361 361 362 362 363 362 363 363 364 364 364 364 364 365 365 365 366 366 366 366 365 366 366 367 367 367 368 368 368 368 368 368 368 368 368 368 368 368 369 369 369 369 369 369 370 370 370 370 369 368 369 370 370 369 369 370 370 370 371 370 371 371 370 369 369 370 370 370 370 370 369 369 369 369 370 370 370 370 370 370 371 371 371 371 372 372 372 372 372 373 373 373 373 373 373 373 373 374 374 374 374 375 374 374 374 375 375 375 374 374 374 374 375 376 376 376 376 375 375 375 374 374 374 373 373 374 375 375 375 376 376 376 376 376 376 376 376 377 376 376 376 376 376 376 376 377 377 377 377 377 377 376 376 376 376 376 376 377 377 377 377 377 377 378 378 378 378 378 378 378 378 378 378 378 378 378 378 378 378 378 378 378 378 378 378 379 379 379 379 379 379 379 379 379 379 379 379 379 379 380 380 380 379 380 380 380 380 380 380 380 380 380 380 380 380 380 380 380 380 380 380 380 381 380 380 381 381 381 381 381 381 381 381 381 381 381 381 381 381 381 381 382 382 382 382 382 382 382 382 382 382 382 382 382 382 382 382 383 383 384 384 384 384 384 384 384 384 384 385 385 385 385 385 385 384 384 385 385 384 384 385 384 385 385 385 385 385 384 385 384 384 384 384 384 384 385 385 385 385 385 385 385 385 386 386 385 386 386 386 386 386 386 386 386 386 386 386 386 386 386 386 386 386 386 386 386 386 386 386 385 385 385 386 386 386 386 386 386 386 386 386 386 386 386 386 387 387 387 387 387 387 386 386 386 386 387 387 360 361 362 362 362 361 362 362 361 362 363 363 363 363 364 365 365 365 366 366 366 366 366 366 366 366 367 367 367 368 368 368 368 368 368 368 368 368 368 368 368 368 368 368 368 369 369 369 369 369 369 368 369 370 370 370 369 369 369 369 370 370 370 371 370 369 370 370 371 371 370 369 369 369 370 370 370 370 370 370 370 370 371 371 371 372 372 372 372 371 372 372 372 373 373 373 373 373 373 374 374 374 375 375 375 375 375 375 376 375 375 374 374 374 374 375 376 376 375 375 374 374 374 375 374 374 373 373 374 374 375 375 376 377 377 377 376 376 375 375 376 376 376 376 376 376 376 376 377 377 377 377 377 376 376 377 377 377 377 377 377 377 377 377 377 377 378 377 377 378 378 378 378 378 378 378 378 378 378 378 378 378 378 378 378 378 379 379 379 379 379 379 379 379 379 379 379 379 380 380 380 380 380 380 379 379 380 380 380 380 380 380 380 380 380 380 380 380 380 380 380 380 380 380 380 380 380 381 381 381 381 381 382 382 382 381 381 381 381 381 381 381 381 381 381 381 381 382 382 382 382 382 382 382 382 382 382 382 382 382 383 384 384 384 384 384 384 385 384 384 384 385 385 385 384 384 384 384 385 385 385 384 384 384 384 385 385 385 385 385 385 385 385 385 385 384 385 385 386 386 386 386 386 385 385 385 385 385 386 386 386 386 386 385 385 386 386 386 386 386 386 386 386 386 386 386 386 386 386 386 386 386 385 385 386 386 386 386 386 386 386 386 387 387 386 386 386 386 387 387 387 387 387 387 386 386 386 386 386 361 361 362 362 362 362 363 363 362 362 362 362 363 364 364 364 365 366 366 366 366 365 366 366 366 366 367 367 368 368 368 368 369 369 369 368 368 368 369 369 369 368 368 369 368 368 368 368 368 369 368 369 369 370 370 370 369 370 370 370 370 370 370 370 370 369 370 370 370 369 369 369 370 370 370 370 370 371 371 370 370 371 371 371 371 371 372 372 371 372 372 373 373 373 373 373 374 374 374 373 374 374 374 374 374 375 375 375 375 375 374 374 374 374 374 375 376 376 375 375 374 374 374 374 374 373 373 374 375 375 375 375 376 377 376 376 375 375 375 375 376 376 376 376 376 377 377 377 377 377 377 378 377 377 377 376 376 376 377 377 377 377 377 377 377 377 377 377 378 377 378 378 378 378 378 378 378 378 378 378 378 378 378 378 378 379 379 379 379 379 379 379 379 379 379 379 380 380 380 380 380 380 380 380 379 380 380 380 380 380 380 380 380 380 380 380 380 380 380 381 381 381 381 380 380 381 381 381 381 381 381 382 381 382 381 381 381 381 381 381 381 381 381 381 381 382 382 382 382 382 382 382 382 382 382 382 382 382 382 383 384 384 384 384 384 384 385 385 384 384 385 385 385 385 385 384 384 385 386 385 385 385 385 385 384 385 386 386 386 386 386 386 386 386 385 386 386 386 386 386 386 386 385 385 385 385 385 386 386 386 387 386 386 385 385 385 386 386 386 386 386 386 386 386 386 386 386 386 386 386 386 385 385 386 386 386 386 386 386 386 387 387 387 387 386 387 387 387 387 387 387 388 387 387 387 386 387 387 387 359 359 358 361 361 362 362 362 362 363 363 364 363 363 363 363 363 363 363 364 365 365 366 366 366 366 365 366 367 367 367 367 367 368 368 368 369 369 369 369 368 369 369 369 369 369 369 370 369 369 369 369 369 370 370 369 369 369 370 370 370 370 371 371 370 370 371 371 371 370 370 370 370 370 370 370 371 371 371 371 371 371 370 370 371 371 371 371 371 371 371 371 372 372 372 373 373 373 373 373 374 374 373 374 374 374 374 374 375 375 375 375 375 374 374 375 374 375 374 374 375 376 375 374 374 374 374 374 374 374 374 374 375 375 375 375 377 377 377 377 376 376 375 375 376 376 376 376 376 376 376 376 376 377 377 377 377 377 376 376 376 376 377 377 377 377 377 377 377 377 377 377 378 378 378 378 378 378 378 378 378 378 378 378 378 378 378 378 378 378 379 379 379 379 379 379 379 379 379 379 380 380 380 380 380 380 380 380 380 380 380 380 379 380 380 380 380 380 380 380 380 380 381 381 381 381 381 381 381 381 381 381 381 381 381 381 381 382 381 381 381 381 381 381 381 381 381 382 382 381 382 382 382 382 382 382 382 382 382 382 382 382 383 383 384 384 384 384 384 384 385 385 385 385 385 385 385 385 385 384 384 384 385 386 385 385 385 385 385 385 385 386 386 386 387 387 386 387 387 387 387 386 386 386 387 386 386 385 385 385 386 386 386 386 387 386 386 385 385 385 385 385 385 386 386 386 386 386 386 386 386 386 386 386 386 385 385 386 386 386 386 386 386 386 386 386 387 387 387 386 387 387 387 387 388 388 388 388 388 387 387 388 387 359 360 359 359 359 358 358 361 361 362 362 362 362 363 364 364 363 364 364 364 363 363 363 364 365 366 366 365 366 365 366 366 367 367 367 367 367 367 368 368 368 369 369 369 369 369 369 369 369 369 370 370 370 370 370 370 370 370 370 370 369 370 371 371 371 371 371 370 370 370 371 371 371 371 371 371 371 370 370 371 370 370 370 370 370 370 371 371 371 371 371 371 371 371 371 371 372 372 373 373 373 373 374 373 373 373 374 374 374 374 374 375 375 376 376 376 376 376 376 375 375 375 375 375 376 375 375 375 375 374 374 374 374 374 374 374 374 375 376 377 376 376 376 377 377 377 377 377 376 376 376 376 376 376 377 377 377 377 377 378 377 377 377 377 377 377 376 377 377 377 377 377 377 377 377 378 378 378 378 378 378 378 378 378 378 378 378 378 378 378 378 378 378 378 379 379 379 379 379 379 379 379 379 379 380 380 380 380 380 380 380 380 380 380 380 380 380 380 380 380 380 380 380 380 381 381 381 381 381 381 381 381 381 381 381 381 381 381 381 381 381 381 381 381 381 381 381 381 381 382 382 382 381 381 382 382 382 382 382 382 382 382 382 382 382 382 383 384 384 384 384 384 384 385 385 385 385 385 385 386 386 385 385 385 385 385 386 386 386 386 386 386 386 386 386 386 386 387 387 387 387 387 387 387 387 387 386 386 386 386 386 385 386 386 386 386 386 386 386 385 385 385 385 385 386 386 386 386 386 386 386 386 386 386 386 386 386 386 386 386 386 386 386 386 386 386 386 387 387 387 387 387 387 387 387 387 387 387 387 387 388 388 388 388 388 388 358 358 358 359 360 359 360 360 360 360 360 359 359 359 359 359 358 359 360 361 361 362 362 362 363 364 364 364 365 365 364 364 364 363 364 365 366 365 365 366 366 367 367 367 367 367 367 367 368 368 368 369 369 369 369 369 368 369 369 369 369 369 369 370 370 370 370 370 370 370 370 369 370 371 371 372 371 371 370 370 370 371 371 371 372 371 370 370 370 370 370 370 370 370 371 371 371 371 371 371 372 372 372 371 371 372 372 372 373 373 373 373 373 373 374 373 373 373 373 374 374 375 375 375 376 376 376 377 377 376 376 376 376 376 376 375 375 376 375 374 374 374 374 374 375 374 374 374 375 376 376 376 375 376 376 376 376 376 376 376 376 376 376 376 376 377 377 377 377 377 378 378 378 377 377 376 377 377 377 377 377 377 377 377 377 377 378 378 378 378 377 378 378 378 379 378 379 379 378 378 378 379 378 378 379 379 379 379 379 379 379 379 379 379 379 380 380 380 380 380 380 380 380 380 380 380 380 380 380 380 380 380 380 380 380 380 381 381 381 381 381 381 381 381 381 381 381 381 381 381 381 381 381 381 381 381 381 381 381 382 382 382 382 381 381 382 382 382 382 382 382 382 382 382 382 382 382 384 384 384 384 384 384 385 385 385 385 385 385 385 385 385 385 385 385 385 386 386 386 386 386 387 386 386 386 386 386 386 386 387 387 387 387 387 387 387 387 386 386 387 386 386 386 386 386 386 386 386 386 386 385 385 385 385 386 386 386 386 386 386 386 386 386 386 386 386 386 386 386 386 386 386 386 386 386 386 387 387 387 387 387 387 387 387 387 387 387 387 387 388 388 388 387 387 388 388 358 358 358 359 360 360 359 359 359 359 359 359 358 358 359 359 359 360 361 362 361 361 361 361 361 362 362 362 363 363 364 365 365 365 364 364 364 364 364 365 365 366 366 366 366 367 366 367 367 367 367 368 368 368 369 369 369 369 369 369 369 369 370 370 370 369 369 369 369 369 369 370 370 370 370 370 370 371 371 371 371 371 371 371 370 371 371 371 371 371 371 371 371 370 370 371 371 371 371 371 372 372 371 371 371 371 371 371 371 372 373 373 373 372 373 373 374 374 374 374 374 374 374 375 375 375 375 376 376 376 377 377 377 377 377 377 377 376 375 376 376 375 375 374 375 374 374 374 374 374 374 374 375 375 375 375 375 375 376 377 377 377 376 376 377 377 376 376 377 377 378 378 378 378 378 378 378 377 377 377 377 377 377 378 377 377 377 377 377 378 378 377 377 377 377 378 378 379 379 379 379 378 378 378 378 378 379 379 379 379 379 379 379 379 379 379 379 379 379 379 380 380 380 380 380 380 380 380 380 380 380 380 380 380 380 380 380 380 380 381 381 381 381 381 381 381 381 381 381 381 381 381 381 381 381 381 381 381 381 381 381 381 381 382 382 382 382 382 382 382 382 382 382 382 382 383 383 382 382 382 384 384 385 384 384 384 385 384 385 385 385 385 384 385 385 385 385 385 385 385 386 386 385 386 386 386 386 386 385 385 386 386 386 386 387 386 386 387 387 387 387 387 387 386 386 386 386 386 386 386 386 386 386 385 385 385 385 385 386 386 386 386 386 386 386 386 386 386 386 386 386 386 386 386 386 386 386 386 386 386 386 386 387 387 387 388 388 388 387 387 387 387 387 387 387 388 387 387 388 359 358 359 359 359 360 360 359 358 358 359 359 359 359 360 360 360 359 360 359 360 360 361 361 361 362 363 363 363 362 361 361 361 362 362 362 362 363 363 363 364 365 365 365 365 365 365 365 365 366 366 366 366 366 366 367 367 367 367 368 368 368 368 369 369 369 369 369 369 369 369 370 370 370 370 369 369 369 370 370 370 370 370 370 371 370 371 371 371 371 372 372 372 371 371 371 371 371 371 370 370 370 370 371 371 371 371 371 371 372 372 372 372 372 372 372 372 371 371 372 372 372 372 373 373 373 373 374 374 374 374 375 375 375 375 375 376 376 376 376 376 376 376 376 376 377 377 376 377 376 375 374 374 374 374 374 374 374 374 374 374 374 374 375 375 375 375 376 377 377 376 376 376 376 377 377 376 377 377 377 377 377 377 378 378 378 378 378 378 378 378 378 378 378 378 377 377 378 378 378 378 378 378 378 378 378 378 378 378 378 378 378 378 379 379 379 379 379 379 379 379 379 379 379 379 379 379 379 379 379 379 380 380 380 380 380 380 380 380 380 380 380 380 380 380 380 380 381 380 381 381 381 381 381 381 381 381 381 381 381 381 381 381 381 381 381 381 381 381 381 381 381 382 382 382 382 382 382 382 382 382 382 382 382 383 383 383 383 382 384 384 384 384 384 384 384 384 384 385 385 385 385 384 385 385 385 385 385 385 385 385 385 385 386 386 386 386 386 385 385 386 386 386 386 387 386 386 386 386 387 387 387 387 386 386 386 386 386 387 386 386 386 386 385 385 385 385 386 386 386 386 386 386 386 386 386 386 386 386 386 386 386 386 386 386 386 386 386 386 386 386 386 387 387 387 387 387 388 388 387 387 387 387 387 388 388 388 389 359 359 359 359 360 360 359 359 359 359 359 360 360 360 361 360 360 360 360 360 361 361 361 361 361 362 363 362 362 362 362 361 361 362 363 363 363 362 363 364 365 364 365 365 365 365 365 366 366 366 366 366 366 366 367 367 367 368 368 368 368 368 368 368 368 369 369 370 370 370 370 370 370 370 370 370 370 370 371 371 371 371 371 371 370 370 371 371 371 371 371 371 371 370 370 371 371 371 371 370 370 371 371 372 371 371 371 371 372 372 372 372 372 372 373 372 372 372 372 372 372 372 373 373 374 373 373 374 374 374 375 375 375 375 375 376 376 376 376 376 376 375 375 375 376 377 377 377 377 375 375 375 375 375 374 374 374 375 375 375 374 374 374 374 375 376 376 376 376 376 376 376 377 377 377 377 377 378 377 378 378 378 378 378 378 379 379 379 379 379 379 379 379 379 378 378 378 378 378 378 378 378 378 378 378 378 378 378 378 378 378 378 378 378 378 379 379 379 379 379 379 379 379 379 379 379 379 379 379 379 379 380 380 380 380 380 380 380 380 380 380 380 380 380 380 380 381 380 380 381 381 381 381 381 381 381 381 381 381 381 381 381 381 381 381 381 381 381 381 381 381 381 382 382 382 382 382 382 382 382 382 382 382 382 383 383 383 383 384 384 384 384 384 384 384 384 384 384 385 385 385 385 384 385 385 385 385 384 385 385 385 385 386 386 386 386 386 386 386 386 386 387 386 386 387 387 386 386 386 386 387 387 387 386 386 386 386 386 386 387 387 386 386 385 385 385 385 385 386 386 386 386 386 386 386 386 386 386 386 386 385 385 386 386 386 386 386 386 386 386 386 386 387 387 387 387 387 387 388 387 387 388 388 388 388 388 388 359 359 360 360 360 361 360 360 360 360 360 360 361 361 361 360 360 359 360 360 361 360 361 361 361 362 362 362 361 362 362 362 362 362 362 363 363 363 364 364 364 364 364 365 365 366 366 366 366 366 366 366 366 366 367 367 368 368 368 368 368 368 368 368 369 369 369 370 370 370 370 370 370 370 370 371 371 371 371 371 371 371 370 371 371 371 372 371 371 371 372 371 370 370 370 371 371 370 370 371 371 372 372 371 371 371 371 372 372 372 372 372 372 372 372 373 372 372 372 373 373 374 373 374 374 374 374 374 375 375 375 375 375 375 375 376 376 376 376 375 375 375 375 375 376 377 377 377 376 376 376 376 376 375 375 375 375 375 375 374 374 374 374 375 376 376 376 376 376 376 377 377 377 377 377 377 377 377 378 378 378 378 379 378 379 379 379 379 380 379 380 380 379 379 379 379 378 379 379 378 378 378 378 378 378 378 378 378 378 379 379 378 378 378 379 379 379 379 379 379 379 379 379 379 379 379 379 379 380 380 380 380 380 380 380 380 380 380 380 380 380 380 380 380 380 381 380 380 381 381 381 381 381 381 381 381 381 381 381 381 381 381 381 381 381 381 381 381 381 381 381 382 382 382 382 382 382 382 382 382 382 382 382 382 383 383 383 384 384 384 384 384 384 384 384 384 384 385 385 385 385 384 385 385 385 385 385 385 385 385 385 386 386 386 386 386 386 386 386 386 386 386 386 386 387 386 386 386 386 386 387 387 387 386 386 387 386 386 386 387 387 386 386 386 386 386 385 385 385 385 385 385 385 385 385 385 385 386 386 386 386 385 386 386 386 386 386 386 386 387 387 386 386 386 386 387 387 387 388 388 388 388 387 387 388 388 359 359 359 360 360 361 361 361 361 360 360 361 361 361 361 360 360 360 359 360 361 361 361 361 361 361 362 362 362 362 361 362 362 362 362 362 363 363 364 364 364 364 364 364 365 365 366 366 367 367 367 367 366 366 366 367 367 368 368 368 368 368 368 369 369 369 369 369 369 369 369 370 370 370 370 370 370 371 371 370 370 370 370 370 371 372 372 372 372 372 372 372 372 371 370 370 370 371 370 371 371 371 372 372 371 372 372 372 372 372 372 372 372 372 372 372 373 372 371 372 372 373 373 374 374 375 374 374 375 375 375 375 375 375 374 374 375 376 376 376 376 375 375 375 375 375 375 375 376 376 376 377 377 376 376 376 376 376 375 375 374 374 374 375 375 376 377 377 376 377 377 377 377 377 377 377 377 378 378 378 378 378 379 379 379 379 379 379 379 379 379 379 379 379 379 379 379 379 379 379 378 378 378 378 378 378 378 379 378 379 378 378 378 378 378 378 379 379 379 379 379 379 379 379 379 379 379 379 379 380 380 380 380 380 380 380 380 380 380 380 380 380 380 381 380 381 380 380 380 380 381 381 381 381 381 381 381 381 381 381 381 381 381 381 381 381 381 381 381 381 381 381 382 382 382 382 382 382 382 382 382 382 382 382 382 382 383 383 384 384 384 384 384 384 384 384 384 384 384 384 385 385 385 384 385 385 385 385 385 385 385 385 385 385 386 386 386 386 386 386 386 386 386 386 386 386 386 386 386 387 387 387 387 387 386 386 386 386 386 386 386 386 386 386 386 385 385 385 385 385 385 385 385 385 385 385 385 386 386 386 386 386 385 386 386 386 386 386 386 387 386 386 386 387 387 387 387 387 387 387 387 387 388 387 387 388 388 389 359 359 360 360 361 361 360 360 360 360 360 361 361 361 361 360 360 360 360 361 361 361 361 362 361 361 362 362 363 362 362 362 362 362 362 362 361 362 362 363 363 365 365 364 364 364 365 365 366 365 366 367 367 367 366 366 366 367 368 368 368 368 368 368 368 368 369 369 369 369 369 370 370 370 370 370 370 370 370 371 371 371 371 370 370 371 371 371 371 371 371 372 372 372 371 371 370 371 371 371 371 371 371 372 372 372 372 373 372 372 372 372 371 372 372 372 372 372 372 372 372 372 372 372 373 373 373 374 375 375 375 375 375 375 376 375 375 374 375 375 375 376 376 376 376 376 375 375 374 375 376 375 375 376 377 377 377 377 376 375 374 374 374 374 374 375 375 375 376 377 377 377 377 378 378 378 378 378 378 378 378 378 378 379 379 379 379 379 379 379 380 380 380 379 379 379 380 379 380 380 379 379 378 378 378 379 378 378 378 378 379 379 379 379 379 379 379 379 379 379 379 379 379 379 379 379 379 379 379 380 380 380 380 380 380 380 380 380 380 380 380 380 380 380 381 381 380 380 380 380 380 380 381 381 381 381 381 381 381 381 381 381 381 381 381 381 381 381 381 381 381 381 381 381 382 382 382 382 382 382 382 382 382 382 382 382 382 382 382 383 384 384 384 384 384 384 384 384 384 384 384 384 385 385 385 384 384 385 385 385 385 385 385 385 385 385 385 385 386 386 386 386 386 386 386 386 386 386 386 386 386 386 386 386 386 386 386 386 386 386 386 386 386 386 386 386 386 386 385 385 385 385 385 385 385 386 386 385 385 386 386 386 386 385 386 386 386 386 386 386 386 386 386 386 387 387 387 386 387 387 387 387 387 387 387 387 387 387 388 388 360 360 359 360 360 360 361 360 360 360 359 360 360 361 361 361 360 360 359 361 362 362 361 361 362 362 362 362 362 363 363 363 362 363 362 362 362 362 362 362 362 363 363 364 364 364 364 364 364 365 365 366 366 366 366 367 367 367 367 367 367 368 368 368 368 369 368 369 369 369 370 370 370 370 370 370 370 370 370 370 371 371 371 371 372 371 371 371 372 372 372 371 371 371 371 371 371 371 371 371 371 371 372 372 372 372 372 372 372 371 371 371 371 371 371 371 371 372 372 372 372 373 373 372 372 372 372 373 374 375 375 375 375 375 376 376 375 375 374 374 374 375 375 376 375 375 375 375 375 374 375 376 375 375 376 376 376 376 376 376 375 375 374 374 374 374 375 376 376 376 376 377 378 378 377 377 378 378 378 378 378 379 379 379 379 379 379 379 378 378 378 379 380 380 379 379 379 379 379 379 380 380 380 380 379 379 379 379 378 378 378 379 379 379 379 379 379 379 379 378 379 379 379 379 379 379 379 379 379 379 380 380 379 379 379 379 379 380 380 380 380 380 380 380 380 380 381 380 380 380 380 380 380 381 381 381 381 381 381 381 381 381 381 381 381 381 381 381 381 381 381 381 381 381 381 382 382 382 382 382 382 382 382 382 382 382 382 382 382 382 382 384 384 384 384 384 384 384 384 384 384 384 385 384 385 385 385 384 384 385 385 385 385 385 385 385 385 385 385 386 386 386 386 385 385 385 385 386 386 386 386 386 386 386 386 386 386 386 386 385 385 385 386 386 386 386 386 386 386 385 385 385 385 385 385 385 386 386 385 385 385 386 386 386 386 385 385 385 386 386 386 386 386 386 386 386 386 386 386 386 386 386 386 387 387 387 387 387 387 387 388 360 360 360 360 360 359 360 361 361 360 361 360 359 360 360 360 360 359 359 360 361 362 362 361 361 362 363 363 363 363 363 364 363 363 363 363 362 362 362 362 362 362 363 363 363 364 365 365 365 366 365 365 365 365 366 366 366 366 367 367 367 367 367 368 368 368 368 368 368 369 369 369 370 370 370 370 370 370 369 370 371 371 370 371 371 372 372 371 372 372 373 373 372 371 371 371 371 371 371 371 371 371 371 372 372 372 372 371 371 372 372 371 371 371 372 372 372 372 372 372 372 372 373 373 373 372 373 373 373 374 375 374 374 374 375 375 375 375 375 375 375 374 374 374 375 375 374 374 374 374 374 374 375 374 374 375 376 376 376 376 376 376 375 374 374 374 374 375 376 376 377 377 378 378 377 377 377 378 378 377 377 378 378 378 379 380 379 379 378 378 378 378 379 379 379 379 379 379 379 379 379 380 380 380 379 379 379 379 379 379 379 379 379 379 380 379 379 379 379 379 379 379 379 379 379 379 379 379 379 379 379 379 379 379 379 379 379 379 379 379 380 380 380 380 380 380 380 380 380 380 380 380 380 380 380 381 381 381 381 381 381 381 381 381 381 381 381 381 381 381 381 381 382 381 381 381 382 382 382 382 382 382 382 382 382 382 382 382 382 382 382 382 384 384 384 384 384 384 384 384 384 384 384 384 384 385 385 385 384 385 385 385 385 385 385 385 385 385 385 385 386 386 385 386 385 386 386 386 386 386 386 386 386 386 386 386 386 386 385 385 386 386 386 386 386 386 386 386 386 385 385 385 385 386 385 385 385 386 386 386 385 385 385 386 386 386 385 385 386 386 386 386 386 386 386 386 386 386 386 386 387 387 387 387 387 387 387 387 387 387 388 388 388 360 359 360 360 361 360 359 359 360 360 360 360 360 360 359 359 359 359 359 360 361 361 361 361 361 361 362 362 363 364 364 364 364 364 364 364 364 364 363 363 362 363 363 363 363 364 364 365 365 365 366 366 365 365 365 365 366 366 366 366 367 367 367 367 367 368 368 368 368 368 368 368 369 369 369 369 369 369 369 369 370 370 370 371 371 371 371 371 372 372 372 372 372 372 372 372 371 371 370 371 371 371 371 371 372 372 372 371 371 371 371 371 371 371 372 372 372 372 372 372 372 372 373 373 374 374 373 374 374 374 374 375 374 374 374 375 375 376 376 376 375 375 375 374 374 374 374 374 374 375 374 374 374 374 374 374 375 376 376 376 376 376 376 376 375 375 374 375 375 376 376 376 377 377 377 377 376 377 377 377 377 377 377 378 378 378 379 379 378 378 378 378 378 378 378 378 379 379 379 379 380 380 380 380 380 379 379 379 379 379 380 379 379 379 379 379 380 379 379 379 379 379 379 379 379 379 379 379 379 379 379 379 379 379 380 380 380 380 380 380 380 380 380 380 380 380 380 380 380 380 380 380 380 380 380 381 381 381 381 381 381 381 381 381 381 381 381 381 381 381 381 381 381 382 381 381 381 382 382 382 382 382 382 382 382 382 382 382 382 382 382 382 382 384 384 384 384 384 384 384 384 384 384 384 384 385 385 385 384 384 384 385 385 385 385 385 385 385 385 385 385 386 386 385 386 385 385 386 386 386 386 386 386 386 386 385 385 385 385 386 386 386 386 386 386 386 386 386 386 386 385 385 385 386 386 386 386 386 386 386 386 386 385 385 385 386 386 386 385 385 385 385 386 386 386 387 386 386 386 386 387 387 387 387 388 387 388 387 387 387 388 388 388 388 359 359 359 360 361 360 360 359 360 360 360 359 360 360 359 359 360 360 360 361 362 361 361 361 361 361 361 362 362 363 363 363 363 363 364 364 365 365 364 364 363 363 363 363 363 363 363 364 364 365 365 366 366 366 366 366 366 366 366 366 367 368 367 368 368 368 368 368 368 368 369 369 369 369 369 369 369 369 370 370 370 370 370 371 371 371 371 372 371 371 372 372 373 372 372 372 372 371 371 371 371 371 371 371 371 372 372 372 372 372 371 371 371 372 372 372 373 372 372 372 372 372 373 373 373 373 374 375 375 375 374 374 374 374 374 374 375 375 375 375 375 375 375 374 374 374 374 375 375 375 375 375 375 374 374 374 375 375 375 376 376 375 375 375 375 375 374 375 376 376 376 376 376 377 377 377 376 377 377 377 377 377 377 377 377 378 378 379 379 379 379 378 378 378 378 378 378 378 378 379 379 379 380 380 379 379 379 379 379 379 379 379 379 380 379 379 379 379 379 379 379 379 379 379 379 379 379 379 379 379 379 379 379 379 380 380 380 380 380 380 380 380 380 380 380 380 380 380 380 380 380 380 380 380 381 381 381 381 381 381 381 381 381 381 381 381 381 381 381 381 381 381 381 381 381 381 382 382 382 382 382 382 382 382 382 382 382 382 382 382 382 382 382 384 384 384 384 384 384 384 384 384 384 384 384 385 384 384 384 384 385 385 385 385 385 385 385 385 385 385 385 386 386 385 386 385 385 385 385 385 385 385 385 385 385 385 385 385 385 386 386 386 386 385 386 386 386 385 385 385 385 385 385 385 386 386 386 386 386 386 386 386 385 386 385 386 386 386 386 386 385 385 385 386 386 387 387 386 386 386 386 387 387 387 387 388 388 388 387 387 387 387 387 388 388 359 359 359 359 360 360 360 360 359 360 360 360 359 359 360 360 361 361 362 362 363 362 361 361 361 362 361 361 362 363 362 363 363 363 364 364 364 365 365 364 363 363 363 363 363 363 363 363 363 363 364 365 365 366 367 367 367 368 368 367 368 368 368 368 369 368 368 368 369 369 369 369 369 370 370 370 369 369 370 370 370 370 370 371 371 371 371 372 372 371 371 372 372 372 372 372 372 372 372 372 371 371 371 372 372 372 372 372 372 372 371 371 372 373 373 373 372 372 372 372 373 372 372 372 373 373 374 375 375 374 374 374 374 374 374 374 374 375 375 375 375 374 374 374 374 375 375 375 375 376 376 375 374 374 374 374 374 375 375 376 376 376 375 375 375 375 374 375 375 375 375 375 376 376 377 376 376 377 376 377 377 377 378 378 378 378 379 379 379 379 378 378 379 379 378 379 379 379 379 379 378 379 379 379 379 379 379 379 379 379 379 379 379 379 379 379 379 379 379 379 379 379 379 379 379 379 379 379 379 379 379 379 379 379 379 380 380 380 380 380 380 380 380 380 380 380 380 380 380 380 380 380 380 380 380 381 381 381 381 381 381 381 381 381 381 381 381 381 381 381 381 381 381 381 381 382 382 382 382 382 382 382 382 382 382 382 382 382 382 382 382 383 382 384 384 384 384 384 384 384 384 384 384 384 384 384 384 384 384 384 385 385 385 385 385 385 385 385 385 385 385 385 385 385 385 385 384 385 385 385 385 385 385 385 385 385 385 386 386 386 385 386 386 385 385 385 385 385 385 385 385 385 385 385 386 386 386 386 386 386 386 386 386 386 386 386 386 386 386 386 385 385 385 386 386 386 386 386 386 386 387 387 387 387 387 388 387 387 387 387 387 387 388 388 388 389 360 359 359 359 359 359 360 360 360 360 360 360 360 360 361 361 362 362 362 362 362 363 362 362 363 363 363 362 362 362 362 363 364 364 364 365 365 365 365 365 364 364 364 364 364 363 364 364 363 363 363 364 365 366 366 367 367 368 368 368 368 368 368 368 368 368 369 369 369 369 369 369 369 370 370 370 370 370 370 369 370 370 370 370 371 371 371 372 372 372 372 372 372 372 372 372 372 372 372 372 372 371 371 371 371 372 372 373 372 372 372 371 372 372 373 373 373 372 372 373 373 372 373 373 373 373 374 374 375 375 375 375 375 376 375 375 375 375 374 374 374 374 374 375 374 375 376 375 376 377 376 375 375 375 375 374 374 374 375 375 376 377 376 375 375 374 374 375 375 375 376 376 376 377 377 377 376 376 376 377 377 377 377 378 378 379 379 379 380 380 379 379 379 379 379 379 380 379 379 379 379 378 378 379 379 379 380 379 379 379 379 379 379 379 379 379 379 379 379 379 379 379 379 379 379 379 379 379 379 379 379 379 380 379 379 380 380 380 380 380 380 380 380 380 380 380 380 380 380 380 380 380 381 380 380 381 381 381 381 381 381 381 381 381 381 381 381 381 381 381 381 381 381 381 381 382 382 382 382 382 382 382 382 382 382 382 382 382 382 382 382 382 382 384 384 384 384 384 384 384 384 385 385 384 384 384 384 384 385 385 385 385 385 385 385 385 385 385 385 385 385 385 385 385 385 385 385 384 385 385 385 385 385 385 385 385 385 386 386 386 385 385 385 385 385 385 385 385 385 385 385 385 385 386 386 386 386 386 386 387 387 387 386 386 386 386 386 386 386 386 386 385 385 386 386 386 385 386 386 386 386 387 387 387 387 387 387 387 387 387 388 387 387 387 388 389 361 360 360 360 359 359 359 359 359 359 360 360 360 360 360 361 362 362 362 362 362 362 362 362 363 364 364 364 363 362 362 363 364 364 364 365 365 365 366 366 365 365 365 365 364 364 365 365 364 364 363 364 365 365 366 366 366 366 367 367 367 368 368 368 368 369 369 369 369 370 370 369 369 370 370 370 370 370 370 370 369 370 371 371 371 371 372 372 372 372 372 372 372 372 372 372 372 373 373 373 372 371 371 371 371 371 371 372 371 372 371 372 372 372 373 373 373 373 373 373 373 372 373 373 374 374 374 374 375 375 375 375 375 375 375 375 375 375 375 374 374 374 375 375 375 375 376 377 377 377 377 376 376 375 375 375 375 374 375 376 376 376 376 375 375 374 374 375 375 376 376 377 377 377 376 376 376 376 377 377 377 377 377 378 379 379 380 380 380 381 380 380 379 379 379 380 379 379 379 378 379 378 378 378 379 379 379 379 379 379 379 379 379 379 379 379 379 379 379 379 379 379 379 379 379 379 379 379 379 379 380 380 380 380 379 380 380 380 380 380 380 380 380 380 380 380 380 380 380 380 380 380 380 381 380 380 381 380 380 381 381 381 381 381 381 381 381 381 381 381 381 381 381 381 381 382 382 382 382 382 382 382 382 382 382 382 382 382 382 382 382 382 382 384 384 384 384 384 384 384 384 384 385 385 384 384 384 384 385 385 385 385 385 385 385 385 385 385 385 385 385 385 385 385 384 385 385 384 384 385 385 385 385 385 385 385 385 385 385 385 385 385 385 385 385 385 385 386 386 386 386 386 386 386 386 386 387 387 387 387 387 387 387 386 386 386 387 387 387 386 386 385 386 385 386 386 386 386 386 386 386 386 387 387 387 386 387 387 387 387 387 387 387 388 388 388 389 361 361 360 359 359 359 360 359 360 360 360 361 361 361 361 362 363 363 362 362 363 362 362 363 364 364 364 363 363 363 364 364 364 364 365 365 366 365 365 366 366 365 365 365 364 365 365 364 364 364 364 364 365 365 365 365 366 366 367 367 367 367 368 368 369 369 370 370 370 370 370 369 370 370 371 371 371 371 370 370 370 371 371 371 372 372 372 372 372 372 372 372 372 372 373 372 372 373 372 372 372 371 371 372 371 371 372 372 372 371 372 372 372 373 373 373 373 373 373 372 373 373 374 374 374 375 375 375 375 375 375 374 374 375 375 375 374 375 375 375 375 375 375 376 376 377 377 378 377 377 376 376 376 375 375 374 374 375 375 375 375 375 374 374 374 374 375 375 375 376 376 376 375 375 376 376 377 377 377 378 378 378 378 379 380 380 380 381 380 380 379 379 380 380 380 379 379 379 378 379 379 379 378 379 379 379 379 379 379 379 379 379 379 379 379 379 379 379 379 379 379 379 379 379 379 379 379 379 379 380 380 380 379 380 380 380 380 380 380 380 380 380 380 380 380 380 380 380 380 380 380 380 380 380 380 380 381 381 381 381 381 381 380 381 381 381 381 381 381 381 381 381 381 382 382 382 382 382 382 382 382 382 382 382 382 382 382 382 382 382 382 384 384 384 384 384 384 384 384 384 384 385 385 384 384 384 385 384 384 385 385 385 385 385 384 385 385 385 385 385 385 384 384 384 384 384 384 385 385 385 385 385 385 385 385 385 385 385 385 385 385 385 385 385 386 386 386 386 386 386 386 386 386 386 386 386 386 387 387 387 387 387 387 387 387 387 387 386 386 385 386 385 385 385 385 385 386 386 386 386 386 386 386 387 387 387 387 387 387 387 387 387 388 388 389 361 360 360 360 360 359 360 360 360 360 361 361 362 362 363 363 362 362 363 362 363 363 363 364 364 364 363 363 364 365 364 364 365 365 365 365 364 365 365 365 366 365 364 364 364 364 364 364 365 365 365 365 366 366 366 366 366 367 367 367 367 367 368 368 369 369 369 370 370 370 370 370 370 371 371 370 370 370 370 371 371 371 372 372 372 372 372 373 373 372 372 373 373 372 373 373 372 372 371 371 371 372 372 372 372 373 372 371 371 372 372 373 373 373 373 372 372 373 373 373 373 374 375 375 375 375 375 374 374 375 376 376 375 374 375 376 376 376 377 376 376 376 376 377 377 377 377 376 376 375 375 375 374 375 375 375 375 375 375 375 374 374 374 375 375 375 375 375 375 375 375 376 377 377 377 378 378 378 379 379 379 379 379 380 380 380 380 380 379 380 380 380 380 380 380 379 379 379 379 379 378 378 378 379 379 379 379 379 379 379 379 379 379 379 379 379 379 379 379 379 379 380 380 380 379 379 379 379 380 380 379 380 380 380 380 380 380 380 379 379 380 380 380 380 380 380 380 380 380 380 380 380 380 381 381 381 381 381 381 381 381 381 381 381 381 381 381 381 381 381 382 382 382 382 382 382 382 382 382 382 382 382 382 382 382 382 382 383 383 384 384 384 384 384 384 384 384 384 384 384 385 384 384 384 384 384 385 385 385 385 385 384 384 385 385 385 385 384 384 384 384 384 384 384 384 384 385 385 385 385 385 385 386 386 386 386 386 386 386 386 385 384 385 385 385 385 385 386 386 386 386 386 386 386 386 387 387 387 387 387 387 387 387 387 387 387 386 386 385 386 385 386 386 385 385 385 386 386 386 386 387 387 386 386 386 387 387 387 387 387 388 388 388 389 390 390 390 361 361 360 360 360 361 360 360 361 362 362 362 362 363 363 362 362 363 364 364 364 365 365 364 364 364 364 365 365 365 365 366 365 364 364 364 364 365 366 365 365 364 364 364 364 365 366 366 366 366 367 367 367 367 367 367 367 367 367 367 368 369 369 369 370 370 370 370 370 370 371 371 370 370 370 370 370 371 371 371 371 372 372 372 372 373 373 373 373 373 373 373 373 373 373 373 372 371 372 372 372 372 372 372 372 371 371 372 373 373 373 373 372 372 373 373 374 374 373 374 376 376 375 374 374 374 374 375 376 375 374 374 375 376 377 377 377 377 377 377 377 377 377 377 377 377 376 375 374 375 375 376 376 375 375 374 374 374 374 375 375 375 375 375 375 375 375 375 375 376 376 377 377 377 378 378 378 379 379 379 379 380 381 380 380 380 380 380 380 380 380 380 380 380 380 379 379 379 379 379 379 379 378 379 379 379 379 379 379 379 379 379 379 379 379 379 379 379 379 379 379 379 379 379 379 379 379 379 379 380 380 380 380 380 380 379 379 380 380 380 380 380 380 380 380 380 380 380 380 380 380 381 381 382 382 381 381 381 381 381 381 381 382 382 382 381 381 381 382 382 381 382 382 382 382 382 382 382 382 382 382 382 382 382 383 383 383 384 384 384 384 384 384 384 384 384 384 384 385 385 384 384 384 384 385 385 385 385 384 384 385 385 384 384 384 384 384 384 384 385 385 385 385 385 385 385 385 385 385 385 385 386 386 385 385 385 385 385 385 385 385 385 385 385 385 386 386 386 386 386 386 386 386 387 387 387 387 387 387 387 387 387 387 387 387 386 386 386 386 386 386 386 386 385 385 386 386 386 386 386 386 387 387 387 388 388 388 388 388 388 388 389 389 389 388 388 389 362 361 361 362 361 361 362 362 362 362 362 362 362 363 362 363 364 364 365 365 365 365 365 364 364 364 365 365 365 366 365 364 364 364 364 365 365 366 365 364 364 364 364 365 365 366 366 367 368 367 367 368 368 368 368 369 369 368 368 368 369 369 370 370 370 370 370 370 370 371 371 371 371 371 371 371 371 371 371 372 372 372 372 372 372 372 373 373 373 373 373 373 373 373 373 372 373 372 373 373 372 373 373 372 372 372 373 373 373 372 372 373 373 373 374 374 374 375 376 376 375 375 375 375 375 375 375 375 375 374 375 376 376 376 376 377 377 377 377 377 377 377 377 377 376 375 375 376 376 376 375 375 375 375 375 375 375 375 375 375 376 376 376 376 375 375 376 376 376 377 377 377 378 378 378 378 378 378 379 379 380 379 379 380 380 380 380 380 380 380 380 380 380 379 379 379 379 379 379 379 379 379 378 379 379 379 379 379 379 379 379 379 379 379 379 379 379 379 380 379 379 379 379 379 379 380 380 380 380 380 380 379 379 379 379 380 380 380 380 380 380 380 380 380 381 380 381 381 380 381 381 382 382 382 382 382 381 381 381 381 381 381 381 381 381 382 382 382 381 382 382 382 382 382 382 382 382 382 382 383 382 382 382 382 382 384 384 384 384 384 384 384 384 384 384 384 384 385 384 384 384 384 385 385 385 384 384 385 385 385 384 385 385 385 385 385 385 385 385 385 385 385 385 385 385 385 385 385 385 385 385 385 385 385 385 385 385 385 385 385 385 385 385 386 386 386 386 386 386 386 386 386 387 387 387 386 387 387 387 387 387 387 387 387 387 386 386 387 386 387 386 386 386 385 386 386 386 386 386 386 387 387 387 387 387 388 388 387 388 388 388 388 387 387 388 389 362 362 362 362 362 362 362 363 363 363 363 364 365 365 365 366 366 366 365 365 365 365 365 366 366 365 365 365 365 364 364 365 365 365 365 364 364 365 365 365 366 366 366 367 367 367 368 369 368 368 369 369 369 368 368 369 369 370 370 370 370 370 370 371 371 371 371 371 371 371 371 371 371 372 372 372 372 373 372 373 373 373 373 373 374 374 374 374 374 374 374 374 373 373 373 373 373 373 372 372 372 373 373 373 372 373 373 373 373 374 375 374 375 376 375 375 376 376 376 375 375 376 375 375 374 375 375 375 375 376 376 377 377 376 377 377 377 378 378 376 375 376 376 376 375 375 375 376 376 376 375 376 375 375 375 376 376 375 375 375 375 376 376 377 377 378 378 378 377 377 378 377 378 378 379 379 379 379 379 380 380 380 380 380 380 381 381 381 381 380 379 379 379 379 379 379 379 379 379 379 380 379 379 379 379 379 379 379 379 379 379 379 379 379 379 379 379 379 379 379 380 380 380 380 380 379 379 379 379 379 380 380 380 380 380 380 380 380 380 381 381 381 381 380 380 381 381 381 382 383 382 382 382 381 381 381 381 381 381 381 382 382 382 381 381 381 381 381 382 382 382 382 382 382 382 382 382 382 382 382 383 384 384 384 384 384 384 384 384 384 384 384 385 385 384 384 384 384 384 384 384 384 385 384 384 385 385 385 385 385 385 386 386 386 386 385 385 385 385 385 385 385 385 385 385 385 385 385 385 385 385 385 385 385 385 385 385 386 386 386 386 386 386 386 386 386 386 387 387 387 387 386 386 387 387 387 387 387 387 387 387 387 387 387 387 387 386 386 386 386 386 386 386 387 387 387 387 387 387 387 388 387 387 387 388 387 387 387 388 389 389 363 363 363 362 362 362 363 364 364 364 364 365 365 366 366 366 366 366 366 366 366 366 366 366 366 366 366 365 364 364 364 364 364 364 364 365 365 365 365 366 366 366 366 367 368 368 368 368 368 369 369 369 369 369 369 370 370 370 370 370 370 370 371 371 371 371 371 371 371 371 371 371 372 372 372 372 373 373 373 373 373 373 373 373 373 373 374 374 374 374 374 373 372 373 373 373 372 372 373 373 373 373 373 373 374 373 373 373 374 375 375 376 376 376 376 376 376 376 376 376 376 375 375 375 375 375 376 376 376 377 377 377 377 377 377 377 377 377 376 376 376 376 376 375 376 376 376 376 376 376 375 375 375 375 376 375 375 375 375 376 376 376 377 377 377 377 378 377 377 377 377 378 379 379 378 379 379 379 380 380 380 380 380 381 381 381 381 381 380 379 379 379 379 379 379 379 379 379 379 380 379 379 379 379 379 379 379 379 379 379 379 379 379 379 379 379 379 379 380 380 380 380 380 379 379 379 379 379 379 379 380 380 380 380 380 380 380 380 381 381 382 381 380 380 380 381 381 382 382 382 382 382 382 382 381 382 382 381 382 382 382 381 381 381 381 381 381 382 382 382 382 382 382 382 382 382 381 381 382 383 384 384 384 384 384 384 384 384 384 384 384 384 385 384 384 384 384 384 384 384 384 384 384 384 384 384 385 385 385 385 385 385 385 385 386 386 385 385 385 385 385 385 385 385 385 385 385 385 385 385 385 385 385 385 385 385 385 385 386 386 386 386 386 386 386 386 386 386 386 387 387 386 387 387 387 387 387 387 387 387 387 387 387 387 387 386 386 386 386 386 386 387 386 386 386 386 387 387 388 388 387 387 387 387 387 387 388 388 388 389 389 389 390 391 391 364 364 363 363 363 364 364 364 364 365 365 365 366 366 366 366 366 366 366 366 367 367 367 367 366 366 366 365 365 365 364 364 364 364 365 366 365 365 366 366 367 367 368 368 368 368 367 368 369 369 369 370 370 370 370 370 370 370 370 370 370 370 371 371 371 371 371 372 371 371 371 372 372 373 373 373 373 373 373 373 373 373 373 373 373 373 373 374 374 374 373 373 372 373 373 372 373 373 374 374 373 373 373 374 374 373 374 374 374 375 376 376 376 376 377 377 376 376 376 376 376 376 375 375 375 375 375 376 376 376 377 377 377 377 377 377 377 377 377 376 376 376 376 376 376 376 376 376 376 376 375 376 376 376 376 376 375 375 376 376 377 377 377 377 377 378 377 377 377 377 378 379 379 378 378 378 379 379 380 380 380 380 381 380 381 381 381 380 379 379 379 379 379 379 379 379 379 379 380 380 380 379 379 379 380 379 379 379 379 379 379 379 380 379 379 379 379 380 380 380 379 379 379 379 379 379 379 380 380 380 380 380 380 380 380 381 380 380 381 381 381 381 380 380 381 381 381 382 383 383 383 383 382 382 381 381 381 381 382 382 381 382 381 381 381 382 382 382 382 382 382 382 382 381 381 382 381 382 383 384 384 384 384 384 384 384 384 384 384 384 384 384 384 384 384 385 385 385 385 384 384 384 385 385 385 385 385 385 385 385 386 386 385 386 386 385 386 385 385 385 385 385 385 385 385 385 385 385 385 385 385 385 385 385 385 385 385 386 386 386 386 386 386 386 386 386 386 386 387 387 386 387 387 387 387 387 387 387 387 387 387 387 387 387 386 386 386 386 386 386 386 386 387 387 387 387 387 388 387 387 387 387 387 387 388 388 388 388 388 388 389 389 390 389 390 390 391 364 364 364 364 365 365 365 365 365 366 366 366 366 366 366 366 366 367 367 367 367 367 367 366 366 365 365 365 365 364 364 365 366 366 366 366 366 366 367 367 368 368 367 367 368 368 369 370 370 371 371 371 370 371 371 370 370 370 370 370 370 371 371 371 372 371 371 371 371 372 372 372 373 373 373 373 373 373 373 373 373 373 374 374 374 374 374 374 373 373 372 373 373 373 373 374 374 374 373 373 373 374 374 373 374 374 375 376 376 376 376 376 376 376 376 375 375 375 375 375 376 375 375 376 377 377 377 377 377 377 377 377 377 377 377 377 376 376 376 376 376 376 376 376 376 375 375 376 376 376 376 376 376 375 375 376 376 376 376 376 377 377 378 377 377 377 378 379 380 379 378 379 379 379 379 379 379 380 380 380 380 381 381 380 380 380 379 379 379 379 379 379 379 379 379 379 380 380 379 379 379 379 379 380 379 379 379 379 379 380 380 380 380 379 379 379 379 380 379 379 379 380 380 380 379 380 380 380 380 380 380 380 381 381 380 380 381 382 381 381 381 381 381 381 382 383 383 382 382 382 381 382 381 382 382 382 381 382 382 382 382 382 382 382 382 382 382 382 382 382 382 382 382 382 382 384 384 384 384 384 384 384 384 384 384 384 384 384 384 384 384 384 384 384 384 384 384 384 385 385 385 385 385 385 386 385 385 386 386 386 386 386 386 386 385 385 385 385 385 385 385 385 386 385 385 385 385 385 385 385 385 385 385 385 385 386 386 386 386 386 386 386 386 386 387 387 387 386 387 387 387 387 387 387 387 387 387 387 387 387 387 387 387 386 386 386 386 386 386 386 386 386 387 387 387 388 387 387 387 387 388 387 388 388 388 388 388 388 388 388 389 389 389 390 391 365 365 365 365 365 366 366 366 366 366 366 366 366 366 366 366 367 367 367 366 366 366 366 366 366 365 365 364 364 364 365 365 366 366 366 366 366 367 368 368 367 367 368 368 369 370 370 371 371 371 371 371 371 371 371 371 371 371 370 371 371 371 371 371 372 372 372 372 372 372 373 373 373 373 373 373 373 373 373 373 374 374 374 374 374 373 373 373 373 373 373 373 373 373 374 374 373 373 374 375 374 373 374 375 375 375 375 376 376 376 375 376 375 375 376 376 375 376 376 375 375 376 377 377 377 377 377 377 377 377 377 377 377 376 376 376 376 376 376 376 376 376 376 376 376 376 375 375 376 375 375 375 376 376 376 375 375 376 376 376 376 377 378 378 379 379 379 379 378 379 380 379 379 379 379 380 380 380 380 381 381 380 380 379 379 379 379 379 379 379 379 379 379 379 380 380 380 380 380 379 379 379 379 379 379 379 379 380 380 380 380 379 379 380 380 380 380 380 380 380 380 380 380 380 380 380 380 380 380 381 381 381 381 381 382 382 382 382 381 381 381 382 383 383 383 382 382 382 382 382 382 382 382 382 382 382 382 382 382 382 382 382 382 382 382 382 382 382 382 383 382 383 382 384 384 384 384 384 384 384 384 384 384 384 384 384 384 384 384 384 384 384 384 384 384 385 385 385 385 385 385 385 385 386 386 386 386 386 386 386 386 386 386 385 386 385 385 385 385 385 385 385 385 385 385 385 385 385 385 385 385 385 385 385 385 385 386 386 386 386 387 387 387 387 387 387 387 387 387 387 387 387 387 387 387 387 387 387 387 386 387 386 386 386 386 386 386 385 385 386 386 387 386 387 387 387 387 388 388 388 388 388 388 388 388 388 389 389 389 390 391 391 392 365 365 365 366 366 366 366 366 366 366 366 366 366 367 367 367 367 366 366 366 365 365 366 366 365 365 365 364 364 365 365 365 365 366 366 367 367 367 367 367 367 368 369 370 370 370 370 371 371 371 371 371 371 371 371 371 371 371 371 371 371 371 372 371 372 372 373 373 373 373 373 373 373 373 373 373 373 374 374 374 374 374 374 374 374 374 373 373 373 373 373 374 374 374 373 373 374 375 375 374 374 374 375 375 375 375 376 376 376 375 375 376 377 376 376 377 376 375 376 376 377 377 377 377 377 377 377 377 377 377 377 376 376 375 375 376 376 377 377 376 376 376 376 375 375 375 375 375 375 375 376 376 376 376 376 376 377 377 377 376 377 377 378 378 378 378 378 379 379 380 380 379 380 380 380 380 380 381 381 381 381 380 379 379 379 379 379 379 379 379 379 379 379 380 380 380 380 380 380 379 379 379 379 379 379 380 380 379 379 379 379 379 379 380 380 380 380 380 380 380 380 380 380 380 381 381 381 381 381 381 382 382 382 382 383 382 382 382 382 383 383 383 383 384 384 383 382 383 383 383 382 382 382 382 382 382 382 381 381 382 382 382 382 382 382 383 383 383 383 383 382 384 384 384 384 384 384 384 384 384 384 384 383 384 384 384 384 384 384 384 384 385 385 385 385 385 385 385 385 385 385 385 385 385 385 386 385 385 386 386 386 386 386 386 385 385 385 385 385 385 385 385 385 385 385 385 385 385 385 385 385 385 385 385 385 386 386 386 386 386 387 387 386 387 387 387 386 386 387 387 387 387 387 387 387 386 386 386 386 386 386 386 386 387 386 386 386 386 386 386 386 387 387 387 387 387 387 387 387 388 389 389 388 388 388 389 390 391 391 391 391 392 366 366 366 366 366 366 366 366 367 367 367 367 366 365 365 365 365 366 366 366 366 365 364 364 365 365 365 365 366 366 367 367 367 367 368 368 369 369 370 370 370 370 371 371 371 371 371 371 371 371 371 371 371 371 371 371 371 371 372 372 372 372 373 373 373 373 373 373 373 374 374 374 374 374 374 374 374 374 374 373 373 373 372 373 373 374 374 374 374 373 373 374 374 375 374 374 374 375 376 375 375 375 375 376 376 376 377 377 376 376 377 376 376 376 377 377 377 377 377 377 377 377 377 377 377 377 376 376 375 375 375 376 376 376 376 377 376 376 375 375 375 375 375 375 375 376 376 376 376 377 377 378 378 377 377 377 377 377 377 378 378 378 379 379 380 380 380 380 381 381 381 380 380 381 381 381 380 380 379 379 379 379 379 379 379 380 379 379 379 379 379 380 380 380 380 379 379 379 379 379 380 380 380 380 379 379 379 379 379 379 380 380 380 380 380 380 380 380 380 381 381 381 381 381 381 382 382 381 382 382 382 382 382 382 383 383 382 382 383 384 384 383 384 384 383 382 382 382 382 382 382 382 381 381 381 382 382 382 382 383 383 383 383 383 383 383 384 384 384 385 385 385 384 385 384 384 384 383 384 384 384 384 384 384 384 384 384 385 385 385 385 384 385 385 385 385 385 385 385 385 385 385 385 386 386 386 386 386 386 386 386 385 385 385 385 385 385 385 385 385 385 385 385 385 385 385 385 385 385 385 385 385 386 386 386 387 387 386 386 386 386 386 386 387 387 387 387 387 387 387 387 386 386 386 386 386 386 386 387 387 386 386 386 386 386 386 386 387 387 387 388 388 388 388 388 388 389 389 388 389 389 390 391 390 389 390 391 391 392 391 391 391 391 391 391 366 366 366 366 366 367 367 367 367 367 367 367 366 365 364 364 365 365 366 366 365 365 365 365 366 366 365 365 366 366 367 366 366 367 368 369 370 370 370 371 370 370 370 371 371 371 371 371 371 372 372 372 372 372 371 371 371 371 372 372 373 373 373 373 373 374 373 373 373 374 374 374 374 374 374 374 374 374 374 374 374 374 373 373 373 373 374 374 374 373 374 374 374 375 375 375 375 376 376 376 375 375 375 376 376 376 377 376 376 377 377 377 376 376 376 376 376 377 377 377 377 377 377 377 377 377 376 376 376 375 375 375 376 376 376 376 376 376 376 375 375 375 375 375 376 376 376 376 377 377 378 378 378 377 377 377 377 378 378 378 378 378 378 379 380 380 381 381 380 381 381 381 380 380 381 381 381 380 379 379 379 380 380 380 380 380 379 379 379 379 379 379 380 380 380 380 379 379 379 379 380 380 380 379 379 379 379 379 379 380 380 380 381 381 381 380 381 381 381 382 382 382 381 381 381 382 381 382 382 382 381 382 382 383 383 382 382 382 383 383 383 383 383 383 383 382 382 382 382 382 382 382 382 381 381 382 382 383 383 383 383 383 383 383 383 383 385 385 385 385 385 385 384 384 384 384 384 384 384 384 384 384 384 384 384 384 384 384 384 385 385 384 385 385 385 385 385 385 385 385 385 385 385 385 385 385 386 385 385 386 385 385 385 385 386 386 386 386 385 386 386 386 385 385 385 385 385 385 385 385 385 385 385 386 386 386 386 386 386 386 386 386 386 386 386 386 387 387 387 387 387 386 387 387 386 386 386 385 386 387 387 386 387 387 387 387 386 386 387 387 387 388 388 388 388 388 388 389 389 389 389 390 389 389 389 389 389 390 391 391 390 389 389 390 390 390 391 366 366 366 366 366 367 367 367 367 367 367 367 366 366 365 365 364 365 365 365 365 365 365 366 367 366 367 366 366 366 366 366 367 368 368 369 369 370 370 371 370 370 371 371 371 371 372 372 372 372 372 372 372 372 372 372 372 372 372 372 372 373 373 373 373 373 373 373 374 374 374 374 374 374 374 374 374 374 374 375 375 374 373 373 373 374 374 374 374 374 374 374 374 375 375 375 375 376 376 376 376 376 376 376 376 376 377 376 376 376 377 377 376 376 377 377 377 377 377 377 377 377 376 376 376 376 376 376 376 376 375 375 375 376 376 376 376 376 376 376 376 376 375 375 376 376 376 376 376 377 378 378 378 377 377 378 378 378 379 379 378 379 379 378 379 380 381 381 381 381 381 381 380 381 381 381 381 380 379 379 380 380 380 380 380 379 379 379 380 380 379 379 379 379 380 380 379 379 379 380 380 380 380 380 379 379 379 379 380 380 380 380 381 381 381 381 381 381 381 381 382 382 381 381 382 382 382 381 382 381 382 382 382 383 382 382 382 382 383 382 382 382 383 383 383 383 383 383 383 383 383 382 382 382 382 382 382 383 383 383 383 383 383 383 383 383 384 384 384 384 384 384 384 384 384 384 384 384 384 384 385 385 384 384 384 384 384 384 384 385 385 384 385 384 384 385 385 385 385 385 385 385 385 385 385 385 386 385 385 385 385 385 385 385 385 385 385 386 385 385 386 386 385 385 385 385 385 385 385 385 385 386 386 386 386 386 386 386 386 386 386 386 386 386 386 386 386 386 386 387 387 387 387 387 387 386 386 386 386 386 387 386 387 387 388 387 387 386 386 387 387 387 388 388 388 389 389 389 390 390 390 389 389 388 388 388 389 389 390 390 390 390 389 389 389 389 390 391 367 367 367 367 367 367 367 367 367 366 366 365 365 364 364 365 365 365 365 365 365 365 366 366 367 367 367 367 367 367 367 367 367 368 368 368 369 370 370 370 370 371 371 371 371 371 372 372 372 371 372 371 372 372 372 373 373 373 372 372 373 373 373 373 373 373 373 374 373 373 374 374 374 374 374 374 374 374 375 375 374 373 373 373 373 374 374 374 374 374 374 374 375 376 376 376 376 376 376 376 376 376 376 376 377 376 376 376 376 377 377 376 376 377 377 377 377 377 377 377 377 376 376 375 375 375 375 375 375 375 375 375 375 376 376 376 376 376 376 376 376 376 375 375 376 376 376 377 377 378 378 378 377 377 378 378 379 379 379 379 379 380 379 379 380 381 381 381 381 380 380 380 381 381 381 381 380 380 379 379 379 379 379 380 379 380 380 380 380 380 379 379 379 379 380 380 380 380 380 380 380 380 379 379 380 379 379 379 380 380 380 381 381 381 381 381 381 381 382 382 381 381 381 381 381 382 381 382 381 382 382 382 382 382 382 382 382 382 382 382 382 383 383 382 382 383 383 383 383 383 383 383 383 382 382 382 383 383 383 382 383 383 383 383 383 384 384 384 384 384 384 384 384 384 384 384 384 384 384 385 385 385 385 384 384 384 384 385 385 384 384 385 384 385 385 385 385 385 385 385 385 385 385 385 385 385 385 385 385 385 385 385 385 385 386 386 386 386 386 386 385 385 386 386 386 386 385 385 386 386 386 385 386 386 386 386 386 386 386 386 386 386 386 387 387 386 386 386 386 387 387 387 387 387 387 386 386 385 386 387 387 387 387 387 387 387 387 386 387 387 387 388 388 389 389 390 390 390 390 390 390 389 388 388 388 388 388 389 389 389 390 390 389 389 389 390 391 391 367 367 367 367 367 367 367 367 366 365 365 364 364 365 365 366 366 365 365 365 365 365 365 365 366 367 366 367 367 368 368 368 368 368 369 368 368 369 370 370 370 370 371 370 371 371 371 372 372 372 372 372 372 372 372 372 373 373 373 373 372 373 373 373 373 373 373 373 374 374 374 374 374 374 374 374 374 374 374 375 374 373 373 374 374 374 374 374 375 374 375 376 376 376 376 376 376 377 376 376 376 376 376 377 377 377 376 376 376 377 377 377 376 376 377 377 377 378 377 377 376 376 376 375 375 375 375 376 377 376 376 375 375 375 376 376 375 375 376 376 376 375 375 376 376 376 376 376 377 377 378 378 378 378 378 379 379 380 380 380 380 380 380 379 380 381 381 381 381 381 381 380 381 381 381 380 380 380 380 380 380 380 380 379 380 380 380 380 380 379 379 380 380 379 379 380 380 380 380 380 380 380 380 380 379 379 379 379 380 380 380 380 381 381 381 381 381 381 381 382 381 381 381 381 381 381 381 381 381 381 381 381 382 382 382 382 382 382 382 382 383 382 383 383 382 382 383 382 382 382 383 383 383 383 382 382 383 383 382 382 382 382 382 382 382 384 384 384 384 384 384 384 384 384 384 384 384 384 384 385 385 385 385 385 385 385 384 384 384 384 385 385 385 385 385 385 385 385 385 385 385 385 385 385 385 385 385 385 385 385 385 385 385 385 385 386 386 386 386 386 386 386 386 386 387 387 387 387 387 387 386 386 385 385 385 385 386 386 387 386 387 387 387 387 387 387 386 386 386 386 387 387 387 387 387 387 386 386 386 386 387 387 387 387 387 387 387 387 386 387 387 387 387 388 389 389 390 389 389 389 389 389 389 389 388 388 389 389 388 389 389 389 388 389 389 390 390 390 391 367 367 367 367 367 367 367 366 365 364 365 365 365 366 366 366 366 366 365 365 365 365 365 366 366 366 366 366 367 368 368 369 369 370 370 369 369 370 370 370 370 370 370 371 371 371 372 372 372 372 372 372 372 372 373 373 373 373 373 373 373 373 373 373 373 373 373 374 374 374 374 374 374 374 374 375 375 375 375 374 374 373 374 375 375 374 374 375 375 375 376 376 377 376 376 377 377 377 376 377 376 376 377 377 376 376 377 377 377 376 376 376 377 377 377 377 378 377 377 376 376 376 375 375 375 376 376 377 376 376 376 375 375 375 375 376 376 376 376 376 376 375 375 376 376 376 376 376 377 378 378 379 379 379 379 380 380 381 381 381 381 381 380 380 380 381 382 381 381 381 381 381 381 380 379 379 379 380 380 380 379 379 379 380 380 380 380 379 380 380 380 379 379 379 379 379 379 379 379 379 379 379 379 379 379 379 379 379 380 380 380 380 380 381 381 381 381 381 381 381 381 381 381 381 381 381 381 381 381 381 381 381 382 382 382 382 382 382 382 382 382 382 382 382 382 382 382 382 382 382 382 382 382 382 382 382 383 383 383 382 382 382 382 382 384 384 384 384 384 384 384 384 384 384 384 384 384 384 385 385 385 385 385 385 385 385 385 385 385 385 385 385 385 385 385 385 385 385 385 385 385 385 385 385 385 385 385 385 385 385 385 385 385 385 384 385 385 385 385 384 385 386 386 386 385 385 386 386 386 387 387 386 386 386 386 386 387 388 387 387 387 387 387 387 386 386 386 386 386 386 387 387 387 387 387 386 385 386 386 386 386 387 387 387 387 387 387 387 387 387 387 387 388 389 388 389 389 389 388 389 389 389 389 389 388 388 388 388 388 388 388 388 389 388 389 389 389 390 391 367 367 367 367 367 367 366 365 365 365 365 366 366 366 367 367 366 365 365 365 365 365 365 366 367 367 367 367 367 367 368 368 369 370 370 369 369 369 370 371 371 370 371 371 371 371 372 372 372 372 372 373 373 373 372 372 373 373 373 373 373 373 373 373 374 374 374 374 374 374 374 374 374 374 375 375 375 375 374 374 374 374 375 375 374 374 375 375 376 376 376 377 376 376 377 377 377 377 377 377 377 377 376 376 376 377 377 377 377 377 377 377 377 377 378 378 377 376 376 376 375 375 376 376 376 377 377 377 376 376 375 375 376 376 376 376 376 376 376 375 375 376 376 376 376 377 377 378 378 379 379 379 379 380 380 380 381 381 381 381 381 380 381 381 381 381 381 381 381 380 380 380 379 379 379 379 379 379 379 379 379 380 380 380 381 380 380 380 380 380 379 379 379 380 380 380 379 379 379 379 380 379 379 379 379 379 379 379 380 380 380 380 380 381 381 381 381 381 381 381 381 381 381 381 381 381 381 381 381 381 382 382 382 382 382 382 382 382 382 382 382 382 382 382 382 382 382 382 382 382 382 382 382 382 383 382 383 383 383 382 382 382 382 384 384 384 384 384 384 384 384 384 384 384 384 384 384 384 385 385 385 385 385 385 385 385 385 385 385 385 385 385 385 385 385 385 385 385 385 385 385 385 385 385 385 385 385 385 385 385 386 385 384 384 384 384 384 383 383 384 384 384 384 384 384 384 385 386 386 387 387 387 387 387 387 387 387 388 388 387 387 387 387 387 386 386 386 386 386 386 386 387 388 387 387 386 386 386 386 386 386 387 387 387 387 388 387 387 387 387 388 388 388 388 388 388 388 388 388 389 388 388 388 388 388 388 388 388 388 388 389 389 389 389 389 389 390 391 391 392 367 367 367 367 368 367 366 366 366 366 366 366 367 367 366 366 365 366 366 365 365 366 365 366 367 367 367 367 367 368 368 368 369 370 370 370 370 370 371 371 371 371 371 371 371 371 372 372 372 372 372 373 373 373 373 372 373 373 373 373 373 373 373 373 374 374 374 374 374 374 374 374 375 375 375 375 375 375 375 374 374 374 375 375 375 375 375 375 376 376 376 376 376 376 376 377 377 377 377 377 377 377 377 377 377 377 377 377 377 377 377 377 377 377 377 376 376 376 376 376 375 376 376 376 376 376 376 376 376 376 376 376 375 375 375 375 375 375 375 375 375 375 376 376 376 377 377 378 378 378 380 380 380 380 381 381 381 381 381 382 381 381 381 381 381 381 381 380 380 380 380 380 379 379 380 379 379 379 379 379 379 380 380 380 379 379 379 379 379 379 379 379 379 379 380 379 379 379 379 379 379 379 379 379 379 380 379 379 379 379 380 380 381 381 381 381 381 381 381 381 381 381 381 381 381 382 382 382 382 382 382 382 382 382 382 382 382 382 382 382 382 382 382 382 382 382 382 382 382 382 382 382 382 382 382 383 383 382 382 382 382 382 382 382 383 383 383 383 382 383 383 383 383 383 382 382 382 383 383 383 383 383 383 383 383 383 383 383 383 383 383 383 383 383 383 383 383 383 383 383 383 383 383 383 383 383 383 383 383 382 382 383 385 384 384 384 384 384 385 384 384 384 384 384 384 385 385 385 386 386 387 387 388 388 387 387 388 388 388 388 388 388 387 387 386 386 386 387 387 387 387 387 388 387 386 386 386 386 386 387 387 387 387 387 388 387 387 387 387 388 388 389 388 388 388 388 388 389 389 388 388 388 389 389 389 389 388 389 389 390 390 390 391 391 391 391 391 391 391 391 391 368 368 368 367 367 366 366 366 367 367 366 366 365 366 366 365 365 366 366 366 365 366 367 368 368 368 369 369 369 369 370 371 370 369 369 370 371 371 372 372 372 372 371 372 372 372 372 373 373 373 373 372 372 373 373 373 373 373 373 373 373 373 374 374 374 374 374 374 374 374 374 375 375 375 375 375 375 374 375 375 375 376 376 376 375 376 376 376 375 375 375 375 376 377 377 377 377 377 377 377 378 377 377 377 378 378 378 378 377 377 377 377 377 377 376 375 375 375 376 376 376 376 376 376 376 376 376 376 375 375 375 375 375 375 375 375 375 376 376 376 376 377 377 377 377 377 378 379 380 380 380 381 381 381 381 381 382 382 382 381 381 381 380 380 381 380 380 380 379 379 380 380 380 379 379 380 379 379 379 379 379 379 378 378 378 379 379 379 380 379 379 380 379 379 379 379 379 379 379 380 380 380 380 379 379 379 379 380 380 381 381 381 381 381 381 381 381 381 381 381 381 381 382 382 382 382 382 382 382 382 382 382 382 382 382 382 382 382 382 382 382 382 382 382 382 382 383 383 383 383 382 382 383 383 383 383 382 383 383 382 382 382 383 383 383 383 383 383 383 383 383 382 382 382 383 383 383 383 383 383 383 383 383 383 383 383 383 383 383 383 383 383 383 383 383 383 383 383 383 383 383 383 383 383 383 383 383 384 384 385 385 385 384 384 384 385 386 385 384 384 384 384 384 385 385 386 386 386 386 386 387 387 387 387 387 388 388 387 387 387 386 386 386 386 387 387 387 387 387 387 387 387 387 387 386 386 386 386 387 387 387 387 387 387 387 387 387 388 388 388 388 388 388 388 388 388 388 388 388 388 389 389 390 390 389 390 390 391 391 391 392 392 391 391 391 390 391 391 368 367 366 367 367 367 367 366 366 366 366 366 366 366 367 367 366 365 365 366 366 367 368 368 369 369 370 370 371 370 370 370 370 370 370 371 371 372 372 372 372 372 372 372 373 373 373 373 373 373 373 373 373 373 374 374 373 373 374 374 374 374 374 374 374 374 374 374 375 375 375 375 375 375 375 375 375 375 375 376 376 375 376 376 375 375 375 375 375 375 376 377 377 377 377 377 378 378 378 377 378 378 379 378 377 377 376 376 376 376 377 376 376 376 376 376 376 376 375 375 375 375 376 376 376 376 376 376 375 375 375 375 375 375 376 376 376 377 377 377 377 377 377 377 378 379 380 380 381 381 381 381 381 381 382 382 381 381 380 380 380 380 380 380 380 379 379 380 380 380 380 380 380 379 379 379 379 379 379 379 379 379 379 378 379 379 379 380 380 380 379 379 379 379 379 379 380 380 380 379 379 379 379 380 380 380 381 381 381 381 381 381 381 381 381 381 381 381 382 382 382 382 382 382 382 382 382 382 382 382 382 382 382 382 382 382 382 382 382 382 382 382 382 382 383 383 383 383 382 382 383 382 383 383 382 382 382 382 382 382 383 383 383 383 383 383 383 383 383 382 382 383 383 383 383 383 383 383 383 383 383 383 383 383 383 383 383 383 383 383 383 383 383 383 383 383 383 383 383 383 383 383 383 383 384 384 386 385 385 384 384 384 385 385 385 385 384 384 384 384 384 385 385 386 385 385 386 386 386 386 386 386 386 387 387 387 387 387 386 386 386 386 387 386 386 386 386 387 387 387 387 386 386 386 386 386 386 387 387 387 387 387 387 388 388 387 388 387 388 388 388 388 387 387 388 388 388 389 390 390 390 390 391 391 391 391 390 390 391 390 390 390 391 392 392 392 368 367 367 366 367 366 366 366 366 366 366 367 367 367 367 366 366 366 366 365 366 367 367 368 369 370 371 371 371 371 371 370 370 370 371 371 372 372 372 372 372 372 373 373 373 373 373 373 373 373 373 373 374 373 373 373 373 374 374 374 374 374 374 374 374 374 374 375 375 375 375 375 375 375 375 375 375 376 375 375 376 376 376 375 375 375 375 375 376 376 376 377 377 377 377 378 378 378 377 378 378 379 378 377 377 376 375 376 376 377 377 377 376 376 376 375 375 375 375 375 375 375 376 375 375 376 376 375 375 375 376 376 376 376 376 377 377 377 376 377 377 377 377 378 379 380 380 381 381 381 381 381 381 382 382 381 381 380 379 380 380 380 380 380 379 380 381 381 380 380 380 380 380 380 380 379 379 379 380 379 379 379 378 379 379 379 379 380 379 379 379 379 379 379 379 380 380 379 379 379 379 379 380 380 380 381 381 381 381 381 381 381 381 381 381 381 381 381 382 382 382 382 382 382 382 382 382 382 382 382 382 382 382 382 382 382 382 382 382 382 382 382 382 383 383 383 383 383 382 383 383 383 383 383 382 382 382 382 382 382 383 383 383 383 383 383 383 383 383 382 383 383 383 383 383 383 383 383 383 383 383 383 383 383 383 383 383 383 383 383 383 383 383 383 383 383 383 383 383 383 383 383 383 383 383 385 385 385 385 385 385 384 385 385 385 385 384 384 384 384 384 385 385 385 386 386 386 386 386 386 387 387 387 386 387 387 387 386 387 387 386 387 386 386 386 386 386 386 387 387 387 387 387 386 386 386 386 387 387 387 387 387 388 387 387 387 387 387 387 387 387 387 388 388 388 389 389 390 389 389 390 390 390 391 391 390 390 390 390 390 390 391 392 392 392 392 368 368 368 367 367 367 366 366 366 366 366 367 367 367 367 367 367 367 367 367 366 366 366 367 368 369 370 371 371 371 372 372 371 371 371 371 371 372 372 372 372 372 372 372 372 372 373 373 373 373 373 373 373 373 373 374 373 374 374 374 374 374 374 374 374 374 374 374 374 375 375 375 375 375 375 375 375 375 375 375 376 376 376 376 375 375 375 375 375 375 376 376 377 377 377 377 378 378 378 378 378 378 378 378 378 377 376 375 376 376 376 377 376 376 376 375 375 375 375 375 375 375 375 375 375 375 375 376 376 375 375 376 376 377 377 376 376 376 376 376 377 377 377 378 378 379 380 380 380 380 381 381 381 381 382 382 382 382 380 380 380 380 380 380 380 380 380 380 380 380 379 379 379 380 380 380 380 380 380 380 380 379 379 378 379 379 379 379 380 380 379 379 379 379 379 380 380 380 380 380 379 380 380 380 380 380 381 381 381 381 381 381 381 381 381 381 381 381 381 382 382 382 382 382 382 382 382 382 382 382 382 382 382 382 382 382 382 382 382 382 382 382 382 382 383 383 383 383 383 383 382 383 383 383 383 382 382 382 382 382 382 382 383 383 383 383 383 383 383 383 383 383 383 383 383 383 383 383 383 383 383 383 383 383 383 383 383 383 383 383 383 383 383 383 383 383 383 382 382 382 382 383 382 383 383 383 385 385 385 386 386 385 385 385 385 386 385 385 384 384 384 384 384 385 385 385 386 385 386 387 387 386 386 387 387 387 387 387 387 387 386 386 386 386 386 386 386 386 386 387 387 387 387 387 387 386 386 386 386 387 386 387 387 387 387 387 386 387 387 387 388 388 388 389 389 389 389 390 390 389 389 389 390 390 390 390 390 390 389 390 390 391 391 392 392 391 391 368 368 368 368 368 367 367 367 366 367 367 367 367 368 367 367 368 368 368 368 368 367 366 366 368 368 369 370 370 371 371 372 372 372 371 372 372 372 372 372 372 372 372 372 372 372 373 373 373 373 373 373 373 373 373 373 374 374 374 374 374 374 374 374 374 374 374 374 374 375 374 374 374 375 374 375 375 375 375 375 375 376 376 376 376 375 374 375 376 376 376 376 376 376 377 377 378 378 378 378 378 378 378 378 377 377 376 375 375 375 376 376 377 376 376 376 375 375 375 375 375 375 375 375 375 375 375 375 375 375 375 375 376 376 376 376 376 376 377 377 377 377 377 378 378 379 379 379 380 380 380 381 381 381 381 382 382 382 381 380 381 380 380 380 380 380 380 380 380 380 380 380 380 379 379 379 380 380 380 380 380 380 379 379 379 379 380 379 379 379 380 380 380 379 380 380 380 380 380 380 380 380 380 380 380 380 380 381 381 381 381 381 381 381 381 381 381 381 381 381 381 382 381 381 382 382 382 382 382 382 382 382 382 382 382 382 382 382 382 382 382 382 382 382 382 382 383 383 382 382 382 382 382 383 383 382 382 382 382 382 382 382 382 382 383 383 383 383 383 383 383 383 383 383 383 383 383 383 383 383 383 383 383 383 383 383 383 383 383 383 383 383 383 383 383 383 383 383 383 383 382 383 383 382 383 383 384 385 385 385 385 385 386 386 385 385 386 385 385 385 385 385 385 384 384 385 385 385 386 386 386 386 386 386 386 387 387 387 387 387 386 386 386 386 386 386 386 386 386 386 387 387 387 386 387 387 387 387 386 386 386 386 386 387 387 386 386 386 387 388 387 387 387 388 388 388 389 389 389 389 388 388 389 390 390 390 391 390 389 389 390 390 390 391 391 390 390 390 368 368 368 368 368 368 368 367 367 367 368 368 368 367 367 368 368 368 368 368 368 367 366 366 367 368 369 370 370 371 371 371 372 372 372 372 373 373 372 372 371 371 371 372 372 373 373 373 373 373 373 373 373 373 373 373 374 374 374 374 374 374 374 374 374 374 374 374 375 375 375 374 375 375 375 375 375 375 375 375 375 375 376 376 375 375 374 375 375 376 376 376 375 375 376 377 377 378 378 378 378 378 378 377 377 376 376 375 375 375 376 376 376 377 377 376 376 375 375 375 375 376 376 376 376 376 375 376 376 375 375 375 376 376 376 376 377 377 377 377 378 377 377 377 378 378 379 379 379 380 380 380 381 381 382 382 382 381 381 380 380 379 380 380 380 380 380 380 380 380 379 379 380 380 380 379 379 379 379 379 380 380 380 380 380 379 380 379 379 379 380 381 381 380 380 380 380 381 380 380 380 380 380 380 380 380 380 381 381 381 381 381 381 381 381 381 381 381 381 381 381 382 382 381 382 382 382 382 382 382 382 382 382 382 382 382 382 382 382 382 382 382 382 382 382 382 382 383 383 383 383 383 382 382 383 383 383 383 382 383 382 382 382 382 382 382 383 383 383 383 383 383 383 383 383 383 383 383 383 383 383 383 383 383 383 383 383 383 383 383 383 383 383 383 383 382 383 383 384 384 383 383 383 383 382 383 383 385 385 386 385 385 385 386 386 386 386 386 386 386 385 385 385 385 385 385 385 385 385 385 386 385 386 386 386 386 386 386 386 387 386 386 386 386 386 386 386 386 386 386 386 387 387 386 386 387 387 387 387 386 386 387 386 387 386 386 386 387 388 388 387 387 386 387 387 388 388 388 388 389 388 388 389 390 390 390 391 390 389 389 390 390 390 391 391 390 389 389 390 368 368 368 369 368 368 367 368 367 368 368 367 367 367 368 368 368 368 368 367 366 367 368 368 369 369 369 370 370 371 371 372 372 372 372 373 373 372 372 371 371 372 372 372 373 373 373 373 373 373 373 373 373 373 373 374 373 374 374 374 374 374 374 374 374 374 374 375 375 375 375 375 375 375 375 375 375 375 375 376 376 376 376 375 374 374 375 375 375 376 376 375 375 376 376 377 377 377 378 377 377 376 376 376 376 376 376 376 376 375 376 376 376 376 377 376 376 376 375 375 375 376 376 376 376 376 375 375 375 375 376 376 376 376 376 376 376 377 377 377 377 377 377 377 378 379 379 379 380 380 380 380 381 382 382 382 381 381 380 380 379 379 380 380 379 380 380 380 380 379 379 379 380 380 380 380 380 380 379 379 380 380 380 380 380 380 380 379 380 380 381 381 381 380 380 380 380 380 380 380 380 380 381 380 380 380 381 381 381 381 381 381 381 381 381 381 381 381 381 381 381 381 382 382 382 382 382 382 382 382 382 382 382 382 382 382 382 382 382 382 382 382 382 382 382 382 382 382 382 383 382 382 382 383 383 383 383 383 383 383 383 383 383 383 383 383 383 383 383 383 383 382 382 383 383 383 383 383 383 383 383 383 383 383 383 383 383 383 383 383 383 383 383 383 382 382 383 383 384 384 384 383 383 383 383 383 385 385 386 385 385 386 386 386 386 386 386 386 386 386 385 385 385 385 385 385 385 385 385 385 385 385 385 385 385 386 386 386 386 386 385 386 386 386 386 386 386 386 386 386 386 386 386 386 386 387 387 387 387 386 386 387 386 386 386 387 387 387 388 388 388 387 386 387 387 388 387 388 388 387 388 388 389 389 390 390 390 389 389 389 390 390 391 390 390 389 389 390 390 390 368 368 368 368 368 368 368 367 367 368 367 368 368 368 368 368 368 368 367 367 367 369 369 369 368 369 369 370 370 370 371 372 372 372 373 373 372 372 372 372 372 372 373 373 373 374 374 373 374 374 374 374 374 373 373 373 374 374 374 374 374 374 374 374 374 374 375 375 375 375 375 375 375 375 375 375 375 376 376 376 376 376 375 375 374 374 375 375 375 375 375 376 376 376 376 376 377 376 376 376 376 375 376 376 376 376 376 376 375 376 376 376 376 376 376 376 375 375 375 375 375 375 375 375 375 375 375 376 376 376 376 376 376 376 376 376 376 377 377 376 377 377 377 378 378 378 379 379 380 380 380 380 381 381 382 381 380 379 379 379 380 379 379 379 380 380 380 379 380 380 379 379 379 380 380 379 380 380 379 380 380 380 380 381 380 380 380 380 381 381 380 380 380 380 380 380 380 380 380 380 380 380 381 381 380 381 381 381 381 381 381 381 381 381 382 382 382 382 381 381 381 382 382 382 382 382 382 382 382 382 382 382 382 382 382 382 382 382 382 382 382 382 382 382 382 382 382 382 382 383 383 382 382 382 383 383 383 383 383 383 383 383 383 383 383 383 383 383 383 383 383 383 383 383 383 383 383 383 383 383 383 383 383 383 383 383 383 383 383 383 383 383 383 382 382 382 382 383 383 384 384 384 384 383 383 384 385 385 386 386 386 385 385 386 386 386 386 385 385 385 385 385 385 385 385 385 385 385 385 385 385 385 385 385 385 385 385 385 385 385 386 386 385 386 386 386 386 386 386 386 386 386 386 386 387 387 386 386 387 386 386 386 386 386 386 387 387 387 388 387 387 386 387 387 387 387 388 388 387 388 388 388 389 390 390 390 389 389 389 389 390 390 390 389 389 389 389 389 390 369 369 369 369 369 368 368 368 368 368 368 368 367 367 367 367 367 367 368 367 367 367 368 368 369 369 369 369 370 370 371 371 372 372 372 372 372 373 372 372 372 372 373 373 373 373 373 373 374 374 374 374 374 374 373 373 374 374 374 374 374 374 375 374 374 374 374 375 375 375 375 375 376 375 375 375 376 376 376 376 376 376 376 375 375 374 374 375 376 376 376 376 376 376 376 376 377 376 376 376 376 376 375 376 376 375 375 375 375 376 376 376 376 376 375 375 375 376 376 375 375 375 375 375 375 375 375 376 376 376 376 376 376 376 376 376 376 377 376 376 377 377 377 377 377 378 378 379 380 379 379 379 380 381 381 381 380 380 380 380 380 380 379 379 379 379 380 379 379 379 379 379 379 379 379 379 379 379 379 379 379 379 380 380 380 380 380 380 381 381 381 381 381 380 380 379 380 380 380 380 380 380 380 380 380 381 381 381 381 381 381 381 381 381 381 382 382 382 382 381 381 381 382 382 382 382 382 382 382 382 382 382 382 382 382 382 382 382 382 382 382 382 382 382 382 382 382 382 382 382 382 383 382 382 383 382 383 383 383 383 383 383 383 383 383 383 383 383 383 383 383 383 383 383 383 383 383 383 383 383 383 383 383 383 383 383 383 383 383 383 383 383 383 383 382 382 382 383 383 383 384 384 384 384 383 385 384 385 385 385 386 385 385 385 385 385 386 386 385 385 385 386 386 385 385 385 385 385 385 385 385 385 385 385 385 385 385 385 385 386 386 386 386 385 386 386 386 386 386 386 386 386 386 386 386 387 386 386 386 386 386 386 387 387 387 387 387 387 387 387 387 387 387 387 387 388 388 387 387 387 388 388 388 389 389 389 390 389 389 389 390 390 390 390 390 389 389 389 390 390 369 369 369 368 368 368 368 368 368 367 367 367 367 367 367 368 368 368 367 368 368 369 368 369 370 370 371 371 371 371 371 372 372 373 373 373 372 372 372 373 373 373 374 374 374 374 374 374 374 374 374 374 373 374 374 374 374 374 375 375 375 375 374 374 374 375 375 375 375 375 375 376 376 376 376 376 376 376 376 376 376 375 375 374 375 375 375 376 376 376 376 376 376 376 376 376 376 375 376 376 376 376 375 375 375 375 376 376 376 376 376 376 375 375 375 376 376 376 376 375 375 375 375 376 376 376 377 376 376 376 376 376 376 377 377 376 377 377 377 377 377 378 378 378 379 378 378 379 379 380 380 379 380 380 380 380 380 380 380 379 379 380 380 380 380 379 379 380 380 379 379 379 379 379 380 380 380 379 379 379 380 380 380 380 380 381 381 381 380 381 380 380 380 380 380 380 380 380 380 380 380 380 381 381 381 381 381 381 381 381 381 381 381 382 382 382 382 381 381 382 382 382 382 382 382 382 382 382 382 382 382 382 382 382 382 382 382 382 382 382 382 382 382 382 382 382 382 382 382 382 382 382 382 383 383 383 383 383 383 383 383 383 383 383 383 383 383 383 383 383 383 383 383 383 383 382 382 383 382 383 383 383 383 383 383 383 383 384 384 383 383 382 382 382 383 383 383 383 383 383 383 384 385 385 385 385 385 385 385 386 386 386 385 385 385 385 386 386 386 386 385 385 385 385 385 385 385 385 385 385 385 385 385 385 385 385 386 386 385 385 385 386 386 386 386 386 386 386 386 386 386 386 387 386 386 386 386 386 386 386 387 387 388 388 388 388 387 387 387 387 387 387 387 387 387 387 388 388 388 388 387 388 389 390 389 389 389 390 390 390 390 390 389 389 389 390 390 390 369 369 369 369 369 368 367 366 367 367 367 368 368 368 368 368 368 368 368 369 369 369 369 370 370 371 371 371 372 372 373 372 372 372 372 373 373 373 373 373 373 373 374 374 374 374 374 374 374 374 374 374 374 374 375 375 375 375 375 375 374 375 375 375 375 375 376 376 376 376 376 376 376 376 376 376 376 376 376 375 375 375 375 375 375 375 376 376 376 376 376 376 376 375 375 375 375 376 376 375 375 375 376 376 376 376 376 376 376 375 375 375 376 376 376 376 376 375 375 375 376 376 377 377 376 376 376 376 376 376 376 376 376 377 377 377 377 378 378 378 378 378 378 379 379 379 380 379 379 380 379 380 380 380 380 379 380 379 379 380 380 380 379 379 380 380 379 379 380 380 379 380 381 380 380 379 379 379 380 380 380 380 380 380 380 380 380 380 380 380 380 380 380 380 380 380 380 380 380 381 381 381 381 381 381 381 381 381 381 381 381 381 382 382 382 382 381 381 382 382 382 382 382 382 382 382 382 382 382 382 382 382 382 382 382 382 382 382 382 382 382 382 382 382 382 382 382 382 383 382 383 383 383 383 383 383 383 383 383 383 383 383 383 383 383 383 383 383 383 383 383 383 382 382 383 383 383 383 383 383 383 384 383 384 384 384 384 383 383 383 382 382 383 383 383 383 383 383 384 386 385 385 385 385 385 385 385 385 385 385 385 385 385 385 386 386 385 385 385 384 384 384 385 385 385 385 385 385 385 385 385 385 385 385 385 385 385 385 385 386 386 386 386 385 386 386 386 386 386 386 386 386 386 386 386 387 386 386 387 387 387 388 388 387 388 388 388 388 387 387 387 387 388 388 388 387 387 387 388 389 390 389 389 389 389 390 390 390 390 389 389 390 390 389 390 369 369 367 367 367 368 367 368 368 368 368 368 368 368 368 368 369 369 369 369 370 370 370 370 371 372 372 373 373 372 372 372 373 373 373 373 373 373 373 373 374 374 374 374 374 374 374 374 374 374 374 374 374 375 375 375 375 375 375 375 375 375 375 375 376 376 376 376 376 376 376 376 376 376 376 376 375 375 375 375 375 375 375 375 376 376 376 376 376 376 376 376 376 375 375 375 376 376 376 375 376 376 376 376 376 376 376 376 375 375 375 375 376 376 376 375 376 376 376 376 376 376 376 377 376 376 376 376 376 376 377 377 377 377 377 377 377 378 378 378 378 379 379 379 379 378 379 379 379 379 380 380 380 380 379 379 379 380 380 379 380 380 380 380 380 380 380 380 381 380 380 379 379 380 380 379 379 379 380 379 379 379 380 380 380 380 380 380 380 380 380 380 380 380 380 380 381 381 381 381 381 381 381 381 381 381 381 381 381 381 381 381 381 381 381 381 381 382 382 382 382 382 382 382 382 382 382 381 381 381 381 381 381 381 381 382 382 382 382 382 382 382 382 382 382 382 382 383 383 383 383 383 383 383 383 383 383 383 383 383 383 383 383 383 383 383 383 383 382 383 383 383 383 383 384 384 384 384 384 384 384 384 384 384 383 383 383 383 383 383 383 383 383 383 383 383 386 385 385 385 385 385 385 385 385 385 385 385 385 385 385 385 386 386 386 385 384 384 384 384 385 385 385 385 385 385 385 385 385 385 385 385 385 385 385 385 385 385 385 385 385 385 385 385 386 386 386 386 386 386 386 386 386 386 386 387 387 387 387 388 388 388 388 388 388 388 387 387 386 386 387 387 387 387 388 388 389 390 389 389 389 389 389 389 390 389 389 389 389 389 389 390 390 391 369 368 367 368 368 368 368 368 368 368 368 368 368 368 368 368 368 369 369 370 370 371 372 372 371 372 372 372 372 372 372 373 373 373 373 373 373 373 374 374 374 374 374 374 374 374 374 374 374 374 374 374 374 374 375 375 375 375 375 375 375 375 375 376 376 376 376 376 376 376 376 376 376 376 376 375 375 375 375 375 375 375 376 376 376 376 376 376 376 376 377 376 375 375 375 375 375 375 375 375 376 376 376 376 376 376 376 376 376 375 375 375 375 375 375 375 376 376 376 376 376 376 377 377 377 376 377 376 376 376 377 377 377 377 378 378 378 378 379 379 379 379 379 379 378 378 379 379 379 380 380 380 380 380 379 379 379 379 380 380 380 381 380 381 381 380 380 380 380 380 380 380 380 381 380 379 379 379 379 379 380 380 380 380 380 380 380 380 380 380 380 380 380 380 380 381 381 381 381 381 381 381 381 381 381 381 381 381 381 381 381 381 381 381 381 381 382 382 382 382 382 382 381 381 382 382 382 382 382 381 381 381 381 381 382 382 382 382 382 382 382 382 382 382 382 383 383 383 383 383 383 383 383 383 383 383 383 383 383 383 383 383 383 383 383 383 383 383 383 383 383 383 383 383 384 384 384 384 384 383 383 383 383 383 383 383 383 383 383 383 383 383 383 383 383 385 386 386 386 385 385 385 385 385 385 385 385 385 385 385 385 385 386 387 385 385 384 384 384 385 385 385 385 385 385 385 385 385 385 385 385 385 385 385 385 385 385 386 386 385 385 385 385 385 385 386 386 386 386 386 386 386 386 386 386 387 387 387 387 387 387 388 388 388 388 388 388 387 387 386 386 387 387 388 388 388 389 389 389 389 388 389 389 390 389 388 388 389 389 390 390 390 390 391 391 368 368 368 368 368 367 368 368 368 368 368 369 369 370 369 368 369 369 370 370 371 372 372 371 371 372 372 373 373 373 373 373 373 373 373 373 374 374 374 374 375 374 374 374 374 374 374 374 374 374 374 374 374 375 375 375 375 375 375 375 375 376 376 376 376 376 376 376 376 376 376 376 376 376 376 376 375 375 375 375 375 376 376 376 376 377 377 377 377 376 376 376 376 375 375 375 375 376 376 375 375 376 376 376 376 377 377 376 375 375 375 376 376 375 376 376 376 376 377 377 377 377 377 377 377 376 376 376 376 377 377 378 378 378 378 379 379 379 379 378 379 379 378 378 378 379 380 379 379 380 380 380 379 379 379 379 380 380 380 380 381 381 381 380 380 380 380 381 380 380 380 381 380 380 379 379 379 379 379 379 379 380 380 379 380 380 380 380 380 380 380 380 381 381 381 381 381 381 381 381 381 381 381 381 381 381 381 381 381 381 381 381 381 381 382 382 382 382 382 382 382 382 382 382 382 382 382 382 382 382 381 381 382 382 382 382 382 382 382 382 382 382 382 382 382 382 383 383 383 383 383 383 383 383 383 383 383 383 383 383 383 383 383 383 383 383 383 383 383 383 383 383 383 383 384 384 384 383 383 383 383 383 383 383 383 383 383 383 383 383 383 383 383 383 385 386 387 387 387 386 386 385 385 385 385 385 385 385 385 385 385 386 387 386 386 385 385 384 385 385 385 385 385 385 385 385 385 385 385 385 385 385 385 386 386 386 386 386 386 386 386 386 386 385 385 385 386 386 386 386 386 386 386 387 387 387 387 387 387 387 387 387 387 388 388 389 389 388 388 387 386 386 387 387 388 388 388 390 390 389 388 389 390 389 388 389 389 390 390 390 390 390 390 390 389 369 369 368 368 368 367 368 368 368 368 369 370 370 369 368 368 369 370 370 371 371 372 371 371 371 371 371 372 373 373 374 374 374 373 373 374 374 374 374 375 374 374 374 374 374 374 374 374 374 374 375 375 375 375 375 375 375 375 375 375 376 376 376 376 376 376 376 376 376 376 376 376 377 377 376 375 375 375 375 375 375 375 375 376 376 377 377 377 377 376 376 377 376 376 376 376 376 376 376 376 376 375 376 376 376 376 376 376 376 375 376 376 376 376 376 376 376 377 377 377 377 377 377 377 377 377 377 376 376 376 377 377 377 377 378 379 379 378 378 378 379 379 378 378 379 379 379 379 379 380 380 380 380 379 379 379 380 380 380 380 381 381 381 380 380 380 380 380 380 380 380 380 381 380 380 379 379 380 379 379 379 379 379 379 380 380 380 381 381 380 380 380 380 381 381 381 381 381 381 381 381 381 382 382 381 381 381 381 381 381 381 381 381 381 381 382 382 382 381 382 382 382 382 382 382 382 382 382 383 382 382 382 382 382 382 382 382 382 382 382 382 382 382 382 382 382 382 382 383 383 383 383 383 383 383 383 383 383 383 383 383 383 383 383 383 383 383 383 383 383 383 383 383 383 383 384 383 383 383 383 383 383 383 383 383 383 383 383 384 384 383 383 383 383 385 385 386 387 387 388 387 386 385 385 385 385 385 385 385 385 385 386 387 387 386 385 385 384 384 385 385 385 385 385 385 385 385 385 385 385 386 386 386 386 386 386 387 387 388 387 387 387 386 386 385 385 385 386 386 386 386 386 386 387 387 387 387 387 387 387 387 387 387 387 388 388 388 388 389 388 388 387 387 387 387 387 388 389 389 389 388 389 390 389 389 389 390 390 390 389 389 390 390 390 389 389 390 389 389 390 390 369 369 368 369 368 368 368 368 368 368 368 369 369 368 368 368 369 370 370 370 370 371 370 370 371 371 371 372 372 373 374 373 373 373 374 374 375 375 375 374 374 374 374 374 374 374 374 375 375 375 375 375 375 375 375 375 375 375 375 375 376 376 376 376 376 376 376 376 376 376 376 377 377 377 376 376 376 376 375 375 375 375 375 376 376 377 376 376 376 376 376 377 377 376 376 376 376 376 376 376 376 376 376 376 376 376 376 376 376 375 376 376 376 376 376 376 376 377 377 377 377 377 376 376 376 376 376 376 376 376 376 377 377 377 377 378 379 378 378 378 378 378 378 378 379 380 379 379 380 380 381 380 380 379 379 379 380 380 381 381 381 382 381 381 381 380 380 380 379 380 381 381 380 380 380 379 379 380 380 380 379 380 379 379 379 380 380 380 381 380 380 380 380 380 381 381 381 381 381 382 382 381 381 382 381 381 381 381 381 382 382 381 382 381 381 381 382 381 381 382 382 382 382 382 382 382 382 383 382 382 382 382 382 382 382 382 382 382 382 382 382 382 382 382 382 382 382 382 382 382 383 383 383 383 383 383 383 383 383 383 383 383 383 383 383 383 383 383 383 383 383 383 383 383 383 383 383 383 383 383 383 383 384 384 384 383 383 384 384 384 384 384 384 384 385 385 385 386 386 386 386 387 387 386 386 385 385 385 385 385 385 386 386 387 387 386 385 384 384 384 385 385 386 386 386 385 385 385 385 385 386 386 386 386 387 386 387 387 387 387 388 388 387 387 387 386 386 386 386 387 386 386 387 387 387 387 387 387 388 388 388 387 387 387 387 387 387 388 388 388 388 388 388 388 387 387 388 388 389 389 389 388 389 389 388 389 390 390 390 389 389 390 390 390 389 389 389 390 389 389 389 390 390 369 369 369 369 369 368 369 368 368 368 368 368 368 368 368 369 369 370 370 370 370 370 371 371 372 372 372 372 373 373 374 374 374 375 374 374 374 374 374 375 375 375 374 374 375 375 375 375 375 375 375 375 375 375 375 375 375 375 376 376 376 376 376 376 376 376 376 376 376 376 377 376 376 376 377 377 376 376 375 375 375 375 375 376 376 376 376 375 376 376 376 377 376 376 376 376 376 376 376 376 376 376 376 376 376 376 376 375 376 376 376 376 377 376 376 377 377 377 377 377 377 377 377 376 376 376 376 376 376 376 376 377 377 378 378 378 378 378 378 378 378 379 379 380 380 380 380 380 380 381 380 380 379 380 380 380 380 381 381 381 380 381 381 381 381 380 380 380 381 381 381 380 380 380 379 380 381 381 380 380 379 380 379 379 379 380 380 380 380 380 381 381 381 381 381 381 382 381 381 381 381 381 381 381 381 381 381 381 382 382 382 381 381 381 382 382 381 381 382 382 382 382 382 382 383 383 382 382 382 382 382 382 382 382 382 382 382 382 382 382 382 382 382 382 382 382 382 382 383 383 383 383 383 383 383 383 383 383 383 383 383 383 383 383 383 383 383 383 383 383 383 383 383 383 383 383 383 383 383 383 384 384 384 383 383 383 383 383 384 384 384 384 385 385 385 386 386 386 386 386 387 388 388 387 386 385 385 385 385 386 386 388 387 386 385 384 384 385 385 385 385 386 386 386 385 385 385 386 386 386 386 387 387 387 388 388 387 387 387 387 387 387 387 387 387 387 387 387 386 386 386 387 387 387 387 387 387 388 388 388 388 388 388 388 387 387 388 388 388 388 388 388 387 387 388 388 389 389 389 389 388 389 388 389 390 390 390 389 389 390 389 389 389 388 389 389 389 389 390 390 390 390 391 369 369 369 368 368 368 369 368 369 368 369 370 370 370 371 371 371 372 372 372 372 372 372 373 373 373 374 374 374 374 374 374 375 374 375 375 375 375 375 375 375 375 375 375 375 375 375 375 375 375 375 375 375 375 376 376 376 376 376 376 376 376 376 376 376 377 377 376 376 376 377 377 376 376 376 376 375 375 375 375 375 376 376 375 375 375 376 376 376 376 376 376 376 376 376 376 376 376 376 376 376 376 375 376 376 376 377 376 377 377 377 377 377 377 376 376 376 376 376 376 376 376 377 377 376 376 376 377 377 377 378 378 378 378 378 379 379 379 379 379 379 379 379 380 380 380 380 380 380 379 380 381 381 381 380 381 380 380 381 382 381 380 380 380 381 381 381 380 380 379 379 380 381 381 381 380 380 379 379 380 380 379 380 380 380 380 380 381 381 381 381 381 381 381 381 381 381 381 381 381 381 381 381 381 381 382 382 382 382 382 382 382 381 381 381 382 382 382 382 383 383 383 382 382 382 382 382 382 382 382 382 382 382 382 383 382 382 382 382 382 382 382 382 382 382 383 383 383 383 383 383 383 383 383 383 383 383 383 383 383 383 383 383 383 383 383 383 383 383 383 383 383 384 383 383 383 384 384 384 384 383 383 383 383 383 383 383 383 385 385 385 385 385 386 386 385 386 388 389 389 388 387 386 386 385 385 387 388 388 387 386 385 385 385 385 385 385 386 386 386 386 386 386 386 386 386 386 387 387 387 387 387 387 387 387 387 387 386 387 387 387 387 387 387 387 387 386 386 387 387 387 387 387 387 387 388 388 388 388 388 388 388 388 388 388 387 387 388 387 387 387 388 388 389 389 389 389 388 389 389 389 389 389 389 390 390 390 389 388 388 388 388 389 389 389 390 390 390 370 370 370 369 369 369 369 369 369 369 370 370 370 371 371 371 371 371 371 372 372 372 373 373 374 374 375 375 374 375 374 374 375 375 375 375 375 375 375 375 375 375 375 376 375 375 375 375 375 375 375 375 376 376 376 376 376 376 376 376 376 376 377 377 376 376 376 377 377 377 377 377 377 377 376 376 375 375 374 374 375 375 375 375 375 375 375 375 375 375 376 376 376 376 376 376 376 376 376 376 375 376 376 376 377 377 376 377 377 377 377 377 376 376 376 376 377 376 377 377 377 377 376 376 376 377 377 377 378 378 377 378 379 379 379 378 378 379 379 379 380 380 380 380 381 380 380 380 380 380 380 380 380 380 380 380 380 381 381 380 380 379 380 381 381 381 380 380 379 380 380 381 381 380 380 380 379 380 380 380 380 379 380 380 380 380 381 381 381 381 381 381 381 381 381 381 381 381 381 381 381 381 381 381 382 382 382 382 382 382 381 381 381 381 382 382 382 383 383 383 383 382 382 382 382 382 382 382 382 383 383 383 383 383 382 382 382 382 382 382 382 382 383 383 383 383 383 383 383 383 383 383 383 383 383 383 383 383 383 383 383 383 383 383 383 383 383 383 383 383 383 383 383 383 384 384 384 384 384 384 383 383 383 383 383 383 385 385 385 385 385 385 386 386 386 386 388 389 389 389 389 388 387 386 387 388 388 388 387 386 385 385 385 385 385 386 386 387 387 387 387 387 387 387 387 387 387 387 386 386 387 387 387 386 387 387 387 387 387 387 387 387 387 387 387 387 387 387 387 387 387 387 387 387 387 388 388 388 388 389 389 389 388 388 387 387 387 387 387 387 387 388 388 389 388 388 389 390 389 388 388 389 389 390 390 390 388 388 388 388 388 388 389 389 390 369 370 370 370 370 369 370 370 371 371 371 372 372 373 373 373 373 374 374 374 375 375 374 374 375 375 375 375 375 375 375 375 375 375 375 376 376 376 375 375 375 375 375 375 376 376 376 376 376 376 376 376 376 376 377 376 376 376 376 376 377 377 377 377 377 377 377 377 377 376 376 375 375 374 374 375 374 374 374 375 375 375 375 375 376 376 376 376 376 376 376 376 376 376 376 376 376 376 377 377 377 377 377 377 377 377 376 376 377 377 376 377 378 378 377 376 376 376 376 377 377 378 377 378 379 379 378 378 378 379 379 379 380 380 380 380 381 380 380 380 380 381 380 380 380 380 381 381 381 380 380 380 380 380 380 380 381 381 381 380 380 379 380 380 381 381 380 380 380 380 380 380 380 380 380 380 379 379 380 381 381 381 381 381 381 381 381 381 381 381 381 381 381 381 381 381 381 382 382 382 382 382 382 382 381 382 382 382 382 383 382 382 383 383 383 382 382 383 382 382 382 382 383 384 383 383 382 382 383 382 382 382 382 382 383 383 383 383 383 383 383 383 383 383 383 383 383 383 383 383 383 383 383 383 383 383 383 383 383 383 383 384 384 384 384 384 384 384 383 384 384 384 384 383 383 383 384 383 383 385 385 385 385 385 385 385 385 385 386 386 387 389 389 389 389 389 388 389 389 388 388 388 387 386 385 385 385 385 385 386 386 387 387 387 387 388 388 387 387 387 387 387 386 386 386 387 387 387 387 387 387 387 387 387 387 387 387 387 387 387 387 387 387 387 387 387 387 387 387 387 387 388 388 389 389 389 389 388 387 387 387 387 387 387 387 387 387 388 388 389 389 389 388 389 389 389 390 389 389 389 388 388 388 388 389 389 389 389 369 370 370 370 371 371 371 372 372 373 373 373 373 373 374 374 374 374 374 374 375 375 375 375 375 375 375 375 375 375 375 376 376 376 376 375 375 375 375 376 376 376 376 376 376 376 376 376 376 376 376 376 376 377 377 377 377 376 376 376 376 377 377 377 377 377 377 377 376 376 375 375 376 376 376 375 374 374 375 375 375 376 376 376 376 376 376 376 376 376 376 376 376 376 376 376 377 377 377 377 377 378 377 377 377 377 377 377 377 377 377 376 376 376 377 377 377 377 377 377 378 379 379 378 378 378 379 379 379 379 380 380 380 381 381 381 381 381 380 380 381 380 381 381 381 380 380 380 381 381 380 380 380 380 380 381 381 380 380 380 381 381 381 381 381 380 380 380 380 380 380 380 380 380 379 379 380 381 381 381 381 381 381 381 381 381 381 381 381 381 381 382 381 381 382 382 382 382 382 381 381 381 382 382 382 382 382 382 382 382 383 383 383 383 383 383 382 382 382 383 383 383 383 383 383 383 382 382 382 382 383 383 383 383 383 383 383 383 383 383 383 383 383 383 383 383 383 383 383 383 383 383 383 383 383 383 383 383 383 383 384 384 384 384 384 384 384 384 384 384 384 383 384 383 383 384 385 385 385 385 385 385 385 386 386 385 385 386 387 389 389 389 389 389 389 389 389 389 389 388 387 386 386 385 385 385 385 386 386 387 387 387 388 388 388 387 387 387 387 387 387 386 387 387 387 387 387 387 387 387 387 387 387 387 387 387 387 387 387 387 387 387 387 387 387 387 387 387 387 388 388 388 388 389 389 388 388 388 387 387 387 387 387 387 387 387 387 388 388 388 388 389 389 389 389 389 388 388 388 388 388 388 388 388 389 389 369 370 371 371 371 371 371 372 373 373 373 373 373 373 374 374 374 374 374 375 375 375 375 375 375 375 375 375 375 375 375 376 376 376 376 376 376 376 376 376 376 376 376 376 376 376 376 376 376 376 376 376 376 376 377 377 376 376 376 376 377 377 377 377 377 377 377 377 377 377 377 377 376 376 376 376 375 375 375 375 375 375 376 376 376 376 376 376 376 376 376 376 376 376 377 376 377 377 377 378 378 378 378 377 377 377 377 377 377 377 377 377 376 376 377 377 377 377 377 378 378 379 378 378 378 378 379 379 379 379 380 380 380 380 381 381 381 382 381 381 380 380 381 381 381 381 381 381 382 381 380 380 380 380 381 381 381 381 381 380 381 382 381 381 380 380 380 380 380 380 380 380 380 380 380 379 380 380 380 381 381 380 380 380 381 381 381 381 381 381 381 382 382 382 382 382 382 382 382 382 382 381 382 382 382 382 382 382 382 382 382 383 384 383 383 383 383 383 382 383 384 383 383 383 383 383 382 382 382 382 383 383 383 383 383 383 383 383 383 383 383 383 383 383 383 383 383 383 383 383 383 383 383 383 383 383 383 383 383 383 383 384 383 384 384 384 384 384 385 385 384 384 384 383 384 384 385 385 385 385 385 385 385 386 386 385 386 386 386 388 389 389 389 389 389 389 389 389 388 388 388 387 387 386 385 385 385 386 386 386 387 387 387 387 387 387 387 387 387 387 387 387 387 387 387 387 387 387 387 387 387 387 387 387 387 387 387 387 387 387 387 387 387 387 387 387 387 387 387 388 388 388 388 388 388 389 389 389 388 388 389 389 389 388 388 387 387 387 388 388 388 388 388 389 388 389 387 387 388 388 388 388 388 388 389 368 370 370 371 371 372 372 372 372 372 373 373 373 373 373 373 374 374 374 374 375 375 375 375 375 375 375 375 375 375 375 375 375 376 376 376 376 376 376 376 376 376 376 376 376 376 377 376 376 376 376 376 376 376 376 376 376 376 376 377 377 377 377 377 377 377 377 377 377 377 377 377 376 376 376 376 376 375 375 375 375 375 375 375 375 376 376 376 376 376 376 377 377 376 376 377 377 377 377 377 377 378 378 378 378 378 378 378 377 377 378 378 377 377 377 377 377 376 377 377 377 378 378 378 378 378 378 378 379 379 379 379 379 380 380 380 380 381 382 382 381 381 381 382 381 381 382 382 382 382 381 381 380 380 380 380 381 382 382 381 381 381 382 382 382 381 380 380 380 380 381 381 380 380 380 380 380 380 380 380 380 380 380 381 381 381 381 381 381 381 381 381 381 382 382 382 382 382 382 382 382 382 381 382 382 382 382 382 382 382 382 382 383 383 383 383 383 383 383 383 383 384 384 383 383 383 383 382 382 382 383 383 383 383 383 383 383 383 383 383 383 383 383 383 383 383 383 383 383 383 383 383 383 383 383 384 384 383 383 383 383 383 383 383 384 384 384 384 384 384 384 385 385 384 384 384 384 386 386 385 385 385 385 386 386 386 386 386 386 386 388 388 389 389 389 389 389 389 388 388 388 387 387 387 386 386 385 386 386 386 386 386 387 387 387 387 387 387 387 387 387 387 387 387 386 387 386 386 387 387 387 387 387 387 387 387 387 387 387 387 387 387 387 387 387 387 387 387 387 387 388 388 388 388 388 388 388 388 388 388 388 388 389 389 389 389 389 388 387 387 388 388 388 388 388 388 389 388 388 388 388 388 388 388 389 389 370 370 371 371 371 372 372 373 373 373 373 373 373 373 373 374 374 374 374 375 375 375 375 375 375 375 375 375 375 375 375 376 376 376 376 376 376 376 376 376 376 376 376 376 377 377 376 376 376 376 376 376 376 376 376 376 376 376 377 377 377 377 377 377 377 377 377 377 377 377 376 376 376 376 375 375 375 375 375 375 375 376 376 376 376 376 376 376 376 376 376 377 377 376 377 377 377 377 378 378 378 378 379 379 378 378 378 378 378 378 378 378 377 377 378 377 377 376 377 377 377 378 378 378 378 378 379 379 379 379 379 380 380 380 380 380 381 382 382 382 382 382 382 382 382 381 381 382 382 382 381 380 381 381 381 382 382 382 382 381 381 381 381 381 381 381 381 380 380 380 380 380 380 380 380 380 380 380 381 381 380 380 381 381 381 381 381 381 381 381 381 381 381 382 382 382 382 382 382 382 381 382 382 382 382 382 382 383 382 382 382 382 383 383 382 382 382 382 383 383 383 383 383 383 383 383 383 383 383 383 383 383 383 383 383 383 383 383 383 383 383 383 383 383 383 383 383 383 383 383 383 383 383 383 383 384 384 383 383 383 383 383 383 383 384 384 384 384 384 384 385 385 385 385 384 384 386 385 385 385 385 385 386 386 386 386 386 386 386 386 387 388 388 388 388 389 389 389 389 389 388 387 387 386 386 386 386 386 386 386 386 387 387 387 387 387 387 387 387 387 387 387 387 386 387 387 387 386 387 387 387 387 387 387 387 387 387 387 387 387 387 387 387 387 387 387 387 387 387 387 387 388 388 388 388 388 388 388 388 388 388 388 388 388 389 389 389 388 387 387 388 388 388 388 388 389 388 388 388 388 388 388 388 388 389 370 370 371 371 372 373 373 373 373 374 373 373 373 374 374 374 374 374 375 375 375 375 375 375 375 375 375 375 376 376 376 376 376 376 376 376 376 376 376 376 376 376 377 377 377 376 376 376 376 376 376 376 376 376 376 377 377 377 377 377 377 377 377 377 377 377 377 377 376 375 375 375 375 376 375 376 376 376 375 376 376 376 376 376 376 376 376 376 376 376 377 377 377 377 377 377 377 378 378 378 378 378 378 379 378 378 378 379 379 378 378 379 378 378 377 377 377 377 377 378 377 378 379 379 379 379 379 379 379 379 379 379 380 380 382 382 382 381 382 382 382 382 381 381 381 381 381 382 382 381 381 382 382 382 382 382 382 382 382 381 382 381 381 380 380 380 380 380 380 380 380 380 380 380 380 380 381 381 380 380 381 381 381 381 381 381 381 381 381 381 381 381 381 382 382 382 382 382 382 382 382 382 382 382 382 382 383 383 383 383 383 382 382 382 382 382 382 383 383 383 383 383 383 383 383 383 383 383 383 383 383 383 383 383 383 383 383 383 383 383 383 383 383 383 383 383 383 383 383 383 383 383 383 383 384 384 383 383 383 383 383 383 384 384 384 384 384 384 384 384 385 385 385 384 386 386 386 385 385 385 385 386 386 386 386 386 386 386 386 386 386 387 388 389 389 389 389 389 388 388 387 386 386 386 385 386 386 387 387 387 386 387 387 387 387 387 387 387 387 387 387 387 387 387 387 387 387 386 387 387 387 387 387 387 387 387 387 387 387 387 387 387 387 387 387 387 387 387 387 387 387 387 388 388 388 388 388 388 388 388 388 388 388 388 389 389 388 388 388 388 388 388 388 389 387 387 388 388 388 388 388 388 372 372 373 373 373 373 373 373 373 373 373 374 374 375 375 375 375 375 375 375 375 375 375 375 375 376 376 376 376 376 376 376 376 376 376 376 376 376 377 377 377 376 376 377 376 376 376 376 376 376 376 376 377 377 377 377 377 377 377 377 377 377 377 377 376 376 375 375 376 376 375 376 377 376 376 376 376 376 376 376 376 377 377 377 376 376 376 376 377 377 377 377 377 377 377 378 378 378 378 378 379 379 378 378 379 379 379 379 379 378 378 377 377 377 377 377 378 378 378 379 379 379 379 380 380 379 379 380 380 380 381 381 381 381 381 382 383 383 382 382 382 381 381 381 382 382 382 383 382 382 381 382 382 383 382 382 382 382 381 381 381 380 380 380 380 380 380 380 380 380 380 380 381 381 381 380 380 381 381 381 382 382 382 382 381 381 381 381 382 382 382 382 382 382 382 382 382 382 382 382 382 382 382 383 383 383 382 382 382 382 382 382 383 383 383 383 383 383 383 383 383 383 383 383 383 383 383 383 383 383 383 383 383 383 383 383 383 383 383 383 383 383 383 383 383 383 383 383 383 383 383 384 384 383 383 383 384 384 383 383 383 384 384 384 384 384 384 385 385 385 386 386 386 386 385 385 385 385 386 386 386 386 386 386 386 386 386 386 387 388 389 389 389 389 388 388 387 387 387 386 386 386 386 386 387 387 386 387 386 387 387 387 387 387 387 387 387 387 387 387 387 387 387 386 387 387 387 387 387 387 387 387 387 387 387 387 387 387 387 387 387 387 387 387 387 387 387 387 388 388 388 388 388 388 387 387 387 387 387 388 388 388 389 388 388 388 388 388 388 388 387 387 387 387 387 387 388 388 371 372 373 373 373 373 373 373 374 374 374 375 375 375 375 375 375 375 375 376 376 376 376 376 376 376 376 376 376 376 376 376 376 376 377 377 377 377 377 377 377 377 376 376 376 376 376 377 377 377 377 377 377 377 377 377 377 377 378 377 377 376 376 376 377 377 375 376 377 376 376 376 376 376 376 376 376 376 377 377 377 376 376 376 376 377 377 377 377 378 377 377 378 378 378 378 378 378 378 378 378 378 378 378 379 379 378 378 377 377 377 377 377 378 379 378 379 379 379 379 379 380 380 380 381 380 381 381 380 381 382 382 382 383 383 383 383 382 381 381 381 382 382 382 382 382 381 381 382 382 382 382 382 382 382 381 381 381 380 380 381 381 381 381 380 380 381 380 381 382 381 381 380 381 382 382 382 382 382 382 382 381 381 381 381 382 382 382 382 382 382 382 382 382 382 382 382 382 382 383 382 382 382 382 382 382 382 382 383 383 383 382 383 383 383 383 383 383 383 383 383 383 383 383 383 383 383 383 383 383 383 383 383 383 383 383 383 383 383 383 383 383 383 383 383 383 383 383 383 383 383 383 384 383 383 384 384 384 384 384 384 384 384 384 384 385 386 386 386 386 386 386 386 385 386 386 386 386 386 386 386 386 386 386 386 386 387 387 388 389 388 388 387 387 386 386 386 386 386 387 387 386 386 386 386 387 387 387 387 387 387 388 388 387 388 388 387 387 387 386 387 387 387 387 387 387 387 387 387 387 387 387 387 387 387 387 387 387 387 387 387 387 387 387 388 388 388 388 388 388 388 388 387 387 387 387 387 387 388 388 389 389 389 388 388 388 387 387 387 387 387 387 372 373 374 374 374 374 375 375 375 375 375 375 375 376 376 376 376 376 376 376 376 376 377 377 377 377 377 377 377 377 377 377 377 377 377 377 376 376 376 376 377 377 377 377 377 377 377 377 377 377 377 378 377 377 376 376 376 377 377 376 376 376 376 376 376 376 376 377 377 376 376 376 377 377 377 377 377 377 377 377 377 378 378 378 378 378 379 379 379 379 378 378 379 378 378 377 377 378 379 379 378 378 378 378 377 378 378 378 378 379 379 379 379 379 380 381 381 380 380 380 380 380 381 382 382 382 382 382 382 383 382 381 381 381 382 382 382 382 382 382 382 381 382 382 382 382 382 382 381 381 380 380 381 381 381 381 381 380 380 381 380 381 382 381 381 380 381 382 382 382 382 382 382 382 382 381 381 381 381 382 382 382 382 382 382 382 382 382 383 382 382 382 382 382 382 382 382 383 383 382 382 383 383 383 382 383 383 383 383 383 383 383 383 383 383 383 383 383 383 383 383 383 383 383 383 383 383 383 383 383 383 383 383 383 383 383 383 383 383 383 383 383 383 384 383 383 383 384 384 384 384 384 384 384 384 384 384 384 384 386 386 386 386 386 386 386 386 386 386 386 386 386 386 386 386 386 386 386 386 386 387 387 388 388 388 387 387 387 386 387 386 386 386 386 386 386 386 387 387 387 387 387 387 387 387 387 387 387 388 388 387 387 387 387 387 387 387 387 387 387 387 387 387 387 387 387 387 387 387 387 387 387 387 387 387 387 388 388 388 388 388 388 388 388 387 387 387 387 387 387 387 387 387 388 389 389 389 388 388 387 387 388 388 388 375 375 375 375 375 375 375 375 376 376 376 376 376 376 376 376 377 377 377 377 377 377 377 377 377 377 377 377 377 377 377 377 377 377 376 377 377 377 377 377 377 377 377 377 377 377 377 377 376 376 376 377 376 376 376 376 376 376 376 376 376 376 377 376 376 376 377 377 377 377 377 377 377 377 377 378 378 378 378 378 378 378 378 378 378 379 379 379 378 378 378 378 378 378 378 378 378 378 378 378 378 378 378 379 379 379 379 380 380 380 380 380 380 380 381 382 382 382 382 382 382 382 382 383 382 381 381 381 382 382 381 382 382 382 382 382 381 381 382 382 382 382 381 381 381 380 381 381 381 381 381 381 380 381 381 381 382 381 381 381 381 381 381 381 381 382 382 382 382 382 382 381 381 382 381 381 382 382 382 382 382 382 382 382 382 382 382 382 382 382 383 383 383 382 382 383 383 382 382 383 383 383 383 383 383 383 383 383 383 383 383 383 383 383 383 383 383 383 383 383 383 383 383 383 383 384 384 383 383 383 383 383 383 384 384 383 383 384 384 384 384 384 384 384 384 384 384 384 384 384 384 384 384 386 386 386 386 386 387 386 386 386 386 386 386 386 386 386 386 386 386 386 386 386 386 386 386 387 387 387 387 387 387 387 386 386 386 386 386 386 386 387 387 387 387 387 387 387 387 387 387 387 387 387 387 387 386 387 387 387 387 387 387 387 387 387 387 387 387 387 387 387 387 387 387 387 387 387 387 387 388 388 388 388 388 388 388 388 387 387 387 387 387 387 387 387 387 387 387 388 388 389 388 387 387 375 375 375 375 375 375 375 376 376 376 376 376 376 376 376 377 377 377 377 377 377 377 377 377 377 377 377 377 377 377 377 377 376 377 377 377 377 377 377 377 377 377 377 377 377 377 377 377 377 377 376 376 376 377 376 376 377 376 376 376 376 377 377 377 377 376 377 377 377 377 377 377 377 378 378 378 378 379 379 379 379 379 378 379 379 379 379 378 378 378 378 378 378 378 378 378 378 378 378 378 378 378 379 378 379 379 379 379 379 380 381 381 381 382 382 382 382 381 381 382 382 382 383 382 381 381 381 381 381 381 382 382 382 382 382 382 382 382 382 382 382 381 381 381 380 381 381 381 381 381 381 380 381 381 382 382 381 381 381 381 381 381 381 381 382 382 382 382 383 382 382 382 382 381 381 382 382 382 382 382 382 382 382 382 382 382 382 382 382 383 383 383 383 383 382 382 383 383 383 383 383 383 383 383 383 383 383 383 383 383 383 383 383 383 383 383 383 383 383 383 383 383 384 384 384 384 384 383 383 383 383 384 384 384 383 383 384 384 384 384 384 384 384 384 384 384 384 384 384 384 384 384 386 386 386 386 386 387 387 387 386 386 386 386 386 386 386 386 386 386 386 386 386 386 386 386 387 386 387 387 387 387 387 386 386 386 386 386 386 386 386 387 387 387 387 387 387 387 387 387 387 387 387 387 387 387 387 387 387 387 387 387 387 387 387 387 387 387 387 387 387 387 387 387 387 387 387 387 387 388 388 388 388 388 388 388 388 387 387 387 387 387 387 387 387 387 387 387 387 387 388 389 376 375 375 375 376 376 375 376 376 376 376 376 376 376 376 376 376 377 377 377 377 377 377 377 377 377 377 377 377 377 377 377 377 377 378 377 377 378 378 377 377 377 377 377 377 377 377 377 377 376 376 376 376 377 377 377 377 376 376 376 376 377 377 377 377 377 377 377 377 378 377 378 378 378 378 378 379 379 379 379 380 379 379 379 379 378 378 378 378 378 378 378 378 378 378 378 379 378 378 378 378 378 378 379 379 380 379 380 381 381 381 381 381 381 382 382 382 381 381 382 382 383 383 382 382 381 381 382 382 381 381 381 382 382 382 382 382 382 382 382 382 381 381 381 380 380 380 380 380 381 381 381 381 381 382 382 381 381 381 381 381 381 382 382 382 382 382 383 383 383 382 382 382 382 382 382 382 382 382 382 382 382 382 382 382 382 382 382 382 383 383 383 383 383 383 383 383 383 383 383 383 383 383 383 383 383 383 383 383 383 383 383 383 383 383 383 383 383 383 383 383 384 384 384 384 384 383 383 383 383 383 384 384 383 383 384 384 384 384 384 384 384 384 384 384 384 384 384 384 384 384 384 386 386 386 386 386 387 387 387 386 386 386 386 386 386 386 386 386 386 386 386 386 386 386 387 386 386 386 387 387 387 387 387 387 386 386 387 386 386 386 386 387 387 386 387 387 387 387 388 387 387 387 387 387 387 387 387 386 387 387 387 387 387 387 387 387 387 387 387 387 387 387 387 387 387 387 387 387 387 387 388 388 388 388 388 388 388 387 388 387 387 387 387 387 387 387 387 387 387 387 388 376 376 375 376 376 376 376 376 376 376 376 376 376 376 376 376 377 377 377 377 377 377 377 377 377 377 377 377 376 377 378 378 377 377 377 377 377 378 378 377 378 378 377 377 377 377 377 377 376 376 377 376 377 377 376 376 376 377 376 376 376 377 377 377 377 378 378 378 378 378 378 378 379 379 379 379 379 379 379 379 379 379 379 379 379 379 379 379 379 378 378 378 378 378 378 379 378 378 378 378 378 378 379 379 380 380 380 380 380 381 381 381 381 382 382 381 382 382 382 382 382 382 383 382 382 381 382 382 382 382 381 381 382 382 382 382 382 382 382 382 381 381 381 381 381 381 381 380 380 380 381 381 381 382 382 381 381 382 381 381 381 382 382 382 383 383 383 383 383 383 383 383 383 382 383 383 382 382 382 382 382 382 382 382 382 382 382 382 382 382 383 383 383 383 383 383 383 383 383 383 383 383 383 383 383 383 383 383 383 383 383 383 383 383 383 383 383 383 383 383 384 384 384 384 384 383 383 384 384 384 383 383 383 384 384 384 384 384 384 384 384 384 384 384 384 384 384 384 384 384 384 386 386 386 386 386 387 387 387 386 386 386 386 386 386 386 386 386 386 386 386 386 387 387 386 386 386 386 386 386 387 387 387 387 387 387 387 386 386 386 386 387 387 387 387 387 387 388 388 388 388 388 388 388 387 387 387 386 386 386 387 388 387 387 387 387 387 387 387 387 387 387 387 387 387 387 387 387 387 387 387 388 388 388 388 388 388 388 388 388 387 387 388 388 387 387 387 387 387 387 376 376 376 376 376 376 376 376 376 376 376 376 376 377 376 376 377 377 377 377 377 377 377 377 377 377 377 377 377 377 377 377 377 377 377 377 377 378 378 378 378 378 378 378 377 376 376 376 377 377 377 377 377 377 376 376 376 376 376 376 377 377 377 377 377 378 378 378 378 378 379 379 379 379 379 379 379 379 379 380 380 379 379 379 379 379 379 379 379 379 378 378 378 378 378 378 378 378 378 378 378 378 379 379 380 380 380 380 380 381 381 381 381 382 382 382 381 382 382 382 382 382 382 383 382 382 382 381 381 381 381 381 382 381 382 382 382 382 382 382 382 382 381 381 381 382 381 381 381 381 380 381 381 382 382 381 382 382 382 381 381 382 382 382 382 382 382 382 382 382 383 383 383 383 383 383 383 383 383 382 382 382 382 383 382 382 382 382 382 382 382 383 382 382 383 383 383 383 383 383 383 383 383 383 383 383 383 383 383 383 383 383 383 383 383 383 383 383 383 383 384 384 384 384 384 384 384 384 384 383 383 383 383 384 384 384 384 384 384 384 384 384 384 384 384 384 384 384 384 384 384 386 386 386 386 386 386 387 387 387 386 386 386 386 385 385 386 386 386 386 386 387 387 386 386 386 386 386 386 386 386 386 386 387 387 387 387 386 386 386 386 387 387 387 387 386 387 387 387 387 388 388 388 388 388 388 387 387 387 386 387 388 388 387 387 387 387 387 387 387 387 387 387 387 387 387 387 387 387 387 387 387 388 388 388 388 388 388 388 387 387 387 388 388 388 388 387 387 387 387 376 376 376 376 376 376 376 376 376 376 376 376 376 376 377 377 377 377 377 377 377 377 378 377 377 377 377 376 376 376 376 377 377 377 377 377 378 378 378 378 378 377 377 377 377 376 376 377 377 377 377 376 376 376 376 376 376 377 378 378 378 378 378 378 378 378 378 378 379 379 378 379 379 379 379 379 379 379 379 379 380 380 379 379 379 379 378 378 378 378 378 378 378 378 378 378 378 378 378 379 379 380 379 379 379 379 380 380 381 381 381 381 382 381 381 382 382 382 382 383 383 382 382 382 381 381 381 382 382 382 382 382 382 381 382 382 382 382 382 381 381 381 381 382 382 382 381 381 381 381 382 382 382 382 382 382 381 381 381 381 382 382 382 382 382 382 382 382 382 382 383 383 383 383 383 383 383 382 382 383 383 383 382 382 382 382 382 382 382 382 382 382 382 382 382 383 383 383 383 383 383 383 383 383 383 383 383 383 383 383 383 383 383 383 383 383 383 383 384 384 384 384 384 384 384 384 384 383 383 383 384 384 384 384 384 384 384 384 384 384 384 384 384 384 384 384 384 384 384 386 386 386 386 387 387 387 387 387 387 387 387 386 386 386 385 386 386 386 386 386 386 386 386 386 386 386 386 386 386 386 386 386 387 387 386 386 386 386 387 387 387 387 387 387 387 387 387 387 387 388 388 388 388 388 388 387 387 387 387 387 388 388 387 387 387 387 387 387 387 387 387 387 387 387 387 387 387 387 387 387 388 388 387 387 387 387 387 387 387 387 388 388 388 388 388 388 388 376 376 376 376 376 376 377 377 377 377 376 376 376 376 377 377 377 377 377 377 377 378 377 377 376 376 377 377 377 377 377 377 377 377 377 377 377 378 378 377 378 378 377 377 376 376 376 377 377 377 376 376 377 376 376 376 376 377 377 377 377 377 377 377 377 378 378 378 378 378 379 379 379 379 380 379 379 379 378 379 379 379 379 379 379 379 379 378 378 378 378 378 378 378 378 377 378 378 378 378 379 379 379 380 380 380 380 380 381 381 381 381 381 381 382 381 382 382 382 383 383 382 382 381 382 382 382 382 382 382 382 382 381 381 382 382 382 382 382 382 382 382 382 382 382 382 382 381 382 382 382 382 382 382 382 381 381 382 381 381 382 382 382 382 382 382 382 382 382 382 382 382 383 383 383 384 383 383 382 382 382 382 382 382 382 382 382 382 382 383 382 382 382 382 382 382 383 383 382 383 383 383 383 383 383 383 383 383 383 383 383 383 383 383 383 383 383 384 384 384 384 384 384 384 384 384 383 383 383 384 384 384 384 384 384 384 384 384 384 384 384 384 384 384 384 384 384 384 386 386 386 387 387 387 386 387 387 387 387 387 386 386 386 386 386 386 386 386 386 386 386 386 386 386 386 386 386 386 386 386 386 386 386 386 386 386 386 386 386 387 387 387 387 387 387 387 387 387 387 388 388 388 387 387 387 388 388 387 387 387 388 388 387 387 387 387 387 387 387 387 387 387 387 386 387 387 387 387 387 387 387 387 387 387 387 387 387 387 387 387 387 388 387 388 388 388 376 376 376 377 377 377 377 376 376 376 377 377 377 377 377 377 377 377 377 377 377 377 376 377 377 377 377 377 377 377 378 378 377 377 378 378 378 378 378 377 377 377 377 377 377 377 377 377 377 377 376 376 377 377 377 377 377 377 377 378 378 378 378 378 378 378 379 379 379 379 380 379 379 379 379 378 378 379 379 379 379 379 379 379 379 379 379 379 378 378 378 378 378 378 378 378 378 379 379 380 380 379 379 380 380 381 381 381 382 382 382 381 382 382 382 382 383 383 382 382 382 382 382 382 382 381 381 382 382 381 381 381 382 382 382 382 382 382 382 382 382 383 382 382 382 382 382 382 382 381 381 381 381 381 382 382 382 382 382 382 382 382 382 382 383 382 382 382 383 383 383 383 384 383 383 382 383 383 383 382 382 382 382 382 382 382 382 382 382 383 382 383 382 383 383 382 382 383 383 383 383 383 383 383 383 383 383 383 383 383 383 383 383 383 384 384 384 384 384 384 384 384 384 383 383 384 384 384 384 384 384 384 384 384 384 384 384 384 384 384 384 384 384 384 384 386 386 387 387 387 386 386 386 387 387 387 387 387 386 386 386 386 386 386 386 386 386 386 386 386 386 386 386 386 386 386 386 386 386 386 386 386 386 386 387 387 387 387 387 387 387 387 387 387 388 388 388 388 388 387 388 387 388 388 387 387 387 387 387 388 387 387 387 387 387 387 387 387 387 387 387 386 387 387 387 387 387 386 386 386 386 387 387 387 387 387 387 387 387 387 387 377 377 377 377 377 377 377 377 377 377 377 377 377 377 377 377 377 377 378 377 377 377 377 377 378 377 377 377 377 377 377 377 377 377 377 377 377 377 378 377 378 378 377 378 378 378 377 377 377 376 376 377 378 377 378 378 378 378 378 378 378 378 379 379 379 379 379 379 379 380 379 379 379 378 378 379 378 378 378 378 379 379 379 379 379 379 379 378 378 378 378 378 378 378 378 379 380 380 380 379 379 380 380 380 381 380 381 382 381 381 382 382 382 382 383 383 383 383 382 383 383 382 382 381 381 381 381 382 382 382 381 382 382 382 382 382 382 382 382 382 383 383 382 382 382 382 382 382 382 382 381 381 381 382 382 382 382 383 383 383 382 383 383 383 383 383 382 383 383 383 383 383 383 383 383 383 383 383 383 382 383 382 382 382 382 383 383 382 383 383 383 383 383 383 383 383 383 383 383 383 383 383 383 383 383 383 383 383 383 383 383 383 384 383 384 383 384 384 384 384 384 384 384 384 384 384 384 384 384 384 384 384 384 384 384 384 384 384 384 384 384 384 384 384 386 386 386 386 386 386 386 386 386 386 387 387 386 386 386 385 386 386 386 386 386 385 385 386 386 386 386 386 386 386 385 385 385 385 385 386 386 387 387 387 387 387 387 387 387 387 387 387 387 387 388 388 388 388 388 388 388 388 388 388 387 387 387 387 387 387 387 387 387 386 387 387 387 387 387 386 386 386 386 386 387 387 386 386 386 386 386 386 386 387 387 387 387 376 377 377 377 377 377 377 377 377 377 377 377 377 377 377 377 377 377 378 378 378 377 377 377 377 377 377 377 377 377 377 377 377 377 377 377 377 378 378 378 378 378 377 377 377 378 377 377 378 377 377 377 378 378 378 378 379 378 378 378 378 379 380 380 379 379 379 379 379 379 379 379 379 379 379 379 379 379 379 378 378 378 379 379 379 379 379 379 378 378 378 378 378 379 379 380 380 379 379 379 380 381 380 380 380 381 381 381 381 381 381 381 382 382 382 383 383 383 382 382 383 383 382 381 382 381 381 381 382 382 382 382 382 382 382 382 382 382 382 382 382 383 383 382 383 382 382 382 382 382 381 381 381 381 382 382 382 382 382 383 383 383 383 383 383 383 383 383 383 383 383 384 384 384 384 384 384 383 383 382 383 383 383 383 383 383 383 383 383 383 383 383 383 383 383 383 383 383 383 383 383 383 383 383 383 383 383 383 383 383 383 384 384 383 383 384 384 384 384 384 384 384 384 384 384 384 384 384 384 384 384 384 384 384 384 384 384 384 384 384 384 384 384 384 386 386 386 386 386 386 386 386 386 386 386 387 386 386 387 386 385 386 387 386 386 385 385 385 385 386 386 386 385 385 385 385 386 386 386 386 386 386 386 386 387 387 387 387 387 387 387 387 387 387 388 388 388 389 389 388 388 388 388 388 387 387 386 386 387 387 387 387 386 387 387 387 387 387 387 386 386 386 386 386 386 386 386 386 386 386 386 386 386 386 386 386 387 377 377 377 377 377 377 377 377 377 377 377 377 377 378 377 377 377 377 378 378 377 377 377 377 377 377 377 377 377 377 377 377 377 377 377 377 378 378 378 378 378 377 377 377 377 377 377 378 378 378 378 378 377 378 379 378 378 378 378 378 378 379 379 379 378 379 379 379 379 378 378 378 378 379 379 379 379 380 379 378 378 378 379 379 379 379 379 379 378 378 379 379 379 379 379 379 379 379 380 380 380 381 381 381 380 381 381 381 381 381 382 382 382 382 382 383 383 383 382 382 383 382 382 381 381 381 381 381 382 382 382 382 382 382 382 382 382 382 382 382 383 383 382 383 382 382 383 382 382 382 381 381 382 382 382 382 382 382 382 382 382 382 383 383 383 383 383 383 383 384 384 384 385 384 384 384 383 383 382 382 383 383 383 383 383 383 383 383 383 383 383 383 383 383 383 383 383 383 383 383 383 383 383 383 383 383 383 383 383 384 384 384 384 384 384 384 384 384 384 384 384 384 384 384 384 384 384 384 384 384 384 384 384 384 384 384 384 384 384 384 384 384 384 386 386 386 386 386 386 386 386 386 386 386 386 386 386 386 387 386 386 386 387 386 386 386 385 385 385 386 385 386 386 386 386 386 387 386 386 387 387 386 386 386 387 387 387 387 387 387 387 387 387 388 388 388 388 388 388 388 388 388 388 388 387 386 386 386 386 386 386 386 387 387 387 387 387 387 386 386 387 386 386 386 386 386 387 387 386 386 386 386 386 386 386 377 377 377 377 377 378 378 377 376 376 377 377 378 378 377 377 377 377 377 377 377 377 377 377 377 377 377 377 377 377 377 377 377 377 377 377 377 377 378 378 378 378 378 378 377 376 377 378 378 378 377 378 377 378 378 378 378 378 378 378 378 378 379 378 378 378 379 379 379 378 378 378 378 379 380 379 379 380 380 379 378 378 378 379 379 379 379 379 379 378 378 378 379 379 379 379 379 379 379 379 380 381 381 381 381 381 381 381 381 381 381 382 382 382 383 383 383 383 383 382 383 383 382 381 381 381 381 381 382 382 382 382 382 382 382 382 382 382 382 383 383 383 383 383 383 382 382 382 382 382 381 381 382 382 382 382 382 382 382 383 383 383 383 383 383 383 384 384 384 384 384 384 384 384 384 384 384 383 383 383 383 383 383 383 383 383 383 383 383 383 383 383 383 383 383 383 383 383 383 383 383 383 383 383 383 383 383 383 384 384 384 384 384 384 384 384 384 384 384 384 384 384 384 384 384 384 384 384 384 384 384 384 384 384 384 384 384 384 384 384 384 384 384 386 386 386 386 386 386 386 386 386 386 386 386 386 386 386 386 386 386 386 386 386 386 385 385 386 385 385 385 386 386 386 387 387 387 386 386 387 387 386 386 386 386 386 387 387 387 387 387 387 387 387 388 388 388 387 387 388 388 388 388 388 388 387 386 386 386 386 386 387 387 387 387 387 387 387 387 386 387 387 386 386 386 386 386 387 387 386 386 386 386 378 378 378 378 377 376 377 378 377 376 377 377 377 376 377 377 377 377 377 377 377 377 377 378 377 377 377 377 377 377 377 377 377 378 378 378 378 378 379 378 377 376 376 377 378 377 377 378 377 378 378 378 378 379 379 379 379 379 378 378 378 379 379 379 379 379 379 378 378 379 379 379 380 380 380 380 379 378 378 378 378 379 378 379 379 379 379 378 378 379 379 380 380 380 380 380 380 380 381 381 381 381 381 381 381 382 382 382 382 383 383 382 383 383 382 382 382 383 382 382 381 381 381 381 382 382 382 382 382 382 382 382 382 382 382 382 383 383 383 383 383 382 382 382 382 381 382 382 382 381 382 382 382 382 382 382 382 382 383 383 383 384 384 384 384 383 383 383 384 384 384 384 384 383 383 383 383 383 383 383 383 383 383 383 383 383 383 383 383 383 383 383 383 383 383 383 383 383 383 383 383 383 383 384 384 384 384 384 384 384 384 384 384 384 384 384 384 384 384 384 384 384 384 384 384 384 384 384 384 384 384 384 384 384 384 384 384 384 384 386 386 386 386 386 386 386 386 386 386 386 386 386 386 386 386 386 386 386 386 386 386 385 386 387 386 386 387 386 386 386 387 387 387 386 387 387 387 387 387 387 386 386 386 386 387 387 387 387 387 387 387 388 388 388 387 387 387 387 388 389 388 387 387 386 386 386 387 387 387 387 387 388 388 387 387 387 387 387 387 386 386 386 386 386 387 378 378 377 377 377 377 377 376 376 376 376 377 377 377 377 377 377 377 377 377 377 378 378 377 378 378 378 378 378 377 378 378 378 378 379 379 378 377 377 376 377 377 377 377 377 377 377 377 378 378 378 378 379 379 379 378 378 378 379 378 379 379 379 379 378 378 379 379 379 379 380 380 379 380 380 379 378 378 378 378 379 378 379 379 378 379 379 379 379 380 380 380 381 381 380 381 381 381 382 381 382 381 382 382 382 383 383 383 383 383 383 382 383 382 382 383 382 382 381 381 382 382 382 382 382 382 382 382 382 382 382 382 382 382 383 382 383 382 382 382 382 382 382 382 382 382 382 382 382 382 382 382 382 382 383 383 383 383 384 384 384 384 383 383 383 383 383 383 383 384 384 383 383 383 383 383 383 383 383 383 383 383 383 383 383 383 383 383 383 383 383 383 383 383 383 383 383 383 383 384 384 384 384 384 384 384 384 384 384 384 384 384 384 384 384 384 384 384 384 384 384 384 384 384 384 384 384 384 384 384 384 384 384 384 384 384 386 386 386 386 386 386 386 386 386 386 386 386 386 386 386 385 386 386 386 385 386 385 386 386 386 387 386 387 386 386 387 387 387 387 387 387 387 388 387 387 387 386 386 387 386 386 387 387 387 387 387 387 387 388 388 388 387 387 387 387 388 389 388 387 387 386 386 386 386 387 387 387 387 388 388 388 387 387 387 387 387 387 386 386 378 378 378 377 377 377 377 377 377 377 377 377 377 377 377 377 377 378 378 378 378 378 378 378 378 378 378 378 378 379 379 379 378 378 377 376 376 377 377 377 377 377 377 377 377 378 378 378 379 378 378 378 378 378 378 379 379 378 379 379 378 378 379 379 379 379 379 380 379 379 379 379 379 378 378 378 378 379 378 378 379 379 379 379 380 380 380 380 381 380 380 380 381 381 381 382 382 382 382 382 382 382 382 383 383 383 383 383 383 383 382 383 382 382 381 381 382 382 382 382 382 382 382 383 382 382 382 382 382 383 383 382 383 383 383 382 382 382 382 382 382 382 382 382 382 382 382 382 382 382 382 383 383 383 383 384 384 384 384 383 383 383 383 383 383 383 383 384 383 383 383 383 383 383 383 383 383 383 383 383 383 383 383 383 383 383 383 383 383 383 383 383 384 384 384 384 384 384 383 384 384 384 384 384 384 384 384 384 384 384 384 384 384 384 384 384 384 384 384 384 384 384 384 384 384 384 384 384 384 384 384 384 386 386 386 386 386 386 386 386 386 386 386 386 386 386 386 386 385 386 386 386 386 385 385 385 385 386 386 386 386 386 386 387 387 387 387 387 387 387 388 388 387 387 387 387 386 386 386 387 387 387 387 387 387 387 388 388 388 387 387 387 388 388 388 387 386 387 386 386 386 386 386 387 387 387 388 388 388 388 387 387 387 387 387 386 378 377 377 377 377 377 377 377 377 377 377 377 377 377 377 378 378 378 378 378 378 378 378 378 378 379 379 378 377 377 376 377 377 377 377 377 378 378 378 378 378 378 378 378 378 378 377 378 378 378 378 378 378 379 378 379 379 378 379 378 378 379 380 380 380 379 379 379 379 380 379 379 378 378 378 379 379 379 379 379 380 379 379 380 380 380 380 380 381 381 381 382 382 382 382 382 382 382 382 382 382 382 382 382 383 383 382 383 382 382 381 381 381 382 382 382 382 382 383 382 382 382 382 382 382 383 383 382 383 383 383 382 382 382 382 383 382 382 382 382 383 383 382 382 383 383 383 383 383 383 383 384 383 384 384 384 383 383 383 383 383 383 383 384 384 383 383 383 383 383 383 383 383 383 383 383 383 383 383 383 383 383 383 383 383 383 383 384 384 383 383 383 383 384 384 384 384 384 384 384 384 384 384 384 384 384 384 384 384 384 384 384 384 384 384 384 384 384 384 384 384 384 384 384 384 384 384 384 386 386 386 386 386 386 386 385 386 385 386 386 386 386 386 386 386 386 386 386 386 386 386 386 386 386 386 386 387 387 386 387 387 386 387 386 386 387 387 388 388 388 387 387 387 387 386 387 387 387 387 386 387 387 387 388 388 388 387 387 387 387 387 386 386 388 387 386 386 386 386 386 387 387 387 388 388 388 388 387 387 387 387 386 378 378 378 377 377 377 377 377 377 377 377 378 378 378 378 378 378 378 378 378 378 379 379 378 377 378 378 378 378 377 377 377 378 378 378 378 378 378 378 378 378 378 378 377 377 378 378 379 378 379 379 379 378 378 379 379 379 379 379 379 379 379 379 379 379 380 380 379 379 378 378 379 379 379 379 379 379 379 379 380 381 381 381 381 381 381 381 382 382 382 382 382 382 382 382 382 383 383 383 382 382 382 382 383 382 382 382 382 382 382 382 382 382 382 382 382 382 382 382 382 383 383 383 383 383 383 383 383 382 382 382 382 383 383 382 382 383 383 383 382 383 383 383 383 383 384 384 384 383 384 384 384 383 383 383 383 383 383 383 383 384 384 383 383 383 383 383 383 383 383 383 383 383 383 383 383 383 383 383 383 383 384 384 384 384 383 383 383 384 384 384 384 384 384 384 384 384 384 384 384 384 384 384 384 384 384 384 384 384 384 384 384 384 384 384 384 384 384 384 384 384 384 384 384 386 386 386 386 386 386 386 386 386 386 386 386 386 386 386 386 386 386 386 386 386 386 386 386 386 386 386 386 386 386 387 387 386 386 386 386 386 387 387 388 388 388 388 388 387 387 386 387 388 387 387 387 387 387 387 387 388 388 388 388 387 387 387 386 386 388 388 387 386 387 386 386 386 387 387 388 388 387 387 387 387 387 387 386 378 378 378 378 378 378 378 377 377 377 377 378 378 378 378 377 378 378 378 378 378 379 378 377 378 379 379 379 378 378 378 378 379 378 377 378 378 378 378 379 379 379 378 378 378 377 378 378 378 379 379 378 378 379 379 379 379 379 379 379 379 379 379 379 379 379 379 379 379 379 379 379 379 379 379 379 379 380 380 381 381 381 381 380 381 381 381 381 382 382 382 382 382 382 382 382 383 383 382 382 382 383 383 382 382 382 382 382 382 382 382 382 382 382 382 383 383 383 383 383 383 383 383 383 383 383 383 383 383 383 383 383 383 383 383 383 383 383 383 382 383 383 383 383 383 384 383 383 384 384 384 383 383 383 383 383 383 383 383 383 383 383 383 383 383 383 383 383 383 383 383 383 383 383 383 383 383 383 383 384 384 384 383 383 383 383 384 384 384 384 384 384 384 384 384 384 384 384 384 384 384 384 384 384 384 384 384 384 384 384 384 384 384 384 384 384 384 384 384 384 384 384 384 386 386 386 386 386 386 386 386 386 386 386 386 387 386 386 387 386 387 386 386 386 386 386 386 386 386 385 386 386 386 387 387 386 386 386 387 386 387 387 387 387 388 388 388 388 388 387 387 388 388 387 387 387 387 387 387 387 388 388 388 388 387 386 386 386 387 388 388 387 387 387 386 387 387 387 387 388 388 387 387 387 387 378 378 378 378 378 378 378 378 378 378 378 378 378 378 379 378 378 378 378 377 378 379 379 379 379 379 379 379 379 379 378 378 378 378 378 378 379 379 379 379 378 378 378 378 378 378 378 378 378 378 378 378 379 379 379 379 379 379 379 379 379 379 379 379 379 379 379 379 379 379 379 379 379 380 380 380 380 380 380 380 381 381 381 381 382 382 382 382 382 382 382 382 382 383 382 382 382 382 382 382 382 382 382 382 382 382 382 382 382 382 383 383 383 383 383 383 383 383 383 383 383 383 383 383 383 383 383 383 383 384 383 383 383 383 383 382 383 383 383 383 383 383 383 383 384 384 383 383 383 383 383 383 383 383 383 384 383 383 383 383 383 383 383 383 383 383 383 383 383 383 383 383 383 383 384 384 384 384 383 383 383 383 383 384 384 384 384 384 384 384 384 384 384 384 384 384 384 384 384 384 384 384 384 384 384 384 384 384 384 384 384 384 384 384 384 384 384 384 384 386 386 386 386 386 386 386 387 387 387 386 387 387 386 386 387 387 387 386 386 387 387 386 387 386 386 385 386 387 386 386 386 386 386 386 386 386 387 387 387 387 387 388 388 388 388 387 387 388 388 388 387 387 387 387 387 387 387 387 388 388 388 387 386 386 386 386 387 388 387 387 387 387 388 388 388 388 388 387 387 387 387 387 378 378 378 378 378 378 378 378 378 378 378 378 378 378 378 378 378 377 378 379 379 379 380 379 379 379 379 379 379 379 378 378 378 378 378 379 379 379 379 379 378 379 378 378 378 379 378 378 378 378 379 379 379 379 379 379 378 379 379 379 379 379 379 379 379 379 379 379 380 380 380 379 379 380 380 380 380 381 381 381 381 381 381 382 382 382 382 382 381 382 382 382 383 382 382 382 382 382 382 382 382 382 382 382 382 382 382 382 383 383 383 383 383 383 383 383 383 383 383 383 383 383 382 383 383 383 384 384 383 383 383 384 383 382 383 383 383 383 383 383 383 384 384 383 383 383 383 383 383 383 383 383 383 383 384 383 383 383 383 383 383 383 383 384 384 383 383 383 383 383 383 383 383 384 384 383 383 383 383 383 383 383 384 384 384 384 384 384 384 384 384 384 384 384 384 384 384 384 384 384 384 384 384 384 384 384 384 384 384 384 384 384 384 384 384 384 385 386 386 386 386 386 386 386 386 386 387 387 387 386 386 386 387 387 387 386 387 387 387 387 387 387 386 386 385 386 387 387 387 387 387 386 386 386 387 387 387 387 387 387 388 388 388 388 388 389 388 388 388 388 388 387 387 388 388 387 387 387 387 387 387 386 386 386 387 388 388 387 387 387 387 388 388 387 387 387 387 387 387 387 378 378 378 378 378 377 377 378 378 378 378 378 379 379 378 378 378 378 379 379 379 379 380 380 379 379 379 379 379 379 379 379 379 379 379 379 379 379 379 379 378 379 379 379 379 378 378 378 378 379 379 379 379 379 378 379 379 379 380 379 379 379 379 379 379 380 380 380 380 380 380 380 380 380 381 381 381 381 381 381 381 381 381 382 382 381 382 382 382 382 382 382 381 381 382 382 382 382 382 382 382 382 382 383 383 383 383 383 383 383 383 383 383 383 383 383 383 383 383 383 383 383 383 384 384 383 384 384 384 383 383 383 383 383 383 383 383 384 384 384 383 383 383 383 383 383 383 383 383 383 383 384 384 383 383 383 383 383 384 384 384 383 383 384 383 383 384 383 384 383 383 383 383 383 383 384 384 383 383 384 384 384 384 384 384 384 384 384 384 384 384 384 384 384 384 384 384 384 384 384 384 384 384 384 384 384 384 384 384 384 384 384 384 384 386 387 387 387 386 386 386 386 386 386 386 387 387 387 387 388 388 387 387 388 388 388 388 388 387 387 387 386 385 386 387 387 387 387 386 386 387 386 386 386 386 387 387 387 387 388 388 388 388 389 389 388 388 388 388 388 388 388 387 388 387 387 388 388 387 387 386 386 387 388 388 388 387 387 388 388 387 387 387 387 387 387 387 378 377 378 378 379 379 379 379 379 379 378 378 379 379 379 379 379 380 380 380 380 380 379 380 380 380 380 379 379 379 379 378 378 378 378 379 379 378 379 379 379 378 378 378 378 378 378 379 379 379 379 379 379 379 380 380 379 379 379 379 379 379 379 380 380 380 380 380 380 380 381 381 381 381 381 381 381 381 381 381 381 381 381 382 382 382 382 382 382 381 382 383 382 382 382 382 382 382 382 383 383 383 383 383 383 383 383 383 383 383 383 383 383 383 383 383 383 383 383 384 384 384 384 384 383 383 383 383 383 383 383 383 383 384 384 383 383 383 383 383 383 383 383 383 383 383 383 383 383 383 383 384 384 383 384 384 383 383 383 383 384 384 384 384 384 383 383 383 383 383 384 384 384 384 384 384 384 384 384 384 384 384 384 384 384 384 384 384 384 384 384 384 384 384 384 384 384 385 384 384 385 384 384 384 384 384 384 384 384 384 385 385 385 385 385 385 385 385 384 384 385 385 385 385 386 387 387 386 386 387 387 387 387 386 386 386 386 385 385 384 385 385 385 386 386 386 386 386 386 385 385 385 385 385 386 386 386 386 387 387 388 388 388 387 388 387 387 387 388 388 388 387 387 388 388 387 386 386 386 387 387 387 388 388 388 387 387 387 387 387 387 378 378 379 379 379 379 379 379 378 378 379 379 379 380 380 380 380 380 381 381 381 380 380 381 381 381 381 380 379 379 378 379 379 379 380 379 379 379 379 378 378 379 378 378 378 378 378 379 378 379 379 379 379 380 379 379 379 379 380 380 380 380 380 380 380 380 380 380 381 381 381 381 381 381 381 381 381 381 381 381 381 381 382 382 382 382 381 382 382 382 382 382 382 382 382 382 383 383 383 383 383 383 383 383 383 383 383 383 383 383 383 383 384 384 384 384 384 384 384 384 384 384 383 383 383 383 383 383 383 383 383 384 384 384 383 383 383 383 383 383 383 383 383 383 383 383 383 383 383 383 384 383 383 383 383 383 383 383 383 383 383 383 383 383 383 383 384 383 383 384 384 384 384 384 384 384 384 384 384 384 384 384 384 384 384 384 384 384 384 384 384 384 384 384 384 384 384 385 384 384 384 385 384 384 384 384 384 385 384 385 385 385 385 385 385 386 385 384 385 385 385 386 386 387 387 386 386 386 387 387 387 387 387 387 386 386 386 385 385 385 385 386 386 386 387 387 387 386 386 385 386 385 385 385 385 386 387 387 388 388 388 388 388 388 388 387 388 388 387 387 387 388 388 387 387 386 386 386 387 388 388 388 387 387 387 387 387 387 387 378 378 379 379 379 379 379 379 379 379 379 380 380 380 380 380 380 380 381 381 381 381 381 381 382 381 381 381 380 380 380 379 379 379 379 379 379 379 379 379 379 379 379 379 379 379 379 379 379 379 379 379 379 379 380 380 380 380 380 380 380 380 380 380 380 380 380 381 381 381 381 381 381 381 381 381 381 381 381 381 381 381 381 382 382 382 382 381 382 383 382 382 382 382 382 382 382 383 383 383 383 383 383 383 383 383 383 383 383 383 384 384 384 384 384 384 384 384 384 384 384 383 383 383 383 383 383 383 383 383 384 384 383 383 383 383 383 383 383 383 383 383 383 383 383 383 383 383 383 383 383 383 383 383 383 383 383 383 383 383 383 383 383 383 383 384 384 383 383 384 384 384 384 384 384 384 384 384 384 384 384 384 384 384 384 384 384 384 384 384 384 384 384 384 384 384 384 385 384 384 384 384 384 384 384 384 384 384 384 385 385 385 385 385 385 386 385 384 385 385 385 385 385 386 387 387 387 386 387 387 387 387 387 386 386 385 385 385 385 385 385 385 385 385 386 386 387 387 386 386 387 386 386 386 385 386 386 386 388 388 388 389 388 389 388 387 388 388 388 388 388 388 388 388 387 387 386 386 387 387 388 388 388 388 387 387 387 387 378 378 379 379 379 379 379 380 379 379 380 380 380 380 380 380 381 381 381 381 381 381 382 381 381 381 382 382 382 381 380 380 380 379 379 379 379 380 380 380 380 380 379 380 380 380 379 379 379 379 379 379 379 379 380 380 380 380 380 380 380 380 380 380 380 380 380 381 381 381 380 381 381 381 381 381 381 381 381 381 381 382 381 382 381 382 382 382 382 382 382 382 382 382 382 382 383 383 383 383 383 383 383 383 383 383 383 383 383 383 384 384 384 384 384 384 384 383 384 384 384 383 383 383 383 383 383 383 383 383 383 383 383 383 383 383 383 383 383 383 383 384 383 383 383 383 383 383 383 383 383 383 383 383 383 383 383 383 384 383 383 384 384 384 383 384 384 383 383 383 384 384 384 384 384 384 384 384 384 384 384 384 384 384 384 384 384 384 384 384 384 384 384 384 384 384 384 384 384 384 384 384 385 384 384 384 384 384 384 385 385 385 385 385 385 385 385 385 385 385 385 385 385 386 386 387 387 387 387 387 386 386 386 385 385 385 385 385 386 385 386 385 386 386 385 386 386 387 387 387 387 387 387 387 386 386 386 386 388 388 388 389 389 388 388 388 388 389 388 387 387 387 386 386 387 388 388 388 388 388 388 387 379 379 379 379 379 380 380 380 380 380 380 380 380 380 380 381 381 381 381 382 382 382 382 382 381 381 381 381 381 381 381 381 381 380 379 379 379 379 380 380 380 380 380 379 380 380 380 379 379 379 379 379 379 379 379 380 380 379 380 380 380 380 380 380 380 380 381 381 381 381 380 381 381 381 381 381 381 381 381 381 381 382 381 381 381 382 382 382 382 382 382 383 382 382 382 382 382 383 383 383 383 383 383 383 383 383 383 383 383 384 384 384 384 384 384 384 384 384 383 384 384 384 384 384 384 384 384 384 384 384 384 383 383 383 383 383 383 383 383 383 383 383 383 383 383 383 383 383 383 383 383 383 383 383 383 383 383 383 384 384 384 384 384 384 384 384 384 383 383 383 384 384 384 384 384 384 384 384 384 384 384 384 384 384 384 384 384 384 384 384 384 384 384 384 384 384 384 384 384 384 384 384 384 384 384 384 384 384 384 384 384 384 385 385 384 385 385 386 385 385 385 385 385 386 387 387 387 387 387 387 386 386 385 385 385 386 386 386 385 386 386 386 386 386 386 385 386 387 387 387 386 387 387 387 387 387 387 387 388 389 389 389 389 388 388 389 386 387 387 379 379 379 379 380 380 380 380 380 380 381 381 381 381 381 380 380 381 381 382 382 382 382 382 382 381 380 380 380 381 381 380 381 381 380 379 379 379 379 380 380 380 380 380 380 380 380 380 380 380 380 379 379 379 379 379 379 379 380 380 380 380 380 380 380 380 380 380 380 380 380 380 381 381 381 381 381 381 381 381 382 382 382 382 381 381 382 382 382 382 382 383 383 383 383 382 382 382 383 383 383 383 383 383 383 383 383 383 383 383 384 384 384 384 384 384 384 384 383 383 384 384 384 384 384 384 384 384 384 384 384 384 383 383 383 383 383 383 383 383 383 383 383 383 383 383 383 383 383 383 383 383 383 383 384 384 383 383 383 384 384 384 384 384 384 384 384 384 384 383 383 384 384 384 384 384 384 384 384 384 384 384 384 384 384 384 384 384 384 384 384 384 384 384 384 384 384 384 384 384 384 384 384 384 385 384 384 384 384 384 384 384 384 384 384 384 385 385 385 385 385 385 385 386 387 387 387 386 386 387 387 386 386 385 385 386 387 387 386 385 386 387 387 387 387 386 385 385 386 386 386 386 386 386 386 386 386 387 387 388 388 389 389 387 379 379 379 380 380 380 380 380 381 380 380 381 381 381 381 381 381 381 381 381 382 382 382 382 382 381 380 380 381 381 380 380 380 380 380 380 379 379 380 380 380 380 380 381 380 380 380 380 380 380 380 379 379 379 380 380 380 380 380 380 380 380 380 381 380 380 380 380 380 380 381 381 381 381 381 381 381 381 381 381 382 382 382 381 382 381 382 382 382 382 382 383 383 383 383 383 382 382 382 383 383 383 383 383 383 383 383 383 383 383 383 384 384 384 384 384 384 384 384 384 384 384 384 384 384 384 384 384 384 384 384 384 384 384 383 383 383 384 383 383 383 383 383 383 383 383 383 383 383 383 383 383 383 383 384 384 383 383 383 384 384 384 384 384 384 384 384 384 384 383 383 384 384 384 384 384 384 384 384 384 384 384 384 384 384 384 384 383 383 384 384 384 384 384 384 384 385 385 384 385 384 384 384 385 385 384 384 384 384 384 385 384 384 383 384 384 384 384 384 385 385 385 385 386 387 386 386 386 387 387 387 387 386 385 386 387 387 387 386 386 386 387 387 387 386 386 386 386 386 386 386 386 386 386 387 387 386 386 386 388 388 380 380 381 381 381 381 381 381 381 381 381 381 382 382 382 381 381 381 381 382 382 382 381 381 380 380 381 381 381 380 380 380 380 381 380 380 379 380 381 381 380 380 381 381 380 380 380 380 380 380 380 380 380 380 380 380 380 380 380 380 380 381 381 381 380 380 380 381 381 381 381 381 381 381 381 381 381 381 381 381 382 381 381 382 381 382 382 382 382 382 382 383 382 383 383 383 382 382 383 383 383 383 383 383 383 383 383 383 383 383 384 384 384 384 384 384 384 384 384 384 383 384 384 384 384 384 384 384 384 384 384 384 384 384 383 384 384 383 383 383 383 383 383 383 383 383 383 383 383 383 383 383 383 384 383 383 383 384 384 384 384 384 385 385 385 384 384 383 383 383 384 384 384 384 384 384 384 384 384 384 384 384 384 384 384 384 384 383 384 384 385 385 384 384 384 385 385 385 385 384 384 384 385 385 384 384 384 384 384 384 385 384 383 383 384 384 384 384 385 385 386 386 386 386 386 386 386 386 387 387 386 386 386 386 387 387 387 387 387 386 387 387 386 386 387 386 386 387 387 387 387 386 386 387 387 386 387 387 389 381 381 381 381 381 382 382 382 382 381 381 381 382 382 382 382 382 382 381 381 381 381 380 380 380 380 380 380 380 379 379 379 379 380 380 379 379 380 380 381 380 380 381 381 380 380 380 380 380 381 380 380 380 380 380 380 380 380 380 380 380 381 381 381 381 381 381 381 381 381 381 381 381 381 381 381 381 381 382 382 382 381 382 382 382 382 382 382 382 382 382 383 382 383 383 383 383 382 383 383 383 383 383 383 383 383 383 383 383 383 383 384 384 384 384 384 384 384 383 384 383 384 384 384 384 384 384 384 385 385 384 384 384 384 383 384 384 384 384 384 383 383 383 383 383 383 383 383 383 383 383 383 383 383 384 384 383 384 384 384 384 384 385 384 385 384 384 383 383 383 384 385 384 384 384 384 384 384 384 384 384 384 384 384 384 384 384 384 384 385 385 385 384 384 385 384 385 385 385 385 384 385 385 385 385 385 384 384 384 384 384 385 384 383 383 384 384 385 385 385 386 386 386 386 386 386 386 386 387 387 387 386 386 386 386 387 387 388 388 387 387 387 386 387 387 386 386 387 387 387 387 387 386 387 387 386 387 382 382 382 382 382 382 382 382 382 382 382 382 382 382 382 382 381 382 381 381 380 379 379 380 379 379 379 379 379 379 379 379 379 380 380 379 380 381 380 380 380 380 381 381 381 381 381 380 380 380 380 380 380 380 380 381 381 380 380 380 381 381 381 381 381 381 381 381 381 381 381 381 381 381 381 381 381 381 381 382 381 382 382 382 382 382 382 383 383 382 382 382 383 383 383 383 383 383 383 383 383 383 383 383 383 383 383 383 383 383 384 384 384 384 384 384 384 383 383 384 384 384 384 384 384 384 384 384 384 384 384 383 384 383 384 384 384 384 384 384 383 383 383 383 383 383 383 382 383 383 383 383 383 383 384 384 384 384 384 384 384 384 384 384 384 384 384 384 383 384 384 384 384 384 384 384 384 384 384 384 384 384 384 384 384 384 384 384 384 385 385 384 384 385 385 385 385 385 384 384 385 385 385 385 385 385 384 384 385 384 385 384 383 383 384 384 385 385 385 386 385 386 386 386 386 386 387 387 387 387 387 386 386 386 387 387 388 388 388 388 388 387 388 388 387 387 387 387 387 387 387 387 387 388 387 381 381 381 382 382 382 382 382 383 382 382 381 381 382 382 381 381 381 382 381 381 381 381 381 381 381 381 380 380 379 379 380 379 379 379 379 379 379 379 379 379 380 380 379 380 381 380 380 380 380 381 381 381 381 381 381 380 381 380 381 380 380 380 380 381 380 380 380 380 381 381 381 381 381 381 381 381 381 381 381 381 381 381 381 381 381 381 381 382 382 382 382 382 382 382 382 383 383 383 382 383 383 383 383 383 383 383 383 383 383 383 383 383 383 383 383 383 383 383 383 383 383 384 384 384 384 383 384 384 384 384 384 384 384 384 384 384 384 384 383 384 383 383 384 384 384 384 384 384 384 384 384 383 383 383 383 383 383 383 383 383 383 384 384 384 384 384 384 384 384 384 384 384 384 384 384 384 384 384 384 384 384 384 384 384 384 384 384 384 384 384 384 385 385 385 384 384 385 385 385 384 385 386 385 384 384 384 385 385 386 385 385 385 384 384 385 385 384 384 384 383 383 384 384 384 384 385 385 385 386 386 386 386 386 386 387 387 387 387 386 387 387 388 388 388 388 389 389 388 388 388 388 387 387 387 387 388 388 388 388 381 381 382 382 382 382 382 382 382 382 382 382 382 381 381 382 382 381 381 381 381 381 381 381 381 381 380 381 381 379 379 379 378 379 379 379 379 379 379 379 379 379 379 379 379 379 380 380 380 380 380 380 380 381 381 381 381 381 380 380 381 381 381 381 380 380 381 381 381 381 381 381 381 381 381 381 381 381 381 381 381 381 381 381 381 381 381 381 382 382 382 382 382 382 382 382 382 382 382 382 383 382 382 383 383 383 383 383 383 383 383 383 383 383 383 383 383 384 384 384 384 384 384 383 383 384 384 384 384 384 384 384 384 384 384 384 384 384 384 384 383 384 384 383 383 383 383 383 384 384 384 384 384 384 383 383 383 383 383 383 383 384 383 384 384 384 384 384 384 384 384 384 384 384 384 385 384 384 384 384 384 384 384 384 384 384 384 385 384 384 384 384 384 385 385 385 385 384 385 385 385 385 385 386 386 384 385 385 384 384 385 386 385 385 385 384 384 385 385 384 383 383 383 384 384 384 384 384 384 384 385 386 387 387 386 386 386 387 388 388 387 387 387 388 388 388 388 388 388 389 389 389 388 387 387 387 387 387 388 388 381 381 381 381 381 381 382 382 382 382 382 381 381 381 381 381 381 382 382 381 380 380 380 380 380 380 380 380 380 380 380 380 379 379 379 379 379 379 379 379 379 379 379 379 380 379 379 379 379 380 380 380 380 380 381 381 381 381 381 381 381 381 380 381 381 381 381 381 381 381 381 381 381 381 381 381 381 381 381 381 381 381 381 381 381 381 381 382 381 382 382 382 382 382 382 382 382 382 382 382 382 382 382 383 383 382 382 383 383 383 383 383 383 383 383 383 383 383 383 383 384 384 384 384 384 384 384 383 383 384 384 384 384 384 384 384 384 384 384 384 384 384 383 383 384 384 384 384 384 384 383 383 383 383 384 384 384 384 383 383 383 383 383 384 384 384 384 384 384 384 384 384 384 384 385 384 384 384 384 384 384 384 384 384 384 384 384 384 384 384 385 384 384 384 384 385 385 385 385 385 385 386 385 385 385 385 386 385 385 386 385 384 384 385 386 385 385 384 384 384 384 384 384 383 383 384 384 384 385 385 385 385 385 386 386 387 387 387 386 386 387 388 388 388 387 387 387 387 387 388 388 388 388 388 389 388 388 387 387 386 387 387 387 381 381 381 382 381 382 382 381 381 381 381 381 381 381 381 381 381 381 381 380 379 379 379 380 380 379 380 380 380 379 379 378 379 379 379 379 379 379 379 379 379 380 380 380 380 380 380 380 380 380 380 380 380 380 381 381 381 381 381 381 381 381 380 380 381 381 381 381 381 381 381 381 381 381 381 381 381 381 381 381 381 381 381 381 381 381 382 382 382 382 382 382 382 382 382 382 382 382 382 382 382 382 383 383 383 382 382 383 383 383 383 383 383 383 383 383 383 383 383 384 384 384 384 384 384 384 384 383 384 384 384 384 384 384 384 384 384 384 385 384 383 383 383 383 383 384 384 384 384 384 384 384 384 384 383 384 384 383 383 384 384 383 384 384 384 384 384 384 384 384 384 384 384 384 384 384 384 384 385 384 384 384 384 384 384 384 383 384 384 384 384 384 385 385 385 385 386 386 385 385 386 386 386 385 385 386 385 385 386 385 385 384 385 386 385 385 384 384 383 383 383 383 383 384 384 385 385 385 386 385 386 386 386 386 387 387 387 387 387 387 388 388 388 387 387 387 387 387 387 388 388 388 388 388 388 388 387 387 386 386 387 386 380 381 381 381 381 381 380 380 380 380 381 381 381 381 380 380 380 380 379 379 378 379 379 379 379 379 379 378 378 378 378 378 379 379 379 379 379 379 380 380 380 380 380 380 380 380 380 380 380 380 380 380 381 381 381 381 381 381 381 381 381 380 380 381 381 381 381 381 381 381 381 381 381 381 381 381 381 381 381 381 381 381 381 381 381 382 382 382 382 382 382 382 382 382 382 382 382 382 382 382 382 382 383 383 383 382 382 383 383 383 383 383 383 383 383 383 383 383 384 384 384 384 384 384 384 384 384 384 384 384 384 384 384 384 384 384 384 384 384 384 383 384 383 383 383 383 383 383 383 383 383 384 384 384 383 383 383 383 383 384 384 384 384 384 384 384 385 385 385 384 384 384 384 384 384 384 384 384 384 383 384 384 384 384 384 383 384 384 385 385 385 386 386 385 386 386 385 385 385 386 386 387 386 386 385 385 385 385 385 385 385 386 386 385 385 384 384 383 383 383 383 384 384 385 385 385 385 385 386 386 386 386 386 387 387 387 387 387 387 388 388 388 387 387 388 388 388 387 388 388 388 389 389 388 387 387 386 387 386 386 386 387 380 379 380 380 380 379 379 379 379 379 379 380 379 380 379 379 379 379 378 378 378 378 378 378 378 378 378 378 378 378 378 379 379 379 379 379 380 380 380 380 380 380 380 380 380 380 380 380 380 380 380 380 381 381 381 381 381 381 381 381 381 381 380 381 381 381 381 381 381 381 381 381 381 381 381 381 381 381 381 381 381 381 381 381 381 382 382 382 382 382 382 382 382 382 382 382 382 382 382 382 382 382 383 383 383 382 382 383 383 383 383 383 383 383 383 383 383 383 384 384 384 384 384 384 385 384 384 384 384 384 384 384 384 384 384 384 384 385 384 383 383 383 383 383 383 383 384 383 384 384 384 383 383 383 383 383 384 383 383 384 384 384 384 384 384 384 385 385 385 384 385 384 384 384 384 384 384 384 384 384 384 385 385 385 384 383 383 384 384 384 384 385 386 386 386 386 386 385 385 386 386 387 387 386 386 386 385 385 384 385 385 385 385 385 384 384 384 383 383 383 384 385 385 385 385 385 385 386 386 386 386 387 387 387 387 387 387 387 388 388 388 388 387 387 389 388 388 388 388 389 388 389 389 388 387 387 386 386 387 387 387 387 387 380 380 378 379 378 378 378 378 378 378 378 378 378 378 378 378 378 378 377 377 378 378 378 378 378 378 378 378 379 379 379 379 379 379 379 380 380 380 380 380 380 380 380 380 380 380 380 380 380 380 380 381 381 381 381 381 381 381 381 381 381 381 381 381 381 381 381 381 381 381 381 381 381 381 381 381 381 381 381 381 381 381 381 381 381 381 382 382 382 382 382 382 382 382 382 382 382 382 382 382 382 382 383 383 382 382 383 383 383 383 383 383 383 383 383 383 384 384 384 384 384 385 384 384 384 384 384 384 384 384 384 384 384 385 384 384 384 385 384 384 383 383 383 383 384 384 384 384 384 384 384 383 383 384 384 384 384 384 383 383 383 383 383 384 383 384 384 384 385 385 385 385 384 384 384 384 384 384 384 384 384 385 385 384 384 384 383 384 384 385 385 385 386 386 386 386 386 386 385 386 386 386 387 386 386 385 385 385 384 384 384 385 385 384 384 384 384 384 383 383 384 385 385 385 385 385 385 386 386 386 386 386 387 387 387 387 387 387 388 388 388 388 387 388 389 388 388 388 389 389 389 388 388 388 387 387 387 387 387 387 387 387 387 380 380 380 380 380 380 381 381 381 380 379 378 378 377 378 378 378 378 378 378 378 378 378 378 377 378 378 378 378 378 378 378 378 379 379 379 379 379 379 379 379 379 379 380 380 380 380 380 380 380 380 380 380 380 380 380 380 380 381 381 381 381 381 381 381 381 381 381 381 381 381 381 381 381 381 381 381 381 381 381 381 381 381 381 381 381 381 381 381 381 381 381 381 381 381 382 382 382 382 382 382 382 382 382 382 382 382 382 382 383 383 382 382 382 382 383 383 383 383 383 383 383 383 383 383 383 384 384 384 384 384 384 384 384 384 384 384 384 384 385 385 385 385 384 384 384 384 384 384 383 383 384 383 384 384 384 383 383 383 383 383 383 384 384 384 384 383 384 384 383 383 383 383 384 384 384 384 385 385 385 384 384 384 384 385 385 385 384 384 384 385 385 385 384 384 384 384 384 385 385 385 386 385 386 386 386 386 386 386 386 386 387 387 386 385 385 385 385 384 384 384 385 384 384 384 385 384 383 383 384 385 385 384 385 386 386 386 386 387 387 386 386 387 387 387 387 387 388 388 388 388 388 388 389 388 388 388 388 388 388 388 388 387 387 387 387 387 387 387 387 387 387 387 380 380 380 380 380 380 379 380 380 381 382 382 381 380 383 382 380 379 379 378 377 377 377 378 378 378 378 378 378 378 378 378 378 378 378 378 378 379 379 379 379 379 379 379 379 379 379 379 380 380 380 380 380 380 380 380 380 380 380 380 380 380 380 380 381 381 381 381 381 381 381 381 381 381 381 381 381 381 381 381 381 381 381 381 381 381 381 381 381 381 381 381 381 382 381 381 381 381 381 381 381 382 382 382 382 382 382 382 382 382 382 382 382 382 382 383 382 382 382 383 382 382 383 383 383 383 383 383 384 384 383 383 383 383 384 384 384 384 385 385 384 384 384 384 384 384 384 384 384 385 385 385 385 384 384 384 383 384 383 383 383 383 383 383 383 384 384 383 384 384 384 384 384 384 384 384 384 383 383 384 384 384 384 384 385 385 385 385 384 385 385 385 385 384 384 385 385 385 385 385 384 384 384 384 385 385 385 385 386 385 385 385 386 386 387 386 386 387 387 387 386 385 385 385 385 385 384 384 384 385 384 384 384 384 384 384 384 384 384 384 385 385 385 386 386 386 386 386 386 387 387 387 387 388 388 388 389 388 388 388 388 388 388 388 388 388 388 388 388 387 387 387 387 387 387 387 387 387 387 387 387 380 380 380 379 380 380 379 380 380 380 380 380 381 382 382 381 381 381 382 383 383 383 382 381 380 379 378 377 377 377 378 378 378 378 378 378 378 378 379 379 379 379 379 379 379 379 379 379 379 379 379 379 379 380 380 380 380 380 380 380 380 380 380 380 380 380 380 380 380 380 381 381 381 381 381 381 381 381 381 381 381 381 381 381 381 381 381 381 381 381 381 382 382 382 382 382 381 381 381 381 382 382 381 381 381 381 381 381 382 382 382 382 382 382 382 382 382 382 382 382 382 382 382 382 382 382 382 382 382 383 383 383 383 383 383 383 384 384 384 383 383 384 384 384 385 385 385 385 384 384 384 384 384 384 385 385 385 385 385 384 384 384 384 384 384 384 384 384 384 384 383 383 384 383 383 383 384 384 384 384 384 384 384 383 383 384 384 384 384 384 384 385 384 385 385 385 385 385 385 385 384 385 385 385 385 385 384 384 384 384 384 385 385 385 385 385 385 385 385 385 386 387 387 387 386 386 386 386 386 385 385 384 384 384 384 384 384 384 384 384 384 384 385 385 385 385 385 385 385 385 385 385 386 386 386 387 387 387 387 387 388 388 388 389 388 388 388 388 388 388 388 388 388 388 388 388 387 387 387 387 387 387 387 387 387 387 387 387 388 380 379 379 379 379 379 380 379 380 380 379 380 380 381 381 381 381 380 381 381 382 382 381 381 382 382 383 383 383 382 381 380 379 378 377 377 377 378 378 379 379 379 379 379 379 379 379 379 379 379 379 379 379 379 379 379 379 379 379 380 380 380 380 380 380 380 380 380 380 380 380 380 380 380 380 380 381 381 381 381 381 381 381 381 381 381 381 381 381 381 381 381 381 381 381 381 381 381 382 382 382 382 382 382 381 381 382 382 382 382 382 381 381 381 381 381 382 382 382 382 382 382 382 382 382 382 382 382 382 382 382 382 382 382 382 382 382 383 383 383 383 383 383 384 384 384 384 384 384 384 385 385 385 385 384 384 385 384 384 384 384 384 385 385 385 385 385 385 385 385 384 384 384 384 384 385 384 384 384 383 383 384 384 384 384 384 384 384 384 384 384 384 384 384 384 384 384 384 384 384 385 385 385 385 385 385 385 385 385 385 385 385 385 385 384 384 384 384 385 385 385 385 385 385 385 385 386 386 387 387 386 386 386 386 387 386 386 385 386 385 385 384 384 384 384 384 384 384 384 385 385 385 386 386 386 386 386 386 386 386 386 386 386 387 387 386 386 387 387 388 389 388 388 388 388 388 388 388 388 388 388 388 388 388 387 387 387 387 387 387 387 387 387 387 387 387 388 388 380 379 379 379 379 380 380 379 379 380 379 380 380 381 380 380 379 379 380 380 381 382 382 381 381 382 383 383 382 382 381 380 379 378 377 377 377 378 378 379 379 379 379 379 379 379 379 379 379 379 379 379 379 379 379 379 379 379 380 380 380 380 380 380 380 380 380 380 380 380 380 380 380 380 380 380 380 380 381 381 381 381 381 381 381 381 381 381 381 381 381 381 381 381 381 381 381 381 382 382 382 382 382 382 382 382 382 382 382 382 382 382 382 381 381 381 382 382 382 382 382 382 382 382 382 382 382 382 382 382 382 383 383 383 382 382 383 383 383 383 383 384 384 383 384 384 384 384 384 385 385 385 385 385 384 384 384 384 384 384 384 384 384 384 385 385 385 385 384 384 384 384 384 384 384 384 385 385 384 384 384 384 384 384 385 385 385 384 384 384 384 384 384 384 384 384 384 384 384 384 385 385 385 385 385 385 385 385 386 386 385 385 385 385 385 384 384 384 385 385 385 385 385 386 385 386 386 386 386 386 386 386 386 386 386 386 386 385 385 385 385 385 384 384 384 384 385 385 385 385 385 385 385 385 385 385 386 386 386 386 386 386 386 386 386 386 386 386 387 387 388 389 389 388 388 388 388 388 388 388 388 388 388 388 387 387 387 387 387 388 387 387 387 387 387 387 387 388 380 379 379 380 379 380 380 380 380 380 379 379 380 380 379 380 379 379 379 380 381 382 382 381 382 382 382 382 382 381 380 379 378 378 377 377 378 378 378 379 379 379 379 379 379 379 379 379 379 379 379 379 379 379 379 379 379 379 380 380 380 380 380 380 380 380 380 380 380 380 380 380 380 380 380 380 381 381 381 381 381 381 381 381 381 381 381 381 381 381 381 381 381 381 381 381 381 381 382 382 382 382 382 382 382 382 382 382 382 382 382 382 382 382 381 381 382 382 382 382 382 382 382 382 382 382 382 382 382 383 383 383 383 383 382 382 383 383 383 383 383 383 383 384 384 384 384 384 384 385 385 385 385 384 384 384 384 385 385 384 384 384 384 384 385 385 385 384 384 384 384 384 384 384 384 384 384 385 385 385 384 384 385 385 385 385 385 385 385 385 384 385 385 384 384 384 384 384 384 385 385 385 385 385 385 385 385 386 385 385 385 385 385 385 385 385 385 385 385 385 385 385 385 385 385 385 385 386 386 386 386 386 385 386 386 386 385 385 385 385 385 385 385 384 384 384 385 385 385 385 385 385 385 385 385 385 385 385 386 386 386 386 387 387 387 386 386 387 387 387 388 389 389 389 389 388 388 388 387 388 388 388 388 388 388 388 387 387 387 388 387 387 387 387 387 387 388 388 380 380 379 379 380 380 380 380 380 379 380 380 380 380 379 379 379 380 380 381 382 381 380 381 381 381 381 381 381 380 380 379 378 378 378 378 378 379 379 379 379 379 379 379 379 379 379 379 379 379 379 379 379 379 379 380 380 380 380 380 380 380 380 380 380 380 380 380 380 380 381 381 380 380 380 381 381 381 381 381 381 381 381 381 381 381 381 381 381 381 381 381 381 381 381 381 381 382 382 382 382 382 382 382 382 382 382 382 382 382 383 382 382 381 381 381 382 382 382 382 382 382 382 382 382 383 383 383 383 383 383 383 383 383 383 383 383 383 383 383 384 383 383 383 384 384 384 384 385 385 385 385 384 384 384 384 385 385 384 384 385 384 385 385 385 385 385 385 385 385 384 384 384 384 384 384 385 385 385 385 385 385 385 385 385 385 385 385 385 385 385 385 385 385 385 384 384 384 384 385 385 385 385 385 385 385 385 385 385 385 385 385 385 385 385 385 385 385 385 385 385 385 385 385 385 385 386 386 386 386 386 385 385 385 386 386 385 385 385 385 385 385 385 384 384 384 385 385 385 385 385 385 385 385 385 385 385 385 385 386 386 386 387 387 387 387 387 387 388 388 389 388 388 389 389 388 388 387 388 388 388 388 388 388 388 387 387 387 387 388 387 387 387 387 387 379 379 379 379 379 380 380 380 380 380 380 379 379 380 379 379 379 380 380 380 380 381 381 380 380 380 380 382 381 380 379 379 379 378 377 378 378 379 379 379 379 379 379 379 379 379 379 379 379 379 379 379 379 379 379 379 380 380 380 380 380 380 380 380 380 380 380 380 380 380 380 380 381 381 380 381 381 381 381 381 381 381 381 381 381 381 381 381 381 381 381 381 382 382 381 381 381 382 382 382 382 382 382 382 382 382 382 382 382 382 382 383 382 382 382 381 381 382 382 382 382 382 382 382 382 383 383 383 383 383 383 383 383 383 383 383 383 383 383 383 384 383 383 383 383 383 384 384 384 384 384 385 385 384 384 384 384 385 385 384 384 385 385 385 385 385 385 385 385 384 385 384 384 384 385 385 384 384 384 385 385 385 385 385 385 385 385 385 385 385 385 385 385 385 385 384 384 384 384 384 385 385 385 385 385 385 385 386 386 386 385 385 385 385 386 385 385 385 385 385 385 385 385 385 386 385 385 386 386 386 386 385 385 385 385 385 385 385 385 385 385 385 385 385 384 384 385 385 385 385 385 385 385 385 385 385 385 385 385 385 385 386 386 386 386 386 387 387 387 387 388 388 388 388 388 388 388 388 388 388 388 388 388 388 388 388 388 387 387 387 388 388 387 387 388 379 379 379 379 379 380 380 380 380 379 378 379 379 378 379 379 379 380 380 380 381 381 380 379 379 381 381 380 379 378 378 377 378 378 378 379 379 379 379 379 379 379 379 379 379 379 379 379 379 380 380 380 380 380 380 380 380 380 380 380 380 380 380 380 380 380 380 380 380 380 381 381 380 381 381 381 381 381 381 381 381 381 381 381 381 381 381 381 381 382 382 382 381 381 381 382 382 382 382 382 382 382 382 382 382 382 382 382 382 382 382 383 382 382 381 382 382 382 382 382 382 382 382 383 383 383 383 383 383 383 383 383 383 383 383 383 383 383 383 383 383 383 383 383 383 384 384 384 384 384 384 384 384 385 385 384 384 385 385 385 385 385 384 385 385 385 384 384 385 384 384 384 384 384 385 385 384 384 385 385 385 385 385 385 385 385 386 385 386 385 385 385 385 385 385 384 384 385 385 385 385 385 385 385 385 386 386 386 386 386 386 386 386 385 385 385 385 385 385 385 385 385 385 385 385 386 386 386 386 386 385 385 385 385 385 385 385 385 385 385 385 385 385 384 385 385 385 385 385 385 385 385 385 385 385 385 385 385 386 386 386 386 386 386 387 386 386 387 388 387 387 387 388 388 388 388 388 388 388 388 388 388 388 388 388 388 388 388 389 389 388 388 388 380 381 380 378 378 379 379 378 378 378 379 378 378 378 378 378 379 379 380 381 381 381 381 380 379 379 378 378 378 378 378 378 378 379 379 379 379 379 379 379 379 379 379 379 380 379 379 380 380 380 380 380 380 380 380 380 380 380 380 380 380 380 380 380 380 380 380 380 381 381 381 381 381 381 381 381 381 381 381 381 381 381 381 381 381 381 382 382 382 382 381 381 381 382 382 382 382 382 382 382 382 382 382 382 382 382 382 382 382 382 382 382 382 382 382 382 382 382 382 382 382 382 383 383 383 383 383 383 383 383 383 383 383 383 383 383 383 383 383 384 384 383 383 383 383 384 384 384 384 384 384 384 384 385 385 385 385 385 384 384 384 384 384 384 384 384 384 384 384 384 384 384 384 384 385 385 384 385 385 385 385 385 385 385 385 385 385 385 385 385 385 385 385 384 385 385 385 386 386 385 385 386 386 386 386 386 386 386 386 386 386 386 385 385 385 385 385 385 385 385 385 385 385 385 386 386 386 386 386 385 385 385 385 385 385 385 385 385 385 385 385 385 385 385 385 385 385 385 385 385 385 385 385 385 385 385 385 385 385 385 385 385 385 386 386 386 387 387 387 387 387 388 388 388 388 388 388 388 388 388 388 389 389 389 389 389 389 388 389 389 389 389 379 379 378 378 378 378 379 379 380 380 379 380 379 378 378 378 378 379 380 381 382 382 380 380 379 379 379 379 379 379 378 378 379 379 379 379 379 379 379 379 380 380 380 380 379 380 380 380 380 380 380 380 380 380 380 380 380 380 380 380 380 380 380 380 380 381 381 381 381 381 381 381 381 381 381 381 381 381 381 381 381 381 381 381 381 381 382 382 382 381 381 381 382 382 382 382 382 382 382 382 382 382 382 382 382 382 382 382 382 382 382 382 382 382 382 382 382 382 382 382 382 383 383 383 383 383 383 383 383 383 383 383 383 383 383 383 383 383 383 383 384 384 383 384 384 384 384 384 384 384 384 384 385 385 385 385 385 384 384 384 384 384 384 384 384 384 384 384 384 384 384 384 384 384 385 385 385 385 385 385 385 385 385 385 385 385 385 385 385 385 385 385 385 385 385 386 386 386 386 386 386 386 386 385 385 385 385 385 385 385 385 385 385 385 385 385 385 385 385 385 385 385 386 386 386 386 385 385 385 386 385 385 385 385 385 385 385 385 385 385 385 385 385 385 385 385 385 385 385 385 385 385 385 385 385 385 385 385 385 385 385 386 386 386 386 386 386 387 387 387 388 388 388 388 388 388 388 388 389 389 389 389 389 389 389 389 389 389 389 380 379 379 380 381 381 382 381 380 380 380 378 378 380 379 380 381 380 380 380 379 379 378 378 379 379 378 378 379 379 379 379 379 379 380 380 380 380 380 380 380 380 380 380 380 380 380 380 380 380 380 380 380 380 380 380 380 380 380 381 381 381 381 381 381 381 381 381 381 381 381 381 381 381 381 381 381 381 381 381 381 381 382 382 382 382 382 382 382 382 382 382 382 382 382 382 382 382 382 382 382 382 382 382 382 382 382 382 382 382 382 382 383 382 382 382 382 382 383 383 383 383 383 383 383 383 383 383 383 383 383 383 383 383 383 383 383 384 384 384 385 384 384 384 384 384 384 384 384 385 385 385 384 384 384 384 384 384 384 384 384 385 385 385 384 384 384 384 384 384 385 385 384 385 385 385 385 385 386 385 385 385 385 385 385 385 385 385 385 385 386 386 385 385 386 386 386 385 386 386 385 385 385 385 386 385 385 385 385 385 385 385 385 385 385 385 385 385 385 386 386 386 386 386 386 386 385 385 385 385 385 385 385 385 385 385 385 385 385 385 385 385 386 386 385 385 385 385 385 385 385 385 385 385 385 386 386 386 386 387 386 386 386 387 387 387 388 388 388 388 388 388 388 388 389 389 389 389 389 389 389 389 389 389 389 389 389 381 381 381 382 382 382 383 383 381 381 382 382 377 377 378 379 379 378 379 379 378 378 378 378 378 379 378 379 379 379 379 379 379 380 380 380 380 380 380 380 380 380 380 380 380 380 380 380 380 380 380 380 380 380 380 380 380 380 381 380 381 381 381 381 381 381 381 381 381 381 381 381 381 381 381 381 381 381 381 382 382 382 382 382 382 382 382 382 382 382 382 382 382 382 382 382 382 382 382 382 382 382 382 382 382 382 382 382 382 382 382 382 382 383 382 382 382 383 383 383 383 383 383 383 383 383 383 383 383 383 383 383 383 383 383 383 383 384 384 384 384 384 384 384 384 384 384 384 384 385 385 385 385 384 384 384 385 385 384 384 384 384 385 384 384 384 384 384 384 384 385 385 384 385 385 384 384 385 386 385 385 385 385 385 385 385 385 385 385 386 386 386 386 385 386 385 386 386 385 386 385 385 385 386 386 386 386 385 385 385 385 385 385 385 385 385 385 386 385 385 386 386 385 386 385 385 385 385 385 385 385 385 385 385 385 385 385 385 385 385 385 385 386 386 385 385 385 385 385 385 385 385 385 385 386 386 387 387 387 388 388 387 387 387 387 387 388 388 388 388 388 388 388 389 389 389 389 389 389 389 389 389 389 389 389 389 389 382 383 384 384 384 383 382 383 383 382 381 380 378 378 378 377 377 377 377 377 378 378 378 379 379 379 379 379 379 380 380 380 380 380 380 380 380 380 380 380 380 380 380 380 380 380 380 380 380 380 380 380 380 380 380 380 380 381 381 381 381 381 381 381 381 381 381 381 381 381 381 381 381 381 381 381 381 382 382 382 382 382 382 382 382 382 382 382 382 382 382 382 382 382 382 382 382 382 382 382 382 382 382 383 383 382 382 382 382 382 382 382 382 382 382 382 383 383 383 383 383 383 383 383 383 383 383 383 383 383 383 383 383 384 384 384 384 384 384 384 384 384 384 384 384 384 384 385 385 385 385 385 385 385 385 384 385 385 385 385 385 384 384 384 384 384 384 384 385 385 385 385 385 385 384 385 385 385 386 386 385 385 385 385 385 385 386 386 386 386 386 385 385 385 385 385 385 385 385 385 386 386 386 386 386 386 385 385 386 386 385 386 385 385 385 386 385 386 386 385 385 385 385 385 385 386 386 386 385 385 385 385 385 385 385 385 385 385 385 386 386 385 385 385 385 385 385 385 385 386 387 387 386 386 386 387 387 388 388 387 388 388 387 387 387 388 388 388 388 388 388 389 389 389 389 389 389 389 389 389 389 389 389 389 384 383 383 383 383 383 383 382 382 381 381 380 379 378 378 380 378 378 378 378 378 378 379 379 379 379 379 380 380 380 380 380 380 380 380 380 380 380 380 380 380 380 380 380 380 380 380 380 380 380 380 380 380 380 381 381 381 381 381 381 381 381 381 381 381 381 381 381 381 381 381 381 381 381 381 381 381 382 382 382 382 382 382 382 382 382 382 382 382 382 382 382 382 382 382 382 382 382 382 382 382 382 382 383 382 382 382 382 382 382 382 382 382 382 383 383 383 383 383 383 383 383 383 383 383 383 383 383 383 383 383 383 384 384 384 384 384 384 384 384 384 384 384 384 384 384 385 385 385 384 385 385 385 385 385 385 385 384 384 384 384 384 384 384 384 384 384 384 385 385 384 385 384 384 385 385 385 385 385 385 386 385 385 384 385 385 386 386 385 385 385 385 385 385 385 385 385 385 386 386 386 387 387 387 386 386 386 386 386 386 386 386 385 386 386 386 386 386 385 385 385 385 385 385 385 385 385 385 386 385 385 385 385 385 385 385 385 385 385 385 385 385 385 385 385 386 386 386 385 386 387 387 387 387 387 387 388 388 388 388 388 387 387 388 388 388 389 388 389 389 389 389 389 389 389 389 389 389 389 389 389 389 383 383 382 382 382 382 383 383 382 381 380 380 380 380 381 382 381 379 378 379 379 379 378 379 379 379 379 380 380 380 380 380 380 380 380 380 380 380 380 380 380 380 380 380 380 380 380 380 380 380 380 380 380 380 380 380 380 381 381 381 381 381 381 381 381 381 381 381 381 381 381 381 381 381 381 382 381 382 382 382 382 382 382 382 382 382 382 382 382 382 382 382 382 382 382 382 382 382 382 383 382 382 383 383 383 382 382 382 382 382 382 382 383 383 383 383 383 383 383 383 383 383 383 383 383 383 383 383 383 383 383 383 383 383 383 384 384 384 384 384 384 384 384 384 384 384 384 385 385 385 385 384 384 384 384 385 385 385 384 384 384 384 384 385 385 384 384 384 384 385 384 384 385 384 384 385 385 385 385 385 385 386 385 385 384 384 385 385 385 385 385 385 386 385 385 385 385 386 386 386 386 387 387 387 387 387 387 387 386 386 385 385 385 385 386 386 386 386 387 385 385 385 385 385 385 385 385 385 385 385 385 385 385 385 385 385 385 385 385 385 385 386 386 386 386 386 386 387 387 386 386 386 387 387 388 388 388 388 388 389 389 388 388 387 388 388 388 389 389 389 389 389 388 388 389 388 388 389 389 389 388 389 390 383 382 381 381 381 381 382 382 382 382 382 382 382 382 383 383 381 380 380 379 379 378 378 378 379 379 379 379 380 380 380 380 380 380 380 380 380 380 380 380 380 380 380 380 380 380 380 380 380 380 380 380 380 380 380 380 380 381 381 381 381 381 381 381 381 381 381 381 381 381 381 381 381 381 381 381 381 381 382 382 382 382 382 382 382 382 382 382 382 382 382 382 382 382 382 382 382 382 383 382 382 383 383 383 383 383 383 383 382 382 382 382 383 383 383 383 383 383 383 383 383 383 383 383 383 383 383 383 383 383 383 383 383 383 383 383 383 383 383 384 384 384 384 384 384 384 385 385 385 385 385 385 385 384 384 384 384 384 384 384 384 384 384 384 385 385 384 384 384 384 384 384 384 384 384 384 385 385 385 385 385 385 385 385 385 385 384 385 385 385 385 385 385 385 385 385 385 386 386 386 386 386 387 387 387 387 387 387 387 387 386 386 386 385 385 386 386 386 386 387 386 386 386 385 386 385 385 385 385 385 385 385 385 385 385 385 385 385 385 385 385 385 385 385 386 386 387 387 388 388 387 386 386 387 388 388 389 389 388 389 389 389 388 388 387 387 388 388 389 389 389 389 389 388 388 388 388 388 389 389 388 389 389 389 389 382 382 382 382 381 381 381 382 382 383 384 384 383 383 384 383 382 381 380 379 379 378 378 378 379 379 379 380 380 380 380 380 380 380 380 380 380 380 380 380 380 380 380 380 380 380 380 380 380 380 380 381 381 380 380 380 380 381 381 381 381 381 381 381 381 381 381 381 381 381 381 381 381 381 381 381 381 382 382 382 382 382 382 382 382 382 382 382 382 382 382 382 382 382 382 383 383 382 382 383 383 383 383 383 383 383 383 383 382 382 382 382 383 383 383 383 383 383 383 383 383 383 383 383 383 383 383 383 384 383 383 383 384 384 384 383 384 384 383 384 384 384 384 384 385 385 384 384 384 385 385 385 385 384 384 384 385 384 384 384 384 384 384 385 385 385 385 385 384 385 385 384 385 384 384 384 385 385 384 385 385 385 385 385 385 385 384 384 385 385 385 385 385 385 386 386 386 386 386 386 386 387 387 387 386 386 387 386 387 387 386 386 385 385 385 385 386 386 387 387 386 386 386 386 386 386 385 385 385 385 385 385 385 385 385 385 385 385 385 385 385 386 385 385 385 386 387 387 387 388 388 387 386 387 388 388 388 388 388 389 389 389 389 388 387 387 388 389 389 389 389 389 389 389 388 388 388 388 389 389 388 389 389 389 383 382 382 383 383 383 382 381 380 382 383 383 383 383 383 384 384 383 381 381 382 381 380 378 378 378 379 379 379 380 380 380 380 380 380 380 380 380 380 380 380 380 380 380 380 380 380 380 380 380 380 380 380 381 381 381 380 380 380 381 381 381 381 381 381 381 381 381 381 381 381 381 381 381 381 381 381 381 382 381 382 382 382 382 382 382 382 382 382 382 382 382 382 382 382 382 382 383 383 383 383 383 383 383 383 383 383 383 383 383 383 382 382 382 383 383 383 383 383 383 383 383 383 383 383 383 383 383 383 383 383 383 384 383 384 384 384 383 383 383 383 384 384 384 384 384 385 385 385 384 384 385 385 385 384 384 384 385 385 385 385 385 385 385 386 386 385 385 384 384 384 385 385 385 385 384 384 384 385 384 384 384 385 385 385 385 384 384 384 384 384 385 385 385 385 385 386 386 386 386 386 386 386 386 386 386 386 386 386 386 387 387 386 386 386 385 386 386 386 386 386 386 385 385 386 385 385 386 386 385 385 385 385 384 385 385 385 385 385 385 385 385 385 386 386 387 386 386 386 386 387 387 388 388 387 387 387 388 388 388 388 389 389 389 389 388 388 388 388 389 389 389 389 389 389 389 389 389 388 388 389 388 388 389 389 389 383 383 384 384 383 382 383 382 381 381 382 382 381 382 381 383 384 383 382 383 383 382 380 379 378 378 379 379 379 380 380 380 380 380 380 380 380 380 380 380 380 380 380 380 380 380 380 380 380 380 380 380 380 381 381 381 381 381 381 381 381 381 381 381 381 381 381 381 381 381 381 381 381 381 381 381 381 382 382 382 382 382 382 382 382 382 382 382 382 382 382 383 382 382 382 382 383 383 383 383 383 383 383 383 383 383 383 383 383 383 383 383 383 383 383 383 383 383 383 383 383 383 383 383 383 383 383 383 383 383 383 383 383 384 384 384 384 383 384 384 384 385 384 384 385 384 384 384 384 384 384 384 385 385 385 385 384 385 385 385 385 385 385 385 385 385 385 385 385 385 385 385 385 385 385 385 384 384 384 384 384 384 384 384 385 384 384 384 384 384 385 385 385 385 386 386 386 386 386 386 386 387 386 386 386 386 386 386 386 386 387 387 387 387 386 386 386 386 386 386 386 385 385 385 385 385 385 385 386 385 385 385 384 384 385 385 385 385 385 385 385 386 386 386 386 387 387 387 386 387 387 388 388 388 388 388 388 387 387 388 388 388 388 389 389 389 389 389 389 389 389 389 389 388 389 389 389 389 388 389 389 389 389 389 389 383 384 383 382 382 381 382 382 381 380 381 381 381 381 381 382 384 384 384 383 382 381 380 379 378 378 379 379 380 380 380 380 380 380 380 380 380 380 380 380 380 380 380 380 380 380 380 380 380 380 380 380 380 380 381 381 381 381 381 381 381 381 381 381 381 381 381 382 382 382 381 382 382 381 381 381 381 382 382 382 382 382 382 382 382 382 382 382 382 382 383 383 382 382 382 382 382 383 383 383 383 383 383 383 383 383 383 383 383 383 383 383 383 383 383 383 383 383 383 383 383 383 383 383 383 383 383 384 384 384 384 384 384 384 383 383 383 383 383 384 384 385 384 384 385 385 385 385 385 384 384 385 385 385 385 385 384 384 385 385 385 385 385 385 385 385 385 384 385 385 385 385 385 385 384 384 384 384 384 384 384 384 384 384 385 385 385 384 385 385 385 384 385 385 386 386 386 386 386 387 386 386 386 386 386 386 386 386 386 386 386 386 387 387 386 386 386 387 386 387 386 385 385 385 384 385 384 385 386 385 385 385 384 384 385 385 385 385 385 385 385 386 386 387 386 387 387 387 387 386 387 387 388 388 388 388 389 388 387 388 388 388 389 389 389 389 390 390 390 389 389 389 389 388 388 389 389 389 389 389 389 389 389 389 389 383 382 382 382 382 381 381 381 381 381 380 380 381 381 382 383 383 384 383 382 381 380 380 379 378 379 379 380 380 380 380 380 380 380 380 380 380 380 380 380 380 380 380 380 380 380 381 381 381 381 380 381 381 381 381 381 381 381 381 381 381 381 381 381 381 382 382 382 382 382 382 382 382 382 382 382 382 382 382 382 382 382 382 382 382 382 382 382 382 382 383 382 382 382 382 383 383 383 383 383 383 383 383 383 383 383 383 383 383 383 382 383 383 383 383 383 383 383 383 383 383 383 383 383 384 384 384 384 384 384 384 384 384 383 383 383 383 383 384 384 385 385 384 384 385 385 385 385 385 384 384 385 385 385 385 385 385 385 385 385 385 385 385 385 385 385 384 385 385 385 386 385 385 384 384 384 384 384 384 384 384 384 385 385 385 385 385 385 385 384 384 385 385 386 385 386 386 386 386 386 386 386 386 386 386 386 386 387 387 387 387 387 387 386 386 386 386 386 387 386 386 385 385 385 384 384 384 385 385 385 384 385 385 385 385 385 385 385 385 386 386 386 386 387 387 387 388 388 387 387 387 388 388 388 388 389 389 388 388 388 388 389 389 389 389 389 389 389 389 389 389 389 389 389 389 389 389 388 388 388 388 389 389 389 384 383 383 384 383 382 382 382 382 381 380 380 380 380 381 381 382 383 382 381 381 380 380 379 379 379 379 380 380 380 380 380 380 380 380 380 380 380 381 381 380 380 381 381 381 381 381 381 381 381 381 381 381 381 381 381 381 381 381 381 381 381 381 381 381 382 382 382 382 382 382 382 382 382 382 382 382 382 382 382 382 382 382 382 382 382 383 382 382 382 383 382 382 382 382 383 383 383 383 383 383 383 383 383 383 383 383 383 383 383 382 382 383 383 383 383 383 383 383 384 383 384 384 384 384 384 384 384 384 384 384 384 384 384 384 384 384 384 384 384 385 385 385 385 385 385 385 385 385 385 384 385 385 385 385 385 385 385 385 385 385 385 385 385 385 385 385 385 385 385 385 385 385 384 384 384 384 384 384 384 385 384 385 385 385 385 385 385 385 384 385 385 385 385 385 385 386 385 386 385 386 385 386 386 386 386 387 387 387 387 387 387 387 386 386 386 385 387 387 386 386 385 384 385 385 384 384 385 385 384 385 385 385 385 385 385 385 385 386 386 386 386 387 387 387 388 388 388 388 387 387 387 388 388 388 388 388 388 388 389 389 390 389 389 389 389 388 388 388 388 388 388 389 389 389 389 389 389 389 388 388 389 389 384 384 384 383 382 381 381 381 381 381 381 381 380 380 381 381 382 383 381 380 379 379 379 379 379 380 380 380 380 380 380 380 380 381 381 381 381 381 381 381 380 380 381 381 381 381 381 381 381 381 381 381 381 381 381 381 381 381 381 381 381 381 381 381 382 382 382 382 382 382 382 382 382 382 382 382 382 382 382 382 382 382 382 383 383 382 382 382 382 382 382 382 382 382 382 383 383 383 383 383 383 383 383 383 383 383 383 383 383 382 382 383 383 383 383 383 383 384 384 384 384 384 384 384 384 384 384 384 384 384 384 384 384 384 384 384 384 384 384 385 385 385 385 385 385 385 385 385 385 385 384 385 385 385 385 385 385 385 385 385 385 385 385 385 385 385 385 385 385 385 385 385 384 384 384 384 384 384 384 384 384 385 385 385 385 385 385 385 385 385 385 385 385 385 385 385 385 385 385 385 385 386 386 386 387 387 387 387 386 386 386 386 386 385 386 385 386 386 385 385 385 385 384 384 385 385 385 385 385 385 385 385 385 385 385 385 385 385 385 386 386 386 387 387 388 388 388 388 388 388 388 387 388 388 388 388 388 388 389 390 389 389 389 389 389 388 388 388 388 388 387 388 388 389 389 389 388 388 388 388 388 389 384 383 384 384 383 381 382 382 383 383 382 382 381 381 380 380 381 382 383 382 380 380 380 379 379 379 380 380 380 380 380 380 380 381 381 381 381 381 381 381 380 380 380 381 381 381 381 381 381 381 381 381 381 381 381 381 381 381 381 381 381 381 382 382 382 382 382 382 382 382 382 382 382 382 382 382 382 382 382 382 382 382 382 382 383 383 383 382 382 382 382 382 382 382 382 382 383 383 383 383 383 383 383 383 383 383 384 384 384 383 382 382 383 383 383 383 384 384 384 384 384 384 384 384 384 384 384 384 384 384 384 384 384 384 384 384 384 384 384 384 385 385 385 385 385 385 385 385 385 385 385 385 385 385 385 385 385 385 385 385 385 385 385 385 385 385 385 385 385 385 385 385 385 385 384 384 384 384 384 384 384 384 385 385 385 385 385 385 385 385 385 385 385 385 385 385 385 385 385 385 385 385 386 386 386 387 387 387 386 386 385 385 385 385 385 385 385 385 385 385 385 385 385 385 385 385 385 385 385 385 385 385 385 385 385 386 386 386 386 385 385 385 386 386 386 387 387 388 388 388 388 388 388 388 388 388 388 389 389 389 389 389 389 389 388 388 389 389 389 389 388 388 387 387 388 388 387 387 388 388 388 389 389 384 383 383 382 382 383 384 384 385 384 383 382 382 381 380 380 380 380 380 381 380 380 380 379 379 380 380 380 380 380 380 381 381 381 381 381 381 381 381 381 381 381 381 381 381 381 381 381 381 381 381 381 381 381 381 381 381 381 381 381 381 381 382 382 382 382 382 382 382 382 382 382 382 382 382 382 382 382 382 382 382 382 382 382 382 382 382 382 382 382 382 382 383 383 383 382 382 383 383 383 383 383 383 383 383 383 383 383 383 383 383 382 383 383 383 384 384 384 384 384 384 384 384 384 384 384 384 384 384 384 384 384 384 384 384 384 384 384 384 384 385 385 385 385 385 384 385 385 385 385 385 385 385 385 385 385 385 385 385 385 386 385 385 385 385 385 385 385 385 385 385 386 385 385 385 385 385 384 384 384 384 384 385 385 385 385 385 385 385 385 385 385 385 385 385 385 385 385 385 385 385 385 386 386 386 386 387 386 386 386 385 385 385 385 385 385 385 385 385 385 385 385 385 385 385 385 385 385 385 385 385 385 385 385 385 385 386 386 386 386 386 385 385 385 386 386 386 387 387 388 388 388 388 388 388 388 388 389 389 389 390 390 389 389 389 389 389 389 389 389 388 388 387 387 388 388 387 388 388 389 389 389 389 389 389 388 385 384 383 383 382 384 384 383 383 383 383 382 382 381 381 381 380 380 379 379 379 380 379 379 380 380 380 380 381 381 381 381 381 381 381 381 381 381 381 381 381 381 381 381 381 381 381 381 381 381 381 381 381 381 381 381 381 381 381 381 381 382 381 381 381 382 382 382 382 382 382 382 382 382 382 382 382 382 382 382 382 382 382 382 382 382 382 382 382 382 382 383 383 383 382 382 382 383 383 383 383 383 383 383 383 383 383 383 383 383 383 383 383 383 383 384 384 384 384 384 384 384 384 384 384 384 384 384 384 384 384 384 384 384 384 384 384 384 384 384 385 385 385 385 385 385 385 385 385 385 385 385 385 385 385 385 385 385 385 385 386 386 385 385 385 386 385 385 385 385 385 385 386 385 385 385 385 384 384 385 384 384 384 385 385 385 385 385 385 385 385 385 385 385 385 385 385 385 385 385 385 386 386 386 386 386 386 386 386 385 385 385 385 385 385 385 385 385 385 385 385 385 385 385 385 385 385 385 385 385 385 385 386 386 386 386 386 386 386 387 386 385 386 386 387 386 387 388 388 388 388 389 388 388 388 388 388 389 389 389 389 389 390 389 389 389 389 390 389 389 388 388 388 387 387 387 387 387 388 388 389 388 389 388 388 388 388 385 384 383 383 384 384 384 383 383 382 382 381 381 381 381 380 380 381 380 380 379 379 380 380 380 380 381 381 381 381 381 381 381 381 381 381 381 381 381 381 381 381 381 381 381 381 381 381 381 381 381 381 381 381 381 381 381 381 381 381 381 381 381 382 382 382 382 382 382 382 382 382 382 382 382 382 382 382 382 382 382 382 382 382 382 382 382 382 382 383 383 383 383 383 382 382 382 383 383 383 383 383 383 383 383 383 383 383 383 383 383 383 383 383 384 384 384 384 384 384 384 384 384 384 384 384 384 384 384 384 384 384 384 384 384 384 384 384 384 385 385 385 385 385 385 385 385 385 385 385 385 385 385 385 385 385 386 386 386 386 386 385 385 386 386 386 385 385 385 385 385 385 386 385 385 385 385 385 385 385 384 384 385 385 385 385 385 385 385 385 385 385 385 385 385 385 385 385 385 386 386 385 386 385 386 386 385 385 385 385 385 385 385 385 385 385 385 385 385 385 385 385 385 385 385 385 385 385 385 385 385 385 385 385 386 386 386 387 387 386 386 387 387 388 387 386 387 388 388 388 388 389 388 388 389 389 389 389 389 388 388 389 389 389 389 390 390 390 389 388 388 388 387 388 388 387 387 387 387 387 388 389 388 388 388 388 387 388 385 384 384 385 386 385 384 383 382 382 382 382 382 382 382 381 380 380 380 379 380 380 380 380 380 381 381 381 381 381 381 381 381 381 381 381 381 381 381 381 381 381 381 381 381 381 381 381 381 381 381 381 381 381 381 381 381 381 381 382 382 382 382 382 382 382 382 382 382 382 382 382 382 382 382 382 382 382 382 382 382 382 382 383 383 383 383 382 383 383 383 383 383 383 382 382 382 383 383 383 383 383 383 384 384 383 383 383 383 383 383 383 383 384 384 384 384 384 384 384 384 384 384 384 384 384 384 384 384 384 384 384 384 384 384 384 384 384 385 385 385 385 385 385 385 385 385 385 385 385 385 385 385 385 385 386 386 386 386 385 385 385 385 385 385 386 386 386 385 385 385 386 385 385 385 385 385 385 385 385 385 384 385 385 385 385 385 385 385 385 385 385 385 385 385 386 386 386 386 386 385 385 385 386 386 385 385 385 385 385 385 385 385 385 385 385 385 385 385 385 385 385 385 385 385 385 385 385 385 386 385 385 386 386 386 386 387 387 387 387 387 387 388 387 387 387 387 387 388 388 388 389 388 388 389 390 390 389 389 388 388 388 389 389 390 389 389 389 388 388 388 388 389 388 388 387 387 386 386 387 387 388 388 387 388 387 388 388 385 385 386 385 385 384 384 383 383 382 382 382 383 382 381 381 380 380 379 380 380 380 380 381 381 381 381 381 381 381 381 381 381 381 381 381 381 381 381 381 381 381 381 381 381 381 381 381 381 381 381 381 381 381 381 381 381 382 381 382 382 382 382 382 382 382 382 382 382 382 382 382 382 382 382 382 382 382 382 383 383 383 383 383 383 383 382 383 383 383 383 383 383 383 383 382 382 383 383 383 383 384 384 383 383 383 383 383 383 383 383 383 384 384 384 384 384 384 384 384 384 384 384 384 384 384 384 384 384 384 384 384 384 384 384 384 384 385 385 385 385 385 385 385 385 385 386 385 385 385 385 385 385 385 385 386 386 385 385 385 385 385 385 386 386 386 385 385 385 385 385 386 385 385 385 385 385 385 385 385 385 385 385 385 385 385 385 385 385 385 385 386 385 386 386 386 386 386 386 386 385 385 386 385 385 385 385 385 385 385 385 385 385 385 385 385 385 385 385 385 385 385 385 385 385 386 386 386 386 386 386 385 385 386 386 386 387 386 386 387 387 388 388 388 388 388 388 388 388 389 389 389 389 390 390 390 389 389 389 388 388 389 390 389 388 388 389 389 389 388 388 389 389 389 389 388 387 387 386 386 387 388 387 387 387 387 388 389 385 385 384 384 383 383 383 383 382 381 381 381 382 381 380 380 379 380 380 380 380 381 381 381 381 381 381 381 381 381 381 381 381 381 381 381 381 381 381 381 381 381 381 381 381 381 381 381 381 381 381 381 381 381 381 381 381 381 382 382 382 382 382 382 382 382 382 382 382 382 382 382 382 382 383 383 383 383 383 383 383 383 383 382 382 383 383 383 383 383 383 383 383 383 382 383 383 383 383 384 383 383 383 383 383 383 383 383 383 383 383 384 384 384 384 384 384 384 384 384 384 384 384 384 384 384 384 384 384 384 384 384 384 384 384 385 385 385 384 385 385 385 385 385 386 385 385 385 385 385 385 385 385 386 385 385 386 385 385 385 385 385 385 385 385 385 385 385 385 385 385 385 385 385 385 385 385 385 385 385 385 385 385 385 385 385 385 386 386 386 386 386 386 386 386 386 386 386 386 385 385 385 385 385 385 385 385 385 385 385 385 385 385 385 385 385 385 385 385 385 385 385 386 385 385 386 386 386 386 386 385 385 385 386 386 386 386 387 387 387 388 388 388 388 388 388 388 388 389 389 390 389 389 389 388 389 389 389 388 389 389 389 389 388 388 388 389 388 388 389 389 389 388 388 388 388 388 387 386 387 388 387 387 388 388 389 389 389 384 384 384 384 384 383 382 381 380 381 381 381 380 380 380 380 380 381 381 381 381 381 381 381 381 381 381 381 381 381 381 381 381 381 381 381 381 381 381 381 381 381 381 381 381 381 381 381 381 381 381 381 382 382 381 381 382 382 382 382 382 382 382 382 382 382 382 382 382 382 383 382 382 383 383 383 383 383 383 383 383 383 383 383 383 384 383 383 383 383 383 382 382 383 383 383 383 384 384 383 383 383 383 383 383 383 383 383 384 384 384 384 384 384 384 384 384 384 384 384 384 384 384 384 384 384 384 384 384 384 384 384 385 385 385 385 385 385 385 385 385 385 385 385 385 385 385 385 385 385 385 385 385 386 386 385 385 385 385 385 385 385 385 385 385 385 385 385 385 385 385 385 385 385 385 385 385 385 385 385 385 385 386 386 385 386 386 386 386 386 386 386 386 385 385 385 385 385 385 385 385 385 385 385 385 385 385 385 385 385 385 385 385 385 385 385 386 385 385 385 385 386 385 386 386 386 386 386 385 385 385 386 386 387 387 387 387 387 387 387 388 388 388 388 388 388 389 389 389 389 389 389 388 388 388 388 389 389 388 388 388 388 388 388 388 388 389 389 388 387 388 388 388 388 388 387 387 387 387 387 387 387 388 388 389 389 389 385 385 384 383 383 382 381 380 380 380 380 380 380 380 380 381 381 381 381 381 381 381 381 381 381 381 381 381 381 381 381 381 381 381 381 381 381 381 381 381 381 381 381 381 381 381 381 381 381 381 381 382 381 381 381 381 382 382 382 382 382 382 382 382 382 382 382 382 382 383 383 383 383 383 383 383 383 383 383 383 383 383 383 384 384 383 383 383 383 383 382 382 383 383 383 383 383 383 384 384 384 383 383 383 383 383 384 384 384 384 384 384 384 384 384 384 384 384 384 384 384 384 384 384 384 384 385 385 384 384 385 385 385 385 385 385 386 386 385 386 385 386 385 385 385 385 385 385 385 385 386 385 386 385 385 385 385 385 385 385 385 385 385 385 386 386 385 385 385 385 385 385 384 384 385 385 384 385 385 385 385 385 385 386 386 386 385 385 385 385 385 385 385 385 385 385 385 385 385 385 385 385 385 385 385 385 385 385 386 386 386 385 385 385 385 385 386 386 386 386 386 386 386 386 387 386 386 386 386 386 386 386 386 386 386 387 387 387 388 388 388 387 388 388 389 389 390 390 390 389 389 389 389 388 388 388 388 388 388 387 387 388 388 389 389 389 388 387 388 388 387 387 387 387 387 387 387 387 387 387 388 388 389 389 389 389 385 384 384 384 383 382 381 381 380 380 379 380 380 380 380 381 381 381 381 381 381 381 381 381 381 381 381 381 381 381 382 382 382 382 382 382 382 382 382 382 381 381 381 382 382 382 382 382 382 382 382 383 382 382 382 382 382 382 383 383 383 383 383 383 383 383 383 383 383 383 383 383 383 384 384 384 384 384 383 383 383 384 384 384 384 384 383 383 383 384 383 383 383 383 383 384 384 384 384 384 384 384 384 384 384 384 384 384 384 384 384 384 384 384 384 385 385 385 385 385 385 385 385 385 385 385 385 385 385 385 385 385 386 386 386 386 386 386 386 386 386 386 386 385 385 385 385 386 386 386 386 386 386 386 386 386 386 386 386 386 386 386 386 386 386 386 386 385 385 385 385 385 385 385 385 385 385 385 385 385 385 385 385 385 385 386 385 385 385 385 385 385 385 385 385 385 385 385 385 386 385 385 385 385 385 385 385 386 385 385 385 386 386 386 385 385 385 386 386 386 386 386 387 386 386 387 386 387 387 387 386 386 387 386 386 386 386 387 388 387 387 387 387 387 388 389 389 389 389 388 388 388 388 388 388 388 388 389 388 388 388 387 387 388 388 388 388 387 387 387 386 386 387 387 387 387 386 386 386 387 387 387 387 387 387 387 384 384 383 382 382 381 381 381 380 380 380 380 380 380 381 381 381 381 381 381 381 381 381 381 381 381 381 381 381 382 382 382 382 382 382 382 381 382 381 381 381 381 381 382 382 382 382 382 382 383 383 383 382 382 382 382 382 382 383 383 383 383 383 383 383 383 383 383 383 383 383 384 384 384 384 384 384 383 383 383 383 384 384 384 383 384 384 384 384 384 383 383 383 383 384 384 384 384 384 384 384 384 384 384 384 384 384 384 384 384 384 385 385 385 385 385 385 385 385 385 385 385 385 385 385 385 385 385 385 386 385 385 386 386 386 386 386 386 386 386 386 386 386 386 386 386 386 386 386 386 386 386 386 386 386 386 386 386 386 386 386 386 386 386 386 386 386 385 385 385 385 385 385 386 386 386 386 386 385 385 385 385 385 385 386 385 385 385 385 385 385 385 385 385 385 385 385 385 385 385 385 385 385 385 386 385 385 385 385 385 385 385 386 386 385 385 385 385 386 386 386 387 387 387 387 387 387 387 387 387 386 387 386 387 387 386 387 387 387 387 387 387 388 388 389 389 389 388 388 388 389 389 389 388 388 389 389 389 389 388 388 388 388 387 388 387 387 387 387 387 387 388 387 387 387 386 386 386 387 386 387 386 386 387 387 387 384 383 383 383 382 381 381 381 380 380 380 380 380 381 381 381 381 381 381 381 381 381 381 381 381 381 382 381 382 382 382 382 382 382 382 382 381 381 381 381 381 382 382 382 382 382 382 382 383 383 383 383 383 383 382 382 383 383 383 382 382 383 383 383 383 383 383 383 383 383 383 383 384 384 384 384 384 383 383 384 384 384 384 384 384 384 384 383 383 384 383 383 383 384 384 384 384 384 384 384 384 384 384 384 384 384 384 384 385 385 385 385 385 385 385 385 385 385 385 385 385 385 385 385 385 385 385 385 385 385 385 385 386 386 386 386 386 386 386 386 386 386 386 386 386 386 386 386 386 386 386 386 386 386 386 386 386 386 386 386 386 386 386 386 386 386 385 385 385 385 385 386 386 386 386 386 385 385 385 385 385 385 386 386 385 385 385 385 385 385 385 385 385 385 386 386 385 385 385 385 386 386 386 386 385 385 385 386 385 385 386 386 385 386 386 386 386 386 386 386 386 387 387 388 388 388 388 387 387 387 387 387 388 387 387 387 387 387 387 387 387 388 388 389 389 389 389 389 388 389 389 389 388 389 389 389 389 389 388 388 388 388 388 387 387 388 388 388 388 388 387 387 387 387 386 386 386 387 386 386 386 387 387 387 387 383 383 383 382 381 381 380 380 380 380 380 380 380 381 381 381 381 381 381 381 381 381 381 381 381 381 381 381 382 382 381 382 382 382 382 382 381 381 381 381 381 382 382 382 382 382 382 382 382 382 382 383 383 383 383 383 383 383 383 383 383 383 383 383 383 383 383 384 383 383 383 383 384 384 384 384 384 384 383 383 383 384 384 384 384 384 384 384 384 384 384 383 383 384 384 384 384 384 384 384 384 384 384 384 384 384 384 385 385 385 385 385 385 385 385 385 385 385 385 385 385 385 385 385 385 385 385 385 385 386 386 386 385 386 386 386 386 386 386 386 386 386 386 386 386 386 386 386 386 386 386 386 386 386 386 386 386 386 386 386 386 386 386 386 385 385 385 385 385 385 385 386 386 386 386 386 385 385 385 385 385 385 385 385 385 385 385 385 385 385 386 386 386 386 386 386 385 386 386 386 386 386 386 385 385 385 385 386 386 386 386 386 386 386 385 386 386 386 386 386 387 387 388 388 388 388 388 388 388 388 388 388 387 388 388 387 387 388 387 387 387 388 389 389 389 390 389 389 389 389 389 389 388 389 389 389 389 388 388 388 388 388 388 388 388 389 389 389 388 388 387 387 387 387 386 386 386 387 386 386 386 387 387 387 382 382 381 381 380 380 380 380 380 380 381 381 381 381 381 381 381 381 381 381 381 381 381 381 381 381 382 381 381 382 382 382 382 382 382 381 381 381 382 382 382 382 382 382 382 382 382 382 382 383 383 383 383 383 383 384 384 384 383 383 383 383 383 384 384 384 384 383 383 383 383 383 383 384 384 384 383 383 383 384 384 384 384 384 384 384 384 384 384 384 384 384 384 384 384 384 384 384 384 384 384 384 384 384 385 385 385 385 385 385 385 385 385 385 385 385 385 385 385 385 385 385 385 385 385 385 386 386 386 386 386 386 386 386 386 386 386 386 386 386 386 386 386 386 386 386 386 386 386 386 386 386 386 386 386 386 386 386 386 386 386 386 386 386 385 385 385 385 386 386 386 386 386 386 386 385 385 385 385 385 385 385 385 385 385 385 385 386 386 386 386 386 386 386 386 386 386 386 386 386 386 386 386 386 386 386 386 386 385 386 386 386 386 386 386 386 386 386 387 387 388 387 388 388 388 388 388 388 389 388 388 388 388 387 387 387 388 388 388 389 389 389 389 389 390 390 390 390 389 389 389 389 390 389 389 388 388 388 389 389 388 388 388 388 389 389 389 388 388 387 387 386 387 387 386 386 387 386 387 387 387 381 381 381 380 380 380 380 380 380 380 380 381 381 381 381 381 381 381 381 381 381 381 381 381 381 381 381 382 382 381 382 382 382 382 382 382 382 382 382 382 382 382 382 382 382 382 382 382 382 382 383 383 383 383 383 383 383 383 383 383 383 383 383 383 383 383 384 384 384 384 384 384 384 384 384 384 384 383 383 383 383 383 384 384 384 384 384 384 385 384 384 384 384 383 384 384 384 384 384 384 384 384 384 384 385 385 385 385 385 385 385 385 385 385 385 385 385 385 385 385 385 385 385 385 385 385 385 386 386 386 386 386 386 386 386 386 387 387 386 386 386 386 386 386 386 387 386 386 386 386 386 386 386 386 386 386 386 386 386 386 386 386 386 387 386 386 385 385 385 386 386 386 386 386 386 386 386 385 385 385 385 385 385 385 385 385 386 386 386 386 386 386 386 385 385 385 385 385 385 385 386 386 386 386 386 386 386 386 386 386 385 386 386 386 386 386 386 386 387 387 388 388 387 388 388 389 389 388 388 389 389 389 389 388 388 389 388 388 389 389 389 390 389 389 389 389 389 389 390 390 389 389 389 390 389 389 388 388 389 389 389 388 388 389 389 389 388 388 388 387 387 387 387 387 387 387 386 386 386 387 387 387 381 380 380 380 381 381 380 380 380 381 381 381 381 381 381 381 381 381 381 381 381 381 381 381 381 382 382 382 382 382 382 382 382 382 382 382 382 382 382 382 382 382 382 382 382 382 382 382 382 383 383 383 383 382 383 383 383 383 383 383 383 383 383 383 383 384 384 384 384 384 384 384 384 384 384 384 384 384 384 384 384 384 384 384 384 384 384 384 384 384 384 384 384 384 384 384 384 384 384 384 384 384 385 385 385 385 385 385 385 385 385 385 385 385 385 385 385 385 385 385 385 385 385 385 385 386 386 386 386 387 386 386 386 386 387 387 386 386 386 386 386 386 386 386 386 386 386 386 386 386 386 386 386 386 387 386 386 386 386 386 387 386 386 386 385 385 386 386 386 386 386 386 386 386 386 385 385 386 385 385 385 385 385 386 386 386 386 385 385 385 385 385 385 385 385 385 385 385 385 386 386 386 386 386 386 386 386 386 386 386 386 387 386 386 386 387 387 388 388 388 387 387 388 388 388 389 389 389 389 389 388 389 389 389 389 390 389 389 389 389 389 389 389 389 389 389 389 389 389 390 390 390 389 388 388 388 389 389 389 388 388 389 389 388 388 388 387 387 387 387 387 387 387 387 387 386 386 386 387 387 381 381 381 380 380 380 380 380 381 381 381 381 381 381 381 381 381 381 381 381 381 381 381 381 382 382 382 382 382 382 382 382 382 382 382 382 382 382 382 382 382 382 382 382 382 382 382 382 382 382 383 382 382 382 383 383 383 384 384 383 383 383 383 383 383 383 384 384 384 384 384 384 384 384 384 383 384 384 384 384 384 384 384 384 384 384 384 384 385 385 384 384 385 385 384 384 384 384 384 384 384 384 385 385 385 385 385 385 385 385 385 385 385 385 385 385 385 385 385 385 385 385 385 385 385 386 386 386 386 386 386 386 386 387 387 387 387 386 386 386 386 386 386 386 386 386 386 386 386 386 386 386 386 387 387 386 386 386 386 386 386 386 386 386 385 385 386 386 386 386 386 386 386 386 386 386 385 385 385 385 385 385 386 386 386 386 385 386 386 386 386 386 385 386 386 386 386 386 385 386 386 386 386 386 386 386 386 386 386 386 386 387 386 387 387 387 387 388 388 388 387 387 387 387 387 388 389 389 389 389 388 388 389 389 389 389 389 389 388 389 389 388 389 389 388 389 389 389 389 390 390 389 389 389 388 389 389 389 389 389 389 389 389 388 388 388 387 387 387 387 387 387 387 387 387 386 386 386 386 387 380 380 380 380 380 381 381 381 381 381 381 381 381 381 381 381 381 381 381 381 381 382 382 382 382 382 382 382 382 382 382 382 382 382 382 382 382 382 382 382 382 382 382 382 382 382 382 382 382 382 382 382 383 383 384 384 384 384 383 383 383 383 383 383 383 384 383 383 384 384 384 384 384 383 383 383 383 384 384 384 384 384 384 384 384 384 385 385 385 384 384 384 384 384 384 384 384 384 385 385 385 385 385 385 385 385 385 385 385 385 385 385 385 385 385 385 385 385 385 385 385 385 385 386 386 386 386 386 386 386 386 387 387 387 387 386 386 386 386 386 386 386 386 386 386 386 386 386 386 386 386 387 386 386 386 386 386 386 386 386 385 385 385 386 386 386 386 386 386 386 386 386 386 386 385 386 385 385 385 386 386 386 386 386 386 386 386 386 386 386 386 386 386 386 386 386 385 385 386 386 386 386 386 386 386 386 387 386 386 386 387 387 386 387 387 387 388 387 387 387 387 387 387 387 388 389 389 388 388 388 389 389 389 388 389 389 389 388 389 389 389 389 388 388 389 389 389 390 390 389 389 389 389 389 389 390 390 389 390 390 390 389 388 388 387 387 387 387 387 387 388 387 388 387 386 386 387 380 380 380 380 381 381 381 381 381 381 381 381 381 381 381 381 381 381 381 381 382 382 382 382 382 382 382 382 382 382 382 382 382 382 382 382 382 382 382 382 382 382 382 382 383 382 382 382 382 382 382 383 383 383 384 384 384 383 383 383 383 383 383 383 383 383 383 383 383 383 384 384 384 383 383 383 384 384 384 384 384 384 384 384 384 384 385 385 385 384 384 384 384 384 384 384 384 384 385 385 384 384 385 385 385 385 385 385 385 385 385 385 385 385 385 385 385 385 385 385 385 385 385 386 386 386 386 386 386 386 386 387 386 386 386 386 386 386 386 386 387 386 386 386 386 386 386 386 386 386 386 386 386 386 386 386 386 386 386 386 386 386 386 386 386 386 386 386 386 387 387 386 386 386 386 386 385 385 386 386 386 386 386 386 386 386 386 386 386 386 386 385 386 386 386 386 386 385 386 386 386 386 386 386 386 386 387 387 386 386 386 386 387 387 387 387 387 387 387 388 388 388 388 388 389 389 389 389 389 388 388 389 389 388 389 389 389 388 389 388 389 388 388 388 388 388 389 389 389 389 390 389 389 390 390 390 390 390 390 390 390 389 388 388 387 388 387 387 387 387 387 387 387 386 386 386 386 380 380 380 380 380 381 381 381 381 381 381 381 381 381 381 381 381 381 382 382 382 382 382 382 382 382 382 382 382 382 382 382 382 382 382 382 382 382 382 382 382 382 383 383 383 383 383 383 383 382 382 382 383 383 383 384 383 384 384 384 384 383 383 383 383 383 383 383 383 384 384 384 384 384 383 384 384 384 384 384 384 384 384 384 384 384 385 385 385 385 385 385 384 384 384 384 384 384 385 385 385 385 385 385 385 385 385 385 385 385 385 385 385 385 385 385 385 385 385 385 385 385 385 386 386 386 386 386 386 386 386 386 386 386 386 386 386 386 386 386 386 386 386 386 386 386 386 386 386 386 386 386 386 386 387 386 387 387 387 386 386 386 386 386 386 386 386 386 386 386 387 387 387 386 386 386 386 385 386 386 386 386 386 386 386 386 386 386 386 386 386 386 386 386 386 386 386 385 386 386 386 386 386 386 386 386 387 387 387 386 387 387 387 387 387 387 386 386 387 387 388 388 387 388 389 389 388 389 389 389 388 388 388 388 389 389 389 389 388 388 388 388 389 389 389 389 388 389 389 389 390 390 390 389 390 390 389 390 390 389 389 389 388 388 388 388 387 387 387 387 387 387 387 386 386 386 381 380 380 380 380 380 380 380 381 381 381 381 381 381 381 381 381 381 381 381 381 382 382 382 382 382 382 382 382 382 382 382 382 382 382 382 382 382 382 382 382 382 383 383 383 383 383 383 383 383 383 383 383 382 382 383 383 383 384 384 384 384 384 384 383 384 384 384 384 383 383 383 384 384 384 383 384 384 384 384 384 384 384 384 384 384 384 384 385 385 385 385 384 384 384 384 384 384 384 384 384 385 385 385 385 385 385 385 385 385 385 385 385 385 385 385 385 385 386 385 385 386 386 385 385 386 386 386 386 386 386 386 386 386 386 386 386 386 386 386 386 386 386 386 386 386 386 386 386 387 387 387 387 386 386 386 386 386 387 387 387 387 386 386 386 386 386 386 386 386 386 387 387 387 386 386 386 386 386 386 386 386 386 386 386 386 386 386 386 386 386 386 386 386 386 386 386 386 386 386 386 386 386 386 386 386 386 386 387 387 387 387 387 387 387 387 387 387 387 386 387 387 387 387 387 388 388 388 387 388 388 388 388 388 388 388 388 388 388 389 389 389 389 388 388 389 389 390 389 389 389 390 390 390 389 389 389 389 389 389 389 389 389 389 389 389 388 387 387 387 387 387 387 387 387 387 387 387 381 381 380 381 380 380 380 380 381 381 381 381 381 381 381 382 382 382 382 381 381 382 382 382 382 382 382 382 382 382 382 382 382 382 382 382 382 382 382 382 383 383 383 383 383 383 383 383 383 383 383 383 383 383 383 383 383 383 384 384 384 384 384 383 383 384 384 384 383 383 383 383 384 384 383 383 384 384 384 384 384 384 384 383 383 384 384 385 385 384 384 385 385 385 385 385 385 384 384 384 385 385 385 385 385 385 385 385 385 385 385 385 385 386 386 386 386 386 386 386 386 386 385 385 386 386 386 386 386 386 386 386 386 386 386 386 386 386 386 386 386 386 386 387 386 386 386 387 387 387 387 387 386 386 386 386 386 386 387 387 387 386 386 386 386 386 386 386 387 387 387 386 386 386 386 386 386 386 386 386 386 386 386 386 386 386 386 386 386 386 386 386 386 386 386 386 386 386 386 386 386 386 386 386 386 386 386 387 387 386 386 386 386 386 386 386 387 387 387 387 387 387 387 387 388 388 387 387 387 387 387 388 388 388 389 389 389 389 389 389 389 389 389 389 388 389 390 390 389 389 389 390 390 389 389 389 389 389 389 389 388 388 388 388 388 389 388 387 386 387 387 388 388 387 381 381 381 381 380 381 380 380 381 381 381 381 381 381 381 382 382 382 382 382 382 382 382 382 382 382 382 382 382 382 383 382 382 382 382 382 382 382 382 383 383 383 383 383 383 383 383 383 383 383 383 383 383 383 383 383 383 383 383 384 384 384 383 383 384 384 383 383 383 383 383 383 384 383 383 384 384 384 384 384 384 384 384 384 384 384 385 385 384 385 385 385 385 385 385 384 384 384 385 385 385 385 385 385 385 385 385 385 385 385 385 386 386 386 386 386 386 386 386 386 386 386 386 386 386 386 386 386 386 386 386 386 386 386 386 386 386 386 386 386 386 387 386 386 386 386 387 386 386 386 386 386 386 386 386 387 386 387 387 387 386 387 386 386 386 386 386 387 387 386 386 386 386 386 386 386 386 386 386 386 386 386 386 386 386 386 386 386 386 386 386 386 386 386 386 386 386 386 386 386 386 386 386 386 386 386 387 387 386 386 386 386 386 386 386 386 386 387 387 386 386 387 387 388 387 387 387 387 387 388 388 388 388 388 389 389 389 389 389 389 389 389 389 389 388 389 390 389 389 390 390 390 389 389 390 389 389 389 389 389 389 388 388 388 388 388 387 387 387 387 388 382 381 381 381 380 380 381 381 381 381 381 381 381 382 382 382 382 382 382 382 382 382 382 382 382 382 382 382 382 382 382 383 383 382 383 383 383 383 383 383 383 383 383 383 383 383 383 383 383 383 383 383 383 383 383 383 383 383 383 383 384 383 384 384 383 384 384 383 383 383 384 383 383 384 384 384 384 384 384 384 384 384 384 384 384 384 384 385 385 386 386 385 385 385 385 385 385 385 385 385 385 385 385 385 385 385 385 385 385 386 386 386 386 386 386 386 386 386 386 386 386 386 386 386 386 386 386 386 386 386 386 386 386 386 386 386 386 386 386 387 386 386 386 386 387 387 386 386 386 386 386 386 386 386 386 387 387 387 387 386 387 386 386 386 386 387 387 386 386 386 386 386 386 386 386 386 386 386 386 386 386 386 386 386 386 386 387 387 387 387 386 386 386 386 386 386 386 386 386 386 386 386 386 387 387 387 386 386 386 386 386 386 386 386 386 387 387 386 386 386 387 387 387 386 387 387 388 388 389 389 389 388 389 390 390 389 390 389 389 389 389 389 388 389 389 390 390 390 390 390 390 390 390 390 389 389 389 389 389 389 388 388 388 388 387 388 388 388 382 382 381 381 381 381 381 381 381 381 381 381 381 382 382 382 382 382 382 382 382 382 382 382 382 383 382 382 382 382 382 382 383 383 383 383 383 383 383 383 383 383 383 383 383 383 383 383 383 383 383 383 383 383 383 383 383 383 383 383 383 383 384 383 383 384 384 383 384 384 384 383 384 384 384 384 383 384 384 384 384 384 384 385 384 385 385 385 385 386 386 385 385 385 385 385 385 385 385 385 385 384 385 385 385 385 385 385 386 386 386 386 386 386 386 386 386 386 386 386 386 386 386 386 386 386 386 386 386 386 386 386 386 387 387 387 387 387 387 387 387 387 386 386 386 387 387 386 386 386 387 387 387 387 387 387 387 387 387 387 387 387 386 386 387 387 387 386 386 386 386 386 386 386 386 386 386 386 386 386 386 386 386 386 386 387 387 387 387 387 386 386 386 386 386 386 386 386 386 386 386 386 387 387 387 386 386 386 386 386 387 386 387 387 386 387 387 387 387 386 386 387 387 387 388 388 388 388 389 389 389 389 389 390 389 389 390 389 389 390 390 389 389 389 389 390 390 390 389 389 390 390 389 389 388 388 388 388 389 388 388 387 388 388 389 382 382 382 382 382 382 381 381 381 381 381 381 381 382 382 382 382 382 382 382 382 382 382 382 382 382 382 383 382 383 383 383 383 383 383 383 383 383 383 383 383 383 383 383 383 383 383 383 383 383 383 383 383 384 383 383 383 384 384 383 383 383 384 384 383 383 384 384 384 384 384 384 384 383 384 383 383 384 384 384 384 384 384 385 385 385 385 385 386 386 385 385 385 385 385 385 385 385 385 385 385 385 385 385 385 385 385 385 385 386 386 386 386 386 386 386 386 386 386 386 386 387 386 386 386 386 386 387 387 387 387 387 387 387 387 387 387 387 387 387 387 387 386 386 387 387 387 387 386 386 386 386 387 387 387 387 388 387 388 388 387 387 387 387 387 387 387 387 387 387 387 386 386 386 386 386 386 386 386 386 386 386 386 386 386 387 387 387 387 387 386 386 386 386 386 386 386 386 386 387 387 387 387 387 387 386 386 386 387 387 387 387 387 387 387 387 387 387 387 387 386 386 387 388 388 388 388 388 388 388 389 390 390 390 389 389 390 390 390 390 390 390 389 390 389 390 390 389 389 389 389 388 388 388 387 388 388 388 388 388 388 389 382 381 381 381 381 381 381 381 381 381 381 381 381 382 382 382 382 382 382 382 382 383 383 382 382 382 382 383 383 383 383 383 383 383 383 383 383 383 383 383 383 383 383 383 383 383 383 383 383 383 383 383 384 384 384 383 384 384 384 384 383 384 384 384 384 384 384 384 384 384 384 384 384 384 384 384 384 384 384 384 384 384 384 385 385 385 385 386 386 385 385 385 385 385 386 386 385 385 386 386 386 385 385 385 385 385 385 385 385 385 386 386 386 386 386 386 386 386 386 386 386 386 386 386 386 386 387 387 387 387 387 387 387 387 387 387 387 387 387 387 387 387 387 387 386 387 387 387 386 386 386 387 387 387 387 387 388 387 387 387 387 387 387 387 387 386 387 387 387 387 387 386 386 386 386 386 386 386 387 386 386 386 386 386 387 387 387 387 386 387 386 386 386 386 386 386 386 387 387 387 387 387 386 386 386 387 387 387 387 387 388 388 387 387 387 387 387 387 387 387 387 387 387 387 387 387 388 388 388 388 389 389 390 390 389 389 389 389 390 390 390 389 389 389 389 390 389 389 388 389 389 388 388 388 388 388 388 388 388 388 389 382 381 381 381 381 381 381 381 381 381 381 381 381 381 382 382 382 382 382 382 382 383 383 383 383 383 382 383 383 383 383 383 383 383 383 383 383 383 383 383 383 383 383 383 383 383 383 383 383 383 383 384 384 384 384 384 384 384 384 384 384 384 384 384 384 384 384 384 384 384 384 384 384 384 384 384 384 384 384 384 384 384 384 384 384 384 385 386 386 385 385 385 385 385 386 386 385 385 386 385 385 385 384 385 385 385 385 385 385 385 385 386 386 386 386 386 386 386 386 386 386 386 386 386 386 387 387 387 387 387 387 387 387 387 387 387 387 387 387 387 387 387 387 387 387 387 387 387 387 386 386 386 387 387 387 388 388 387 387 387 387 387 387 387 387 386 386 386 387 387 387 386 386 386 386 386 386 387 387 386 386 387 387 386 386 387 387 387 386 386 386 386 386 386 387 387 387 387 387 387 386 386 386 386 386 387 387 387 388 388 388 388 388 388 388 388 388 388 387 387 387 387 387 387 388 388 387 388 388 389 389 389 390 390 390 389 389 389 390 390 389 389 389 389 389 389 389 388 389 389 388 388 388 388 388 388 388 388 388 382 381 382 382 382 381 381 381 381 382 382 382 381 381 381 382 382 382 382 382 382 383 383 383 383 383 383 383 383 383 383 383 383 383 383 383 383 383 383 383 383 383 383 383 383 383 383 383 383 383 383 384 384 384 384 384 384 384 384 384 384 384 384 384 384 384 384 384 384 384 384 384 384 384 384 384 384 384 384 384 384 384 384 384 385 385 385 386 386 386 385 385 385 385 386 386 385 386 386 385 385 385 385 385 385 385 385 385 385 385 385 386 386 386 386 386 386 386 386 386 386 386 386 386 387 387 387 387 387 387 387 387 387 387 387 387 387 387 387 387 387 387 387 387 387 387 387 387 387 387 387 386 386 387 387 387 387 387 387 387 387 387 387 387 387 387 387 386 387 387 387 386 386 386 386 387 387 387 387 386 386 386 386 386 387 387 387 387 387 386 386 386 387 387 387 387 387 387 386 386 386 386 386 387 387 388 388 389 389 389 389 388 388 388 388 388 388 388 387 387 387 388 388 388 388 388 388 389 389 390 390 389 389 389 389 389 389 389 388 388 388 388 388 388 389 389 388 388 388 389 389 382 382 382 382 382 382 382 381 382 382 383 382 382 382 382 382 382 382 382 382 382 383 383 383 383 383 383 383 383 383 383 383 383 383 383 383 383 383 383 383 383 383 383 383 383 383 383 383 383 384 384 384 384 384 384 384 384 384 384 384 384 384 384 384 384 384 384 384 384 384 384 384 384 384 384 384 384 384 384 384 384 384 384 384 385 386 386 387 387 386 385 385 385 385 386 386 385 385 386 386 386 385 385 385 385 385 385 385 385 385 385 386 386 386 386 386 386 386 386 386 386 386 386 386 387 387 387 387 387 387 387 387 387 387 387 387 387 387 387 387 387 387 387 387 387 387 387 387 387 387 387 387 386 386 387 387 387 387 387 387 387 387 387 387 387 387 387 386 386 386 386 386 386 386 387 387 387 387 387 387 386 386 386 387 387 387 387 387 387 386 386 386 386 387 387 387 387 386 386 386 386 387 387 387 387 388 388 388 389 389 389 388 388 388 388 387 387 387 387 387 388 388 388 388 388 388 389 390 389 389 389 389 389 389 389 389 389 388 388 383 383 383 382 383 383 382 382 382 382 382 382 382 383 383 383 383 383 383 383 383 383 383 383 383 383 383 383 383 383 383 383 383 383 383 383 383 383 383 383 383 383 384 384 384 384 384 384 384 384 384 384 384 384 384 384 384 384 384 384 384 384 385 384 384 384 384 384 384 384 384 384 384 384 384 384 385 385 386 386 387 387 386 386 386 386 386 386 385 386 386 387 386 386 385 385 385 385 385 385 385 385 385 385 386 386 386 386 386 386 386 386 386 386 386 386 387 387 387 387 387 387 387 387 387 387 387 387 387 387 387 387 387 387 387 387 387 387 387 387 388 387 387 387 387 386 386 387 387 387 387 387 387 387 388 388 387 387 387 387 387 386 386 386 386 387 387 387 387 387 387 387 387 387 387 387 387 387 387 387 387 386 386 386 386 386 386 386 386 386 387 388 387 388 388 389 389 389 388 388 388 388 388 387 387 387 388 388 388 388 388 389 389 389 389 389 382 382 382 382 382 382 382 383 383 383 383 383 383 382 382 383 383 383 383 383 383 383 383 383 383 383 383 383 383 383 383 383 383 383 383 383 383 383 384 384 384 384 384 384 384 384 384 384 384 384 384 384 384 385 384 385 385 384 384 384 384 384 384 384 384 384 384 384 385 385 385 385 386 387 387 387 387 387 387 387 387 386 386 387 387 387 387 386 386 386 386 385 385 385 385 385 385 386 386 386 386 386 386 386 386 386 386 387 387 386 386 386 387 387 387 387 387 387 387 387 387 387 387 387 387 387 387 387 387 387 387 387 387 387 387 388 387 387 387 386 386 387 387 387 388 387 387 387 388 388 388 387 386 386 386 386 387 386 387 387 387 387 387 387 387 387 387 387 387 387 387 387 387 387 387 386 386 386 386 386 386 387 387 388 388 387 388 389 389 388 389 389 388 388 388 388 387 387 388 388 383 382 383 382 382 383 383 383 384 383 383 383 382 382 382 383 383 383 383 383 383 383 383 383 383 383 383 383 383 383 383 383 383 383 383 384 384 384 384 384 384 384 384 384 384 384 384 384 384 384 384 384 384 384 384 384 384 384 384 384 384 384 384 384 384 384 385 385 386 386 386 386 387 387 387 386 387 388 388 387 387 387 387 386 387 386 386 386 386 385 385 385 385 385 385 385 386 386 386 386 386 386 386 386 386 387 387 386 386 386 386 387 387 387 387 387 387 387 387 387 387 387 387 387 387 387 387 387 387 387 387 387 387 387 388 387 387 386 386 386 387 387 388 388 387 388 387 387 387 387 387 387 386 386 387 387 387 387 387 387 387 387 387 387 387 387 387 387 387 387 387 387 387 386 387 387 387 388 388 389 388 388 388 383 383 383 383 383 383 383 384 383 382 382 382 382 383 383 383 383 383 383 383 383 383 383 383 383 383 383 383 383 383 383 383 384 384 384 384 384 384 384 384 384 384 384 384 384 384 384 384 384 384 384 384 384 384 384 384 384 384 384 384 384 384 385 385 385 385 385 386 386 387 387 386 386 386 387 387 388 388 387 386 385 386 386 386 386 385 385 385 385 385 385 385 385 386 386 386 386 386 386 386 386 386 387 387 387 387 386 387 386 387 387 387 387 387 387 387 387 387 387 387 387 387 387 387 387 387 387 387 387 387 387 388 387 387 387 386 386 386 387 388 388 388 387 387 387 387 387 387 387 386 387 387 387 387 387 387 387 387 387 387 387 387 387 387 387 387 387 387 387 384 383 383 383 383 383 383 384 383 383 383 382 382 382 382 383 383 383 383 383 383 383 383 383 383 383 383 383 383 383 383 383 384 384 384 384 384 384 384 384 384 384 384 384 384 384 384 384 384 384 384 384 384 384 384 384 384 384 384 384 385 384 385 385 386 386 385 386 386 387 387 387 386 385 386 386 387 387 387 386 385 386 386 386 386 386 386 386 385 386 386 386 386 386 386 386 386 386 386 386 386 386 387 387 387 387 387 386 387 387 387 387 387 387 387 387 387 387 387 387 387 387 387 387 387 386 386 387 387 387 387 388 388 388 387 386 386 387 387 387 388 388 388 387 388 387 388 387 387 387 387 387 387 387 387 387 387 387 387 387 387 387 387 387 387 387 387 383 383 384 384 384 384 383 383 383 383 383 383 383 383 383 383 383 383 383 383 383 384 384 384 384 384 384 383 383 384 384 384 384 384 384 384 384 384 384 384 384 384 384 384 384 384 384 384 384 384 384 384 384 384 384 385 385 384 385 384 385 386 387 387 386 387 388 388 387 387 386 386 386 386 387 387 387 386 386 386 386 386 385 386 386 386 386 386 386 386 386 386 386 386 386 386 386 386 386 387 387 387 387 387 387 387 387 387 387 387 387 387 387 387 387 387 387 387 387 388 387 387 387 387 388 388 388 388 388 387 387 387 387 387 387 387 388 388 387 387 387 387 387 387 387 387 387 387 387 387 387 387 387 387 387 387 387 387 387 387 387 385 384 384 384 384 383 383 383 382 382 382 383 383 383 383 383 384 384 384 384 384 384 383 383 383 384 384 384 384 384 384 384 384 384 384 384 384 384 384 384 384 384 385 384 385 385 385 385 385 385 386 386 385 385 386 386 386 386 388 388 388 388 387 387 387 387 387 386 386 386 387 387 387 386 386 386 386 386 386 385 385 385 385 385 385 385 385 385 386 386 386 386 386 386 386 386 387 387 387 387 387 387 387 387 387 387 387 387 387 387 387 387 387 387 388 388 388 388 388 388 388 387 387 387 387 387 387 387 388 387 387 387 387 387 387 387 387 387 387 387 387 387 387 387 387 387 387 387 387 387 387 385 385 385 384 384 383 383 382 382 383 384 383 382 383 383 384 384 384 384 383 383 383 383 384 384 384 384 384 384 384 384 384 384 384 384 384 384 384 384 384 384 385 385 386 386 386 387 387 387 387 386 386 386 387 387 387 387 387 387 387 387 388 387 386 386 386 386 386 386 386 386 386 386 386 385 385 385 385 385 385 385 385 385 385 385 385 385 386 386 386 386 386 386 386 386 387 387 387 387 387 387 387 387 387 387 387 387 387 387 387 388 388 387 387 388 388 388 388 387 387 387 387 387 388 388 388 387 387 387 387 387 388 387 387 387 386 387 387 387 387 387 387 387 387 387 387 386 385 385 384 384 384 383 382 383 384 383 382 383 384 384 384 384 383 383 383 383 384 384 384 384 384 384 385 385 385 385 385 385 385 385 384 384 384 384 384 385 385 386 386 387 387 388 388 388 387 387 387 388 387 387 387 387 387 387 387 387 387 387 387 386 386 386 386 386 386 386 386 386 385 386 386 386 386 386 386 386 386 385 385 385 385 386 386 386 386 385 386 386 386 387 387 387 387 387 388 387 387 387 387 387 387 387 388 388 387 387 388 388 388 388 388 387 387 387 387 388 388 387 387 388 387 387 386 387 387 387 387 387 387 385 385 384 385 384 384 384 384 383 383 384 385 384 384 383 383 384 384 384 384 384 384 384 384 385 385 385 385 385 385 385 385 384 384 384 384 385 385 385 385 385 385 385 386 387 388 389 388 388 388 389 388 387 387 386 386 386 387 387 387 387 387 387 386 386 386 386 386 386 386 386 386 386 386 386 387 387 386 387 386 386 386 386 385 386 385 385 385 385 385 386 386 386 387 387 387 387 388 388 388 387 387 387 387 387 387 388 388 389 388 389 388 388 386 387 387 387 387 387 385 385 385 385 385 384 384 384 384 384 384 384 383 383 384 384 384 384 384 384 384 385 385 385 385 385 385 385 385 385 385 384 384 384 384 385 385 386 386 386 386 386 387 387 388 389 389 389 389 389 388 388 388 387 387 387 386 387 387 387 387 386 386 387 387 387 387 387 387 387 388 387 386 387 388 388 388 387 386 386 386 385 386 386 386 386 385 385 385 385 386 386 386 387 387 387 388 388 388 387 387 387 387 387 387 387 389 389 387 387 386 387 387 387 386 385 384 384 384 384 384 384 383 383 384 384 384 384 384 384 384 385 385 385 385 385 385 385 385 385 384 384 384 384 384 385 385 385 386 387 387 386 386 387 388 388 388 388 388 388 388 387 387 387 388 388 387 387 387 387 387 387 387 387 387 387 387 387 388 387 388 388 387 387 388 388 388 387 387 387 386 386 386 386 386 386 386 386 385 385 386 386 386 387 387 387 387 387 388 387 387 387 387 388 388 387 388 387 386 385 385 384 384 384 384 384 384 384 384 384 384 384 384 384 385 385 385 385 385 385 385 385 385 384 384 385 385 385 386 385 386 386 387 387 387 387 388 389 389 388 387 387 387 387 387 387 387 387 387 387 387 387 387 387 387 387 387 387 387 387 387 387 388 389 389 389 388 389 389 389 388 388 388 387 387 387 387 386 386 386 386 386 386 386 386 386 387 387 387 387 388 387 388 387 388 388 388 387 386 385 384 384 384 384 384 384 384 384 384 384 385 385 384 384 385 385 385 385 385 385 385 384 384 384 385 385 386 386 386 386 387 387 387 388 389 389 389 389 389 388 387 387 387 386 386 386 386 387 387 387 387 387 387 387 387 387 387 387 388 388 388 388 388 389 390 390 390 391 390 389 388 388 388 387 386 387 387 387 387 386 386 386 385 386 386 386 387 387 387 387 387 388 388 388 388 387 386 385 384 384 384 384 384 384 384 384 384 384 384 384 384 384 384 385 385 385 385 384 384 384 384 385 384 384 385 386 385 386 386 387 387 388 387 387 388 389 389 389 389 388 388 388 388 387 387 387 387 387 387 387 387 387 387 387 387 388 387 388 389 389 389 388 389 391 389 388 387 387 387 386 386 387 387 387 387 386 386 385 386 386 387 387 387 387 387 387 388 388 385 385 384 384 383 383 384 384 384 384 384 384 384 384 384 384 384 384 384 384 384 384 384 384 384 385 385 384 384 384 385 385 386 387 388 388 388 386 386 387 388 389 390 390 390 390 390 389 389 389 388 388 388 388 387 387 387 387 387 387 388 389 389 389 390 391 390 391 386 386 386 386 387 387 387 387 386 386 386 386 387 387 387 387 387 387 388 388 384 384 384 384 384 383 383 384 384 384 384 384 384 384 384 384 384 384 384 384 384 384 384 385 385 385 385 385 385 385 385 385 386 386 386 387 386 386 386 386 387 387 388 388 388 388 388 389 389 389 390 390 389 387 388 388 388 388 388 389 390 390 391 391 387 386 386 386 387 387 387 387 386 386 386 385 386 386 387 387 387 387 387 387 383 384 384 384 383 383 383 384 384 384 384 384 384 384 384 384 384 384 384 384 384 385 385 385 386 386 386 386 386 386 386 385 385 385 385 386 386 385 386 386 386 386 386 386 386 386 386 387 387 387 388 389 388 388 389 389 389 389 389 389 390 390 391 386 386 386 386 386 386 387 387 386 385 385 385 385 386 386 387 387 386 387 383 383 383 383 383 383 383 384 384 384 384 384 384 384 384 384 384 384 384 384 384 385 385 387 387 386 386 386 386 386 386 386 385 385 386 385 385 385 386 386 386 386 386 386 387 387 387 387 388 388 388 388 388 389 389 390 389 390 390 391 392 386 386 386 387 386 386 386 385 385 386 386 385 385 386 386 386 386 383 383 383 383 384 384 383 383 383 384 384 384 385 385 384 384 385 385 384 384 384 384 385 385 386 386 387 387 386 386 387 386 386 386 386 386 386 386 386 386 386 387 386 387 388 388 388 388 388 389 389 389 389 390 390 390 391 391 392 386 387 387 387 387 386 387 386 387 387 386 385 385 385 386 386 383 384 384 385 384 384 385 385 385 384 385 386 386 385 385 386 386 385 385 385 385 385 385 386 386 387 388 387 387 387 386 386 386 386 386 387 387 387 387 387 387 387 387 388 389 389 389 390 390 390 390 391 392 391 392 392 392 386 386 387 387 387 387 387 387 387 387 387 386 385 386 386 385 385 385 385 386 386 386 386 386 386 387 386 386 386 387 387 387 387 387 386 386 386 386 387 388 388 388 387 387 387 387 387 387 386 386 386 387 387 388 388 388 388 389 390 390 390 392 392 391 392 392 393 392 386 386 386 386 386 386 387 387 386 386 385 385 386 385 385 385 386 386 386 386 387 387 387 387 387 387 387 388 388 388 388 388 388 388 388 387 388 388 388 388 388 388 387 388 388 388 387 387 386 386 387 388 389 390 390 391 391 391 392 393 386 386 386 386 386 387 387 386 386 386 386 387 386 387 387 387 387 387 387 386 387 387 388 388 388 388 388 388 388 388 388 388 388 388 388 388 389 389 388 387 387 388 389 388 387 386 386 387 387 388 389 389 391 392 392 386 386 386 386 387 387 387 387 386 386 386 388 387 388 388 388 388 388 387 387 387 387 388 388 388 388 388 388 388 388 388 388 388 388 388 388 389 389 389 388 387 388 389 389 387 387 387 387 388 388 389 389 391 386 386 386 386 387 387 387 387 386 387 386 385 388 389 389 389 389 388 387 387 387 387 388 388 388 388 388 388 388 388 388 388 388 388 388 388 388 389 389 389 388 388 388 389 389 389 389 389 389 389 389 390 391 386 386 386 386 387 387 387 387 387 387 387 386 390 390 389 388 388 388 388 387 387 387 388 388 388 388 388 388 388 388 388 388 388 388 388 389 389 390 390 390 389 389 389 389 391 391 391 391 390 391 390 391 386 386 386 386 387 387 387 387 390 390 389 388 387 387 387 387 388 388 387 388 388 388 388 388 388 388 388 389 389 389 389 390 390 391 391 391 390 390 389 390 392 386 386 387 387 391 391 391 389 388 387 387 387 387 388 388 387 388 388 388 388 388 388 389 389 389 389 390 390 390 391 392 392 392 391 391 391 392 391 391 390 389 388 387 387 387 387 388 388 388 387 388 388 388 389 388 389 389 390 390 391 390 390 391 392 390 389 389 388 387 387 387 387 388 388 388 388 388 388 388 388 389 389 389 389 390 391 391 391 391 392 393 388 388 387 387 387 387 388 388 388 388 388 388 388 388 389 389 389 389 390 390 391 392 392 391 392 387 386 387 387 388 388 388 388 388 388 388 388 389 389 389 389 390 391 391 392 393 386 387 388 388 388 388 388 388 388 388 388 389 389 389 389 390 390 391 391 392 387 387 388 388 388 387 387 388 388 389 389 389 389 390 390 390 391 391 392 393 388 388 388 388 388 387 388 388 389 389 390 390 390 391 391 392 393 393 393 389 389 389 388 388 388 388 388 389 390 390 391 391 392 392 392 392 393 392 389 390 389 389 389 389 388 388 388 389 390 390 391 392 392 391 392 392 389 389 389 390 390 389 389 389 389 389 390 391 391 391 390 392 393 390 389 389 390 390 390 390 390 390 390 389 390 390 390 391 392 393 390 390 389 390 390 390 390 391 391 391 391 390 390 391 391 392 393 390 390 389 390 390 390 391 391 392 391 390 390 391 392 392 392 393 390 390 389 390 390 390 391 392 391 391 390 391 391 391 392 393 391 390 390 390 391 391 391 392 392 391 391 392 392 392 392 392 394 391 390 390 390 391 391 392 392 392 392 391 391 393 393 393 393 394 391 391 390 390 390 390 391 391 392 392 392 391 392 392 393 394 392 391 391 390 390 390 391 391 391 391 392 393 393 392 393 393 393 392 392 392 391 391 391 391 392 392 393 392 392 393 394 393 393 393 393 394 392 392 392 393 393 392 392 392 392 392 392 393 393 392 393 394 393 393 393 394 394 395 392 392 392 392 393 393 393 393 393 393 393 393 393 393 393 393 393 393 394 393 393 394 394 392 392 392 393 392 392 392 392 393 393 393 393 393 393 393 393 393 394 394 394 393 392 392 392 392 392 392 393 392 393 393 393 393 393 393 393 393 393 393 393 394 393 392 392 393 393 393 393 392 392 392 392 392 392 393 393 393 393 394 393 393 393 393 393 393 392 392 392 392 392 393 393 393 393 393 394 392 392 393 393 392 393 393 393 393 393 393 394 392 392 392 393 393 393 393 