0 0 0 0 0 0 0 0 0 0 0 0 0 0 0 0 0 0 0 0 0 0 0 0 0 1 1 1 1 1 1 1 1 1 1 1 1 1 -1 -1 0 0 0 0 0 0 0 0 0 0 0 0 0 0 0 0 0 0 0 0 0 1 1 1 1 1 1 1 1 1 1 1 1 1 1 1 1 1 -1 0 0 0 0 0 0 0 0 0 0 0 0 0 0 0 0 0 0 0 0 0 0 0 0 1 1 1 1 1 1 1 1 1 1 1 1 1 1 1 1 1 1 1 1 1 1 1 2 2 -1 -1 -1 -1 -1 0 0 0 0 0 0 0 0 0 0 0 0 0 0 0 0 0 0 0 0 0 0 0 0 0 0 1 1 1 1 1 1 1 1 1 1 1 1 1 1 1 1 1 1 1 1 1 1 1 1 1 1 1 1 1 1 1 2 2 2 2 2 2 2 2 -1 -1 -1 -1 0 0 0 0 0 0 0 0 0 0 0 0 0 0 0 0 0 0 0 0 0 0 0 0 0 0 0 0 0 0 0 0 1 1 1 1 1 1 1 1 1 1 1 1 1 1 1 1 1 1 1 1 1 1 1 1 1 1 1 1 1 1 1 1 1 2 2 2 2 2 2 2 2 2 2 2 -1 -1 0 0 0 0 0 0 0 0 0 0 0 0 0 0 0 0 0 0 0 0 0 0 0 0 0 0 0 0 0 0 0 0 0 0 0 0 1 1 1 1 1 1 1 1 1 1 1 1 1 1 1 1 1 1 1 1 1 1 1 1 1 1 1 1 1 1 1 1 1 1 2 2 2 2 2 2 2 2 2 2 2 2 2 2 -1 0 0 0 0 0 0 0 0 0 0 0 0 0 0 0 0 0 0 0 0 0 0 0 0 0 0 0 0 0 0 0 0 0 0 0 0 1 1 1 1 1 1 1 1 1 1 1 1 1 1 1 1 1 1 1 1 1 1 1 1 1 1 1 1 1 1 1 1 1 1 1 2 2 2 2 2 2 2 2 2 2 2 2 2 2 2 -1 -1 -1 0 0 0 0 0 0 0 0 0 0 0 0 0 0 0 0 0 0 0 0 0 0 0 0 0 0 0 0 0 0 0 0 0 0 0 0 1 1 1 1 1 1 1 1 1 1 1 1 1 1 1 1 1 1 1 1 1 1 1 1 1 1 1 1 1 1 1 1 1 1 1 2 2 2 2 2 2 2 2 2 2 2 2 2 2 2 2 2 2 -1 -1 -1 -1 -1 0 0 0 0 0 0 0 0 0 0 0 0 0 0 0 0 0 0 0 0 0 0 0 0 0 0 0 0 0 0 0 0 0 0 0 0 1 1 1 1 1 1 1 1 1 1 1 1 1 1 1 1 1 1 1 1 1 1 1 1 1 1 1 1 1 1 1 1 1 1 1 2 2 2 2 2 2 2 2 2 2 2 2 2 2 2 2 2 -1 -1 -1 -1 -1 -1 -1 -1 0 0 0 0 0 0 0 0 0 0 0 0 0 0 0 0 0 0 0 0 0 0 0 0 0 0 0 0 0 0 0 0 0 0 0 1 1 1 1 1 1 1 1 1 1 1 1 1 1 1 1 1 1 1 1 1 1 1 1 1 1 1 1 1 1 1 1 1 1 2 1 2 2 2 2 2 2 2 2 2 2 2 2 2 2 2 2 2 2 2 -1 -1 -1 -1 -1 -1 -1 -1 0 0 0 0 0 0 0 0 0 0 0 0 0 0 0 0 0 0 0 0 0 0 0 0 0 0 0 0 0 0 0 0 0 0 0 0 1 1 1 1 1 1 1 1 1 1 1 1 1 1 1 1 1 1 1 1 1 1 1 1 1 1 1 1 1 1 1 1 1 2 2 2 2 2 2 2 2 2 2 2 2 2 2 2 2 2 2 2 2 2 2 2 -1 -1 -1 -1 -1 -1 -1 -1 -1 0 0 0 0 0 0 0 0 0 0 0 0 0 0 0 0 0 0 0 0 0 0 0 0 0 0 0 0 0 0 0 0 0 0 0 1 1 1 1 1 1 1 1 1 1 1 1 1 1 1 1 1 1 1 1 1 1 1 1 1 1 1 1 1 1 1 1 1 1 1 2 2 2 2 2 2 2 2 2 2 2 2 2 2 2 2 2 2 2 2 2 2 2 -1 -1 -1 -1 -1 -1 -1 -1 -1 -1 -1 0 0 0 0 0 0 0 0 0 0 0 0 0 0 0 0 0 0 0 0 0 0 0 0 0 0 0 0 0 0 0 0 0 0 1 1 1 1 1 1 1 1 1 1 1 1 1 1 1 1 1 1 1 1 1 1 1 1 1 1 1 1 1 1 1 1 1 1 1 2 2 2 2 2 2 2 2 2 2 2 2 2 2 2 2 2 2 2 2 2 2 2 -1 -1 -1 -1 -1 -1 -1 -1 -1 -1 -1 -1 -1 0 0 0 0 0 0 0 0 0 0 0 0 0 0 0 0 0 0 0 0 0 0 0 0 0 0 0 0 0 0 0 0 0 0 1 1 1 1 1 1 1 1 1 1 1 1 1 1 1 1 1 1 1 1 1 1 1 1 1 1 1 1 1 1 1 1 1 1 1 2 2 2 2 2 2 2 2 2 2 2 2 2 2 2 2 2 2 2 2 2 2 2 2 2 -1 -1 -1 -1 -1 -1 -1 -1 -1 -1 -1 -1 -1 0 0 0 0 0 0 0 0 0 0 0 0 0 0 0 0 0 0 0 0 0 0 0 0 0 0 0 0 0 0 0 0 1 1 1 1 1 1 1 1 1 1 1 1 1 1 1 1 1 1 1 1 1 1 1 1 1 1 1 1 1 1 1 1 1 1 1 1 1 1 2 2 2 2 2 2 2 2 2 2 2 2 2 2 2 2 2 2 2 2 2 2 2 2 2 2 -1 -1 -1 -1 -1 -1 -1 -1 -1 -1 -1 -1 -1 -1 -1 -1 0 0 0 0 0 0 0 0 0 0 0 0 0 0 0 0 0 0 0 0 0 0 0 0 0 0 0 0 0 0 0 0 0 1 1 1 1 1 1 1 1 1 1 1 1 1 1 1 1 1 1 1 1 1 1 1 1 1 1 1 1 1 1 1 1 1 1 1 1 1 1 1 2 2 2 2 2 2 2 2 2 2 2 2 2 2 2 2 2 2 2 2 2 2 2 2 2 2 -2 -2 -2 -1 -1 -1 -1 -1 -1 -1 -1 -1 -1 -1 -1 -1 -1 -1 -1 -1 -1 -1 -1 -1 -1 0 0 0 0 0 0 0 0 0 0 0 0 0 0 0 0 0 0 0 0 0 0 0 0 0 0 0 0 0 0 0 0 0 1 1 1 1 1 1 1 1 1 1 1 1 1 1 1 1 1 1 1 1 1 1 1 1 1 1 1 1 1 1 1 1 1 1 1 1 1 1 1 2 2 2 2 2 2 2 2 2 2 2 2 2 2 2 2 2 2 2 2 2 2 2 2 2 2 -2 -2 -2 -2 -2 -2 -1 -1 -1 -1 -1 -1 -1 -1 -1 -1 -1 -1 -1 -1 -1 -1 -1 -1 -1 -1 -1 -1 -1 -1 0 0 0 0 0 0 0 0 0 0 0 0 0 0 0 0 0 0 0 0 0 0 0 0 0 0 0 0 0 0 0 0 0 0 1 1 1 1 1 1 1 1 1 1 1 1 1 1 1 1 1 1 1 1 1 1 1 1 1 1 1 1 1 1 1 1 1 1 1 1 2 2 2 2 2 2 2 2 2 2 2 2 2 2 2 2 2 2 2 2 2 2 2 2 2 2 2 2 2 -2 -2 -2 -2 -2 -2 -2 -1 -1 -1 -1 -1 -1 -1 -1 -1 -1 -1 -1 -1 -1 -1 -1 -1 -1 -1 -1 -1 -1 -1 -1 -1 -1 -1 -1 0 0 0 0 0 0 0 0 0 0 0 0 0 0 0 0 0 0 0 0 0 0 0 0 0 0 0 0 0 0 0 0 0 1 1 1 1 1 1 1 1 1 1 1 1 1 1 1 1 1 1 1 1 1 1 1 1 1 1 1 1 1 1 1 1 1 1 1 1 2 2 2 2 2 2 2 2 2 2 2 2 2 2 2 2 2 2 2 2 2 2 2 2 2 2 2 2 2 2 -2 -2 -2 -2 -2 -2 -2 -2 -1 -1 -1 -1 -1 -1 -1 -1 -1 -1 -1 -1 -1 -1 -1 -1 -1 -1 -1 -1 -1 -1 -1 -1 -1 -1 -1 -1 0 0 0 0 0 0 0 0 0 0 0 0 0 0 0 0 0 0 0 0 0 0 0 0 0 0 0 0 0 0 0 0 0 1 1 1 1 1 1 1 1 1 1 1 1 1 1 1 1 1 1 1 1 1 1 1 1 1 1 1 1 1 1 1 1 1 1 1 1 1 2 2 2 2 2 2 2 2 2 2 2 2 2 2 2 2 2 2 2 2 2 2 2 2 2 2 2 2 2 2 2 -2 -2 -2 -2 -2 -2 -2 -2 -2 -2 -1 -1 -1 -1 -1 -1 -1 -1 -1 -1 -1 -1 -1 -1 -1 -1 -1 -1 -1 -1 -1 -1 -1 -1 -1 -1 -1 0 0 0 0 0 0 0 0 0 0 0 0 0 0 0 0 0 0 0 0 0 0 0 0 0 0 0 0 0 0 0 0 0 1 1 1 1 1 1 1 1 1 1 1 1 1 1 1 1 1 1 1 1 1 1 1 1 1 1 1 1 1 1 1 1 1 1 1 1 1 2 2 2 2 2 2 2 2 2 2 2 2 2 2 2 2 2 2 2 2 2 2 2 2 2 2 2 2 2 2 -2 -2 -2 -2 -2 -2 -2 -2 -2 -2 -2 -2 -2 -2 -2 -2 -1 -1 -1 -1 -1 -1 -1 -1 -1 -1 -1 -1 -1 -1 -1 -1 -1 -1 -1 -1 -1 -1 -1 -1 -1 -1 -1 -1 -1 -1 -1 0 0 0 0 0 0 0 0 0 0 0 0 0 0 0 0 0 0 0 0 0 0 0 0 0 0 0 0 0 0 0 0 1 1 1 1 1 1 1 1 1 1 1 1 1 1 1 1 1 1 1 1 1 1 1 1 1 1 1 1 1 1 1 1 1 1 1 1 1 2 2 2 2 2 2 2 2 2 2 2 2 2 2 2 2 2 2 2 2 2 2 2 2 2 2 2 2 2 2 2 -2 -2 -2 -2 -2 -2 -2 -2 -2 -2 -2 -2 -2 -2 -2 -2 -2 -2 -2 -2 -1 -1 -1 -1 -1 -1 -1 -1 -1 -1 -1 -1 -1 -1 -1 -1 -1 -1 -1 -1 -1 -1 -1 -1 -1 -1 -1 -1 -1 -1 -1 -1 -1 -1 0 0 0 0 0 0 0 0 0 0 0 0 0 0 0 0 0 0 0 0 0 0 0 0 0 0 0 0 0 0 0 0 1 1 1 1 1 1 1 1 1 1 1 1 1 1 1 1 1 1 1 1 1 1 1 1 1 1 1 1 1 1 1 1 1 1 1 1 1 2 2 2 2 2 2 2 2 2 2 2 2 2 2 2 2 2 2 2 2 2 2 2 2 2 2 2 2 2 2 2 2 -2 -2 -2 -2 -2 -2 -2 -2 -2 -2 -2 -2 -2 -2 -2 -2 -2 -2 -2 -2 -1 -1 -1 -1 -1 -1 -1 -1 -1 -1 -1 -1 -1 -1 -1 -1 -1 -1 -1 -1 -1 -1 -1 -1 -1 -1 -1 -1 -1 -1 -1 -1 -1 0 0 0 0 0 0 0 0 0 0 0 0 0 0 0 0 0 0 0 0 0 0 0 0 0 0 0 0 0 0 0 0 0 1 1 1 1 1 1 1 1 1 1 1 1 1 1 1 1 1 1 1 1 1 1 1 1 1 1 1 1 1 1 1 1 1 1 1 1 1 2 2 2 2 2 2 2 2 2 2 2 2 2 2 2 2 2 2 2 2 2 2 2 2 2 2 2 2 2 2 2 2 3 3 -2 -2 -2 -2 -2 -2 -2 -2 -2 -2 -2 -2 -2 -2 -2 -2 -2 -2 -2 -2 -1 -1 -1 -1 -1 -1 -1 -1 -1 -1 -1 -1 -1 -1 -1 -1 -1 -1 -1 -1 -1 -1 -1 -1 -1 -1 -1 -1 -1 -1 -1 -1 -1 0 0 0 0 0 0 0 0 0 0 0 0 0 0 0 0 0 0 0 0 0 0 0 0 0 0 0 0 0 0 0 0 0 1 1 1 1 1 1 1 1 1 1 1 1 1 1 1 1 1 1 1 1 1 1 1 1 1 1 1 1 1 1 1 1 1 1 1 1 1 2 2 2 2 2 2 2 2 2 2 2 2 2 2 2 2 2 2 2 2 2 2 2 2 2 2 2 2 2 2 2 3 3 3 3 3 -2 -2 -2 -2 -2 -2 -2 -2 -2 -2 -2 -2 -2 -2 -2 -2 -2 -2 -2 -2 -2 -2 -2 -2 -2 -2 -2 -1 -1 -1 -1 -1 -1 -1 -1 -1 -1 -1 -1 -1 -1 -1 -1 -1 -1 -1 -1 -1 -1 -1 -1 -1 -1 -1 -1 -1 -1 -1 -1 -1 0 0 0 0 0 0 0 0 0 0 0 0 0 0 0 0 0 0 0 0 0 0 0 0 0 0 0 0 0 0 0 0 0 1 1 1 1 1 1 1 1 1 1 1 1 1 1 1 1 1 1 1 1 1 1 1 1 1 1 1 1 1 1 1 1 1 1 1 1 2 2 2 2 2 2 2 2 2 2 2 2 2 2 2 2 2 2 2 2 2 2 2 2 2 2 2 2 2 2 2 2 3 3 3 3 3 3 3 3 3 3 3 3 3 -2 -2 -2 -2 -2 -2 -2 -2 -2 -2 -2 -2 -2 -2 -2 -2 -2 -2 -2 -2 -2 -2 -2 -2 -2 -2 -2 -2 -2 -1 -1 -1 -1 -1 -1 -1 -1 -1 -1 -1 -1 -1 -1 -1 -1 -1 -1 -1 -1 -1 -1 -1 -1 -1 -1 -1 -1 -1 -1 -1 -1 -1 0 0 0 0 0 0 0 0 0 0 0 0 0 0 0 0 0 0 0 0 0 0 0 0 0 0 0 0 0 0 0 0 0 1 1 1 1 1 1 1 1 1 1 1 1 1 1 1 1 1 1 1 1 1 1 1 1 1 1 1 1 1 1 1 1 1 1 1 1 2 2 2 2 2 2 2 2 2 2 2 2 2 2 2 2 2 2 2 2 2 2 2 2 2 2 2 2 2 2 2 3 3 3 3 3 3 3 3 3 3 3 3 3 3 3 3 -2 -2 -2 -2 -2 -2 -2 -2 -2 -2 -2 -2 -2 -2 -2 -2 -2 -2 -2 -2 -2 -2 -2 -2 -2 -2 -2 -2 -2 -2 -1 -1 -1 -1 -1 -1 -1 -1 -1 -1 -1 -1 -1 -1 -1 -1 -1 -1 -1 -1 -1 -1 -1 -1 -1 -1 -1 -1 -1 -1 -1 -1 -1 0 0 0 0 0 0 0 0 0 0 0 0 0 0 0 0 0 0 0 0 0 0 0 0 0 0 0 0 0 0 0 0 1 1 1 1 1 1 1 1 1 1 1 1 1 1 1 1 1 1 1 1 1 1 1 1 1 1 1 1 1 1 1 1 1 1 1 1 2 2 2 2 2 2 2 2 2 2 2 2 2 2 2 2 2 2 2 2 2 2 2 2 2 2 2 2 2 2 2 3 3 3 3 3 3 3 3 3 3 3 3 3 3 3 3 -2 -2 -2 -2 -2 -2 -2 -2 -2 -2 -2 -2 -2 -2 -2 -2 -2 -2 -2 -2 -2 -2 -2 -2 -2 -2 -2 -2 -2 -1 -1 -1 -1 -1 -1 -1 -1 -1 -1 -1 -1 -1 -1 -1 -1 -1 -1 -1 -1 -1 -1 -1 -1 -1 -1 -1 -1 -1 -1 -1 -1 0 -1 -1 0 0 0 0 0 0 0 0 0 0 0 0 0 0 0 0 0 0 0 0 0 0 0 0 0 0 0 0 0 0 0 1 1 1 1 1 1 1 1 1 1 1 1 1 1 1 1 1 1 1 1 1 1 1 1 1 1 1 1 1 1 1 1 1 1 1 1 2 1 2 2 2 2 2 2 2 2 2 2 2 2 2 2 2 2 2 2 2 2 2 2 2 2 2 2 2 2 2 3 3 3 3 3 3 3 3 3 3 3 3 3 3 3 3 3 -3 -3 -3 -3 -3 -2 -2 -2 -2 -2 -2 -2 -2 -2 -2 -2 -2 -2 -2 -2 -2 -2 -2 -2 -2 -2 -2 -2 -2 -2 -2 -2 -2 -2 -1 -1 -1 -1 -1 -1 -1 -1 -1 -1 -1 -1 -1 -1 -1 -1 -1 -1 -1 -1 -1 -1 -1 -1 -1 -1 -1 -1 -1 -1 -1 -1 -1 0 0 0 0 0 0 0 0 0 0 0 0 0 0 0 0 0 0 0 0 0 0 0 0 0 0 0 0 0 0 0 0 0 0 1 1 1 1 1 1 1 1 1 1 1 1 1 1 1 1 1 1 1 1 1 1 1 1 1 1 1 1 1 1 1 1 1 1 1 2 2 1 2 2 2 2 2 2 2 2 2 2 2 2 2 2 2 2 2 2 2 2 2 2 2 2 2 2 2 2 3 3 3 3 3 3 3 3 3 3 3 3 3 3 3 3 3 3 -3 -3 -3 -3 -3 -3 -3 -2 -2 -2 -2 -2 -2 -2 -2 -2 -2 -2 -2 -2 -2 -2 -2 -2 -2 -2 -2 -2 -2 -2 -2 -2 -2 -2 -2 -2 -2 -2 -2 -2 -2 -1 -1 -1 -1 -1 -1 -1 -1 -1 -1 -1 -1 -1 -1 -1 -1 -1 -1 -1 -1 -1 -1 -1 -1 -1 -1 -1 -1 -1 -1 -1 -1 -1 0 0 0 0 0 0 0 0 0 0 0 0 0 0 0 0 0 0 0 0 0 0 0 0 0 0 0 0 0 0 0 0 0 0 0 1 1 1 1 1 1 1 1 1 1 1 1 1 1 1 1 1 1 1 1 1 1 1 1 1 1 1 1 1 1 1 1 1 1 1 2 2 2 2 2 2 2 2 2 2 2 2 2 2 2 2 2 2 2 2 2 2 2 2 2 2 2 2 2 2 2 3 3 3 3 3 3 3 3 3 3 3 3 3 3 3 3 3 3 3 -3 -3 -3 -3 -3 -3 -3 -3 -3 -3 -2 -2 -2 -2 -2 -2 -2 -2 -2 -2 -2 -2 -2 -2 -2 -2 -2 -2 -2 -2 -2 -2 -2 -2 -2 -2 -2 -2 -2 -2 -2 -2 -2 -2 -1 -1 -1 -1 -1 -1 -1 -1 -1 -1 -1 -1 -1 -1 -1 -1 -1 -1 -1 -1 -1 -1 -1 -1 -1 -1 -1 -1 -1 -1 -1 -1 -1 0 0 0 0 0 0 0 0 0 0 0 0 0 0 0 0 0 0 0 0 0 0 0 0 0 0 0 0 0 0 0 0 0 0 0 1 1 1 1 1 1 1 1 1 1 1 1 1 1 1 1 1 1 1 1 1 1 1 1 1 1 1 1 1 1 1 1 1 1 2 2 2 2 2 2 2 2 2 2 2 2 2 2 2 2 2 2 2 2 2 2 2 2 2 2 2 2 2 2 2 2 3 3 3 3 3 3 3 3 3 3 3 3 3 3 3 3 3 3 3 -3 -3 -3 -3 -3 -3 -3 -3 -3 -3 -3 -3 -3 -2 -2 -2 -2 -2 -2 -2 -2 -2 -2 -2 -2 -2 -2 -2 -2 -2 -2 -2 -2 -2 -2 -2 -2 -2 -2 -2 -2 -2 -2 -2 -2 -2 -2 -2 -1 -1 -1 -1 -1 -1 -1 -1 -1 -1 -1 -1 -1 -1 -1 -1 -1 -1 -1 -1 -1 -1 -1 -1 -1 -1 -1 -1 -1 -1 -1 -1 -1 0 0 0 0 0 0 0 0 0 0 0 0 0 0 0 0 0 0 0 0 0 0 0 0 0 0 0 0 0 0 0 0 0 0 0 1 1 1 1 1 1 1 1 1 1 1 1 1 1 1 1 1 1 1 1 1 1 1 1 1 1 1 1 1 1 1 1 1 1 2 2 2 2 2 2 2 2 2 2 2 2 2 2 2 2 2 2 2 2 2 2 2 2 2 2 2 2 2 2 2 3 3 3 3 3 3 3 3 3 3 3 3 3 3 3 3 3 3 3 3 3 3 3 3 -3 -3 -3 -3 -3 -3 -3 -3 -3 -3 -3 -3 -2 -2 -2 -2 -2 -2 -2 -2 -2 -2 -2 -2 -2 -2 -2 -2 -2 -2 -2 -2 -2 -2 -2 -2 -2 -2 -2 -2 -2 -2 -2 -2 -2 -2 -2 -2 -1 -1 -1 -1 -1 -1 -1 -1 -1 -1 -1 -1 -1 -1 -1 -1 -1 -1 -1 -1 -1 -1 -1 -1 -1 -1 -1 -1 -1 -1 -1 -1 -1 0 0 0 0 0 0 0 0 0 0 0 0 0 0 0 0 0 0 0 0 0 0 0 0 0 0 0 0 0 0 0 0 0 0 0 0 1 1 1 1 1 1 1 1 1 1 1 1 1 1 1 1 1 1 1 1 1 1 1 1 1 1 1 1 1 1 1 1 1 2 2 2 2 2 2 2 2 2 2 2 2 2 2 2 2 2 2 2 2 2 2 2 2 2 2 2 2 2 2 2 3 3 3 3 3 3 3 3 3 3 3 3 3 3 3 3 3 3 3 3 3 3 3 3 3 3 3 -3 -3 -3 -3 -3 -3 -3 -3 -3 -3 -3 -3 -2 -2 -2 -2 -2 -2 -2 -2 -2 -2 -2 -2 -2 -2 -2 -2 -2 -2 -2 -2 -2 -2 -2 -2 -2 -2 -2 -2 -2 -2 -2 -2 -2 -2 -1 -2 -1 -1 -1 -1 -1 -1 -1 -1 -1 -1 -1 -1 -1 -1 -1 -1 -1 -1 -1 -1 -1 -1 -1 -1 -1 -1 -1 -1 -1 -1 -1 -1 -1 0 0 0 0 0 0 0 0 0 0 0 0 0 0 0 0 0 0 0 0 0 0 0 0 0 0 0 0 0 0 0 0 0 0 0 0 1 1 1 1 1 1 1 1 1 1 1 1 1 1 1 1 1 1 1 1 1 1 1 1 1 1 1 1 1 1 1 1 2 2 2 2 2 2 2 2 2 2 2 2 2 2 2 2 2 2 2 2 2 2 2 2 2 2 2 2 2 2 2 2 3 3 3 3 3 3 3 3 3 3 3 3 3 3 3 3 3 3 3 3 3 3 3 3 3 3 3 3 3 -3 -3 -3 -3 -3 -3 -3 -3 -3 -3 -3 -2 -2 -2 -2 -2 -2 -2 -2 -2 -2 -2 -2 -2 -2 -2 -2 -2 -2 -2 -2 -2 -2 -2 -2 -2 -2 -2 -2 -2 -2 -2 -2 -2 -2 -1 -1 -1 -1 -1 -1 -1 -1 -1 -1 -1 -1 -1 -1 -1 -1 -1 -1 -1 -1 -1 -1 -1 -1 -1 -1 -1 -1 -1 -1 -1 -1 -1 -1 -1 0 0 0 0 0 0 0 0 0 0 0 0 0 0 0 0 0 0 0 0 0 0 0 0 0 0 0 0 0 0 0 0 0 0 0 0 1 1 1 1 1 1 1 1 1 1 1 1 1 1 1 1 1 1 1 1 1 1 1 1 1 1 1 1 1 1 1 1 2 2 2 2 2 2 2 2 2 2 2 2 2 2 2 2 2 2 2 2 2 2 2 2 2 2 2 2 2 2 2 3 3 3 3 3 3 3 3 3 3 3 3 3 3 3 3 3 3 3 3 3 3 3 3 3 3 3 3 3 3 -3 -3 -3 -3 -3 -3 -3 -3 -3 -2 -2 -2 -2 -2 -2 -2 -2 -2 -2 -2 -2 -2 -2 -2 -2 -2 -2 -2 -2 -2 -2 -2 -2 -2 -2 -2 -2 -2 -2 -2 -2 -2 -2 -2 -2 -2 -1 -1 -1 -1 -1 -1 -1 -1 -1 -1 -1 -1 -1 -1 -1 -1 -1 -1 -1 -1 -1 -1 -1 -1 -1 -1 -1 -1 -1 -1 -1 -1 -1 -1 0 0 0 0 0 0 0 0 0 0 0 0 0 0 0 0 0 0 0 0 0 0 0 0 0 0 0 0 0 0 0 0 0 0 0 0 0 1 1 1 1 1 1 1 1 1 1 1 1 1 1 1 1 1 1 1 1 1 1 1 1 1 1 1 1 1 1 1 2 2 2 2 2 2 2 2 2 2 2 2 2 2 2 2 2 2 2 2 2 2 2 2 2 2 2 2 2 2 2 3 3 3 3 3 3 3 3 3 3 3 3 3 3 3 3 3 3 3 3 3 3 3 3 3 3 3 3 3 3 3 -3 -3 -3 -3 -3 -3 -3 -3 -2 -2 -2 -2 -2 -2 -2 -2 -2 -2 -2 -2 -2 -2 -2 -2 -2 -2 -2 -2 -2 -2 -2 -2 -2 -2 -2 -2 -2 -2 -2 -2 -2 -2 -2 -2 -1 -1 -1 -1 -1 -1 -1 -1 -1 -1 -1 -1 -1 -1 -1 -1 -1 -1 -1 -1 -1 -1 -1 -1 -1 -1 -1 -1 -1 -1 -1 -1 -1 -1 0 0 0 0 0 0 0 0 0 0 0 0 0 0 0 0 0 0 0 0 0 0 0 0 0 0 0 0 0 0 0 0 0 0 1 0 0 1 1 1 1 1 1 1 1 1 1 1 1 1 1 1 1 1 1 1 1 1 1 1 1 1 1 1 1 1 1 1 2 1 2 2 2 2 2 2 2 2 2 2 2 2 2 2 2 2 2 2 2 2 2 2 2 2 2 2 2 2 2 3 3 3 3 3 3 3 3 3 3 3 3 3 3 3 3 3 3 3 3 3 3 3 3 3 3 3 3 3 3 3 3 3 3 3 -3 -3 -3 -3 -3 -3 -2 -2 -2 -2 -2 -2 -2 -2 -2 -2 -2 -2 -2 -2 -2 -2 -2 -2 -2 -2 -2 -2 -2 -2 -2 -2 -2 -2 -2 -2 -2 -2 -2 -2 -2 -2 -2 -1 -1 -1 -1 -1 -1 -1 -1 -1 -1 -1 -1 -1 -1 -1 -1 -1 -1 -1 -1 -1 -1 -1 -1 -1 -1 -1 -1 -1 -1 -1 -1 -1 -1 0 0 0 0 0 0 0 0 0 0 0 0 0 0 0 0 0 0 0 0 0 0 0 0 0 0 0 0 0 0 0 0 0 0 1 0 1 1 1 1 1 1 1 1 1 1 1 1 1 1 1 1 1 1 1 1 1 1 1 1 1 1 1 1 1 1 1 1 2 2 2 2 2 2 2 2 2 2 2 2 2 2 2 2 2 2 2 2 2 2 2 2 2 2 2 2 2 2 3 3 3 3 3 3 3 3 3 3 3 3 3 3 3 3 3 3 3 3 3 3 3 3 3 3 3 3 3 3 3 3 3 3 3 3 4 -3 -3 -3 -3 -3 -3 -2 -2 -2 -2 -2 -2 -2 -2 -2 -2 -2 -2 -2 -2 -2 -2 -2 -2 -2 -2 -2 -2 -2 -2 -2 -2 -2 -2 -2 -2 -2 -2 -2 -2 -2 -2 -2 -2 -1 -1 -1 -1 -1 -1 -1 -1 -1 -1 -1 -1 -1 -1 -1 -1 -1 -1 -1 -1 -1 -1 -1 -1 -1 -1 -1 -1 -1 -1 -1 -1 -1 -1 0 0 0 0 0 0 0 0 0 0 0 0 0 0 0 0 0 0 0 0 0 0 0 0 0 0 0 0 0 0 0 0 0 0 0 1 1 1 1 1 1 1 1 1 1 1 1 1 1 1 1 1 1 1 1 1 1 1 1 1 1 1 1 1 1 1 1 2 2 2 2 2 2 2 2 2 2 2 2 2 2 2 2 2 2 2 2 2 2 2 2 2 2 2 2 2 2 2 2 3 3 3 3 3 3 3 3 3 3 3 3 3 3 3 3 3 3 3 3 3 3 3 3 3 3 3 3 3 3 3 3 3 3 4 4 -3 -3 -3 -3 -3 -3 -3 -2 -2 -2 -2 -2 -2 -2 -2 -2 -2 -2 -2 -2 -2 -2 -2 -2 -2 -2 -2 -2 -2 -2 -2 -2 -2 -2 -2 -2 -2 -2 -2 -2 -2 -1 -2 -1 -1 -1 -1 -1 -1 -1 -1 -1 -1 -1 -1 -1 -1 -1 -1 -1 -1 -1 -1 -1 -1 -1 -1 -1 -1 -1 -1 -1 -1 -1 -1 -1 -1 -1 0 0 0 0 0 0 0 0 0 0 0 0 0 0 0 0 0 0 0 0 0 0 0 0 0 0 0 0 0 0 0 0 0 0 0 1 1 1 1 1 1 1 1 1 1 1 1 1 1 1 1 1 1 1 1 1 1 1 1 1 1 1 1 1 1 1 1 2 2 2 2 2 2 2 2 2 2 2 2 2 2 2 2 2 2 2 2 2 2 2 2 2 2 2 2 2 2 2 3 3 3 3 3 3 3 3 3 3 3 3 3 3 3 3 3 3 3 3 3 3 3 3 3 3 3 3 3 3 3 3 3 3 4 4 4 4 4 -3 -3 -3 -3 -2 -2 -2 -2 -2 -2 -2 -2 -2 -2 -2 -2 -2 -2 -2 -2 -2 -2 -2 -2 -2 -2 -2 -2 -2 -2 -2 -2 -2 -2 -2 -2 -2 -1 -1 -1 -1 -1 -1 -1 -1 -1 -1 -1 -1 -1 -1 -1 -1 -1 -1 -1 -1 -1 -1 -1 -1 -1 -1 -1 -1 -1 -1 -1 -1 -1 -1 -1 -1 -1 -1 -1 -1 -1 -1 -1 -1 -1 -1 -1 0 0 0 0 0 0 0 0 0 0 0 0 0 0 0 0 0 0 0 0 0 0 0 0 0 0 0 0 0 1 1 1 1 1 1 1 1 1 1 1 1 1 1 1 1 1 1 1 1 1 1 1 1 1 1 1 1 1 1 1 1 1 1 1 1 1 1 1 1 1 1 1 1 2 2 2 2 2 2 2 2 2 2 2 2 2 2 2 2 2 2 2 2 2 2 2 2 2 2 2 2 3 3 3 3 3 3 3 3 3 3 3 3 3 3 3 3 3 3 3 3 3 3 3 3 3 3 3 3 3 3 3 -3 -3 -2 -2 -2 -2 -2 -2 -2 -2 -2 -2 -2 -2 -2 -2 -2 -2 -2 -2 -2 -2 -2 -2 -2 -2 -2 -2 -2 -2 -2 -2 -2 -2 -2 -2 -2 -2 -1 -1 -1 -1 -1 -1 -1 -1 -1 -1 -1 -1 -1 -1 -1 -1 -1 -1 -1 -1 -1 -1 -1 -1 -1 -1 -1 -1 -1 -1 -1 -1 -1 -1 -1 -1 -1 -1 -1 -1 -1 -1 -1 -1 -1 -1 0 0 0 0 0 0 0 0 0 0 0 0 0 0 0 0 0 0 0 0 0 0 0 0 0 0 0 0 0 1 1 1 1 1 1 1 1 1 1 1 1 1 1 1 1 1 1 1 1 1 1 1 1 1 1 1 1 1 1 1 1 1 1 1 1 1 1 1 1 1 1 1 1 2 2 2 2 2 2 2 2 2 2 2 2 2 2 2 2 2 2 2 2 2 2 2 2 2 2 2 2 2 3 3 3 3 3 3 3 3 3 3 3 3 3 3 3 3 3 3 3 3 3 3 3 3 3 3 3 3 3 3 4 -3 -2 -2 -2 -2 -2 -2 -2 -2 -2 -2 -2 -2 -2 -2 -2 -2 -2 -2 -2 -2 -2 -2 -2 -2 -2 -2 -2 -2 -2 -2 -2 -2 -2 -2 -2 -2 -2 -1 -1 -1 -1 -1 -1 -1 -1 -1 -1 -1 -1 -1 -1 -1 -1 -1 -1 -1 -1 -1 -1 -1 -1 -1 -1 -1 -1 -1 -1 -1 -1 -1 -1 -1 -1 -1 -1 -1 -1 -1 -1 -1 -1 -1 -1 0 0 0 0 0 0 0 0 0 0 0 0 0 0 0 0 0 0 0 0 0 0 0 0 0 0 0 0 0 1 1 1 1 1 1 1 1 1 1 1 1 1 1 1 1 1 1 1 1 1 1 1 1 1 1 1 1 1 1 1 1 1 1 1 1 1 1 1 1 1 1 1 1 2 2 2 2 2 2 2 2 2 2 2 2 2 2 2 2 2 2 2 2 2 2 2 2 2 2 2 2 3 3 3 3 3 3 3 3 3 3 3 3 3 3 3 3 3 3 3 3 3 3 3 3 3 3 3 3 3 3 3 -2 -2 -2 -2 -2 -2 -2 -2 -2 -2 -2 -2 -2 -2 -2 -2 -2 -2 -2 -2 -2 -2 -2 -2 -2 -2 -2 -2 -2 -2 -2 -2 -2 -2 -2 -2 -2 -2 -1 -1 -1 -1 -1 -1 -1 -1 -1 -1 -1 -1 -1 -1 -1 -1 -1 -1 -1 -1 -1 -1 -1 -1 -1 -1 -1 -1 -1 -1 -1 -1 -1 -1 -1 -1 -1 -1 -1 -1 -1 -1 -1 -1 -1 -1 0 0 0 0 0 0 0 0 0 0 0 0 0 0 0 0 0 0 0 0 0 0 0 0 0 0 0 0 0 1 1 1 1 1 1 1 1 1 1 1 1 1 1 1 1 1 1 1 1 1 1 1 1 1 1 1 1 1 1 1 1 1 1 1 1 1 1 1 1 1 1 1 1 2 2 2 2 2 2 2 2 2 2 2 2 2 2 2 2 2 2 2 2 2 2 2 2 2 2 2 3 3 3 3 3 3 3 3 3 3 3 3 3 3 3 3 3 3 3 3 3 3 3 3 3 3 3 3 3 3 3 4 4 -2 -2 -2 -2 -2 -2 -2 -2 -2 -2 -2 -2 -2 -2 -2 -2 -2 -2 -2 -2 -2 -2 -2 -2 -2 -2 -2 -2 -2 -2 -2 -2 -2 -2 -2 -2 -2 -2 -1 -1 -1 -1 -1 -1 -1 -1 -1 -1 -1 -1 -1 -1 -1 -1 -1 -1 -1 -1 -1 -1 -1 -1 -1 -1 -1 -1 -1 -1 -1 -1 -1 -1 -1 -1 -1 -1 -1 -1 -1 -1 -1 -1 -1 0 -1 0 0 0 0 0 0 0 0 0 0 0 0 0 0 0 0 0 0 0 0 0 0 0 0 0 0 0 0 1 1 1 1 1 1 1 1 1 1 1 1 1 1 1 1 1 1 1 1 1 1 1 1 1 1 1 1 1 1 1 1 1 1 1 1 1 1 1 1 1 1 1 2 2 2 2 2 2 2 2 2 2 2 2 2 2 2 2 2 2 2 2 2 2 2 2 2 2 2 2 3 3 3 3 3 3 3 3 3 3 3 3 3 3 3 3 3 3 3 3 3 3 3 3 3 3 3 3 3 3 4 4 4 4 -2 -2 -2 -2 -2 -2 -2 -2 -2 -2 -2 -2 -2 -2 -2 -2 -2 -2 -2 -2 -2 -2 -2 -2 -2 -2 -2 -2 -2 -2 -2 -2 -2 -2 -2 -2 -2 -1 -1 -1 -1 -1 -1 -1 -1 -1 -1 -1 -1 -1 -1 -1 -1 -1 -1 -1 -1 -1 -1 -1 -1 -1 -1 -1 -1 -1 -1 -1 -1 -1 -1 -1 -1 -1 -1 -1 -1 0 0 0 0 0 0 0 0 0 0 0 0 0 0 0 0 0 0 0 0 0 0 0 0 0 0 0 0 0 0 0 0 0 0 0 1 1 1 1 1 1 1 1 1 1 1 1 1 1 1 1 1 1 1 1 1 1 1 1 1 1 1 1 1 1 1 1 1 1 1 1 1 1 1 1 1 1 1 2 1 2 2 2 2 2 2 2 2 2 2 2 2 2 2 2 2 2 2 2 2 2 2 2 2 2 2 3 3 3 3 3 3 3 3 3 3 3 3 3 3 3 3 3 3 3 3 3 3 3 3 3 3 3 3 3 3 4 4 4 4 4 4 -2 -2 -2 -2 -2 -2 -2 -2 -2 -2 -2 -2 -2 -2 -2 -2 -2 -2 -2 -2 -2 -2 -2 -2 -2 -2 -2 -2 -2 -2 -2 -2 -2 -2 -1 -1 -1 -1 -1 -1 -1 -1 -1 -1 -1 -1 -1 -1 -1 -1 -1 -1 -1 -1 -1 -1 -1 -1 -1 -1 -1 -1 -1 -1 -1 -1 -1 -1 -1 -1 -1 -1 -1 0 0 0 0 0 0 0 0 0 0 0 0 0 0 0 0 0 0 0 0 0 0 0 0 0 0 0 0 0 0 0 0 0 0 0 0 1 1 1 1 1 1 1 1 1 1 1 1 1 1 1 1 1 1 1 1 1 1 1 1 1 1 1 1 1 1 1 1 1 1 1 1 1 1 1 1 1 1 2 2 2 2 2 2 2 2 2 2 2 2 2 2 2 2 2 2 2 2 2 2 2 2 2 2 2 2 3 3 3 3 3 3 3 3 3 3 3 3 3 3 3 3 3 3 3 3 3 3 3 3 3 3 3 3 3 3 4 4 4 4 4 4 4 4 4 4 4 -2 -2 -2 -2 -2 -2 -2 -2 -2 -2 -2 -2 -2 -2 -2 -2 -2 -2 -2 -2 -2 -2 -2 -2 -2 -2 -2 -2 -2 -2 -2 -2 -1 -1 -1 -1 -1 -1 -1 -1 -1 -1 -1 -1 -1 -1 -1 -1 -1 -1 -1 -1 -1 -1 -1 -1 -1 -1 -1 -1 -1 -1 -1 -1 -1 -1 -1 -1 -1 -1 -1 0 0 0 0 0 0 0 0 0 0 0 0 0 0 0 0 0 0 0 0 0 0 0 0 0 0 0 0 0 0 0 0 0 0 0 0 0 1 1 1 1 1 1 1 1 1 1 1 1 1 1 1 1 1 1 1 1 1 1 1 1 1 1 1 1 1 1 1 1 1 1 1 1 1 1 1 1 1 1 2 2 2 2 2 2 2 2 2 2 2 2 2 2 2 2 2 2 2 2 2 2 2 2 2 2 2 3 3 3 3 3 3 3 3 3 3 3 3 3 3 3 3 3 3 3 3 3 3 3 3 3 3 3 3 3 3 3 4 4 4 4 4 4 4 4 4 4 4 4 4 4 -2 -2 -2 -2 -2 -2 -2 -2 -2 -2 -2 -2 -2 -2 -2 -2 -2 -2 -2 -2 -2 -2 -2 -2 -2 -2 -2 -2 -2 -2 -2 -1 -1 -1 -1 -1 -1 -1 -1 -1 -1 -1 -1 -1 -1 -1 -1 -1 -1 -1 -1 -1 -1 -1 -1 -1 -1 -1 -1 -1 -1 -1 -1 -1 -1 -1 -1 -1 -1 0 0 0 0 0 0 0 0 0 0 0 0 0 0 0 0 0 0 0 0 0 0 0 0 0 0 0 0 0 0 0 0 0 0 0 0 0 0 0 1 1 1 1 1 1 1 1 1 1 1 1 1 1 1 1 1 1 1 1 1 1 1 1 1 1 1 1 1 1 1 1 1 1 1 1 1 1 1 1 1 2 2 2 2 2 2 2 2 2 2 2 2 2 2 2 2 2 2 2 2 2 2 2 2 2 2 2 2 3 3 3 3 3 3 3 3 3 3 3 3 3 3 3 3 3 3 3 3 3 3 3 3 3 3 3 3 3 3 4 4 4 4 4 4 4 4 4 4 4 4 4 4 -2 -2 -2 -2 -2 -2 -2 -2 -2 -2 -2 -2 -2 -2 -2 -2 -2 -2 -2 -2 -2 -2 -2 -2 -2 -2 -2 -2 -2 -1 -1 -1 -1 -1 -1 -1 -1 -1 -1 -1 -1 -1 -1 -1 -1 -1 -1 -1 -1 -1 -1 -1 -1 -1 -1 -1 -1 -1 -1 -1 -1 -1 -1 -1 -1 0 0 0 0 0 0 0 0 0 0 0 0 0 0 0 0 0 0 0 0 0 0 0 0 0 0 0 0 0 0 0 0 0 0 0 0 0 0 0 0 0 0 1 1 1 1 1 1 1 1 1 1 1 1 1 1 1 1 1 1 1 1 1 1 1 1 1 1 1 1 1 1 1 1 1 1 1 1 1 1 1 1 1 1 2 2 2 2 2 2 2 2 2 2 2 2 2 2 2 2 2 2 2 2 2 2 2 2 2 2 2 3 3 3 3 3 3 3 3 3 3 3 3 3 3 3 3 3 3 3 3 3 3 3 3 3 3 3 3 3 3 3 4 4 4 4 4 4 4 4 4 4 4 4 4 4 4 4 4 4 4 4 4 -2 -2 -2 -2 -2 -2 -2 -2 -2 -2 -2 -2 -2 -2 -2 -2 -2 -2 -2 -2 -2 -2 -2 -2 -2 -1 -1 -1 -1 -1 -1 -1 -1 -1 -1 -1 -1 -1 -1 -1 -1 -1 -1 -1 -1 -1 -1 -1 -1 -1 -1 -1 -1 -1 -1 -1 -1 -1 -1 -1 -1 -1 -1 -1 0 0 0 0 0 0 0 0 0 0 0 0 0 0 0 0 0 0 0 0 0 0 0 0 0 0 0 0 0 0 0 0 0 0 0 0 0 0 0 1 0 1 1 1 1 1 1 1 1 1 1 1 1 1 1 1 1 1 1 1 1 1 1 1 1 1 1 1 1 1 1 1 1 1 1 1 1 1 1 1 1 1 1 1 2 2 2 2 2 2 2 2 2 2 2 2 2 2 2 2 2 2 2 2 2 2 2 2 2 2 2 3 3 3 3 3 3 3 3 3 3 3 3 3 3 3 3 3 3 3 3 3 3 3 3 3 3 3 3 3 3 4 4 4 4 4 4 4 4 4 4 4 4 4 4 4 4 4 4 4 4 4 4 4 4 -2 -2 -2 -2 -2 -2 -2 -2 -2 -2 -2 -2 -2 -2 -2 -2 -2 -2 -2 -2 -2 -2 -2 -2 -1 -1 -1 -1 -1 -1 -1 -1 -1 -1 -1 -1 -1 -1 -1 -1 -1 -1 -1 -1 -1 -1 -1 -1 -1 -1 -1 -1 -1 -1 -1 -1 -1 -1 -1 -1 -1 -1 -1 -1 0 0 0 0 0 0 0 0 0 0 0 0 0 0 0 0 0 0 0 0 0 0 0 0 0 0 0 0 0 0 0 0 0 0 0 0 0 0 0 1 1 1 1 1 1 1 1 1 1 1 1 1 1 1 1 1 1 1 1 1 1 1 1 1 1 1 1 1 1 1 1 1 1 1 1 1 1 1 1 1 1 1 1 1 2 2 2 2 2 2 2 2 2 2 2 2 2 2 2 2 2 2 2 2 2 2 2 2 2 2 3 3 3 3 3 3 3 3 3 3 3 3 3 3 3 3 3 3 3 3 3 3 3 3 3 3 3 3 3 3 4 4 4 4 4 4 4 4 4 4 4 4 4 4 4 4 4 4 4 4 4 4 4 4 -2 -2 -2 -2 -2 -2 -2 -2 -2 -2 -2 -2 -2 -2 -2 -2 -2 -2 -2 -2 -2 -2 -1 -1 -1 -1 -1 -1 -1 -1 -1 -1 -1 -1 -1 -1 -1 -1 -1 -1 -1 -1 -1 -1 -1 -1 -1 -1 -1 -1 -1 -1 -1 -1 -1 -1 -1 -1 -1 -1 -1 -1 0 0 0 0 0 0 0 0 0 0 0 0 0 0 0 0 0 0 0 0 0 0 0 0 0 0 0 0 0 0 0 0 0 0 0 0 0 0 0 0 0 1 1 1 1 1 1 1 1 1 1 1 1 1 1 1 1 1 1 1 1 1 1 1 1 1 1 1 1 1 1 1 1 1 1 1 1 1 1 1 1 1 1 1 1 1 2 2 2 2 2 2 2 2 2 2 2 2 2 2 2 2 2 2 2 2 2 2 2 2 2 2 3 3 3 3 3 3 3 3 3 3 3 3 3 3 3 3 3 3 3 3 3 3 3 3 3 3 3 3 3 3 4 4 4 4 4 4 4 4 4 4 4 4 4 4 4 4 4 4 4 4 4 4 4 4 -2 -2 -2 -2 -2 -2 -2 -2 -2 -2 -2 -2 -2 -2 -2 -2 -2 -2 -2 -1 -1 -1 -1 -1 -1 -1 -1 -1 -1 -1 -1 -1 -1 -1 -1 -1 -1 -1 -1 -1 -1 -1 -1 -1 -1 -1 -1 -1 -1 -1 -1 -1 -1 -1 -1 -1 -1 -1 -1 -1 -1 0 0 0 0 0 0 0 0 0 0 0 0 0 0 0 0 0 0 0 0 0 0 0 0 0 0 0 0 0 0 0 0 0 0 0 0 0 0 0 0 0 0 1 1 1 1 1 1 1 1 1 1 1 1 1 1 1 1 1 1 1 1 1 1 1 1 1 1 1 1 1 1 1 1 1 1 1 1 1 1 1 1 1 1 1 1 2 2 2 2 2 2 2 2 2 2 2 2 2 2 2 2 2 2 2 2 2 2 2 2 2 2 3 3 3 3 3 3 3 3 3 3 3 3 3 3 3 3 3 3 3 3 3 3 3 3 3 3 3 3 3 3 4 4 4 4 4 4 4 4 4 4 4 4 4 4 4 4 4 4 4 4 4 4 4 4 4 -2 -2 -2 -2 -2 -2 -2 -2 -2 -2 -2 -2 -2 -2 -2 -2 -1 -1 -1 -1 -1 -1 -1 -1 -1 -1 -1 -1 -1 -1 -1 -1 -1 -1 -1 -1 -1 -1 -1 -1 -1 -1 -1 -1 -1 -1 -1 -1 -1 -1 -1 -1 -1 -1 -1 -1 -1 -1 -1 -1 -1 0 0 0 0 0 0 0 0 0 0 0 0 0 0 0 0 0 0 0 0 0 0 0 0 0 0 0 0 0 0 0 0 0 0 0 0 0 0 0 0 0 1 1 1 1 1 1 1 1 1 1 1 1 1 1 1 1 1 1 1 1 1 1 1 1 1 1 1 1 1 1 1 1 1 1 1 1 1 1 1 1 1 1 1 2 2 2 2 2 2 2 2 2 2 2 2 2 2 2 2 2 2 2 2 2 2 2 2 2 2 2 3 3 3 3 3 3 3 3 3 3 3 3 3 3 3 3 3 3 3 3 3 3 3 3 3 3 3 3 3 3 4 4 4 4 4 4 4 4 4 4 4 4 4 4 4 4 4 4 4 4 4 4 4 4 4 -2 -2 -2 -2 -2 -2 -2 -2 -2 -2 -2 -2 -2 -2 -1 -1 -1 -1 -1 -1 -1 -1 -1 -1 -1 -1 -1 -1 -1 -1 -1 -1 -1 -1 -1 -1 -1 -1 -1 -1 -1 -1 -1 -1 -1 -1 -1 -1 -1 -1 -1 -1 -1 -1 -1 -1 -1 -1 -1 -1 -1 0 0 0 0 0 0 0 0 0 0 0 0 0 0 0 0 0 0 0 0 0 0 0 0 0 0 0 0 0 0 0 0 0 0 0 0 0 0 0 0 1 1 1 1 1 1 1 1 1 1 1 1 1 1 1 1 1 1 1 1 1 1 1 1 1 1 1 1 1 1 1 1 1 1 1 1 1 1 1 1 1 1 1 1 1 2 2 2 2 2 2 2 2 2 2 2 2 2 2 2 2 2 2 2 2 2 2 2 2 2 3 3 3 3 3 3 3 3 3 3 3 3 3 3 3 3 3 3 3 3 3 3 3 3 3 3 3 3 3 3 4 4 4 4 4 4 4 4 4 4 4 4 4 4 4 4 4 4 4 4 4 4 4 4 4 5 -2 -2 -2 -2 -2 -2 -2 -2 -2 -2 -2 -1 -1 -1 -1 -1 -1 -1 -1 -1 -1 -1 -1 -1 -1 -1 -1 -1 -1 -1 -1 -1 -1 -1 -1 -1 -1 -1 -1 -1 -1 -1 -1 -1 -1 -1 -1 -1 -1 -1 -1 -1 -1 -1 -1 -1 -1 -1 -1 -1 0 0 0 0 0 0 0 0 0 0 0 0 0 0 0 0 0 0 0 0 0 0 0 0 0 0 0 0 0 0 0 0 0 0 0 0 0 0 0 0 1 1 1 1 1 1 1 1 1 1 1 1 1 1 1 1 1 1 1 1 1 1 1 1 1 1 1 1 1 1 1 1 1 1 1 1 1 1 1 1 1 1 1 1 2 2 2 2 2 2 2 2 2 2 2 2 2 2 2 2 2 2 2 2 2 2 2 2 2 3 3 3 3 3 3 3 3 3 3 3 3 3 3 3 3 3 3 3 3 3 3 3 3 3 3 3 3 3 3 4 4 4 4 4 4 4 4 4 4 4 4 4 4 4 4 4 4 4 4 4 4 4 4 4 4 5 -2 -2 -2 -2 -2 -2 -2 -2 -1 -1 -1 -1 -1 -1 -1 -1 -1 -1 -1 -1 -1 -1 -1 -1 -1 -1 -1 -1 -1 -1 -1 -1 -1 -1 -1 -1 -1 -1 -1 -1 -1 -1 -1 -1 -1 -1 -1 -1 -1 -1 -1 -1 -1 -1 -1 -1 -1 -1 0 0 0 0 0 0 0 0 0 0 0 0 0 0 0 0 0 0 0 0 0 0 0 0 0 0 0 0 0 0 0 0 0 0 0 0 0 0 0 1 1 1 1 1 1 1 1 1 1 1 1 1 1 1 1 1 1 1 1 1 1 1 1 1 1 1 1 1 1 1 1 1 1 1 1 1 1 1 1 1 1 1 1 1 2 2 2 2 2 2 2 2 2 2 2 2 2 2 2 2 2 2 2 2 2 2 2 2 2 3 3 3 3 3 3 3 3 3 3 3 3 3 3 3 3 3 3 3 3 3 3 3 3 3 3 3 3 3 3 4 4 4 4 4 4 4 4 4 4 4 4 4 4 4 4 4 4 4 4 4 4 4 4 4 5 5 -2 -2 -2 -1 -1 -1 -1 -1 -1 -1 -1 -1 -1 -1 -1 -1 -1 -1 -1 -1 -1 -1 -1 -1 -1 -1 -1 -1 -1 -1 -1 -1 -1 -1 -1 -1 -1 -1 -1 -1 -1 -1 -1 -1 -1 -1 -1 0 0 0 0 0 -1 -1 0 0 0 0 0 0 0 0 0 0 0 0 0 0 0 0 0 0 0 0 0 0 0 0 0 0 0 0 0 0 0 0 0 0 0 0 0 0 0 0 1 1 1 1 1 1 1 1 1 1 1 1 1 1 1 1 1 1 1 1 1 1 1 1 1 1 1 1 1 1 1 1 1 1 1 1 1 1 1 1 1 1 1 1 2 2 2 2 2 2 2 2 2 2 2 2 2 2 2 2 2 2 2 2 2 2 2 2 2 2 3 3 3 3 3 3 3 3 3 3 3 3 3 3 3 3 3 3 3 3 3 3 3 3 3 3 3 3 3 4 4 4 4 4 4 4 4 4 4 4 4 4 4 4 4 4 4 4 4 4 4 4 4 4 4 5 5 -1 -1 -1 -1 -1 -1 -1 -1 -1 -1 -1 -1 -1 -1 -1 -1 -1 -1 -1 -1 -1 -1 -1 -1 -1 -1 -1 -1 -1 -1 -1 -1 -1 -1 -1 -1 -1 -1 -1 -1 -1 -1 -1 -1 0 0 0 0 0 0 0 0 0 0 0 0 0 0 0 0 0 0 0 0 0 0 0 0 0 0 0 0 0 0 0 0 0 0 0 0 0 0 0 0 0 0 0 0 0 0 0 0 0 1 1 1 1 1 1 1 1 1 1 1 1 1 1 1 1 1 1 1 1 1 1 1 1 1 1 1 1 1 1 1 1 1 1 1 1 1 1 1 1 1 1 1 1 2 2 2 2 2 2 2 2 2 2 2 2 2 2 2 2 2 2 2 2 2 2 2 2 2 3 3 3 3 3 3 3 3 3 3 3 3 3 3 3 3 3 3 3 3 3 3 3 3 3 3 3 3 3 3 4 4 4 4 4 4 4 4 4 4 4 4 4 4 4 4 4 4 4 4 4 4 4 4 5 5 5 5 -1 -1 -1 -1 -1 -1 -1 -1 -1 -1 -1 -1 -1 -1 -1 -1 -1 -1 -1 -1 -1 -1 -1 -1 -1 -1 -1 -1 -1 -1 -1 -1 -1 -1 -1 -1 -1 -1 -1 -1 -1 -1 0 0 0 0 0 0 0 0 0 0 0 0 0 0 0 0 0 0 0 0 0 0 0 0 0 0 0 0 0 0 0 0 0 0 0 0 0 0 0 0 0 0 0 0 0 0 0 0 0 0 0 1 1 1 1 1 1 1 1 1 1 1 1 1 1 1 1 1 1 1 1 1 1 1 1 1 1 1 1 1 1 1 1 1 1 1 1 1 1 1 1 1 1 1 1 2 2 2 2 2 2 2 2 2 2 2 2 2 2 2 2 2 2 2 2 2 2 2 2 2 3 3 3 3 3 3 3 3 3 3 3 3 3 3 3 3 3 3 3 3 3 3 3 3 3 3 3 3 3 4 4 4 4 4 4 4 4 4 4 4 4 4 4 4 4 4 4 4 4 4 4 4 4 5 5 5 5 5 -1 -1 -1 -1 -1 -1 -1 -1 -1 -1 -1 -1 -1 -1 -1 -1 -1 -1 -1 -1 -1 -1 -1 -1 -1 -1 -1 -1 -1 -1 -1 -1 -1 -1 -1 -1 -1 -1 -1 -1 -1 0 0 0 0 0 0 0 0 0 0 0 0 0 0 0 0 0 0 0 0 0 0 0 0 0 0 0 0 0 0 0 0 0 0 0 0 0 0 0 0 0 0 0 0 0 0 0 0 0 0 0 0 1 1 1 1 1 1 1 1 1 1 1 1 1 1 1 1 1 1 1 1 1 1 1 1 1 1 1 1 1 1 1 1 1 1 1 1 1 1 1 1 1 1 1 1 2 2 2 2 2 2 2 2 2 2 2 2 2 2 2 2 2 2 2 2 2 2 2 2 2 3 3 3 3 3 3 3 3 3 3 3 3 3 3 3 3 3 3 3 3 3 3 3 3 3 3 3 3 3 4 4 4 4 4 4 4 4 4 4 4 4 4 4 4 4 4 4 4 4 4 4 4 4 4 5 5 5 5 5 -1 -1 -1 -1 -1 -1 -1 -1 -1 -1 -1 -1 -1 -1 -1 -1 -1 -1 -1 -1 -1 -1 -1 -1 -1 -1 -1 -1 -1 -1 -1 -1 -1 -1 -1 -1 -1 -1 -1 -1 -1 0 0 0 0 0 0 0 0 0 0 0 0 0 0 0 0 0 0 0 0 0 0 0 0 0 0 0 0 0 0 0 0 0 0 0 0 0 0 0 0 0 0 0 0 0 0 0 0 0 0 0 0 0 0 1 1 1 1 1 1 1 1 1 1 1 1 1 1 1 1 1 1 1 1 1 1 1 1 1 1 1 1 1 1 1 2 1 1 1 1 1 1 1 1 1 1 1 1 2 2 2 2 2 2 2 2 2 2 2 2 2 2 2 2 2 2 2 2 2 2 2 2 3 3 3 3 3 3 3 3 3 3 3 3 3 3 3 3 3 3 3 3 3 3 3 3 3 3 3 3 3 3 4 4 4 4 4 4 4 4 4 4 4 4 4 4 4 4 4 4 4 4 4 4 4 4 5 5 5 5 5 -1 -1 -1 -1 -1 -1 -1 -1 -1 -1 -1 -1 -1 -1 -1 -1 -1 -1 -1 -1 -1 -1 -1 -1 -1 -1 -1 -1 -1 -1 -1 -1 -1 -1 -1 -1 -1 -1 -1 0 0 0 0 0 0 0 0 0 0 0 0 0 0 0 0 0 0 0 0 0 0 0 0 0 0 0 0 0 0 0 0 0 0 0 0 0 0 0 0 0 0 0 0 0 0 0 0 0 0 0 0 0 0 0 0 0 1 1 1 1 1 1 1 1 1 1 1 1 1 1 1 1 1 1 1 1 1 1 1 1 1 1 1 1 1 1 1 2 1 1 1 1 1 1 1 1 1 1 1 1 2 2 2 2 2 2 2 2 2 2 2 2 2 2 2 2 2 2 2 2 2 2 2 2 3 3 3 3 3 3 3 3 3 3 3 3 3 3 3 3 3 3 3 3 3 3 3 3 3 3 3 3 3 4 4 4 4 4 4 4 4 4 4 4 4 4 4 4 4 4 4 4 4 4 4 4 4 5 5 5 5 5 -1 -1 -1 -1 -1 -1 -1 -1 -1 -1 -1 -1 -1 -1 -1 -1 -1 -1 -1 -1 -1 -1 -1 -1 -1 -1 -1 -1 -1 -1 -1 -1 -1 -1 -1 -1 0 0 0 0 0 0 0 0 0 0 0 0 0 0 0 0 0 0 0 0 0 0 0 0 0 0 0 0 0 0 0 0 0 0 0 0 0 0 0 0 0 0 0 0 0 0 0 0 0 0 0 0 0 0 0 0 0 0 0 0 1 1 1 1 1 1 1 1 1 1 1 1 1 1 1 1 1 1 1 1 1 1 1 1 1 1 1 1 1 1 1 1 1 1 1 1 1 1 1 1 1 1 1 2 2 2 2 2 2 2 2 2 2 2 2 2 2 2 2 2 2 2 2 2 2 2 2 3 3 3 3 3 3 3 3 3 3 3 3 3 3 3 3 3 3 3 3 3 3 3 3 3 3 3 3 3 4 4 4 4 4 4 4 4 4 4 4 4 4 4 4 4 4 4 4 4 4 4 4 4 5 5 5 5 5 5 -1 -1 -1 -1 -1 -1 -1 -1 -1 -1 -1 -1 -1 -1 -1 -1 -1 -1 -1 -1 -1 -1 -1 -1 -1 -1 -1 -1 -1 -1 -1 -1 -1 -1 -1 -1 0 0 0 0 0 0 0 0 0 0 0 0 0 0 0 0 0 0 0 0 0 0 0 0 0 0 0 0 0 0 0 0 0 0 0 0 0 0 0 0 0 0 0 0 0 0 0 0 0 0 0 0 0 0 0 0 0 0 0 0 0 0 0 1 1 1 1 1 1 1 1 1 1 1 1 1 1 1 1 1 1 1 1 1 1 1 1 1 1 1 1 1 1 1 2 1 1 1 1 1 1 1 1 1 1 1 2 2 2 2 2 2 2 2 2 2 2 2 2 2 2 2 2 2 2 2 2 2 2 2 3 3 3 3 3 3 3 3 3 3 3 3 3 3 3 3 3 3 3 3 3 3 3 3 3 3 3 3 3 4 4 4 4 4 4 4 4 4 4 4 4 4 4 4 4 4 4 4 4 4 4 4 5 5 5 5 5 5 -1 -1 -1 -1 -1 -1 -1 -1 -1 -1 -1 -1 -1 -1 -1 -1 -1 -1 -1 -1 -1 -1 -1 -1 -1 -1 -1 -1 -1 -1 -1 -1 -1 0 0 0 0 0 0 0 0 0 0 0 0 0 0 0 0 0 0 0 0 0 0 0 0 0 0 0 0 0 0 0 0 0 0 0 0 0 0 0 0 0 0 0 0 0 0 0 0 0 0 0 0 0 0 0 0 0 0 0 0 0 0 0 0 0 0 1 1 1 1 1 1 1 1 1 1 1 1 1 1 1 1 1 1 1 1 1 1 1 1 1 1 1 1 1 1 1 2 1 1 1 1 1 1 1 1 1 2 1 2 2 2 2 2 2 2 2 2 2 2 2 2 2 2 2 2 2 2 2 2 2 2 3 3 3 3 3 3 3 3 3 3 3 3 3 3 3 3 3 3 3 3 3 3 3 3 3 3 3 3 3 4 4 4 4 4 4 4 4 4 4 4 4 4 4 4 4 4 4 4 4 4 4 4 4 5 5 5 5 5 -1 -1 -1 -1 -1 -1 -1 -1 -1 -1 -1 -1 -1 -1 -1 -1 -1 -1 -1 -1 -1 -1 -1 -1 -1 -1 -1 -1 -1 -1 -1 -1 -1 0 0 0 0 0 0 0 0 0 0 0 0 0 0 0 0 0 0 0 0 0 0 0 0 0 0 0 0 0 0 0 0 0 0 0 0 0 0 0 0 0 0 0 0 0 0 0 0 0 0 0 0 0 0 0 0 0 0 0 0 0 0 0 0 0 0 1 1 1 1 1 1 1 1 1 1 1 1 1 1 1 1 1 1 1 1 1 1 1 1 1 1 1 1 1 1 1 2 1 1 1 1 1 1 1 1 1 1 2 2 2 2 2 2 2 2 2 2 2 2 2 2 2 2 2 2 2 2 2 2 2 2 3 3 3 3 3 3 3 3 3 3 3 3 3 3 3 3 3 3 3 3 3 3 3 3 3 3 3 3 3 4 4 4 4 4 4 4 4 4 4 4 4 4 4 4 4 4 4 4 4 4 4 4 4 5 5 5 5 5 -1 -1 -1 -1 -1 -1 -1 -1 -1 -1 -1 -1 -1 -1 -1 -1 -1 -1 -1 -1 -1 -1 -1 -1 -1 -1 -1 -1 -1 -1 0 0 0 0 0 0 0 0 0 0 0 0 0 0 0 0 0 0 0 0 0 0 0 0 0 0 0 0 0 0 0 0 0 0 0 0 0 0 0 0 0 0 0 0 0 0 0 0 0 0 0 0 0 0 0 0 0 0 0 0 0 0 0 0 0 1 1 1 1 1 1 1 1 1 1 1 1 1 1 1 1 1 1 1 1 1 1 1 1 1 1 1 1 1 1 1 1 1 2 2 1 1 1 1 1 1 1 1 1 2 2 2 2 2 2 2 2 2 2 2 2 2 2 2 2 2 2 2 2 2 2 2 2 3 3 3 3 3 3 3 3 3 3 3 3 3 3 3 3 3 3 3 3 3 3 3 3 3 3 3 3 3 4 4 4 4 4 4 4 4 4 4 4 4 4 4 4 4 4 4 4 4 4 4 4 4 5 5 5 5 5 5 -1 -1 -1 -1 -1 -1 -1 -1 -1 -1 -1 -1 -1 -1 -1 -1 -1 -1 -1 -1 -1 -1 -1 -1 -1 -1 -1 -1 -1 -1 -1 -1 0 0 0 0 0 0 0 0 0 0 0 0 0 0 0 0 0 0 0 0 0 0 0 0 0 0 0 0 0 0 0 0 0 0 0 0 0 0 0 0 0 0 0 0 0 0 0 0 0 0 0 0 0 0 0 0 0 0 0 0 0 0 0 0 0 1 1 1 1 1 1 1 1 1 1 1 1 1 1 1 1 1 1 1 1 1 1 1 1 1 1 1 1 1 1 1 1 1 2 2 1 1 1 1 1 1 1 1 1 2 2 2 2 2 2 2 2 2 2 2 2 2 2 2 2 2 2 2 2 2 2 2 2 3 3 3 3 3 3 3 3 3 3 3 3 3 3 3 3 3 3 3 3 3 3 3 3 3 3 3 3 4 4 4 4 4 4 4 4 4 4 4 4 4 4 4 4 4 4 4 4 4 4 4 4 5 5 5 5 5 5 5 5 -1 -1 -1 -1 -1 -1 -1 -1 -1 -1 -1 -1 -1 -1 -1 -1 -1 -1 -1 -1 -1 -1 -1 -1 -1 -1 -1 -1 -1 -1 -1 -1 -1 0 0 0 0 0 0 0 0 0 0 0 0 0 0 0 0 0 0 0 0 0 0 0 0 0 0 0 0 0 0 0 0 0 0 0 0 0 0 0 0 0 0 0 0 0 0 0 0 0 0 0 0 0 0 0 0 0 0 0 0 0 0 0 0 0 1 1 1 1 1 1 1 1 1 1 1 1 1 1 1 1 1 1 1 1 1 1 1 1 1 1 1 1 1 1 1 1 2 2 2 1 1 1 1 1 1 1 1 1 2 2 2 2 2 2 2 2 2 2 2 2 2 2 2 2 2 2 2 2 2 2 2 3 3 3 3 3 3 3 3 3 3 3 3 3 3 3 3 3 3 3 3 3 3 3 3 3 3 3 3 4 4 4 4 4 4 4 4 4 4 4 4 4 4 4 4 4 4 4 4 4 4 4 4 4 5 5 5 5 5 5 5 5 5 5 5 -1 -1 -1 -1 -1 -1 -1 -1 -1 -1 -1 -1 -1 -1 -1 -1 -1 -1 -1 -1 -1 -1 -1 -1 -1 -1 -1 -1 -1 -1 -1 -1 -1 0 0 0 0 0 0 0 0 0 0 0 0 0 0 0 0 0 0 0 0 0 0 0 0 0 0 0 0 0 0 0 0 0 0 0 0 0 0 0 0 0 0 0 0 0 0 0 0 0 0 0 0 0 0 0 0 0 0 0 0 0 0 0 0 1 0 0 1 1 1 1 1 1 1 1 1 1 1 1 1 1 1 1 1 1 1 1 1 1 1 1 1 1 1 1 1 1 2 2 2 1 1 1 1 1 1 1 1 2 2 2 2 2 2 2 2 2 2 2 2 2 2 2 2 2 2 2 2 2 2 2 2 3 3 3 3 3 3 3 3 3 3 3 3 3 3 3 3 3 3 3 3 3 3 3 3 3 3 3 3 4 4 4 4 4 4 4 4 4 4 4 4 4 4 4 4 4 4 4 4 4 4 4 4 5 5 5 5 5 5 5 5 5 5 5 5 5 -1 -1 -1 -1 -1 -1 -1 -1 -1 -1 -1 -1 -1 -1 -1 -1 -1 -1 -1 -1 -1 -1 -1 -1 -1 -1 -1 -1 -1 -1 -1 -1 -1 0 0 0 0 0 0 0 0 0 0 0 0 0 0 0 0 0 0 0 0 0 0 0 0 0 0 0 0 0 0 0 0 0 0 0 0 0 0 0 0 0 0 0 0 0 0 0 0 0 0 0 0 0 0 0 0 0 0 0 0 0 0 0 0 0 0 1 1 1 1 1 1 1 1 1 1 1 1 1 1 1 1 1 1 1 1 1 1 1 1 1 1 1 1 1 1 1 2 2 2 1 1 1 1 1 1 1 1 2 2 2 2 2 2 2 2 2 2 2 2 2 2 2 2 2 2 2 2 2 2 2 3 3 3 3 3 3 3 3 3 3 3 3 3 3 3 3 3 3 3 3 3 3 3 3 3 3 3 4 4 4 4 4 4 4 4 4 4 4 4 4 4 4 4 4 4 4 4 4 4 4 4 4 5 5 5 5 5 5 5 5 5 5 5 5 5 5 5 -1 -1 -1 -1 -1 -1 -1 -1 -1 -1 -1 -1 -1 -1 -1 -1 -1 -1 -1 -1 -1 -1 -1 -1 -1 -1 -1 -1 0 0 0 0 0 0 0 0 0 0 0 0 0 0 0 0 0 0 0 0 0 0 0 0 0 0 0 0 0 0 0 0 0 0 0 0 0 0 0 0 0 0 0 0 0 0 0 0 0 0 0 0 0 0 0 0 0 0 0 0 0 0 0 0 0 1 1 1 1 1 1 1 1 1 1 1 1 1 1 1 1 1 1 1 1 1 1 1 1 1 1 1 1 1 1 1 2 2 2 2 1 1 1 1 1 1 1 1 2 2 2 2 2 2 2 2 2 2 2 2 2 2 2 2 2 2 2 2 2 2 2 3 3 3 3 3 3 3 3 3 3 3 3 3 3 3 3 3 3 3 3 3 3 3 3 3 3 4 4 4 4 4 4 4 4 4 4 4 4 4 4 4 4 4 4 4 4 4 4 4 4 4 5 5 5 5 5 5 5 5 5 5 5 5 5 5 5 5 5 -1 -1 -1 -1 -1 -1 -1 -1 -1 -1 -1 -1 -1 -1 -1 -1 -1 -1 -1 -1 -1 -1 -1 -1 -1 0 0 0 0 0 0 0 0 0 0 0 0 0 0 0 0 0 0 0 0 0 0 0 0 0 0 0 0 0 0 0 0 0 0 0 0 0 0 0 0 0 0 0 0 0 0 0 0 0 0 0 0 0 0 0 0 0 0 0 0 0 0 0 0 1 1 1 1 1 1 1 1 1 1 1 1 1 1 1 1 1 1 1 1 1 1 1 1 1 1 1 1 1 1 1 1 2 2 2 2 1 1 1 1 1 1 1 2 2 2 2 2 2 2 2 2 2 2 2 2 2 2 2 2 2 2 2 2 2 2 3 3 3 3 3 3 3 3 3 3 3 3 3 3 3 3 3 3 3 3 3 3 3 3 3 3 3 4 4 4 4 4 4 4 4 4 4 4 4 4 4 4 4 4 4 4 4 4 4 4 4 4 5 5 5 5 5 5 5 5 5 5 5 5 5 5 5 5 5 -1 -1 -1 -1 -1 -1 -1 -1 -1 -1 -1 -1 -1 -1 -1 -1 -1 -1 -1 -1 0 0 0 0 0 0 0 0 0 0 0 0 0 0 0 0 0 0 0 0 0 0 0 0 0 0 0 0 0 0 0 0 0 0 0 0 0 0 0 0 0 0 0 0 0 0 0 0 0 0 0 0 0 0 0 0 0 0 0 0 0 0 0 0 1 1 1 1 1 1 1 1 1 1 1 1 1 1 1 1 1 1 1 1 1 1 1 1 1 1 1 1 1 1 1 1 1 2 2 2 2 1 1 1 1 1 1 1 2 2 2 2 2 2 2 2 2 2 2 2 2 2 2 2 2 2 2 2 2 2 2 3 3 3 3 3 3 3 3 3 3 3 3 3 3 3 3 3 3 3 3 3 3 3 3 3 3 3 4 4 4 4 4 4 4 4 4 4 4 4 4 4 4 4 4 4 4 4 4 4 4 4 5 5 5 5 5 5 5 5 5 5 5 5 5 5 5 5 5 5 5 -1 -1 -1 -1 -1 -1 -1 -1 -1 -1 0 0 0 0 0 0 0 0 0 0 0 0 0 0 0 0 0 0 0 0 0 0 0 0 0 0 0 0 0 0 0 0 0 0 0 0 0 0 0 0 0 0 0 0 0 0 0 0 0 0 0 0 0 0 0 0 0 0 0 0 0 0 0 0 1 1 1 1 1 1 1 1 1 1 1 1 1 1 1 1 1 1 1 1 1 1 1 1 1 1 1 1 1 1 1 1 2 2 2 2 2 1 1 1 1 1 1 2 2 2 2 2 2 2 2 2 2 2 2 2 2 2 2 2 2 2 2 2 2 2 3 3 3 3 3 3 3 3 3 3 3 3 3 3 3 3 3 3 3 3 3 3 3 3 3 3 3 3 4 4 4 4 4 4 4 4 4 4 4 4 4 4 4 4 4 4 4 4 4 4 4 5 5 5 5 5 5 5 5 5 5 5 5 5 5 5 5 5 5 5 -1 -1 -1 -1 -1 -1 0 0 0 0 0 0 0 0 0 0 0 0 0 0 0 0 0 0 0 0 0 0 0 0 0 0 0 0 0 0 0 0 0 0 0 0 0 0 0 0 0 0 0 0 0 0 0 0 0 0 0 0 0 0 0 0 0 0 0 0 0 0 0 0 0 1 1 1 1 1 1 1 1 1 1 1 1 1 1 1 1 1 1 1 1 1 1 1 1 1 1 1 1 1 1 1 1 1 2 2 2 2 2 1 1 1 1 1 1 2 2 2 2 2 2 2 2 2 2 2 2 2 2 2 2 2 2 2 2 2 2 3 3 3 3 3 3 3 3 3 3 3 3 3 3 3 3 3 3 3 3 3 3 3 3 3 3 3 3 4 4 4 4 4 4 4 4 4 4 4 4 4 4 4 4 4 4 4 4 4 4 4 5 5 5 5 5 5 5 5 5 5 5 5 5 5 5 5 5 5 5 -1 -1 0 0 0 0 0 0 0 0 0 0 0 0 0 0 0 0 0 0 0 0 0 0 0 0 0 0 0 0 0 0 0 0 0 0 0 0 0 0 0 0 0 0 0 0 0 0 0 0 0 0 0 0 0 0 0 0 0 0 0 0 0 0 0 0 0 0 0 0 1 1 1 1 1 1 1 1 1 1 1 1 1 1 1 1 1 1 1 1 1 1 1 1 1 1 1 1 1 1 1 1 1 2 2 2 2 2 1 1 1 1 1 1 2 2 2 2 2 2 2 2 2 2 2 2 2 2 2 2 2 2 2 2 2 2 3 3 3 3 3 3 3 3 3 3 3 3 3 3 3 3 3 3 3 3 3 3 3 3 3 3 3 4 4 4 4 4 4 4 4 4 4 4 4 4 4 4 4 4 4 4 4 4 4 4 4 5 5 5 5 5 5 5 5 5 5 5 5 5 5 5 5 5 -1 0 0 0 0 0 0 0 0 0 0 0 0 0 0 0 0 0 0 0 0 0 0 0 0 0 0 0 0 0 0 0 0 0 0 0 0 0 0 0 0 0 0 0 0 0 0 0 0 0 0 0 0 0 0 0 0 0 0 0 0 0 0 0 0 0 0 0 0 1 1 1 1 1 1 1 1 1 1 1 1 1 1 1 1 1 1 1 1 1 1 1 1 1 1 1 1 1 1 1 1 1 2 2 2 2 2 2 1 1 1 1 1 2 2 2 2 2 2 2 2 2 2 2 2 2 2 2 2 2 2 2 2 2 2 3 3 3 3 3 3 3 3 3 3 3 3 3 3 3 3 3 3 3 3 3 3 3 3 3 3 3 3 4 4 4 4 4 4 4 4 4 4 4 4 4 4 4 4 4 4 4 4 4 4 4 5 5 5 5 5 5 5 5 5 5 5 5 5 5 5 5 0 0 0 0 0 0 0 0 0 0 0 0 0 0 0 0 0 0 0 0 0 0 0 0 0 0 0 0 0 0 0 0 0 0 0 0 0 0 0 0 0 0 0 0 0 0 0 0 0 0 0 0 0 0 0 0 0 0 0 0 0 0 0 0 0 0 0 0 0 1 1 1 1 1 1 1 1 1 1 1 1 1 1 1 1 1 1 1 1 1 1 1 1 1 1 1 1 1 1 1 1 1 2 2 2 2 2 2 1 1 1 1 2 2 2 2 2 2 2 2 2 2 2 2 2 2 2 2 2 2 2 2 2 2 2 3 3 3 3 3 3 3 3 3 3 3 3 3 3 3 3 3 3 3 3 3 3 3 3 3 3 3 4 4 4 4 4 4 4 4 4 4 4 4 4 4 4 4 4 4 4 4 4 4 4 5 5 5 5 5 5 5 5 5 5 5 5 5 5 5 5 -1 -1 -1 -1 -1 0 0 0 0 0 0 0 0 0 0 0 0 0 0 0 0 0 0 0 0 0 0 0 0 0 0 0 0 0 0 0 0 0 0 0 0 0 0 0 0 0 0 0 0 0 0 0 0 0 0 0 0 0 0 0 0 0 0 0 1 1 0 0 0 0 0 0 0 0 0 0 1 1 1 1 1 1 1 1 1 1 1 1 1 1 1 1 1 1 1 1 1 1 1 1 1 1 1 1 1 1 1 1 1 2 2 2 2 2 2 2 1 1 1 1 2 2 2 2 2 2 2 2 2 2 2 2 2 2 2 2 2 2 2 2 2 2 3 3 3 3 3 3 3 3 3 3 3 3 3 3 3 3 3 3 3 3 3 3 3 4 3 3 3 4 4 4 4 4 4 4 4 4 4 4 4 4 4 4 4 4 4 4 4 4 4 4 5 5 5 5 5 5 5 5 5 5 5 5 5 5 5 5 5 -1 -1 -1 -1 0 0 0 0 0 0 0 0 0 0 0 0 0 0 0 0 0 0 0 0 0 0 0 0 0 0 0 0 0 0 0 0 0 0 0 0 0 0 0 0 0 0 0 0 0 0 0 0 0 0 0 0 0 0 0 0 0 0 0 0 0 0 0 1 1 1 1 0 0 0 0 0 0 0 0 0 1 1 1 1 1 1 1 1 1 1 1 1 1 1 1 1 1 1 1 1 1 1 1 1 1 1 1 1 1 1 1 1 1 1 2 2 2 2 2 2 2 1 1 1 2 2 2 2 2 2 2 2 2 2 2 2 2 2 2 2 2 2 2 2 2 2 2 3 3 3 3 3 3 3 3 3 3 3 3 3 3 3 3 3 3 3 3 3 3 4 4 3 3 3 4 4 4 4 4 4 4 4 4 4 4 4 4 4 4 4 4 4 4 4 4 4 5 5 5 5 5 5 5 5 5 5 5 5 5 5 5 5 5 5 5 5 5 5 5 6 6 0 0 0 0 0 0 0 0 0 0 0 0 0 0 0 0 0 0 0 0 0 0 0 0 0 0 0 0 0 0 0 0 0 0 0 0 0 0 0 0 0 0 0 0 0 0 0 0 0 0 0 0 0 0 0 0 0 0 0 0 0 0 0 0 1 1 1 1 1 1 1 0 0 0 0 0 0 0 0 0 1 1 1 1 1 1 1 1 1 1 1 1 1 1 1 1 1 1 1 1 1 1 1 1 1 1 1 1 1 1 1 1 1 1 2 2 2 2 2 2 2 1 1 1 2 2 2 2 2 2 2 2 2 2 2 2 2 2 2 2 2 2 2 2 2 2 3 3 3 3 3 3 3 3 3 3 3 3 3 3 3 3 3 3 3 3 3 3 4 4 4 3 3 4 4 4 4 4 4 4 4 4 4 4 4 4 4 4 4 4 4 4 4 4 4 4 5 5 5 5 5 5 5 5 5 5 5 5 5 5 5 5 5 5 5 5 5 5 6 6 6 6 6 0 0 0 0 0 0 0 0 0 0 0 0 0 0 0 0 0 0 0 0 0 0 0 0 0 0 0 0 0 0 0 0 0 0 0 0 0 0 0 0 0 0 0 0 0 0 0 0 0 0 0 0 0 0 0 0 0 0 0 0 0 1 1 1 1 1 1 1 1 1 1 0 0 0 0 0 0 0 0 1 1 1 1 1 1 1 1 1 1 1 1 1 1 1 1 1 1 1 1 1 1 1 1 1 1 1 1 1 1 1 1 1 1 1 2 2 2 2 2 2 2 1 1 2 2 2 2 2 2 2 2 2 2 2 2 2 2 2 2 2 2 2 2 2 2 2 3 3 3 3 3 3 3 3 3 3 3 3 3 3 3 3 3 3 3 3 3 3 4 4 4 3 4 4 4 4 4 4 4 4 4 4 4 4 4 4 4 4 4 4 4 4 4 4 4 5 5 5 5 5 5 5 5 5 5 5 5 5 5 5 5 5 5 5 5 5 5 5 6 6 6 6 6 6 6 0 0 0 0 0 0 0 0 0 0 0 0 0 0 0 0 0 0 0 0 0 0 0 0 0 0 0 0 0 0 0 0 0 0 0 0 0 0 0 0 0 0 0 0 0 0 0 0 0 0 0 0 0 0 0 0 0 0 1 1 1 1 1 1 1 1 1 1 1 1 1 1 0 0 0 0 0 0 0 1 1 1 1 1 1 1 1 1 1 1 1 1 1 1 1 1 1 1 1 1 1 1 1 1 1 1 1 1 1 1 1 1 1 1 2 2 2 2 2 2 2 2 1 1 2 2 2 2 2 2 2 2 2 2 2 2 2 2 2 2 2 2 2 2 2 2 2 3 3 3 3 3 3 3 3 3 3 3 3 3 3 3 3 3 3 3 3 3 4 4 4 4 4 4 4 4 4 4 4 4 4 4 4 4 4 4 4 4 4 4 4 4 4 4 4 5 5 5 5 5 5 5 5 5 5 5 5 5 5 5 5 5 5 5 5 5 5 5 6 6 6 6 6 6 6 7 7 0 0 0 0 0 0 0 0 0 0 0 0 0 0 0 0 0 0 0 0 0 0 0 0 0 0 0 0 0 0 0 0 0 0 0 0 0 0 0 0 0 0 0 0 0 0 0 0 0 0 0 0 1 1 1 1 1 1 1 1 1 1 1 1 1 1 1 1 1 1 1 0 0 0 0 0 0 0 1 1 1 1 1 1 1 1 1 1 1 1 1 1 1 1 1 1 1 1 1 1 1 1 1 1 1 1 1 1 1 1 1 1 1 2 2 2 2 2 2 2 2 1 2 2 2 2 2 2 2 2 2 2 2 2 2 2 2 2 2 2 2 2 2 2 2 3 3 3 3 3 3 3 3 3 3 3 3 3 3 3 3 3 3 3 3 3 4 4 4 4 4 4 4 4 4 4 4 4 4 4 4 4 4 4 4 4 4 4 4 4 4 4 4 5 5 5 5 5 5 5 5 5 5 5 5 5 5 5 5 5 5 5 5 5 5 5 6 6 6 6 6 6 6 7 7 7 7 0 0 0 0 0 0 0 0 0 0 0 0 0 0 0 0 0 0 0 0 0 0 0 0 0 0 0 0 0 0 0 0 0 0 0 0 0 0 0 0 0 0 0 0 0 0 0 1 1 1 1 1 1 1 1 1 1 1 1 1 1 1 1 1 1 1 1 1 1 1 0 0 0 0 0 0 1 1 1 1 1 1 1 1 1 1 1 1 1 1 1 1 1 1 1 1 1 1 1 1 1 1 1 1 1 1 1 1 1 1 1 2 2 2 2 2 2 2 2 2 1 2 2 2 2 2 2 2 2 2 2 2 2 2 2 2 2 2 2 2 2 2 2 2 3 3 3 3 3 3 3 3 3 3 3 3 3 3 3 3 3 3 3 3 4 4 4 4 4 4 4 4 4 4 4 4 4 4 4 4 4 4 4 4 4 4 4 4 4 4 4 4 5 5 5 5 5 5 5 5 5 5 5 5 5 5 5 5 5 5 5 5 5 5 6 6 6 6 6 6 6 6 7 7 7 0 0 0 0 0 0 0 0 0 0 0 0 0 0 0 0 0 0 0 0 0 0 0 0 0 0 0 0 0 0 0 0 0 0 0 0 0 0 0 0 1 1 1 1 1 1 1 1 1 1 1 1 1 1 1 1 1 1 1 1 1 1 1 1 1 1 1 1 0 0 0 0 1 1 1 1 1 1 1 1 1 1 1 1 1 1 1 1 1 1 1 1 1 1 1 1 1 1 1 1 1 1 1 1 1 1 1 1 1 2 2 2 2 2 2 2 2 2 1 2 2 2 2 2 2 2 2 2 2 2 2 2 2 2 2 2 2 2 2 2 3 3 3 3 3 3 3 3 3 3 3 3 3 3 3 3 3 3 3 3 3 3 4 4 4 4 4 4 4 4 4 4 4 4 4 4 4 4 4 4 4 4 4 4 4 4 4 4 4 5 5 5 5 5 5 5 5 5 5 5 5 5 5 5 5 5 5 5 5 5 5 6 6 6 6 6 6 6 6 7 7 7 0 0 0 0 0 0 0 0 0 0 0 0 0 0 0 0 0 0 0 0 0 0 0 0 0 0 0 0 0 0 0 0 0 1 1 1 1 1 1 1 1 1 1 1 1 1 1 1 1 1 1 1 1 1 1 1 1 1 1 1 1 1 1 1 1 1 1 0 0 0 1 1 1 1 1 1 1 1 1 1 1 1 1 1 1 1 1 1 1 1 1 1 1 1 1 1 1 1 1 1 1 1 1 1 1 1 1 1 2 2 2 2 2 2 2 2 2 2 2 2 2 2 2 2 2 2 2 2 2 2 2 2 2 2 2 2 2 2 2 3 3 3 3 3 3 3 3 3 3 3 3 3 3 3 3 3 3 3 3 3 4 4 4 4 4 4 4 4 4 4 4 4 4 4 4 4 4 4 4 4 4 4 4 4 4 4 4 5 5 5 5 5 5 5 5 5 5 5 5 5 5 5 5 5 5 5 5 5 5 6 6 6 6 6 6 6 6 7 7 7 7 7 7 7 0 0 0 0 0 0 0 0 0 0 0 0 0 0 0 0 0 0 0 0 0 0 0 0 0 0 0 0 0 0 0 0 0 0 0 0 0 0 0 0 0 0 1 1 1 1 1 1 1 1 1 1 1 1 1 1 1 1 1 1 1 1 1 1 1 1 1 1 1 1 1 1 1 1 1 1 1 1 1 1 1 1 1 1 1 1 1 1 1 1 1 1 1 1 1 1 1 1 1 1 1 1 1 1 1 1 1 1 1 1 1 1 2 2 2 2 2 2 2 2 2 2 2 2 2 2 2 2 2 2 2 2 2 2 2 2 2 2 2 3 3 3 3 3 3 3 3 3 3 3 3 3 3 3 3 3 3 3 3 3 3 3 4 4 4 4 4 4 4 4 4 4 4 4 4 4 4 4 4 4 4 4 4 4 4 5 5 5 5 5 5 5 5 5 5 5 5 5 5 5 5 5 5 5 5 5 5 6 6 6 6 6 6 6 6 6 7 7 7 7 7 7 7 7 7 7 7 0 0 0 0 0 0 0 0 0 0 0 0 0 0 0 0 0 0 0 0 0 0 0 0 0 0 0 0 0 0 0 0 0 0 0 0 0 1 1 1 1 1 1 1 1 1 1 1 1 1 1 1 1 1 1 1 1 1 1 1 1 1 1 1 1 1 1 1 1 1 1 1 1 1 1 1 1 1 1 1 1 1 1 1 1 1 1 1 1 1 1 1 1 1 1 1 1 1 1 1 1 1 1 1 1 1 1 1 1 1 1 1 2 2 2 2 2 2 2 2 2 2 2 2 2 2 2 2 2 2 2 2 2 2 2 2 2 2 2 3 3 3 3 3 3 3 3 3 3 3 3 3 3 3 3 3 3 3 3 3 3 3 4 4 4 4 4 4 4 4 4 4 4 4 4 4 4 4 4 4 4 4 4 4 4 5 5 5 5 5 5 5 5 5 5 5 5 5 5 5 5 5 5 5 5 5 5 6 6 6 6 6 6 6 6 6 6 7 7 7 7 7 7 7 7 7 7 7 0 0 0 0 0 0 0 0 0 0 0 0 0 0 0 0 0 0 0 0 0 0 0 0 0 0 0 0 0 0 0 0 0 0 0 1 1 1 1 1 1 1 1 1 1 1 1 1 1 1 1 1 1 1 1 1 1 1 1 1 1 1 1 1 1 1 1 1 1 1 1 1 1 1 1 1 1 1 1 1 1 1 1 1 1 1 1 1 1 1 1 1 1 1 1 1 1 1 1 1 1 1 1 1 1 1 1 1 1 1 1 1 1 1 1 1 1 2 2 2 2 2 2 2 2 2 2 2 2 2 2 2 2 2 2 2 2 2 2 2 2 2 2 2 2 3 3 3 3 3 3 3 3 3 3 3 3 3 3 3 3 3 3 3 3 3 3 4 4 4 4 4 4 4 4 4 4 4 4 4 4 4 4 4 4 4 4 4 4 4 5 5 5 5 5 5 5 5 5 5 5 5 5 5 5 5 5 5 5 5 5 5 6 6 6 6 6 6 6 6 6 6 6 7 7 7 7 7 7 7 7 7 7 7 7 0 0 0 0 0 0 0 0 0 0 0 0 0 0 0 0 0 0 0 0 0 0 0 1 0 0 1 1 1 1 1 1 1 1 0 1 1 1 1 1 1 1 1 1 1 1 1 1 1 1 1 1 1 1 1 1 1 1 1 1 1 1 1 1 1 1 1 1 1 1 1 1 1 1 1 1 1 1 1 1 1 1 1 1 1 1 1 1 1 1 1 1 1 1 1 1 1 1 1 1 1 1 1 1 1 1 1 1 1 1 1 1 1 1 1 1 1 2 2 2 2 2 2 2 2 2 2 2 2 2 2 2 2 2 2 2 2 2 2 2 2 2 2 2 2 3 3 3 3 3 3 3 3 3 3 3 3 3 3 3 3 3 3 3 3 3 3 4 4 4 4 4 4 4 4 4 4 4 4 4 4 4 4 4 4 4 4 4 4 4 5 5 5 5 5 5 5 5 5 5 5 5 5 5 5 5 5 5 5 5 5 5 6 6 6 6 6 6 6 6 6 6 6 6 7 7 7 7 7 7 7 7 7 7 7 7 0 0 0 0 0 0 0 0 1 1 1 1 1 1 0 0 0 0 0 0 0 0 0 1 1 1 1 1 1 1 1 1 1 1 1 1 1 1 1 1 1 1 1 1 1 1 1 1 1 1 1 1 1 1 1 1 1 1 1 1 1 1 1 1 1 1 1 1 1 1 1 1 1 1 1 1 1 1 1 1 1 1 1 1 1 1 1 1 1 1 1 1 1 1 1 1 1 1 1 1 1 1 1 1 1 1 1 1 1 1 1 1 1 1 1 1 2 2 2 2 2 2 2 2 2 2 2 2 2 2 2 2 2 2 2 2 2 2 2 2 2 2 2 2 3 3 3 3 3 3 3 3 3 3 3 3 3 3 3 3 3 3 3 3 3 3 3 4 4 4 4 4 4 4 4 4 4 4 4 4 4 4 4 4 4 4 4 4 4 5 5 5 5 5 5 5 5 5 5 5 5 5 5 5 5 5 5 5 5 5 5 6 6 6 6 6 6 6 6 6 6 6 6 6 7 7 7 7 7 7 7 7 7 7 7 7 7 7 0 0 0 0 1 1 1 1 1 1 1 1 1 1 1 1 1 0 0 1 1 1 1 1 1 1 1 1 1 1 1 1 1 1 1 1 1 1 1 1 1 1 1 1 1 1 1 1 1 1 1 1 1 1 1 1 1 1 1 1 1 1 1 1 1 1 1 1 1 1 1 1 1 1 1 1 1 1 1 1 1 1 1 1 1 1 1 1 1 1 1 1 1 1 1 1 1 1 1 1 1 1 1 1 1 1 1 1 1 1 1 1 1 1 1 2 2 2 2 2 2 2 2 2 2 2 2 2 2 2 2 2 2 2 2 2 2 2 2 2 2 2 3 3 3 3 3 3 3 3 3 3 3 3 3 3 3 3 3 3 3 3 3 3 3 4 4 4 4 4 4 4 4 4 4 4 4 4 4 4 4 4 4 4 4 4 4 5 5 5 5 5 5 5 5 5 5 5 5 5 5 5 5 5 5 5 5 5 5 6 6 6 6 6 6 6 6 6 6 6 6 6 6 7 7 7 7 7 7 7 7 7 7 7 7 7 7 7 0 0 0 1 1 1 1 1 1 1 1 1 1 1 1 1 1 1 1 1 1 1 1 1 1 1 1 1 1 1 1 1 1 1 1 1 1 1 1 1 1 1 1 1 1 1 1 1 1 1 1 1 1 1 1 1 1 1 1 1 1 1 1 1 1 1 1 1 1 1 1 1 1 1 1 1 1 1 1 1 1 1 1 1 1 1 1 1 1 1 1 1 1 1 1 1 1 1 1 1 1 1 1 1 1 1 1 1 1 1 1 1 2 2 2 2 2 2 2 2 2 2 2 2 2 2 2 2 2 2 2 2 2 2 2 2 2 2 2 3 3 3 3 3 3 3 3 3 3 3 3 3 3 3 3 3 3 3 3 3 3 3 4 4 4 4 4 4 4 4 4 4 4 4 4 4 4 4 4 4 4 4 4 4 5 5 5 5 5 5 5 5 5 5 5 5 5 5 5 5 5 5 5 5 5 5 5 6 6 6 6 6 6 6 6 6 6 6 6 6 6 7 7 7 7 7 7 7 7 7 7 7 7 7 8 8 8 8 0 0 0 1 1 1 1 1 1 1 1 1 1 1 1 1 1 1 1 1 1 1 1 1 1 1 1 1 1 1 1 1 1 1 1 1 1 1 1 1 1 1 1 1 1 1 1 1 1 1 1 1 1 1 1 1 1 1 1 1 1 1 1 1 1 1 1 1 1 1 1 1 1 1 1 1 1 1 1 1 1 1 1 1 1 1 1 1 1 1 1 1 1 1 1 1 1 1 1 1 1 1 1 1 1 1 1 1 1 2 2 2 2 2 2 2 2 2 2 2 2 2 2 2 2 2 2 2 2 2 2 2 2 2 2 2 3 3 3 3 3 3 3 3 3 3 3 3 3 3 3 3 3 3 3 3 3 3 4 4 4 4 4 4 4 4 4 4 4 4 4 4 4 4 4 4 4 4 4 4 4 5 5 5 5 5 5 5 5 5 5 5 5 5 5 5 5 5 5 5 5 5 5 5 5 6 6 6 6 6 6 6 6 6 6 6 6 6 6 7 7 7 7 7 7 7 7 7 7 7 7 7 8 8 8 8 8 0 1 1 1 0 1 1 1 1 1 1 1 1 1 1 1 1 1 1 1 1 1 1 1 1 1 1 1 1 1 1 1 1 1 1 1 1 1 1 1 1 1 1 1 1 1 1 1 1 1 1 1 1 1 1 1 1 1 1 1 1 1 1 1 1 1 1 1 1 1 1 1 1 1 1 1 1 1 1 1 1 1 1 1 1 1 1 1 1 1 1 1 1 1 1 1 1 1 1 1 1 1 1 1 1 1 1 2 2 2 2 2 2 2 2 2 2 2 2 2 2 2 2 2 2 2 2 2 2 2 2 2 2 2 3 3 3 3 3 3 3 3 3 3 3 3 3 3 3 3 3 3 3 3 3 3 4 4 4 4 4 4 4 4 4 4 4 4 4 4 4 4 4 4 4 4 4 4 4 5 5 5 5 5 5 5 5 5 5 5 5 5 5 5 5 5 5 5 5 5 5 5 5 6 6 6 6 6 6 6 6 6 6 6 6 6 6 6 7 7 7 7 7 7 7 7 7 7 8 7 8 8 8 8 8 8 8 1 1 1 1 1 1 1 1 1 1 1 1 1 1 1 1 1 1 1 1 1 1 1 1 1 1 1 1 1 1 1 1 1 1 1 1 1 1 1 1 1 1 1 1 1 1 1 1 1 1 1 1 1 1 1 1 1 1 1 1 1 1 1 1 1 1 1 1 1 1 1 1 1 1 1 1 1 1 1 1 1 1 1 1 1 1 1 1 1 1 1 1 1 1 1 1 1 2 2 2 2 2 2 2 2 2 2 2 2 2 2 2 2 2 2 2 2 2 2 2 2 2 2 3 3 3 3 3 3 3 3 3 3 3 3 3 3 3 3 3 3 3 3 3 3 3 4 4 4 4 4 4 4 4 4 4 4 4 4 4 4 4 4 4 4 4 4 4 4 5 5 5 5 5 5 5 5 5 5 5 5 5 5 5 5 5 5 5 5 5 5 5 5 6 6 6 6 6 6 6 6 6 6 6 6 6 6 6 6 7 7 7 7 7 7 7 7 7 7 7 8 8 8 8 8 8 8 8 8 8 1 1 1 1 1 1 1 1 1 1 1 1 1 1 1 1 1 1 1 1 1 1 1 1 1 1 1 1 1 1 1 1 1 1 1 1 1 1 1 1 1 1 1 1 1 1 1 1 1 1 1 1 1 1 1 1 1 1 1 1 1 1 1 1 1 1 1 1 1 1 1 1 1 1 1 1 1 1 1 1 1 1 1 1 1 1 1 1 1 1 1 1 1 1 1 2 2 2 2 2 2 2 2 2 2 2 2 2 2 2 2 2 2 2 2 2 2 2 2 2 2 3 3 3 3 3 3 3 3 3 3 3 3 3 3 3 3 3 3 3 3 3 3 3 4 4 4 4 4 4 4 4 4 4 4 4 4 4 4 4 4 4 4 4 4 4 4 5 5 5 5 5 5 5 5 5 5 5 5 5 5 5 5 5 5 5 5 5 5 5 6 6 6 6 6 6 6 6 6 6 6 6 6 6 6 6 6 6 7 7 7 7 7 7 7 7 7 7 8 8 8 8 8 8 8 8 8 8 8 8 8 8 1 1 1 1 1 1 1 1 1 1 1 1 1 1 1 1 1 1 1 1 1 1 1 1 1 1 1 1 1 1 1 1 1 1 1 1 1 1 1 1 1 1 1 1 1 1 1 1 1 1 1 1 1 1 1 1 1 1 1 1 1 1 1 1 1 1 1 1 1 1 1 1 1 1 1 1 1 1 1 1 1 1 1 1 1 1 1 1 1 1 1 1 1 1 1 2 2 2 2 2 2 2 2 2 2 2 2 2 2 2 2 2 2 2 2 2 2 2 2 2 3 3 3 3 3 3 3 3 3 3 3 3 3 3 3 3 3 3 3 3 3 3 3 4 4 4 4 4 4 4 4 4 4 4 4 4 4 4 4 4 4 4 4 4 4 4 5 5 5 5 5 5 5 5 5 5 5 5 5 5 5 5 5 5 5 5 5 5 5 5 6 6 6 6 6 6 6 6 6 6 6 6 6 6 6 6 6 6 7 7 7 7 7 7 7 7 7 8 8 8 8 8 8 8 8 8 8 8 8 8 8 8 8 8 8 9 9 9 1 1 1 1 1 1 1 1 1 1 1 1 1 1 1 1 1 1 1 1 1 1 1 1 1 1 1 1 1 1 1 1 1 1 1 1 1 1 1 1 1 1 1 1 1 1 1 1 1 1 1 1 1 1 1 1 1 1 1 1 1 1 1 1 1 1 1 1 1 1 1 1 1 1 1 1 1 1 1 1 1 1 1 1 1 1 1 1 1 1 1 1 1 2 2 2 2 2 2 2 2 2 2 2 2 2 2 2 2 2 2 2 2 2 2 2 2 2 2 3 3 3 3 3 3 3 3 3 3 3 3 3 3 3 3 3 3 3 3 3 3 3 3 4 4 4 4 4 4 4 4 4 4 4 4 4 4 4 4 4 4 4 4 4 4 5 5 5 5 5 5 5 5 5 5 5 5 5 5 5 5 5 5 5 5 5 5 5 5 6 6 6 6 6 6 6 6 6 6 6 6 6 6 6 6 6 6 6 7 7 7 7 7 7 7 7 8 8 8 8 8 8 8 8 8 8 8 8 8 8 8 8 8 8 8 8 8 9 9 9 9 9 1 1 1 1 1 1 1 1 1 1 1 1 1 1 1 1 1 1 1 1 1 1 1 1 1 1 1 1 1 1 1 1 1 1 1 1 1 1 1 1 1 1 1 1 1 1 1 1 1 1 1 1 1 1 1 1 1 1 1 1 1 1 1 1 1 1 1 1 1 1 1 1 1 1 1 1 1 1 1 1 1 1 1 1 1 1 1 1 1 1 1 1 2 2 2 2 2 2 2 2 2 2 2 2 2 2 2 2 2 2 2 2 2 2 2 2 2 2 3 3 3 3 3 3 3 3 3 3 3 3 3 3 3 3 3 3 3 3 3 3 3 3 4 4 4 4 4 4 4 4 4 4 4 4 4 4 4 4 4 4 4 4 4 4 5 5 5 5 5 5 5 5 5 5 5 5 5 5 5 5 5 5 5 5 5 5 5 5 6 6 6 6 6 6 6 6 6 6 6 6 6 6 6 6 6 6 6 6 7 7 7 7 7 7 7 8 8 8 8 8 8 8 8 8 8 8 8 8 8 8 8 8 8 8 8 8 9 9 9 9 9 9 9 9 9 9 1 1 1 1 1 1 1 1 1 1 1 1 1 1 1 1 1 1 1 1 1 1 1 1 1 1 1 1 1 1 1 1 1 1 1 1 1 1 1 1 1 1 1 1 1 1 1 1 1 1 1 1 1 1 1 1 1 1 1 1 1 1 1 1 1 1 1 1 1 1 1 1 1 1 1 1 1 1 1 1 1 1 1 1 1 1 1 1 1 2 2 2 2 2 2 2 2 2 2 2 2 2 2 2 2 2 2 2 2 2 2 2 2 2 2 3 3 3 3 3 3 3 3 3 3 3 3 3 3 3 3 3 3 3 3 3 3 3 3 3 4 4 4 4 4 4 4 4 4 4 4 4 4 4 4 4 4 4 4 4 4 4 4 5 5 5 5 5 5 5 5 5 5 5 5 5 5 5 5 5 5 5 5 5 5 5 6 6 6 6 6 6 6 6 6 6 6 6 6 6 6 6 6 6 6 6 7 7 7 7 7 7 7 8 8 8 8 8 8 8 8 8 8 8 8 8 8 8 8 8 8 8 8 8 9 9 9 9 9 9 9 9 9 9 9 9 9 9 9 9 1 1 1 1 1 1 1 1 1 1 1 1 1 1 1 1 1 1 1 1 1 1 1 1 1 1 1 1 1 1 1 1 1 1 1 1 1 1 1 1 1 1 1 1 1 1 1 1 1 1 1 1 1 1 1 1 1 1 1 1 1 1 1 1 1 1 1 1 1 1 1 1 1 1 1 1 1 1 2 2 2 2 2 2 2 2 2 2 2 2 2 2 2 2 2 2 2 2 2 2 2 2 2 2 2 2 2 2 2 2 2 2 3 3 3 3 3 3 3 3 3 3 3 3 3 3 3 3 3 3 3 3 3 3 3 3 3 3 4 4 4 4 4 4 4 4 4 4 4 4 4 4 4 4 4 4 4 4 4 4 4 5 5 5 5 5 5 5 5 5 5 5 5 5 5 5 5 5 5 5 5 5 5 6 6 6 6 6 6 6 6 6 6 6 6 6 6 6 6 6 6 6 6 7 7 7 7 7 7 7 8 8 8 8 8 8 8 8 8 8 8 8 8 8 8 8 8 8 8 8 8 9 9 9 9 9 9 9 9 9 9 9 9 9 9 9 9 9 1 1 1 1 1 1 1 1 1 1 1 1 1 1 1 1 1 1 1 1 1 1 1 1 1 1 1 1 1 1 1 1 1 1 1 1 1 1 1 1 1 1 1 1 1 1 1 1 1 1 1 1 1 1 1 1 1 1 1 1 1 1 1 1 1 1 1 1 1 1 2 2 2 2 2 2 2 2 2 2 2 2 2 2 2 2 2 2 2 2 2 2 2 2 2 2 2 2 2 2 2 2 2 2 2 2 2 2 3 3 3 3 3 3 3 3 3 3 3 3 3 3 3 3 3 3 3 3 3 3 3 3 3 3 3 3 4 4 4 4 4 4 4 4 4 4 4 4 4 4 4 4 4 4 4 4 5 5 5 5 5 5 5 5 5 5 5 5 5 5 5 5 5 5 5 5 5 5 6 6 6 6 6 6 6 6 6 6 6 6 6 6 6 6 6 6 6 6 6 7 7 7 7 7 7 7 8 8 8 8 8 8 8 8 8 8 8 8 8 8 8 8 8 8 8 8 8 8 9 9 9 9 9 9 9 9 9 9 9 9 9 9 9 9 9 9 1 1 1 1 1 1 1 1 1 1 1 1 1 1 1 1 1 1 1 1 1 1 1 1 1 1 1 1 1 1 1 1 1 1 1 1 1 1 1 1 1 1 1 1 1 1 1 1 1 1 1 1 1 1 1 1 1 1 1 1 1 2 2 2 2 2 2 2 2 2 2 2 2 2 2 2 2 2 2 2 2 2 2 2 2 2 2 2 2 2 2 2 2 2 2 2 2 2 2 2 2 2 2 3 3 3 3 3 3 3 3 3 3 3 3 3 3 3 3 3 3 3 3 3 3 4 4 4 4 4 3 3 3 4 4 4 4 4 4 4 4 4 4 4 4 4 4 4 4 4 4 4 5 5 5 5 5 5 5 5 5 5 5 5 5 5 5 5 5 5 5 5 5 5 6 6 6 6 6 6 6 6 6 6 6 6 6 6 6 6 6 6 6 6 6 7 7 7 7 7 7 7 8 8 8 8 8 8 8 8 8 8 8 8 8 8 8 8 8 8 8 8 8 9 9 9 9 9 9 9 9 9 9 9 9 9 9 9 9 9 9 9 9 9 1 1 1 1 1 1 1 1 1 1 1 1 1 1 1 1 1 1 1 1 1 1 1 1 1 1 1 1 1 1 1 1 1 1 1 1 1 1 1 1 1 1 1 1 1 1 1 1 1 1 1 1 2 2 2 2 2 2 2 2 2 2 2 2 2 2 2 2 2 2 2 2 2 2 2 2 2 2 2 2 2 2 2 2 2 2 2 2 2 2 2 2 2 2 2 2 2 2 2 3 3 3 3 3 3 3 3 3 3 3 3 3 3 3 3 3 3 3 3 3 3 4 4 4 4 4 4 4 4 3 3 4 4 4 4 4 4 4 4 4 4 4 4 4 4 4 4 4 5 5 5 5 5 5 5 5 5 5 5 5 5 5 5 5 5 5 5 5 5 5 6 6 6 6 6 6 6 6 6 6 6 6 6 6 6 6 6 6 6 6 6 7 7 7 7 7 7 7 8 8 8 8 8 8 8 8 8 8 8 8 8 8 8 8 8 8 8 8 8 8 9 9 9 9 9 9 9 9 9 9 9 9 9 9 9 9 9 9 9 9 9 1 1 1 1 1 1 1 1 1 1 1 1 1 1 1 1 1 1 1 1 1 1 1 1 1 1 1 1 1 1 1 1 1 1 1 1 1 1 1 1 1 1 1 1 1 2 2 2 2 2 2 2 2 2 2 2 2 2 2 2 2 2 2 2 2 2 2 2 2 2 2 2 2 2 2 2 2 2 2 2 2 2 2 2 2 2 2 2 2 2 2 2 2 2 2 3 3 3 3 3 3 3 3 3 3 3 3 3 3 3 3 3 3 3 3 3 3 3 4 4 4 4 4 4 4 4 4 4 4 4 4 4 4 4 4 4 4 4 4 4 4 4 5 4 5 5 5 5 5 5 5 5 5 5 5 5 5 5 5 5 5 5 5 5 5 5 5 6 6 6 6 6 6 6 6 6 6 6 6 6 6 6 6 6 6 6 6 7 7 7 7 7 7 7 8 8 8 8 8 8 8 8 8 8 8 8 8 8 8 8 8 8 8 8 8 8 9 9 9 9 9 9 9 9 9 9 9 9 9 9 9 9 9 9 9 9 9 10 10 1 1 1 1 1 1 1 1 1 1 1 1 1 1 1 1 1 1 1 1 1 1 1 1 1 1 1 1 1 1 1 1 1 1 1 2 1 1 1 1 2 2 2 2 2 2 2 2 2 2 2 2 2 2 2 2 2 2 2 2 2 2 2 2 2 2 2 2 2 2 2 2 2 2 2 2 2 2 2 2 2 2 2 2 2 2 2 2 2 3 2 3 3 3 3 3 3 3 3 3 3 3 3 3 3 3 3 3 3 3 3 3 3 3 3 4 4 4 4 4 4 4 4 4 4 4 4 4 4 4 4 4 4 4 4 4 4 4 5 5 4 5 5 5 5 5 5 5 5 5 5 5 5 5 5 5 5 5 5 5 5 5 6 6 6 6 6 6 6 6 6 6 6 6 6 6 6 6 6 6 6 6 6 7 7 7 7 7 7 7 8 8 8 8 8 8 8 8 8 8 8 8 8 8 8 8 8 8 8 8 8 8 9 9 9 9 9 9 9 9 9 9 9 9 9 9 9 9 9 9 9 9 9 10 10 10 10 10 10 1 1 1 1 1 1 1 1 1 1 1 1 1 1 1 1 1 1 1 1 1 1 1 1 1 1 1 1 1 1 1 1 1 1 2 2 2 2 2 2 2 2 2 2 2 2 2 2 2 2 2 2 2 2 2 2 2 2 2 2 2 2 2 2 2 2 2 2 2 2 2 2 2 2 2 2 2 2 2 2 2 2 3 3 3 3 3 3 3 3 3 3 3 3 3 3 3 3 3 3 3 3 3 3 3 3 3 3 3 3 3 4 4 4 4 4 4 4 4 4 4 4 4 4 4 4 4 4 4 4 4 4 5 5 5 5 5 5 5 5 5 5 5 5 5 5 5 5 5 5 5 5 5 5 5 5 5 6 6 6 6 6 6 6 6 6 6 6 6 6 6 6 6 6 6 6 6 6 6 7 7 7 7 7 7 7 8 8 8 8 8 8 8 8 8 8 8 8 8 8 8 8 8 8 8 8 8 9 9 9 9 9 9 9 9 9 9 9 9 9 9 9 9 9 9 9 9 9 9 10 10 10 10 10 10 10 10 10 10 10 10 10 1 1 1 1 1 1 1 1 1 1 1 1 1 1 1 1 1 2 2 2 2 2 2 2 2 2 2 2 2 2 2 2 2 2 2 2 2 2 2 2 2 2 2 2 2 2 2 2 2 2 2 2 2 2 2 2 2 2 2 2 2 2 2 2 2 3 3 3 3 3 3 3 3 3 3 3 3 3 3 3 3 3 3 3 3 3 3 3 3 3 3 3 3 3 3 4 4 4 4 4 4 4 4 4 4 4 4 4 4 4 4 4 4 4 5 5 5 5 5 5 5 5 5 5 5 5 5 5 5 5 5 5 5 5 5 5 5 5 5 6 6 6 6 6 6 6 6 6 6 6 6 6 6 6 6 6 6 6 6 6 6 7 7 7 7 7 7 7 7 8 8 8 8 8 8 8 8 8 8 8 8 8 8 8 8 8 8 8 8 9 9 9 9 9 9 9 9 9 9 9 9 9 9 9 9 9 9 9 9 9 10 10 10 10 10 10 10 10 10 10 10 10 10 10 10 10 10 10 10 10 10 1 1 1 1 1 2 2 2 2 2 1 1 1 1 1 1 1 1 1 1 1 1 1 1 1 1 1 1 1 1 1 1 1 2 2 2 2 2 2 2 2 2 2 2 2 2 2 2 2 2 2 2 2 2 2 2 2 2 2 2 2 2 2 2 3 3 3 3 3 3 3 3 3 3 3 3 3 3 3 3 3 3 3 3 3 3 3 3 3 3 3 3 3 3 3 3 4 4 4 4 4 4 4 4 4 4 4 4 4 4 4 4 4 5 5 5 5 5 5 5 5 5 5 5 5 5 5 5 5 5 5 5 5 5 5 5 5 5 6 6 6 6 6 6 6 6 6 6 6 6 6 6 6 6 6 6 6 6 6 6 6 7 7 7 7 7 7 7 7 8 8 8 8 8 8 8 8 8 8 8 8 8 8 8 8 8 8 8 9 9 9 9 9 9 9 9 9 9 9 9 9 9 9 9 9 9 9 9 9 10 10 10 10 10 10 10 10 10 10 10 10 10 10 10 10 10 10 10 10 10 10 10 10 10 10 11 1 2 1 1 2 2 2 2 2 1 2 1 1 1 1 1 1 1 1 1 1 1 1 2 1 1 2 1 1 1 1 1 1 1 2 2 2 2 1 1 1 1 1 1 2 2 2 2 2 2 2 2 2 2 2 2 2 2 2 2 2 2 3 3 3 3 3 3 3 3 3 3 3 3 3 3 3 3 3 3 3 3 3 3 3 3 3 3 4 4 4 4 4 4 4 4 4 4 4 4 4 4 4 4 4 4 4 4 4 4 5 5 5 5 5 5 5 5 5 5 5 5 5 5 5 5 5 5 5 5 5 5 5 5 5 5 6 6 6 6 6 6 6 6 6 6 6 6 6 6 6 6 6 6 6 6 6 6 6 7 7 7 7 7 7 7 7 7 8 8 8 8 8 8 8 8 8 8 8 8 8 8 8 8 8 8 9 9 9 9 9 9 9 9 9 9 9 9 9 9 9 9 9 9 9 9 9 10 10 10 10 10 10 10 10 10 10 10 10 10 10 10 10 10 10 10 10 10 10 10 10 10 10 10 11 11 11 11 11 11 1 1 2 1 1 1 1 1 2 2 2 2 2 2 2 2 1 2 2 1 1 1 1 1 1 1 2 2 1 2 2 1 2 1 1 1 1 1 2 2 1 2 2 2 2 2 2 2 2 2 2 2 2 2 2 2 2 2 2 2 2 2 2 2 2 2 3 3 3 3 3 3 3 3 3 3 3 3 3 3 3 3 3 3 3 3 3 3 3 3 4 4 4 4 4 4 4 4 4 4 4 4 4 4 4 4 4 4 4 4 4 4 5 5 5 5 5 5 5 5 5 5 5 5 5 5 5 5 5 5 5 5 5 5 5 5 5 5 6 6 6 6 6 6 6 6 6 6 6 6 6 6 6 6 6 6 6 6 6 7 6 7 7 7 7 7 7 7 7 7 7 8 8 8 8 8 8 8 8 8 8 8 8 8 8 8 8 8 9 9 9 9 9 9 9 9 9 9 9 9 9 9 9 9 9 9 9 9 9 10 10 10 10 10 10 10 10 10 10 10 10 10 10 10 10 10 10 10 10 10 10 10 10 10 10 11 11 11 11 11 11 11 11 2 2 2 2 2 2 2 2 1 1 1 2 2 2 2 2 2 2 2 2 2 2 1 1 2 2 2 1 2 1 2 1 2 2 1 2 1 1 1 2 1 2 2 2 2 2 2 2 2 2 2 2 2 2 2 2 2 2 2 2 2 2 2 2 2 2 2 2 2 2 3 3 3 3 3 3 3 3 3 3 3 3 3 3 3 3 3 3 3 3 3 3 3 3 4 4 4 4 4 4 4 4 4 4 4 4 4 4 4 4 4 4 4 4 5 5 5 5 5 5 5 5 5 5 5 5 5 5 5 5 5 5 5 5 5 5 5 5 5 5 6 6 6 6 6 6 6 6 6 6 6 6 6 6 6 6 6 6 6 6 6 7 7 7 7 7 7 7 7 7 7 7 7 7 8 8 8 8 8 8 8 8 8 8 8 8 8 8 8 8 9 9 9 9 9 9 9 9 9 9 9 9 9 9 9 9 9 9 9 9 9 10 10 10 10 10 10 10 10 10 10 10 10 10 10 10 10 10 10 10 10 10 10 10 10 10 10 10 11 11 11 11 11 11 11 11 11 11 11 11 2 2 2 2 2 2 2 2 2 2 2 1 2 2 2 2 2 2 2 2 2 2 2 2 2 2 2 2 1 1 2 2 2 2 2 2 2 2 2 2 2 2 2 2 2 2 2 2 2 2 2 2 2 2 2 2 2 2 2 2 2 2 2 2 2 2 2 2 2 2 2 2 2 2 2 2 2 3 3 3 3 3 3 3 3 3 3 3 3 3 3 3 3 3 3 3 3 3 3 3 3 3 3 4 4 4 4 4 4 4 4 4 4 4 4 4 4 4 5 5 5 5 5 5 5 5 5 5 5 5 5 5 5 5 5 5 5 5 5 5 5 5 5 5 5 6 6 6 6 6 6 6 6 6 6 6 6 6 6 6 6 6 6 6 6 6 7 7 7 7 7 7 7 7 7 7 7 7 7 7 8 8 8 8 8 8 8 8 8 8 8 8 8 8 9 9 9 9 9 9 9 9 9 9 9 9 9 9 9 9 9 9 9 9 9 9 10 10 10 10 10 10 10 10 10 10 10 10 10 10 10 10 10 10 10 10 10 10 10 10 10 10 10 10 11 11 11 11 11 11 11 11 11 11 11 11 11 11 2 2 2 2 2 2 2 2 2 2 2 2 2 2 2 2 2 2 2 2 2 2 2 2 2 2 2 2 2 1 2 2 2 2 2 2 2 2 2 2 2 2 2 2 2 2 1 2 2 2 2 2 2 2 2 2 2 2 3 2 2 2 2 2 2 2 2 2 2 3 3 2 2 2 3 3 2 2 2 3 3 3 3 3 3 3 3 3 3 3 3 3 3 3 3 3 3 3 3 3 3 3 3 3 3 4 4 4 4 4 4 4 4 4 4 4 4 5 5 5 5 5 5 5 5 5 5 5 5 5 5 5 5 5 5 5 5 5 5 5 5 5 5 5 6 6 6 6 6 6 6 6 6 6 6 6 6 6 6 6 6 6 6 6 7 7 7 7 7 7 7 7 7 7 7 7 7 7 7 7 8 8 8 8 8 8 8 8 8 8 8 8 8 9 9 9 9 9 9 9 9 9 9 9 9 9 9 9 9 9 9 9 9 9 9 10 10 10 10 10 10 10 10 10 10 10 10 10 10 10 10 10 10 10 10 10 10 10 10 10 10 10 10 11 11 11 11 11 11 11 11 11 11 11 11 11 11 11 11 2 2 2 2 2 2 2 2 2 2 2 2 2 2 2 2 2 2 2 2 2 2 2 2 2 2 2 2 2 2 2 2 2 2 2 2 2 2 2 2 2 2 2 2 2 2 2 2 2 2 2 2 2 2 2 2 2 2 2 2 2 2 2 2 2 2 2 2 2 3 2 2 2 2 2 3 2 2 2 2 2 2 2 2 2 3 3 3 3 3 2 2 3 3 3 3 3 3 3 3 3 3 3 3 3 3 3 3 3 3 3 4 4 4 3 3 3 3 4 4 4 4 4 4 4 4 4 5 5 5 5 5 5 5 5 5 5 5 5 5 5 5 5 5 5 5 5 5 5 5 5 5 5 6 6 6 6 6 6 6 6 6 6 6 6 6 6 6 6 6 6 6 6 6 7 7 7 7 7 7 7 7 7 7 7 7 7 7 7 7 7 8 8 8 8 8 8 8 8 8 8 8 8 8 8 9 9 9 9 9 9 9 9 9 9 9 9 9 9 9 9 9 9 9 9 10 10 10 10 10 10 10 10 10 10 10 10 10 10 10 10 10 10 10 10 10 10 10 10 10 10 10 10 10 10 10 10 10 11 11 11 11 11 11 11 11 11 11 11 11 11 11 11 2 2 2 2 2 2 2 2 2 2 2 2 2 2 2 2 2 2 2 2 2 2 2 2 2 2 2 2 2 2 2 2 2 2 2 2 2 2 2 2 2 2 2 2 2 2 2 2 2 2 2 2 2 2 2 2 2 2 2 2 2 2 2 2 2 2 2 2 2 3 3 3 3 3 3 3 3 3 3 3 3 3 3 3 3 3 3 3 3 3 3 3 3 3 3 3 3 3 3 3 3 3 3 3 3 3 3 3 3 3 3 3 3 3 4 4 4 4 4 4 4 4 4 4 4 4 4 4 4 4 4 4 4 5 5 5 5 5 5 5 5 5 5 5 5 5 5 5 5 5 5 5 5 5 5 5 5 5 5 6 6 6 6 6 6 6 6 6 6 6 6 6 6 6 6 6 6 6 6 6 7 7 7 7 7 7 7 7 7 7 7 7 7 7 7 7 7 7 8 8 8 8 8 8 8 8 8 8 8 8 8 9 9 9 9 9 9 9 9 9 9 9 9 9 9 9 9 9 9 9 9 10 10 10 10 10 10 10 10 10 10 10 10 10 10 10 10 10 10 10 10 10 10 10 10 10 10 10 10 10 10 10 10 10 10 10 10 10 11 11 11 11 11 11 11 11 11 11 11 11 12 2 2 2 2 2 2 2 2 2 2 2 2 2 2 2 2 2 2 2 2 2 2 2 2 2 2 2 2 2 2 2 2 2 2 2 2 2 2 2 2 2 2 2 2 2 2 2 2 2 2 2 2 2 2 2 2 2 2 2 2 2 2 3 3 3 3 3 3 3 3 2 3 3 3 3 3 3 3 3 3 3 3 3 3 3 3 3 3 3 3 3 3 3 3 3 3 3 3 3 3 3 3 3 3 3 3 3 3 3 3 4 4 4 4 4 4 4 4 4 4 4 4 4 4 4 4 4 4 4 4 4 4 4 5 5 5 5 5 5 5 5 5 5 5 5 5 5 5 5 5 5 5 5 5 5 5 5 5 5 6 6 6 6 6 6 6 6 6 6 6 6 6 6 6 6 6 6 6 6 6 7 7 7 7 7 7 7 7 7 7 7 7 7 7 7 7 7 7 7 8 8 8 8 8 8 8 8 8 8 8 8 8 9 9 9 9 9 9 9 9 9 9 9 9 9 9 9 9 9 9 9 10 10 10 10 10 10 10 10 10 10 10 10 10 10 10 10 10 10 10 10 10 10 10 10 10 10 10 10 10 10 10 10 10 10 10 10 10 10 10 10 11 11 11 11 11 11 11 11 11 11 11 2 2 2 2 2 2 2 2 2 2 2 2 2 2 2 2 2 2 2 2 2 2 2 2 2 2 2 2 2 2 2 2 2 2 2 2 2 2 2 2 2 2 2 2 2 2 2 2 2 2 2 2 2 2 2 2 2 2 2 2 2 3 2 2 3 3 3 3 3 3 3 3 2 2 2 2 2 2 3 3 3 3 3 3 3 3 3 3 3 3 3 3 3 3 3 3 3 3 3 3 3 3 3 3 3 3 3 3 3 3 3 3 4 4 4 4 4 4 4 4 4 4 4 4 4 4 4 4 4 4 4 4 4 4 4 5 5 5 5 5 5 5 5 5 5 5 5 5 5 5 5 5 5 5 5 5 5 5 5 5 6 6 6 6 6 6 6 6 6 6 6 6 6 6 6 6 6 6 6 6 6 7 7 7 7 7 7 7 7 7 7 7 7 7 7 7 7 7 7 7 7 8 8 8 8 8 8 8 8 8 8 8 8 9 9 9 9 9 9 9 9 9 9 9 9 9 9 9 9 9 9 9 10 10 10 10 10 10 10 10 10 10 10 10 10 10 10 10 10 10 10 10 10 10 10 10 10 10 10 10 10 10 10 10 10 11 11 10 10 10 11 11 11 10 10 11 11 11 11 11 11 11 11 11 2 2 2 2 2 2 2 2 2 2 2 2 2 2 2 2 2 2 2 2 2 2 2 2 2 2 2 2 2 2 2 2 2 2 2 2 2 2 2 2 2 2 2 2 2 2 2 2 2 2 2 2 2 2 2 2 2 2 2 3 3 3 3 3 3 3 3 3 3 3 3 2 3 3 2 3 3 3 3 2 2 2 2 2 3 3 3 3 3 3 3 3 3 3 3 3 3 3 3 3 3 3 3 3 3 3 3 3 3 3 3 3 3 3 3 4 4 4 4 4 4 4 4 4 4 4 4 4 4 4 4 4 4 4 4 4 4 4 4 4 5 5 5 5 5 5 5 5 5 5 5 5 5 5 5 5 5 5 5 5 5 5 5 5 5 6 6 6 6 6 6 6 6 6 6 6 6 6 6 6 6 6 6 6 6 6 7 7 7 7 7 7 7 7 7 7 7 7 7 7 7 7 7 7 8 8 8 8 8 8 8 8 8 8 8 8 8 8 9 9 9 9 9 9 9 9 9 9 9 9 9 9 9 9 9 9 10 10 10 10 10 10 10 10 10 10 10 10 10 10 10 10 10 10 10 10 10 10 10 10 10 10 10 10 10 10 10 10 11 11 11 11 11 11 11 12 12 11 11 11 11 11 11 11 11 11 11 11 11 2 2 2 2 2 2 2 2 2 2 2 2 2 2 2 2 2 2 2 2 2 2 2 2 2 2 2 2 2 2 2 2 2 2 2 2 2 2 2 2 2 2 2 2 2 2 2 2 2 2 2 2 2 2 2 2 2 2 2 2 2 2 2 2 2 2 2 2 2 2 2 2 2 2 2 2 2 3 3 2 2 3 3 2 2 2 3 3 3 3 3 3 3 3 3 3 3 3 3 3 3 3 3 3 3 3 3 3 3 3 3 3 3 3 3 3 3 4 4 4 4 4 4 4 4 4 4 4 4 4 4 4 4 4 4 4 4 4 4 4 4 4 4 4 4 5 5 5 5 5 5 5 5 5 5 5 5 5 5 5 5 5 5 5 5 5 5 5 6 6 6 6 6 6 6 6 6 6 6 6 6 6 6 6 6 6 6 6 6 7 7 7 7 7 7 7 7 7 7 7 7 7 7 7 7 7 7 8 8 8 8 8 8 8 8 8 8 8 8 8 8 9 9 9 9 9 9 9 9 9 9 9 9 9 9 9 9 9 9 10 10 10 10 10 10 10 10 10 10 10 10 10 10 10 10 10 10 10 10 10 10 10 10 10 10 10 10 10 10 10 11 11 11 10 10 11 11 11 11 12 12 11 11 11 11 11 11 11 11 12 2 2 2 2 2 2 2 2 2 2 2 2 2 2 2 2 2 2 2 2 2 2 2 2 2 2 2 2 2 2 2 2 2 2 2 2 2 2 2 2 2 2 2 2 2 2 2 2 2 2 2 2 2 2 2 2 2 2 2 2 2 2 2 2 2 2 2 2 2 2 2 2 2 2 2 2 2 2 3 3 3 3 2 3 2 2 2 3 3 3 3 3 3 3 3 3 3 3 3 3 3 3 3 3 3 3 3 3 3 3 4 3 3 4 4 4 4 4 4 4 4 4 4 4 4 4 4 4 4 4 4 4 4 4 4 4 4 4 4 5 5 5 5 5 4 4 5 5 5 5 5 5 5 5 5 5 5 5 5 5 5 5 5 5 5 5 5 6 6 6 6 6 6 6 6 6 6 6 6 6 6 6 6 6 6 6 6 6 6 7 7 7 7 7 7 7 7 7 7 7 7 7 7 7 7 7 7 8 8 8 8 8 8 8 8 8 8 9 8 8 8 8 9 9 9 9 9 9 9 9 9 9 9 9 9 9 9 9 9 10 10 10 10 10 10 10 10 10 10 10 10 10 10 10 10 10 10 10 10 10 10 10 10 10 10 10 10 10 10 10 11 11 11 11 10 10 11 11 11 11 11 11 11 11 11 11 11 12 2 2 2 2 2 2 2 2 2 2 2 2 2 2 2 2 2 2 2 2 2 2 2 2 2 2 2 2 2 2 2 2 2 2 2 2 2 2 2 2 2 2 2 2 2 2 2 2 2 2 2 2 2 2 2 2 2 2 2 2 2 2 2 2 2 2 2 2 2 2 2 2 2 2 2 2 2 3 3 3 3 3 2 3 3 3 3 3 3 3 3 3 3 3 3 3 3 3 3 3 3 3 3 3 3 3 4 4 4 4 4 4 4 4 4 4 4 4 4 4 4 4 4 4 4 4 4 4 4 4 4 4 4 4 4 5 5 5 5 5 5 5 5 5 5 5 5 5 5 5 5 5 5 5 5 5 5 5 5 6 5 5 5 5 6 6 6 6 6 6 6 6 6 6 6 6 6 6 6 6 6 6 6 6 6 6 6 7 7 7 7 7 7 7 7 7 7 7 7 7 7 7 7 7 7 8 8 8 8 8 8 8 8 9 9 9 9 9 9 8 8 8 9 9 9 9 9 9 9 9 9 9 9 9 9 9 9 10 10 10 10 10 10 10 10 10 10 10 10 10 10 10 10 10 10 10 10 10 10 10 10 10 10 10 10 10 10 10 10 10 11 10 10 11 11 11 11 11 11 11 11 11 11 11 11 11 12 2 2 2 2 2 2 2 2 2 2 2 2 2 2 2 2 2 2 2 2 2 2 2 2 2 2 2 2 2 2 2 2 2 2 2 2 2 2 2 2 2 2 2 2 2 2 2 2 2 2 2 2 2 2 2 2 2 2 2 2 2 2 2 2 2 2 2 2 2 2 2 2 2 2 2 3 2 2 2 3 2 3 3 3 3 3 3 3 3 3 3 3 3 3 3 3 3 3 3 3 3 3 3 3 4 4 4 4 4 4 4 4 4 4 4 4 4 4 4 4 4 4 4 4 4 4 4 4 4 4 4 4 4 4 4 5 5 5 5 5 5 5 5 5 5 5 5 5 5 5 5 5 5 5 5 5 5 6 6 5 5 5 6 6 6 6 6 6 6 6 6 6 6 6 6 6 6 6 6 6 6 6 6 6 6 7 7 7 7 7 7 7 7 7 7 7 7 7 7 7 7 7 7 8 8 8 8 8 8 8 9 9 9 9 9 9 9 9 9 9 8 9 9 9 9 9 9 9 9 9 9 9 9 9 9 10 10 10 10 10 10 10 10 10 10 10 10 10 10 10 10 10 10 10 10 10 10 10 10 10 10 10 11 11 11 11 10 10 10 10 11 11 11 11 11 11 11 11 11 11 11 11 11 11 11 12 2 2 2 2 2 2 2 2 2 2 2 2 2 2 2 2 2 2 2 2 2 2 2 2 2 2 2 2 2 2 2 2 2 2 2 2 2 2 2 2 2 2 2 2 2 2 2 2 2 2 2 2 2 2 2 2 2 2 2 2 2 2 2 2 2 2 2 2 2 2 3 3 3 3 3 3 3 3 3 3 3 3 3 3 3 3 3 3 3 3 3 3 3 3 3 3 3 3 3 3 4 4 3 4 4 4 4 4 4 4 4 4 4 4 4 4 4 4 4 4 4 4 4 4 4 4 4 4 4 4 4 4 4 5 5 5 5 5 5 5 5 5 5 5 5 5 5 5 5 5 5 5 5 5 5 5 6 6 6 5 5 6 6 6 6 6 6 6 6 6 6 6 6 6 6 6 6 6 6 6 6 6 7 7 7 7 7 7 7 7 7 7 7 7 7 7 7 7 7 7 7 7 8 8 8 8 8 8 8 9 9 9 9 9 9 9 9 9 9 9 9 9 9 9 9 9 9 9 9 9 9 9 9 9 10 10 10 10 10 10 10 10 10 10 10 10 10 10 10 10 10 10 10 10 10 10 10 10 11 10 10 11 11 11 11 11 11 11 11 11 11 11 11 11 11 11 11 11 11 11 11 11 11 11 11 11 11 2 2 2 2 2 2 2 2 2 2 2 2 2 2 2 2 2 2 2 2 2 2 2 2 2 2 2 2 2 2 2 2 2 2 2 2 2 2 2 2 2 2 2 2 2 2 2 2 2 2 2 2 2 2 3 3 3 3 2 2 2 2 2 3 3 3 3 3 3 3 3 3 3 3 3 3 3 3 3 3 3 3 3 3 3 3 3 3 3 3 3 3 3 3 3 3 3 3 4 4 4 4 4 4 4 4 4 4 4 4 4 4 4 4 4 4 4 4 4 4 4 4 4 4 4 4 4 4 4 4 5 5 5 5 5 5 5 5 5 5 5 5 5 5 5 5 5 5 5 5 5 5 5 5 6 6 6 6 5 6 6 6 6 6 6 6 6 6 6 6 6 6 6 6 6 6 6 6 6 6 7 7 7 7 7 7 7 7 7 7 7 7 7 7 7 7 7 7 7 7 8 8 8 8 8 8 8 8 9 9 9 9 9 9 9 9 9 9 9 9 9 9 9 9 9 9 9 9 9 9 9 9 10 10 10 10 10 10 10 10 10 10 10 10 10 10 10 10 10 10 10 10 10 10 10 11 11 11 10 11 11 11 11 11 11 11 11 11 11 11 11 11 11 11 11 11 11 11 11 11 11 11 11 11 11 2 2 2 2 2 2 2 2 2 2 2 2 2 2 2 2 2 2 2 2 2 2 2 2 2 2 2 2 2 2 2 2 2 2 2 2 2 2 2 2 2 2 2 2 2 2 2 2 2 2 2 2 2 2 3 3 3 3 3 3 3 3 3 3 3 3 3 3 3 3 3 3 3 3 3 3 3 3 3 3 3 3 3 3 3 3 3 3 3 3 3 3 3 3 3 4 4 4 4 4 4 4 4 4 4 4 4 4 4 4 4 4 4 4 4 4 4 4 4 4 4 4 4 4 4 4 5 5 5 5 5 5 5 5 5 5 5 5 5 5 5 5 5 5 5 5 5 5 5 5 5 6 6 6 6 6 6 6 6 6 6 6 6 6 6 6 6 6 6 6 6 6 6 6 6 6 6 6 7 7 7 7 7 7 7 7 7 7 7 7 7 7 7 7 7 7 7 7 7 8 8 8 8 8 8 8 8 9 9 9 9 9 9 9 9 9 9 9 9 9 9 9 9 9 9 9 9 9 9 9 9 10 10 10 10 10 10 10 10 10 10 10 10 10 10 10 10 10 10 10 10 10 10 10 11 11 11 11 11 11 11 11 11 11 11 11 11 11 11 11 11 11 11 11 11 11 11 11 11 11 11 11 11 2 2 2 2 2 2 2 2 2 2 2 2 2 2 2 2 2 2 2 2 2 2 2 2 2 2 2 2 2 2 2 2 2 2 2 2 2 2 2 2 3 3 3 3 3 3 3 3 2 2 2 2 2 2 3 2 3 3 3 3 3 3 3 3 3 3 3 3 3 3 3 3 3 3 3 3 3 3 3 3 3 3 3 3 3 3 3 3 3 3 3 3 3 4 4 4 4 4 4 4 4 4 4 4 4 4 4 4 4 4 4 4 4 4 4 4 4 4 4 4 4 4 4 4 4 5 5 5 5 5 5 5 5 5 5 5 5 5 5 5 5 5 5 5 5 5 5 5 5 5 5 6 6 6 6 6 6 6 6 6 6 6 6 6 6 6 6 6 6 6 6 6 6 6 6 6 6 7 7 7 7 7 7 7 7 7 7 7 7 7 7 7 7 7 7 7 7 7 7 8 8 8 8 8 8 8 8 8 9 9 9 9 9 9 9 9 9 9 9 9 9 9 9 9 9 9 9 9 9 9 9 9 10 10 10 10 10 10 10 10 10 10 10 10 10 10 10 10 10 10 10 10 10 11 11 11 11 11 11 11 11 11 11 11 11 11 11 11 11 11 11 11 11 11 11 11 11 11 11 11 11 11 11 2 2 2 2 2 2 2 2 2 2 2 2 2 2 2 2 2 2 2 2 3 3 3 3 3 2 2 2 3 3 3 3 3 3 3 3 3 3 3 3 3 3 3 3 3 3 3 3 3 3 2 3 3 3 3 3 3 3 3 3 3 3 3 3 3 3 3 3 3 3 3 3 3 3 3 3 3 3 3 3 3 3 3 3 3 3 3 3 3 3 3 3 4 4 4 4 4 4 4 4 4 4 4 4 4 4 4 4 4 4 4 4 4 4 4 4 4 4 4 4 4 4 4 5 5 5 5 5 5 5 5 5 5 5 5 5 5 5 5 5 5 5 5 5 5 5 5 5 5 5 5 6 6 6 6 6 6 6 6 6 6 6 6 6 6 6 6 6 6 6 6 6 6 6 6 6 7 7 7 7 7 7 7 7 7 7 7 7 7 7 7 7 7 7 7 7 7 7 7 8 8 8 8 8 8 8 8 8 9 9 9 9 9 9 9 9 9 9 9 9 9 9 9 9 9 9 9 9 9 9 9 9 9 10 10 10 10 10 10 10 10 10 10 10 10 10 10 10 10 10 10 10 11 11 11 11 11 11 11 11 11 11 11 11 11 11 11 11 11 11 11 11 11 11 11 11 11 11 11 11 11 11 11 2 2 2 2 2 2 3 3 3 3 3 3 3 3 3 3 3 3 2 3 3 3 3 3 3 3 3 3 3 3 3 3 3 3 3 3 3 3 3 3 3 3 3 3 3 3 3 3 3 3 3 3 3 3 3 3 3 3 3 3 3 3 3 3 3 3 3 3 3 3 3 3 3 3 3 3 3 3 3 3 3 3 3 3 3 3 3 3 4 4 4 4 4 4 4 4 4 4 4 4 4 4 4 4 4 4 4 4 4 4 4 4 4 4 4 4 4 4 4 4 4 4 4 5 5 5 5 5 5 5 5 5 5 5 5 5 5 5 5 5 5 5 5 5 5 5 6 6 6 6 5 6 6 6 6 6 6 6 6 6 6 6 6 6 6 6 6 6 6 6 6 6 6 6 6 7 7 7 7 7 7 7 7 7 7 7 7 7 7 7 7 7 7 7 7 7 7 7 8 8 8 8 8 8 8 8 8 8 9 9 9 9 9 9 9 9 9 9 9 9 9 9 9 9 9 9 9 9 9 9 9 9 9 10 10 10 10 10 10 10 10 10 10 10 10 10 10 10 10 10 10 10 11 11 11 11 11 11 11 11 11 11 11 11 11 11 11 11 11 11 11 11 11 11 11 11 11 11 11 11 11 11 3 3 3 3 3 3 3 3 3 3 3 3 3 3 3 3 3 3 3 3 3 3 3 3 3 3 3 3 3 3 3 3 3 3 3 3 3 3 3 3 3 3 3 3 3 3 3 3 3 3 3 3 3 3 3 3 3 3 3 3 3 3 3 3 3 3 3 3 3 3 3 3 3 3 3 3 3 3 3 3 3 3 3 3 3 3 3 4 4 4 4 4 4 4 4 4 4 4 4 4 4 4 4 4 4 4 4 4 4 4 4 4 4 4 4 4 4 4 4 4 4 5 5 5 5 5 5 5 5 5 5 5 5 5 5 5 5 5 5 5 5 5 5 5 5 6 6 6 6 6 6 6 6 6 6 6 6 6 6 6 6 6 6 6 6 6 6 6 6 6 6 6 6 6 7 7 7 7 7 7 7 7 7 7 7 7 7 7 7 7 7 7 7 7 7 7 7 7 8 8 8 8 8 8 8 8 8 8 9 9 9 9 9 9 9 9 9 9 9 9 9 9 9 9 9 9 9 9 9 9 9 9 10 10 10 10 10 10 10 10 10 10 10 10 10 10 10 10 10 10 11 11 11 11 11 11 11 11 11 11 11 11 11 11 11 11 11 11 11 11 11 11 11 11 11 11 11 11 11 11 11 11 3 3 3 3 3 3 3 3 3 3 3 3 3 3 3 3 3 3 3 3 3 3 3 3 3 3 3 3 3 3 3 3 3 3 3 3 3 3 3 3 3 3 3 3 3 3 3 3 3 3 3 3 3 3 3 3 3 3 3 3 3 3 3 3 3 3 3 3 3 3 3 3 3 3 3 3 3 3 3 3 3 3 3 3 3 4 4 4 4 4 4 4 4 4 4 4 4 4 4 4 4 4 4 4 4 4 4 4 4 4 4 4 4 4 4 4 4 4 4 4 4 5 5 5 5 5 5 5 5 5 5 5 5 5 5 5 5 5 5 5 5 5 5 5 5 6 6 6 6 6 6 6 6 6 6 6 6 6 6 6 6 6 6 6 6 6 6 6 6 6 6 6 6 7 7 7 7 7 7 7 7 7 7 7 7 7 7 7 7 7 7 7 7 7 7 7 7 7 8 8 8 8 8 8 8 8 8 8 8 9 9 9 9 9 9 9 9 9 9 9 9 9 9 9 9 9 9 9 10 9 9 10 10 10 10 10 10 10 10 10 10 10 10 10 10 10 10 10 10 10 10 11 11 11 11 11 11 11 11 11 11 11 11 11 11 11 11 11 11 11 11 11 11 11 11 11 11 11 11 11 11 11 3 3 3 3 3 3 3 3 3 3 3 3 3 3 3 3 3 3 3 3 3 3 3 3 3 3 3 3 3 3 3 3 3 3 3 3 3 3 3 3 3 3 3 3 3 3 3 3 3 3 3 3 3 3 3 3 3 3 3 3 3 3 3 3 3 3 3 3 3 3 3 3 3 3 3 3 3 3 3 3 3 4 4 4 4 4 4 4 4 4 4 4 4 4 4 4 4 4 4 4 4 4 4 4 4 4 4 4 4 4 4 4 4 4 4 4 4 4 5 5 5 5 5 5 5 5 5 5 5 5 5 5 5 5 5 5 5 5 5 5 6 6 6 6 6 6 6 6 6 6 6 6 6 6 6 6 6 6 6 6 6 6 6 6 6 6 6 6 6 6 6 7 7 7 7 7 7 7 7 7 7 7 7 7 7 7 7 7 7 7 7 7 7 7 7 7 8 8 8 8 8 8 8 8 8 8 8 8 9 9 9 9 9 9 9 9 9 9 9 9 9 9 9 9 9 9 10 10 10 10 10 10 10 10 10 10 10 10 10 10 10 10 10 10 10 10 10 10 10 11 11 11 11 11 11 11 11 11 11 11 11 11 11 11 11 11 11 11 11 11 11 11 11 11 11 11 3 3 3 3 3 3 3 3 3 3 3 3 3 3 3 3 3 3 3 3 3 3 3 3 3 3 3 3 3 3 3 3 3 3 3 3 3 3 3 3 3 3 3 3 3 3 3 3 3 3 3 3 3 3 3 3 3 3 3 3 3 3 3 3 3 3 3 3 3 3 3 3 3 3 3 3 3 3 3 3 4 4 4 4 4 4 4 4 4 4 4 4 4 4 4 4 4 4 4 4 4 4 4 4 4 4 4 4 4 4 4 4 4 4 4 4 5 5 5 5 5 5 5 5 5 5 5 5 5 5 5 5 5 5 5 5 5 5 5 5 6 6 6 6 6 6 6 6 6 6 6 6 6 6 6 6 6 6 6 6 6 6 6 6 6 6 6 6 6 6 7 7 7 7 7 7 7 7 7 7 7 7 7 7 7 7 7 7 7 7 7 7 7 7 8 8 8 8 8 8 8 8 8 8 8 8 8 8 9 9 9 9 9 9 9 9 9 9 9 9 9 9 10 10 10 10 10 10 10 10 10 10 10 10 10 10 10 10 10 10 10 10 10 10 10 10 10 10 11 11 11 11 11 11 11 11 11 11 11 11 11 11 11 11 11 11 11 11 11 11 11 3 3 3 3 3 3 3 3 3 3 3 3 3 3 3 3 3 3 3 3 3 3 3 3 3 3 3 3 3 3 3 3 3 3 3 3 3 3 3 3 3 3 3 3 3 3 3 3 3 3 3 3 3 3 3 3 3 3 3 3 3 3 3 3 3 3 3 3 3 3 3 3 3 3 3 3 4 3 4 4 4 4 4 4 4 4 4 4 4 4 4 4 4 4 4 4 4 4 4 4 4 4 4 4 4 4 4 4 4 4 4 4 4 5 5 5 5 5 5 5 5 5 5 5 5 5 5 5 5 5 5 5 5 5 5 5 5 6 6 6 6 6 6 6 6 6 6 6 6 6 6 6 6 6 6 6 6 6 6 6 6 6 6 6 6 6 6 6 6 7 7 7 7 7 7 7 7 7 7 7 7 7 7 7 7 7 7 7 7 7 7 8 7 8 8 8 8 8 8 8 8 8 8 8 8 8 8 8 9 9 9 9 9 9 9 9 9 9 9 9 9 10 10 10 10 10 10 10 10 10 10 10 10 10 10 10 10 10 10 10 10 10 10 10 10 10 10 10 11 11 11 11 11 11 11 11 11 11 11 11 11 11 11 11 11 11 11 11 11 11 11 11 3 3 3 3 3 3 3 3 3 3 3 3 3 3 3 3 3 3 3 3 3 3 3 3 3 3 3 3 3 3 3 3 3 3 3 3 3 3 3 3 3 3 3 3 3 3 3 3 3 3 3 3 3 3 3 3 3 3 3 3 3 3 3 3 3 3 3 3 3 3 3 4 4 4 4 4 4 4 4 4 4 4 4 4 4 4 4 4 4 4 4 4 4 4 4 4 4 4 4 4 4 4 4 4 4 4 4 4 4 4 4 5 5 5 5 5 5 5 5 5 5 5 5 5 5 5 5 5 5 5 5 5 5 5 5 5 6 6 6 6 6 6 6 6 6 6 6 6 6 6 6 6 6 6 6 6 6 6 6 6 6 6 6 6 6 6 6 6 7 7 7 7 7 7 7 7 7 7 7 7 7 7 7 7 7 7 7 7 7 8 7 8 8 8 8 8 8 8 8 8 8 8 8 8 8 8 8 8 9 9 9 9 9 9 9 9 9 9 9 10 10 9 10 10 10 10 10 10 10 10 10 10 10 10 10 10 10 10 10 10 10 10 10 10 10 10 10 11 11 11 11 11 11 11 11 11 11 11 11 11 11 11 11 11 11 11 11 11 11 11 11 11 11 11 3 3 3 3 3 3 3 3 3 3 3 3 3 3 3 3 3 3 3 3 3 3 3 3 3 3 3 3 3 3 3 3 3 3 3 3 3 3 3 3 3 3 3 3 3 3 3 3 3 3 3 3 3 3 3 3 3 3 3 3 3 3 3 3 3 3 3 4 4 4 4 4 4 4 4 4 4 4 4 4 4 4 4 4 4 4 4 4 4 4 4 4 4 4 4 4 4 4 4 4 4 4 4 4 4 4 4 4 4 4 4 4 4 4 4 4 5 5 5 5 5 5 5 5 5 5 5 5 5 5 5 5 5 5 5 5 5 5 5 5 5 5 5 5 5 5 5 6 6 6 6 6 6 6 6 6 6 6 6 6 7 7 7 7 7 7 7 7 7 7 7 7 7 7 7 7 7 7 7 7 7 7 7 7 8 8 8 8 8 8 8 8 8 8 8 8 8 8 8 8 8 8 8 8 8 8 8 8 8 10 10 10 10 10 10 10 10 10 10 10 10 10 10 10 10 11 11 11 11 11 11 11 11 11 11 11 11 11 11 11 11 11 11 11 11 11 11 11 11 11 11 11 11 12 12 12 12 12 12 11 11 11 11 11 11 11 11 11 11 11 11 12 12 12 12 12 12 12 3 3 3 3 3 3 3 3 3 3 3 3 3 3 3 3 3 3 3 3 3 3 3 3 3 3 3 3 3 3 3 3 3 3 3 3 3 3 3 3 3 3 3 3 3 3 3 3 3 3 3 3 3 3 3 3 3 3 3 3 3 3 3 3 3 4 4 4 4 4 4 4 4 4 4 4 4 4 4 4 4 4 4 4 4 4 4 4 4 4 4 4 4 4 4 4 4 4 4 4 4 4 4 4 4 4 4 4 4 4 5 4 4 4 4 5 5 5 5 5 5 5 5 5 5 5 5 5 5 5 5 5 5 5 5 5 5 5 5 5 5 5 5 5 5 5 5 6 6 6 6 6 6 6 6 6 6 6 6 6 6 7 7 7 7 7 7 7 7 7 7 7 7 7 7 7 7 7 7 7 7 7 7 7 7 8 8 8 8 8 8 8 8 8 8 8 8 8 8 8 8 8 8 8 8 8 8 8 8 8 8 10 10 10 10 10 10 10 10 10 10 10 10 10 10 10 11 11 11 11 11 11 11 11 11 11 11 11 11 11 11 11 11 11 11 11 11 11 11 11 11 11 11 12 12 12 12 12 12 12 12 11 11 11 11 11 11 11 11 11 11 11 12 12 12 12 12 12 12 12 3 3 3 3 3 3 3 3 3 3 3 3 3 3 3 3 3 3 3 3 3 3 3 3 3 3 3 3 3 3 3 3 3 3 3 3 3 3 3 3 3 3 3 3 3 3 3 3 3 3 3 3 3 3 3 3 3 3 3 3 3 3 3 4 3 3 4 4 4 4 4 4 4 4 4 4 4 4 4 4 4 4 4 4 4 4 4 4 4 4 4 4 4 4 4 4 4 4 4 4 4 4 4 4 4 4 4 4 4 4 5 5 5 4 5 5 5 5 5 5 5 5 5 5 5 5 5 5 5 5 5 5 5 5 5 5 5 5 5 5 5 5 5 6 5 6 6 5 6 6 6 6 6 6 6 6 6 6 6 6 6 6 6 7 7 7 7 7 7 7 7 7 7 7 7 7 7 7 7 7 7 7 7 7 7 8 8 8 8 8 8 8 8 8 8 8 8 8 8 8 8 8 8 8 8 8 8 8 8 8 8 8 8 10 10 10 10 10 10 10 10 10 10 10 10 10 10 11 11 11 11 11 11 11 11 11 11 11 11 11 11 11 11 11 11 11 11 11 11 11 11 11 11 11 12 12 12 12 12 12 12 12 12 11 11 11 11 11 11 11 11 11 11 12 12 12 12 12 12 12 12 12 3 3 3 3 3 3 3 3 3 3 3 3 3 3 3 3 3 3 3 3 3 3 3 3 3 3 3 3 3 3 3 3 3 3 3 3 3 3 3 3 3 3 3 3 3 3 3 3 3 3 4 4 4 4 4 4 4 4 4 4 4 4 4 4 4 4 4 4 4 4 4 4 4 4 4 4 4 4 4 4 4 4 4 4 4 4 4 4 4 4 4 4 4 4 4 4 4 4 4 5 5 5 5 5 5 5 5 5 5 5 5 5 5 5 5 5 5 5 5 5 5 5 5 5 5 5 5 5 5 5 5 5 5 5 6 6 6 6 5 6 6 6 6 6 6 6 6 6 6 6 6 6 6 6 7 7 7 7 7 7 7 7 7 7 7 7 7 7 7 7 7 7 7 7 7 8 8 8 8 8 8 8 8 8 8 8 8 8 8 8 8 8 8 8 8 8 8 8 8 8 8 8 8 9 10 10 10 10 10 10 10 10 10 10 10 11 11 11 11 11 11 11 11 11 11 11 11 11 11 11 11 11 11 11 11 11 11 11 11 11 11 11 11 11 11 12 12 12 12 12 12 12 12 12 11 11 11 11 11 11 11 11 11 12 12 12 12 12 12 12 12 12 12 3 3 3 3 3 3 3 3 3 3 3 3 3 3 3 3 3 3 3 3 3 3 3 3 3 3 3 3 3 3 3 3 3 3 3 3 3 3 3 3 3 4 4 4 4 4 4 4 4 4 4 4 4 4 4 4 4 4 4 4 4 4 4 4 4 4 4 4 4 4 4 4 4 4 4 4 4 4 4 4 4 4 4 4 4 4 4 4 4 4 4 4 4 4 5 5 5 5 5 5 5 5 5 5 5 5 5 5 5 5 5 5 5 5 5 5 5 5 5 5 5 5 5 5 5 5 5 5 5 5 6 6 6 6 6 6 6 6 6 6 6 6 6 6 6 6 6 6 6 6 6 6 7 7 7 7 7 7 7 7 7 7 7 7 7 7 7 7 7 7 7 8 8 8 8 8 8 8 8 8 8 8 8 8 8 8 8 8 8 8 8 8 8 8 8 8 8 8 8 9 9 9 10 10 10 10 10 10 10 10 10 11 11 11 11 11 11 11 11 11 11 11 11 11 11 11 11 11 11 11 11 11 11 11 11 11 11 11 11 11 11 11 11 11 11 12 12 12 12 12 12 12 11 11 11 11 11 11 11 12 12 12 12 12 12 12 12 12 12 12 12 12 12 12 12 12 3 3 3 3 3 3 3 3 3 3 3 3 3 3 3 3 3 3 3 3 3 3 3 3 3 3 3 3 3 3 3 3 3 4 4 4 4 4 4 4 4 4 4 4 4 4 4 4 4 4 4 4 4 4 4 4 4 4 4 4 4 4 4 4 4 4 4 4 4 4 4 4 4 4 4 4 4 4 4 4 4 4 4 4 4 4 4 4 5 5 5 5 5 5 5 5 5 5 5 5 5 5 5 5 5 5 5 5 5 5 5 5 5 5 5 5 5 5 5 5 5 5 5 5 5 5 5 5 6 6 6 6 6 6 6 6 6 6 6 6 6 6 6 6 6 6 6 6 6 6 6 7 7 7 7 7 7 7 7 7 7 7 7 7 7 7 7 7 7 8 8 8 8 8 8 8 8 8 8 8 8 8 8 8 8 8 8 8 8 8 8 8 8 8 8 9 9 9 9 9 9 10 10 10 10 10 10 10 10 10 11 11 11 11 11 11 11 11 11 11 11 11 11 11 11 11 11 11 11 11 11 11 11 11 11 11 12 12 12 12 11 11 11 12 12 12 12 12 12 12 12 11 11 11 11 11 11 12 12 12 12 12 12 12 12 12 12 12 12 12 12 12 12 12 12 12 12 12 12 12 3 3 3 3 3 3 3 3 3 3 3 3 3 3 3 3 3 3 3 3 3 3 3 3 4 4 4 4 4 4 4 4 4 4 4 4 4 4 4 4 4 4 4 4 4 4 4 4 4 4 4 4 4 4 4 4 4 4 4 4 4 4 4 4 4 4 4 4 4 4 4 4 4 4 4 4 4 4 4 4 4 4 4 4 4 4 4 4 5 5 5 5 5 5 5 5 5 5 5 5 5 5 5 5 5 5 5 5 5 5 5 5 5 5 5 5 5 5 5 5 5 5 5 5 5 5 5 5 6 6 6 6 6 6 6 6 6 6 6 6 6 6 6 6 6 6 6 6 6 6 6 6 6 7 7 7 7 7 7 7 7 7 7 7 7 7 7 7 7 7 8 8 8 8 8 8 8 8 8 8 8 8 8 8 8 8 8 8 8 8 8 8 8 8 8 8 9 9 9 9 9 9 9 10 10 10 10 10 10 10 10 10 11 11 11 11 11 11 11 11 11 11 11 11 11 11 11 11 11 11 11 11 11 11 11 11 12 12 12 12 12 12 12 12 12 12 12 12 12 12 12 12 12 11 11 11 11 11 12 12 12 12 12 12 12 12 12 12 12 12 12 12 12 12 12 12 12 12 12 12 12 12 13 13 13 3 3 4 4 4 3 3 3 3 4 4 4 3 4 4 4 3 3 3 4 4 4 4 3 4 4 4 4 4 4 4 4 4 4 4 4 4 4 4 4 4 4 4 4 4 4 4 4 4 4 4 4 4 4 4 4 4 4 4 4 4 4 4 4 4 4 4 4 4 4 4 4 4 4 4 4 4 4 4 4 4 4 4 4 4 4 4 5 5 5 5 5 5 5 5 5 5 5 5 5 5 5 5 5 5 5 5 5 5 5 5 5 5 5 5 5 5 5 5 5 5 5 5 5 5 5 5 5 6 6 6 6 6 6 6 6 6 6 6 6 6 6 6 6 6 6 6 6 6 6 6 6 6 6 6 7 7 7 7 7 7 7 7 7 7 7 7 7 7 7 8 8 8 8 8 8 8 8 8 8 8 8 8 8 8 8 8 8 8 8 8 8 8 8 8 8 8 8 9 9 9 9 9 9 9 10 10 10 10 10 10 10 10 10 10 11 11 11 11 11 11 11 11 11 11 11 11 11 11 11 11 11 11 11 11 11 12 12 12 12 12 12 12 12 12 12 12 12 12 12 12 12 12 12 12 11 11 11 11 11 12 12 12 12 12 12 12 12 12 12 12 12 12 12 12 12 12 12 12 12 12 12 12 12 12 13 13 13 13 13 3 3 4 4 4 4 4 4 4 4 4 4 4 4 4 4 4 4 4 4 4 4 4 4 4 4 4 4 4 4 4 4 4 4 4 4 4 4 4 4 4 4 4 4 4 4 4 4 4 4 4 4 4 4 4 4 4 4 4 4 4 4 4 4 4 4 4 4 4 4 4 4 4 4 4 4 4 4 4 4 4 4 4 4 4 4 4 5 5 5 5 5 5 5 5 5 5 5 5 5 5 5 5 5 5 5 5 5 5 5 5 5 5 5 5 5 5 5 5 5 5 5 5 5 5 5 5 5 6 6 6 6 6 6 6 6 6 6 6 6 6 6 6 6 6 6 6 6 6 6 6 6 6 6 6 6 6 7 7 7 7 7 7 7 7 7 7 7 7 7 7 7 8 8 8 8 8 8 8 8 8 8 8 8 8 8 8 8 8 8 8 8 8 8 8 8 8 8 8 8 9 9 9 9 9 9 9 9 10 10 10 10 10 10 10 10 10 10 11 11 11 11 11 11 11 11 11 11 11 11 11 11 11 11 11 11 11 11 12 12 12 12 12 12 12 12 12 12 12 12 12 12 12 12 12 12 12 11 11 11 11 11 11 12 12 12 12 12 12 12 12 12 12 12 12 12 12 12 12 12 12 12 12 12 12 12 12 13 13 13 13 13 13 13 4 4 4 4 4 4 4 4 4 4 4 4 4 4 4 4 4 4 4 4 4 4 4 4 4 4 4 4 4 4 4 4 4 4 4 4 4 4 4 4 4 4 4 4 4 4 4 4 4 4 4 4 4 4 4 4 4 4 4 4 4 4 4 4 4 4 4 4 4 4 4 4 4 4 4 4 4 4 4 4 4 4 4 4 5 5 5 5 5 5 5 5 5 5 5 5 5 5 5 5 5 5 5 5 5 5 5 5 5 5 5 5 5 5 5 5 5 5 5 5 5 5 5 5 5 5 5 5 6 6 6 6 6 6 6 6 6 6 6 6 6 6 6 6 6 6 6 6 6 6 6 6 6 6 6 6 6 7 7 7 7 7 7 7 7 7 7 7 7 7 7 7 8 8 8 8 8 8 8 8 8 8 8 8 8 8 8 8 8 8 8 8 8 8 8 8 8 8 8 8 8 9 9 9 9 9 9 9 9 9 10 10 10 10 10 10 10 10 10 11 11 11 11 11 11 11 11 11 11 11 11 11 11 11 11 11 11 12 12 12 12 12 12 12 12 12 12 12 12 12 12 12 12 12 12 12 12 12 11 12 11 11 11 11 12 12 12 12 12 12 12 12 12 12 12 12 12 12 12 12 12 12 12 12 12 12 12 13 13 13 13 13 13 13 13 13 13 4 4 4 4 4 4 4 4 4 4 4 4 4 4 4 4 4 4 4 4 4 4 4 4 4 4 4 4 4 4 4 4 4 4 4 4 4 4 4 4 4 4 4 4 4 4 4 4 4 4 4 4 4 4 4 4 4 4 4 4 4 4 4 4 4 4 4 4 4 4 4 4 4 4 4 4 4 4 4 4 4 5 5 5 5 5 5 5 5 5 5 5 5 5 5 5 5 5 5 5 5 5 5 5 5 5 5 5 5 5 5 5 5 5 5 5 5 5 5 5 5 5 5 5 6 6 6 6 6 6 6 6 6 6 6 6 6 6 6 6 6 6 6 6 6 6 6 6 6 6 6 6 6 6 7 7 7 7 7 7 7 7 7 7 7 7 7 7 7 8 8 8 8 8 8 8 8 8 8 8 8 8 8 8 8 8 8 8 8 8 8 8 8 8 8 8 8 9 9 9 9 9 9 9 9 9 9 9 9 10 10 10 10 10 11 11 11 11 11 11 11 11 11 11 11 11 11 11 11 11 11 11 11 11 11 11 12 12 12 12 12 12 12 12 12 12 12 12 12 12 12 12 12 12 12 12 12 12 12 11 11 12 12 12 12 12 12 12 12 12 12 12 12 12 12 12 12 12 12 12 12 12 12 12 12 13 13 12 13 13 13 13 13 13 13 13 4 4 4 4 4 4 4 4 4 4 4 4 4 4 4 4 4 4 4 4 4 4 4 4 4 4 4 4 4 4 4 4 4 4 4 4 4 4 4 4 4 4 4 4 4 4 4 4 4 4 4 4 4 4 4 4 4 4 4 4 4 4 4 4 4 4 4 4 4 5 5 5 5 5 5 5 5 5 5 5 5 5 5 5 5 5 5 5 5 5 5 5 5 5 5 5 5 5 5 5 5 5 5 5 5 5 5 5 5 5 5 5 5 5 5 6 6 6 6 6 6 6 6 6 6 6 6 6 6 6 6 6 6 6 6 6 6 6 6 6 6 6 6 6 6 6 7 7 7 7 7 7 7 7 7 7 7 7 7 7 7 8 8 8 8 8 8 8 8 8 8 8 8 8 8 8 8 8 8 8 8 8 8 8 8 8 8 8 9 9 9 9 9 9 9 9 9 9 9 9 9 9 10 10 10 10 10 11 11 11 11 11 11 11 11 11 11 11 11 11 11 11 11 11 11 11 11 12 12 12 12 12 12 12 12 12 12 12 12 12 12 12 12 12 12 12 12 12 12 12 12 12 11 11 12 12 12 12 12 12 12 12 12 12 12 12 12 12 12 12 12 12 12 12 12 12 12 12 12 12 12 13 13 13 13 13 13 13 13 4 4 4 4 4 4 4 4 4 4 4 4 4 4 4 4 4 4 4 4 4 4 4 4 4 4 4 4 4 4 4 4 4 4 4 4 4 4 4 4 4 4 4 4 4 4 4 4 4 4 4 4 4 4 4 4 4 4 4 5 5 5 5 5 5 5 5 5 5 5 5 5 5 5 5 5 5 5 5 5 5 5 5 5 5 5 5 5 5 5 5 5 5 5 5 5 5 5 5 5 5 5 5 5 5 5 5 6 6 6 6 6 6 6 6 6 6 6 6 6 6 6 6 6 6 6 6 6 6 6 6 6 6 6 6 6 6 6 6 6 7 7 7 7 7 7 7 7 7 7 7 7 7 8 8 8 8 8 8 8 8 8 8 8 8 8 8 8 8 8 8 8 8 8 8 8 8 8 8 8 9 9 9 9 9 9 9 9 9 9 9 9 9 9 9 9 10 10 10 10 11 11 11 11 11 11 11 11 11 11 11 11 11 11 11 11 11 11 11 11 11 12 12 12 12 12 12 12 12 12 12 12 12 12 12 12 12 12 12 12 12 12 12 12 12 12 11 11 11 12 12 12 12 12 12 12 12 12 12 12 12 12 12 12 12 12 12 12 12 12 12 12 12 12 12 12 12 13 13 13 13 13 13 4 4 4 4 4 4 4 4 4 4 4 4 4 4 4 4 4 4 4 4 4 4 4 4 4 4 4 4 4 4 4 4 4 4 4 4 4 4 4 4 4 4 4 4 4 4 4 4 4 4 4 4 4 5 5 5 5 5 5 5 5 5 5 5 5 5 5 5 5 5 5 5 5 5 5 5 5 5 5 5 5 5 5 5 5 5 5 5 5 5 5 5 5 5 5 5 5 5 5 5 6 6 6 6 6 6 6 6 6 6 6 6 6 6 6 6 6 6 6 6 6 6 6 6 6 6 6 6 6 6 6 6 6 7 6 7 7 7 7 7 7 7 7 7 7 7 7 7 8 8 8 8 8 8 8 8 8 8 8 8 8 8 8 8 8 8 8 8 8 8 8 8 8 8 9 9 9 9 9 9 9 9 9 9 9 9 9 9 9 9 9 9 10 10 10 11 11 11 11 11 11 11 11 11 11 11 11 11 11 11 11 11 11 11 11 11 11 11 12 12 12 12 12 12 12 12 12 12 12 12 12 12 12 12 12 12 12 12 12 12 12 12 11 12 11 12 12 12 12 12 12 12 12 12 12 12 12 12 12 12 12 12 12 12 12 12 12 12 12 12 12 12 12 13 13 13 4 4 4 4 4 4 4 4 4 4 4 4 4 4 4 4 4 4 4 4 4 4 4 4 4 4 4 4 4 4 4 4 4 4 4 4 4 4 4 5 5 5 5 5 5 5 5 5 5 5 5 5 5 5 5 5 5 5 5 5 5 5 5 5 5 5 5 5 5 5 5 5 5 5 5 5 5 5 5 5 5 5 5 5 6 6 5 5 5 5 5 5 6 6 6 6 6 6 6 6 6 6 6 6 6 6 6 6 6 6 6 6 6 6 6 6 6 6 6 6 6 6 6 6 6 7 7 7 7 7 7 7 7 7 7 7 7 7 7 7 8 8 8 8 8 8 8 8 8 8 8 8 8 8 8 8 8 8 8 8 8 8 8 8 8 8 9 9 9 9 9 9 9 9 9 9 9 9 9 9 9 9 9 9 9 9 10 10 10 11 11 11 11 11 11 11 11 11 11 11 11 11 11 11 11 11 11 11 11 11 11 11 12 12 12 12 12 12 12 12 12 12 12 12 12 12 12 12 12 12 12 12 12 12 12 12 11 12 12 12 12 12 12 12 12 12 12 12 12 12 12 12 12 12 12 12 12 12 12 12 12 12 12 12 12 12 13 4 4 4 4 4 4 4 4 4 4 4 4 4 4 4 4 4 4 4 4 4 4 4 4 4 4 4 4 4 4 4 4 4 5 5 5 5 5 5 5 5 5 5 5 5 5 5 5 5 5 5 5 5 5 5 5 5 5 5 5 5 5 5 5 5 5 5 5 5 5 5 5 5 5 5 5 5 5 5 6 6 6 6 6 5 5 5 5 6 6 6 6 6 6 6 6 6 6 6 6 6 6 6 6 6 6 6 6 6 6 6 6 6 6 6 6 6 6 6 6 7 7 7 7 7 7 7 7 7 7 7 7 7 7 7 7 7 8 8 8 8 8 8 8 8 8 8 8 8 8 8 8 8 8 8 8 8 8 8 8 8 8 8 8 9 9 9 9 9 9 9 9 9 9 9 9 9 9 9 9 9 9 9 9 10 10 10 11 11 11 11 11 11 11 11 11 11 11 11 11 11 11 11 11 11 11 11 11 11 11 12 12 12 12 12 12 12 12 12 12 12 12 12 12 12 12 12 12 12 12 12 12 12 12 12 12 12 12 12 12 12 12 12 12 12 12 12 12 12 12 12 12 12 12 12 12 12 12 4 4 4 4 4 4 4 4 4 4 4 4 4 4 4 4 4 4 4 4 4 4 4 4 4 4 4 4 4 4 5 5 5 5 5 5 5 5 5 5 5 5 5 5 5 5 5 5 5 5 5 5 5 5 5 5 5 5 5 5 5 5 5 5 5 5 5 5 5 5 5 5 5 5 5 6 6 6 6 6 6 6 6 6 6 6 6 6 6 6 6 6 6 6 6 6 6 6 6 6 6 6 6 6 6 6 6 6 6 6 6 6 6 6 6 6 6 6 7 7 7 7 7 7 7 7 7 7 7 7 7 7 7 7 7 8 8 8 8 8 8 8 8 8 8 8 8 8 8 8 8 8 8 8 8 8 8 8 8 8 8 9 9 9 9 9 9 9 9 9 9 9 9 9 9 9 9 9 9 9 9 9 9 11 11 11 11 11 11 11 11 11 11 11 11 11 11 11 11 11 11 11 11 11 11 11 11 11 11 12 12 12 12 12 12 12 12 12 12 12 12 12 12 12 12 12 12 12 12 12 12 12 12 12 12 12 12 12 12 12 12 12 12 12 12 12 12 4 4 4 4 4 4 4 4 4 4 4 4 4 4 4 4 4 4 5 5 5 5 5 5 5 5 5 5 5 5 5 5 5 5 5 5 5 5 5 5 5 5 5 5 5 5 5 5 5 5 5 5 5 5 5 5 5 5 5 5 5 5 5 5 5 5 5 5 6 6 6 6 6 6 6 6 6 6 6 6 6 6 6 6 6 6 6 6 6 6 6 6 6 6 6 6 6 6 6 6 6 6 6 6 6 6 6 6 6 6 6 6 7 7 7 7 7 7 7 7 7 7 7 7 7 7 7 7 7 8 8 8 8 8 8 8 8 8 8 8 8 8 8 8 8 8 8 8 8 8 8 8 8 8 8 8 9 9 9 9 9 9 9 9 9 9 9 9 9 9 9 9 9 9 9 9 9 9 11 11 11 11 11 11 11 11 11 11 11 11 11 11 11 11 11 11 11 11 11 11 11 11 11 12 12 12 12 12 12 12 12 12 12 12 12 12 12 12 12 12 12 12 12 12 12 12 12 13 12 12 12 12 12 12 12 12 12 12 12 12 12 4 4 4 4 4 4 4 4 4 4 4 5 5 5 5 5 5 5 5 5 5 5 5 5 5 5 5 5 5 5 5 5 5 5 5 5 5 5 5 5 5 5 5 5 5 5 5 5 5 5 5 5 5 5 5 5 5 5 5 5 5 5 5 5 5 6 6 6 6 6 6 6 6 6 6 6 6 6 6 6 6 6 6 6 6 6 6 6 6 6 6 6 6 6 6 6 6 6 6 6 6 6 6 6 6 6 6 6 6 6 6 7 7 7 7 7 7 7 7 7 7 7 7 7 7 7 7 7 7 8 8 8 8 8 8 8 8 8 8 8 8 8 8 8 8 8 8 8 8 8 8 8 8 8 9 9 9 9 9 9 9 9 9 9 9 9 9 9 9 9 9 9 9 9 9 9 9 9 11 11 11 11 11 11 11 11 11 11 11 11 11 11 11 11 11 11 11 11 11 11 11 11 12 12 12 12 12 12 12 12 12 12 12 12 12 12 12 12 12 12 12 12 12 12 12 12 13 13 12 12 12 12 12 12 12 12 12 12 12 12 12 5 4 5 5 5 5 5 5 5 5 5 5 5 5 5 5 5 5 5 5 5 5 5 5 5 5 5 5 5 5 5 5 5 5 5 5 5 5 5 5 5 5 5 5 5 5 5 5 5 5 5 5 5 5 5 5 5 5 5 5 5 5 5 6 6 6 6 6 6 6 6 6 6 6 6 6 6 6 6 6 6 6 6 6 6 6 6 6 6 6 6 6 6 6 6 6 6 6 6 6 6 6 6 6 6 6 6 6 7 7 7 7 7 7 7 7 7 7 7 7 7 7 7 7 7 7 7 7 8 8 8 8 8 8 8 8 8 8 8 8 8 8 8 8 8 8 8 8 8 8 8 8 8 9 9 9 9 9 9 9 9 9 9 9 9 9 9 9 9 9 9 9 9 9 9 9 9 9 11 11 11 11 11 11 11 11 11 11 11 11 11 11 11 11 11 11 11 11 12 12 12 12 12 12 12 12 12 12 12 12 12 12 12 12 12 12 12 12 12 12 12 12 12 12 12 12 13 13 12 12 12 12 12 12 12 12 12 12 12 12 12 5 5 5 5 5 5 5 5 5 5 5 5 5 5 5 5 5 5 5 5 5 5 5 5 5 5 5 5 5 5 5 5 5 5 5 5 5 5 5 5 5 5 5 5 5 5 5 5 5 5 5 5 5 5 5 5 5 5 6 6 6 6 6 6 6 6 6 6 6 6 6 6 6 6 6 6 6 6 6 6 6 6 6 6 6 6 6 6 6 6 6 6 6 6 6 6 6 6 6 6 6 6 6 6 6 6 7 7 7 7 7 7 7 7 7 7 7 7 7 7 7 7 7 7 7 7 7 7 8 8 8 8 8 8 8 8 8 8 8 8 8 8 8 8 8 8 8 8 8 8 8 8 9 9 9 9 9 9 9 9 9 9 9 9 9 9 9 9 9 9 9 9 9 9 9 9 9 9 11 11 11 11 11 11 11 11 11 11 11 11 11 11 11 11 11 11 11 12 12 12 12 12 12 12 12 12 12 12 12 12 12 12 12 12 12 12 12 12 12 12 12 12 12 12 13 13 13 13 12 12 12 12 12 12 12 12 12 12 12 12 12 5 5 5 5 5 5 5 5 5 5 5 5 5 5 5 5 5 5 5 5 5 5 5 5 5 5 5 5 5 5 5 5 5 5 5 5 5 5 5 5 5 5 5 5 5 5 5 5 5 5 5 5 5 5 5 5 5 5 5 6 6 6 6 6 6 6 6 6 6 6 6 6 6 6 6 6 6 6 6 6 6 6 6 6 6 6 6 6 6 6 6 6 6 6 6 6 6 6 6 6 6 6 6 6 6 6 6 6 7 7 7 7 7 7 7 7 7 7 7 7 7 7 7 7 7 7 7 7 7 7 7 7 8 8 8 8 8 8 8 8 8 8 8 8 8 8 8 8 8 8 8 8 8 8 8 8 8 9 9 9 9 9 9 9 9 9 9 9 9 9 9 9 9 9 9 9 9 9 9 9 10 10 11 11 11 11 11 11 11 11 11 11 11 11 11 11 11 11 11 11 11 12 12 12 12 12 12 12 12 12 12 12 12 12 12 12 12 12 12 12 12 12 12 12 12 12 13 13 13 13 13 13 12 12 12 12 12 12 12 12 12 12 12 12 12 12 5 5 5 5 5 5 5 5 5 5 5 5 5 5 5 5 5 5 5 5 5 5 5 5 5 5 5 5 5 5 5 5 5 5 5 5 5 5 5 5 5 5 5 5 5 5 5 5 5 5 5 5 5 5 5 6 6 6 6 6 6 6 6 6 6 6 6 6 6 6 6 6 6 6 6 6 6 6 6 6 6 6 6 6 6 6 6 6 6 6 6 6 6 6 6 6 6 6 6 6 6 6 6 6 7 7 7 7 7 7 7 7 7 7 7 7 7 7 7 7 7 7 7 7 7 7 7 7 7 7 7 8 8 8 8 8 8 8 8 8 8 8 8 8 8 8 8 8 8 8 8 8 8 8 8 8 9 9 9 9 9 9 9 9 9 9 9 9 9 9 9 9 9 9 9 9 9 10 10 10 10 11 11 11 11 11 11 11 11 11 11 11 11 11 11 11 11 12 12 12 12 12 12 12 12 12 12 12 12 12 12 12 12 12 12 12 12 12 12 12 12 12 12 12 12 12 13 13 13 13 13 12 12 12 12 12 12 12 12 12 12 12 12 12 12 12 12 5 5 5 5 5 5 5 5 5 5 5 5 5 5 5 5 5 5 5 5 5 5 5 5 5 5 5 5 5 5 5 5 5 5 5 5 5 5 5 5 5 5 5 5 5 5 5 5 5 5 5 5 5 5 5 5 6 6 6 6 6 6 6 6 6 6 6 6 6 6 6 6 6 6 6 6 6 6 6 6 6 6 6 6 6 6 6 6 6 6 6 6 6 6 6 6 6 6 6 6 6 6 6 6 7 7 7 7 7 7 7 7 7 7 7 7 7 7 7 7 7 7 7 7 7 7 7 7 7 7 7 7 8 8 8 8 8 8 8 8 8 8 8 8 8 8 8 8 8 8 8 8 8 8 8 8 8 8 9 9 9 9 9 9 9 9 9 9 9 9 9 9 9 9 9 9 9 10 10 10 10 10 10 11 11 11 11 11 11 11 11 11 11 11 11 11 11 12 12 12 12 12 12 12 12 12 12 12 12 12 12 12 12 12 12 12 12 12 12 12 12 12 12 12 12 12 13 13 13 13 13 13 13 12 12 12 12 12 12 12 12 12 12 12 12 12 12 12 12 5 5 5 5 5 5 5 5 5 5 5 5 5 5 5 5 5 5 5 5 5 5 5 5 5 5 5 5 5 5 5 5 5 5 5 5 5 5 5 5 5 5 5 5 5 5 5 5 5 5 5 6 6 6 6 6 6 6 6 6 6 6 6 6 6 6 6 6 6 6 6 6 6 6 6 6 6 6 6 6 6 6 6 6 6 6 6 6 6 6 6 6 6 6 6 6 6 6 6 6 7 7 7 7 7 7 7 7 7 7 7 7 7 7 7 7 7 7 7 7 7 7 7 7 7 7 7 7 7 7 7 7 8 8 8 8 8 8 8 8 8 8 8 8 8 8 8 9 8 9 9 8 8 9 8 8 8 9 9 9 9 9 9 9 9 9 9 9 9 9 9 9 9 9 10 10 10 10 10 10 10 10 11 11 11 11 11 11 11 11 11 11 11 11 11 12 12 12 12 12 12 12 12 12 12 12 12 12 12 12 12 12 12 12 12 12 12 12 12 12 12 12 12 12 12 13 13 13 13 13 13 13 12 12 12 12 12 12 12 12 12 12 12 12 12 12 12 12 12 5 5 5 5 5 5 5 5 5 5 5 5 5 5 5 5 5 5 5 5 5 5 5 5 5 5 5 5 5 5 5 5 5 5 5 5 5 5 5 5 5 5 5 5 5 5 5 5 5 6 5 5 6 6 6 6 6 6 6 6 6 6 6 6 6 6 6 6 6 6 6 6 6 6 6 6 6 6 6 6 6 6 6 6 6 6 6 6 6 6 6 6 6 6 6 6 6 6 6 6 7 7 7 7 7 7 7 7 7 7 7 7 7 7 7 7 7 7 7 7 7 7 7 7 7 7 7 7 7 7 8 8 7 7 8 8 8 8 8 8 8 8 8 8 8 8 8 8 8 9 9 9 8 8 9 8 8 8 8 9 9 9 9 9 9 9 9 9 9 9 9 9 9 9 9 10 10 10 10 10 10 10 10 10 11 11 11 11 11 11 11 11 11 11 12 12 12 12 12 12 12 12 12 12 12 12 12 12 12 12 12 12 12 12 12 12 12 12 12 12 12 12 12 12 12 13 13 13 13 13 13 13 13 13 12 12 12 12 12 12 12 12 12 12 12 12 12 12 12 12 12 5 5 5 5 5 5 5 5 5 5 5 5 5 5 5 5 5 5 5 5 5 5 5 5 5 5 5 5 5 5 5 5 5 5 5 5 5 5 5 6 5 5 6 6 6 6 6 6 6 6 6 6 6 6 6 6 6 6 6 6 6 6 6 6 6 6 6 6 6 6 6 6 6 6 6 6 6 6 6 6 6 6 6 6 6 6 6 6 6 6 6 6 6 6 6 7 7 7 7 7 7 7 7 7 7 7 7 7 7 7 7 7 7 7 7 7 7 7 7 7 7 7 7 7 7 8 8 8 7 7 7 8 8 8 8 8 8 8 8 8 8 8 8 8 9 9 9 9 9 9 9 9 9 9 8 8 9 9 9 9 9 9 9 9 9 9 9 9 9 9 9 9 10 10 10 10 10 10 10 10 10 11 11 11 11 11 11 11 11 11 11 12 12 12 12 12 12 12 12 12 12 12 12 12 12 12 12 12 12 12 12 12 12 12 12 12 12 12 13 13 13 13 13 13 13 13 13 13 13 13 13 12 12 12 12 12 12 12 12 12 12 12 12 12 12 12 12 12 12 5 5 5 5 5 5 5 5 5 5 5 5 5 5 5 5 5 5 5 5 5 5 5 5 5 5 5 5 5 5 5 5 5 5 5 5 5 5 5 5 5 6 6 6 6 6 6 6 6 6 6 6 6 6 6 6 6 6 6 6 6 6 6 6 6 6 6 6 6 6 6 6 6 6 6 6 6 6 6 6 6 6 6 7 6 6 6 6 6 6 6 6 6 6 6 6 7 7 7 7 7 7 7 7 7 7 7 7 7 7 7 7 7 7 7 7 7 7 7 7 7 7 7 7 7 7 7 8 8 8 8 7 7 7 8 8 8 8 8 8 8 8 8 8 8 8 8 8 9 9 9 9 9 9 9 9 9 8 8 9 9 9 9 9 9 9 9 9 9 9 9 9 9 10 10 10 10 10 10 10 10 10 10 10 11 11 11 11 11 11 11 11 11 12 12 12 12 12 12 12 12 12 12 12 12 12 12 12 12 12 12 12 12 12 12 12 12 12 12 13 13 13 13 13 13 13 13 13 13 13 13 13 13 13 12 12 12 12 12 12 12 12 12 12 12 13 12 12 12 12 12 12 12 12 12 12 12 12 12 12 12 13 13 13 13 13 13 13 13 13 5 5 5 5 5 5 5 5 5 5 5 5 5 5 5 5 5 5 5 5 5 5 5 5 5 5 5 5 5 5 5 5 6 6 6 6 6 6 6 6 6 6 6 6 6 6 6 6 6 6 6 6 6 6 6 6 6 6 6 6 6 6 6 6 6 6 6 6 6 6 6 6 6 6 6 6 7 7 7 7 7 6 6 6 6 6 6 6 6 6 7 7 7 7 7 7 7 7 7 7 7 7 7 7 7 7 7 7 7 7 7 7 7 7 7 7 7 7 7 7 7 8 8 8 8 8 8 8 7 7 7 8 8 8 8 8 8 8 8 8 8 8 8 8 8 9 8 8 9 9 9 8 8 8 9 9 9 9 9 9 9 9 9 9 9 9 9 9 9 9 10 10 10 10 10 10 10 10 10 10 10 11 11 11 11 11 11 11 11 11 12 12 12 12 12 12 12 12 12 12 12 12 12 12 12 12 12 12 12 12 12 12 12 12 12 13 13 13 13 13 13 13 13 13 13 13 13 13 13 13 13 12 12 12 12 12 12 12 12 12 13 13 13 12 12 12 12 12 12 12 12 12 13 13 13 13 13 13 13 13 13 13 13 13 13 13 13 13 13 13 5 5 5 5 5 5 5 5 5 5 5 5 5 5 5 5 5 5 5 5 5 5 5 5 5 5 5 6 6 6 6 6 6 6 6 6 6 6 6 6 6 6 6 6 6 6 6 6 6 6 6 6 6 6 6 6 6 6 6 6 6 6 6 6 6 6 6 6 6 6 6 6 6 6 6 6 7 7 7 7 7 7 6 6 6 6 6 6 7 7 7 7 7 7 7 7 7 7 7 7 7 7 7 7 7 7 7 7 7 7 7 7 7 7 7 7 7 7 7 7 7 8 8 8 8 8 8 8 8 7 7 7 8 8 8 8 8 8 8 8 8 8 8 8 9 9 9 8 8 8 8 8 8 9 8 8 9 9 9 9 9 9 9 9 9 9 9 9 9 9 10 10 10 10 10 10 10 10 10 10 10 10 11 11 11 11 11 11 11 11 12 12 12 12 12 12 12 12 12 12 12 12 12 12 12 12 12 12 12 12 12 12 12 12 12 13 13 13 13 13 13 13 13 13 13 13 13 13 13 13 13 13 12 12 12 12 12 12 12 12 12 13 13 13 13 12 12 12 12 12 12 12 13 13 13 13 13 13 13 13 13 13 13 13 13 13 13 13 13 13 13 13 13 5 5 5 5 5 5 5 5 5 5 5 5 5 5 5 5 5 5 5 6 6 6 6 6 6 6 6 6 6 6 6 6 6 6 6 6 6 6 6 6 6 6 6 6 6 6 6 6 6 6 6 6 6 6 6 6 6 6 6 6 6 6 6 6 6 6 6 6 6 6 6 7 7 7 7 7 7 7 7 7 7 6 6 6 6 6 7 7 7 7 7 7 7 7 7 7 7 7 7 7 7 7 7 7 7 7 7 7 7 7 7 7 7 7 7 7 7 7 7 7 8 8 8 8 8 8 8 7 7 8 8 8 8 8 8 8 8 8 8 8 8 8 9 9 9 8 9 9 8 8 8 9 8 8 9 9 9 9 9 9 9 9 9 9 9 9 10 10 10 10 10 10 10 10 10 10 10 10 10 10 10 11 11 11 11 11 11 12 12 12 12 12 12 12 12 12 12 12 12 12 12 12 12 12 12 12 12 12 12 12 12 12 12 13 13 13 13 13 13 13 13 13 13 13 13 13 13 13 13 13 13 12 12 12 12 12 12 12 12 13 13 13 13 13 13 12 12 12 12 12 12 13 13 13 13 13 13 13 13 13 13 13 13 13 13 13 13 13 13 13 13 13 13 5 5 5 5 5 5 5 5 5 5 5 6 6 6 6 6 6 6 6 6 6 6 6 6 6 6 6 6 6 6 6 6 6 6 6 6 6 6 6 6 6 6 6 6 6 6 6 6 6 6 6 6 6 6 6 6 6 6 6 6 6 6 6 6 6 6 6 6 6 6 7 7 7 7 7 7 7 7 7 7 7 7 7 6 6 7 7 7 7 7 7 7 7 7 7 7 7 7 7 7 7 7 7 7 7 7 7 7 7 7 7 7 7 7 7 7 7 7 7 7 7 7 7 7 7 7 8 8 7 8 8 8 8 8 8 8 8 8 8 8 8 8 9 9 9 9 8 8 8 8 9 9 8 8 8 8 9 9 9 9 9 9 9 9 9 9 9 10 10 10 10 10 10 10 10 10 10 10 10 10 10 10 10 11 11 11 11 12 12 12 12 12 12 12 12 12 12 12 12 12 12 12 12 12 12 12 12 12 12 12 12 12 12 13 13 13 13 13 13 13 13 13 13 13 13 13 13 13 13 13 13 13 13 12 12 12 12 12 12 12 12 13 13 13 13 13 13 12 12 12 12 12 12 13 13 13 13 13 13 13 12 13 13 13 13 13 13 13 13 13 13 13 13 13 13 13 5 5 6 6 6 6 6 6 6 6 6 6 6 6 6 6 6 6 6 6 6 6 6 6 6 6 6 6 6 6 6 6 6 6 6 6 6 6 6 6 6 6 6 6 6 6 6 6 6 6 6 6 6 6 6 6 6 6 6 6 6 6 6 6 6 6 6 6 6 7 7 7 7 7 7 7 7 7 7 7 7 7 7 7 7 7 7 7 7 7 7 7 7 7 7 7 7 7 7 7 7 7 7 7 7 7 7 7 7 7 7 7 7 7 7 7 7 7 8 8 7 7 7 8 7 7 7 7 8 8 8 8 8 8 8 8 8 8 8 8 8 8 8 8 9 9 8 8 8 9 9 9 8 8 9 9 9 9 9 9 9 9 9 9 9 9 9 9 10 10 10 10 10 10 10 10 10 10 10 10 10 10 10 10 11 11 11 12 12 12 12 12 12 12 12 12 12 12 12 12 12 12 12 12 12 12 12 12 12 12 12 12 12 13 13 13 13 13 13 13 13 13 13 13 13 13 13 13 13 13 13 13 13 13 12 12 12 13 13 13 13 13 13 13 13 13 13 13 13 12 12 12 12 12 12 13 13 13 12 12 12 13 13 13 13 13 13 13 13 13 13 13 13 13 13 13 13 6 6 6 6 6 6 6 6 6 6 6 6 6 6 6 6 6 6 6 6 6 6 6 6 6 6 6 6 6 6 6 6 6 6 6 6 6 6 6 6 6 6 6 6 6 6 6 6 6 6 6 6 6 6 6 6 6 6 6 6 6 6 6 6 6 7 7 7 7 7 7 7 7 7 7 7 7 7 7 7 7 7 7 7 7 7 7 7 7 7 7 7 7 7 7 7 7 7 7 7 7 7 7 7 7 7 7 7 7 7 7 7 7 7 8 8 8 8 7 7 8 7 8 8 8 8 8 8 8 8 8 8 8 8 8 8 8 8 8 8 8 8 8 8 8 8 8 8 9 9 9 9 9 9 9 9 9 9 9 9 9 9 9 9 9 9 9 10 10 10 10 10 10 10 10 10 10 10 10 10 10 10 11 11 11 12 12 12 12 12 12 12 12 12 12 12 12 12 12 12 12 12 12 12 12 12 12 12 12 12 13 13 13 13 13 13 13 13 13 13 13 13 13 13 13 13 13 13 13 13 13 13 12 12 13 13 13 13 13 13 13 13 13 13 13 13 13 13 12 12 12 12 12 12 12 12 12 13 13 13 13 13 13 13 13 13 13 13 13 13 13 13 13 13 13 6 6 6 6 6 6 6 6 6 6 6 6 6 6 6 6 6 6 6 6 6 6 6 6 6 6 6 6 6 6 6 6 6 6 6 6 6 6 6 6 6 6 6 6 6 6 6 6 6 6 6 6 6 6 6 6 6 6 6 6 6 6 6 6 6 6 6 6 7 7 7 7 7 7 7 7 7 7 7 7 7 7 7 7 7 7 7 7 7 7 7 7 7 7 7 7 7 7 7 7 7 7 7 7 7 7 7 7 7 7 7 7 7 7 8 8 8 8 8 8 8 8 8 8 8 8 8 8 8 8 8 8 8 8 8 8 8 8 8 8 8 8 8 8 8 8 8 8 8 8 9 9 9 9 9 9 9 9 9 9 9 9 9 9 9 9 9 9 9 10 10 10 10 10 10 10 10 10 10 10 10 10 10 10 12 12 12 12 12 12 12 12 12 12 12 12 12 12 12 12 12 12 12 12 12 12 12 12 12 12 13 13 13 13 13 13 13 13 13 13 13 13 13 13 13 13 13 13 13 13 13 13 13 13 12 12 13 13 13 13 13 13 13 13 13 13 13 13 13 13 13 12 13 13 13 13 13 13 13 13 13 13 13 13 13 13 13 13 13 13 13 13 13 13 13 13 13 14 14 14 14 14 6 6 6 6 6 6 6 6 6 6 6 6 6 6 6 6 6 6 6 6 6 6 6 6 6 6 6 6 6 6 6 6 6 6 6 6 6 6 6 6 6 6 6 6 6 6 6 6 6 6 6 6 6 6 6 6 6 6 6 6 6 6 6 6 6 6 6 7 7 7 7 7 7 7 7 7 7 7 7 7 7 7 7 7 7 7 7 7 7 7 7 7 7 7 7 7 7 7 7 7 7 7 7 7 7 7 7 7 7 7 7 8 8 8 8 8 8 8 8 8 8 7 8 8 8 8 8 8 8 8 8 8 8 8 8 8 8 8 8 8 8 8 8 8 8 8 8 8 9 9 9 8 9 9 9 9 9 9 9 9 9 9 10 9 9 9 9 9 9 10 10 10 10 10 10 10 10 10 10 10 10 10 10 12 12 12 12 12 12 12 12 12 12 12 12 12 12 12 12 12 12 12 12 12 12 12 12 12 13 13 13 13 13 13 13 13 13 13 13 13 13 13 13 13 13 13 13 13 13 13 13 13 13 12 13 13 13 13 13 13 13 13 13 13 13 13 13 13 13 13 13 13 13 13 13 13 13 13 13 14 13 13 13 13 13 13 13 13 13 13 13 13 13 13 13 13 14 14 14 14 14 15 14 14 14 6 6 6 6 6 6 6 6 6 6 6 6 6 6 6 6 6 6 6 6 6 6 6 6 6 6 6 6 6 6 6 6 6 6 6 6 6 6 6 6 6 6 6 6 6 6 6 6 6 6 6 6 6 6 6 6 6 6 6 6 6 6 6 6 6 6 6 6 6 6 7 7 7 7 7 7 7 7 7 7 7 7 7 7 7 7 7 7 7 7 7 7 7 7 7 7 7 7 7 7 7 7 7 7 7 7 7 7 7 7 7 8 8 8 8 8 8 8 8 8 8 8 7 8 8 8 8 8 8 8 8 8 8 8 9 9 8 8 8 8 8 8 8 8 9 9 9 9 9 8 9 9 9 9 9 9 9 9 9 9 10 10 9 10 10 10 9 9 9 9 10 10 10 10 10 10 10 10 10 10 10 10 10 10 12 12 12 12 12 12 12 12 12 12 12 12 12 12 12 12 12 12 12 12 12 12 13 12 13 13 13 13 13 13 13 13 13 13 13 13 13 13 13 13 13 13 13 13 13 13 13 13 13 13 13 13 13 13 13 13 13 13 13 13 13 13 13 13 13 13 13 13 13 13 13 13 13 13 13 13 14 13 13 13 13 13 13 13 13 13 13 13 13 13 13 13 13 14 14 14 15 15 15 15 15 14 14 6 6 6 6 6 6 6 6 6 6 6 6 6 6 6 6 6 6 6 6 6 6 6 6 6 6 6 6 6 6 6 6 6 6 6 6 6 6 6 6 6 6 6 6 6 6 6 6 6 6 6 6 6 6 6 6 6 6 6 6 6 6 6 6 7 7 7 7 7 7 7 7 7 7 7 7 7 7 7 7 7 7 7 7 7 7 7 7 7 7 7 7 7 7 7 7 7 7 7 7 7 7 7 7 7 7 7 7 7 7 7 8 8 8 8 8 8 8 8 8 8 8 8 8 7 8 8 8 8 8 8 8 8 8 8 8 9 9 8 8 8 8 8 8 8 8 9 9 9 9 9 9 9 9 9 9 9 9 9 9 9 10 9 9 9 9 9 10 10 9 9 9 10 10 10 10 10 10 10 10 10 10 10 10 10 10 12 12 12 12 12 12 12 12 12 12 12 12 12 12 12 12 12 12 12 12 12 13 13 13 13 13 13 13 13 13 13 13 13 13 13 13 13 13 13 13 13 13 13 13 13 13 13 13 13 13 13 13 13 13 13 13 13 13 13 13 13 13 13 13 13 13 13 13 13 13 13 13 13 13 13 13 13 13 13 13 13 13 13 13 13 13 13 13 13 13 13 13 13 14 14 14 14 15 15 15 15 15 14 14 14 13 6 6 6 6 6 6 6 6 6 6 6 6 6 6 6 6 6 6 6 6 6 6 6 6 6 6 6 6 6 6 6 6 6 6 6 6 6 6 6 6 6 6 6 6 6 6 6 6 6 6 6 6 7 7 6 6 6 6 6 6 6 6 7 7 7 7 7 7 7 7 7 7 7 7 7 7 7 7 7 7 7 7 7 7 7 7 7 7 7 7 7 7 7 7 7 7 7 7 7 7 7 7 7 7 7 7 7 7 8 8 8 8 8 8 8 8 8 8 8 8 8 8 8 8 8 8 8 8 8 8 8 8 8 8 8 8 9 9 9 8 8 8 8 8 8 8 8 9 9 9 9 9 9 9 9 9 9 9 9 9 9 10 10 9 9 9 9 9 10 10 10 9 9 10 10 10 10 10 10 10 10 10 10 10 10 10 12 12 12 12 12 12 12 12 12 12 12 12 12 12 12 12 12 12 12 12 13 13 13 13 13 13 13 13 13 13 13 13 13 13 13 13 13 13 13 13 13 13 13 13 13 13 13 13 13 13 13 13 13 13 13 13 13 13 13 13 13 13 13 13 13 13 13 13 13 13 13 13 13 13 13 13 13 13 13 13 13 13 13 13 13 13 14 14 13 13 13 13 13 13 14 14 15 15 15 15 15 15 15 15 15 15 14 13 13 6 6 6 6 6 6 6 6 6 6 6 6 6 6 6 6 6 6 6 6 6 6 6 6 6 6 6 6 6 6 6 6 6 6 6 6 6 6 6 6 6 6 6 6 6 6 6 6 6 6 7 7 7 7 7 7 7 6 7 7 7 7 7 7 7 7 7 7 7 7 7 7 7 7 7 7 7 7 7 7 7 7 7 7 7 7 7 7 7 7 7 7 7 7 7 7 7 7 7 7 7 7 7 7 7 7 7 7 8 8 8 8 8 8 8 8 8 8 8 8 8 8 8 8 8 8 8 8 8 8 8 8 8 8 8 8 8 9 9 9 9 9 9 9 9 8 8 8 9 9 9 9 9 9 9 9 9 9 9 9 9 9 10 10 9 9 10 9 9 9 10 10 9 9 9 10 10 10 10 10 10 10 10 10 10 10 10 12 12 12 12 12 12 12 12 12 12 12 12 12 12 12 12 12 12 13 13 13 13 13 13 13 13 13 13 13 13 13 13 13 13 13 13 13 13 13 13 13 13 13 13 13 13 13 13 14 14 13 13 13 13 13 13 13 13 13 13 13 13 13 13 13 13 13 13 13 13 13 13 13 13 13 13 13 13 13 13 13 13 13 13 13 14 14 14 14 13 14 13 13 13 13 14 14 14 14 14 14 14 14 14 14 15 15 16 15 15 15 15 15 15 14 13 14 13 6 6 6 6 6 6 6 6 6 6 6 6 6 6 6 6 6 6 6 6 6 6 6 6 6 6 6 6 6 6 6 6 6 6 6 6 6 6 6 6 6 6 6 6 6 6 7 7 7 7 7 7 7 7 7 7 7 7 7 7 7 7 7 7 7 7 7 7 7 7 7 7 7 7 7 7 7 7 7 7 7 7 7 7 8 8 7 7 7 7 7 7 7 7 7 7 7 7 7 7 7 7 8 8 8 8 8 8 8 8 8 8 8 8 8 8 8 8 8 8 8 8 8 8 8 8 8 8 8 8 8 8 8 9 8 8 9 9 9 9 9 9 9 9 9 9 9 9 9 9 9 9 9 9 9 9 9 9 9 9 9 10 10 10 10 9 9 9 9 10 10 10 10 10 9 10 10 10 10 10 10 10 10 10 10 10 11 11 11 11 11 12 12 12 12 12 12 12 12 12 12 12 12 12 13 13 13 13 13 13 13 13 13 13 13 13 13 13 13 13 13 13 13 13 13 13 13 13 13 13 13 13 13 13 14 14 13 13 13 13 13 13 13 13 13 13 13 13 13 13 13 13 13 13 13 13 13 13 13 13 13 13 13 13 13 13 13 13 13 13 14 14 13 13 13 14 14 13 13 13 13 13 14 13 13 12 12 12 12 14 14 15 15 15 15 15 15 15 15 14 15 15 15 15 16 16 16 16 16 16 15 15 14 14 14 14 14 6 6 6 6 6 6 6 6 6 6 6 6 6 6 6 6 6 6 6 6 6 6 6 6 6 6 6 6 6 6 6 6 6 6 6 6 6 6 6 6 6 6 6 6 6 6 6 7 7 7 7 7 7 7 7 7 7 7 7 7 7 7 7 7 7 7 7 7 7 7 7 7 7 7 7 7 7 7 7 7 7 7 7 7 7 8 8 8 8 7 7 7 7 7 7 7 7 7 7 7 7 7 8 8 8 8 8 8 8 8 8 8 8 8 8 8 8 8 8 8 8 8 8 8 8 8 8 8 8 8 8 8 8 8 8 8 9 9 9 9 9 9 9 9 9 9 9 9 9 9 9 9 9 9 9 9 9 9 9 9 10 9 9 9 9 10 10 10 10 10 10 10 10 10 10 10 10 10 10 10 10 10 10 10 10 10 10 10 10 11 11 11 12 12 12 12 12 12 12 12 12 12 12 12 12 12 13 13 13 13 13 13 13 13 13 13 13 13 13 13 13 13 13 13 13 13 13 13 13 13 13 13 13 13 13 13 14 14 14 13 13 13 13 13 13 13 13 13 13 13 13 13 13 14 14 14 13 13 13 13 14 13 13 13 13 13 13 13 13 13 13 13 14 14 14 14 14 14 14 14 13 14 14 14 13 13 13 13 13 13 13 13 13 12 12 12 12 12 13 13 13 13 13 13 12 13 13 13 15 15 15 15 15 15 15 15 16 15 15 15 16 15 15 16 16 16 16 16 16 16 15 14 15 14 14 14 14 6 6 6 6 6 6 6 6 6 6 6 6 6 6 6 6 6 6 6 6 6 6 6 6 6 6 6 6 6 6 6 6 6 7 6 6 7 6 6 7 7 7 6 7 7 7 7 7 7 7 7 7 7 7 7 7 7 7 7 7 7 7 7 7 7 7 7 7 7 7 7 7 7 7 7 7 7 7 7 7 7 7 8 8 8 8 8 8 7 7 7 7 7 7 7 7 7 7 7 7 7 8 8 8 8 8 8 8 8 8 8 8 8 8 8 7 8 8 8 8 8 8 8 8 8 8 8 8 8 8 8 8 8 8 8 8 9 9 9 9 9 9 9 9 9 9 9 9 9 9 9 9 9 9 9 9 9 9 9 9 9 9 9 10 10 10 10 10 10 10 10 10 10 10 10 10 10 10 10 10 10 10 10 10 10 10 10 10 12 12 12 12 12 12 12 12 12 12 12 12 12 12 12 12 12 12 13 13 13 13 13 13 13 13 13 13 13 13 13 13 13 13 13 13 13 13 13 13 13 13 13 13 14 13 13 14 14 14 13 13 13 13 13 13 13 13 13 13 13 13 14 14 14 14 14 14 14 14 14 14 14 14 14 13 13 13 13 13 13 13 13 13 14 14 14 14 14 14 14 13 14 14 14 13 13 14 14 13 13 13 13 13 13 13 13 13 13 13 13 13 13 13 13 13 13 13 13 13 13 13 13 13 13 13 13 13 14 15 15 15 15 15 16 16 16 16 16 16 16 16 16 16 16 16 16 16 16 16 15 15 15 15 14 14 14 14 14 6 6 6 6 6 6 6 6 6 6 6 6 6 6 6 6 6 6 6 6 6 6 6 6 6 6 6 6 6 6 6 6 6 7 7 7 7 7 6 7 7 7 7 7 7 7 7 7 7 7 7 7 7 7 7 7 7 7 7 7 7 7 7 7 7 7 7 7 7 7 7 7 7 7 7 7 7 7 7 7 7 7 7 8 8 8 8 8 8 7 7 7 7 7 7 7 7 7 7 8 8 8 8 8 8 8 8 8 8 8 8 8 8 8 8 8 8 8 8 8 8 8 8 8 8 8 8 8 8 8 8 8 8 8 9 9 9 9 9 9 9 9 9 9 9 9 9 9 9 9 9 9 9 9 9 9 9 9 9 9 9 10 10 10 10 10 10 10 10 10 10 10 10 10 10 10 10 10 10 10 10 10 10 10 10 10 10 10 10 12 12 12 12 12 12 12 12 12 12 12 12 12 12 12 12 12 12 13 13 13 13 13 13 13 13 13 13 13 13 13 13 13 13 13 13 13 13 14 14 13 13 13 13 14 13 13 14 14 14 13 13 13 13 13 13 13 13 13 13 13 13 14 14 14 14 14 13 13 14 14 14 14 14 14 13 13 13 13 13 13 13 13 14 14 14 14 14 14 14 14 13 14 14 14 14 14 14 14 14 13 14 14 14 14 14 13 13 13 13 13 13 13 13 13 14 14 13 14 13 13 13 14 13 13 13 14 13 13 13 13 13 13 13 14 15 15 15 16 16 16 16 16 16 16 16 16 16 16 16 16 16 16 16 16 16 15 16 15 15 14 14 14 14 14 14 14 6 6 6 6 6 6 6 6 6 6 6 6 6 7 6 6 6 6 6 6 6 6 7 6 6 6 6 6 6 6 6 6 6 6 7 7 7 7 6 7 7 7 7 7 7 7 7 7 6 7 7 7 7 7 7 7 7 7 7 7 7 7 7 7 7 7 7 7 7 7 7 7 7 7 7 7 7 8 8 7 7 7 7 7 7 8 8 8 8 8 8 7 7 7 7 7 7 8 8 8 8 8 8 8 8 8 8 8 8 8 8 8 8 8 8 8 8 8 8 8 8 8 8 8 8 8 8 8 8 8 8 8 8 8 8 8 9 9 9 9 9 9 9 9 9 9 9 9 9 9 9 9 9 9 9 9 9 9 9 9 9 9 9 10 10 10 10 10 10 10 10 10 10 10 10 10 10 10 10 10 10 10 10 10 10 10 10 10 11 10 11 12 12 12 12 12 12 12 12 12 12 12 12 12 12 12 12 12 12 13 13 13 13 13 13 13 13 13 13 13 13 13 13 13 13 13 13 13 14 14 14 14 13 13 13 14 13 13 13 14 14 13 13 13 13 13 13 13 13 13 13 13 13 14 14 14 14 14 14 14 14 13 13 14 14 14 13 13 13 13 13 13 13 13 13 14 14 14 14 14 13 13 14 14 14 14 14 14 14 14 14 14 14 14 14 14 13 13 13 13 13 13 13 13 13 13 13 14 14 14 13 13 14 14 13 14 14 14 14 13 14 14 14 13 14 13 13 13 14 13 13 14 15 15 16 15 16 16 16 16 16 16 16 16 16 16 16 16 16 16 16 16 16 16 16 16 16 15 15 14 15 15 15 15 15 15 15 15 6 6 6 7 7 7 7 7 7 6 6 6 6 6 6 7 6 6 6 6 7 7 7 7 7 7 7 7 6 7 6 6 6 6 6 6 6 7 7 7 7 7 7 7 7 7 7 7 7 7 7 7 7 7 7 7 7 7 7 7 7 7 7 7 7 7 7 7 7 7 7 7 7 7 7 7 7 7 8 8 8 8 8 8 8 7 8 8 8 8 8 8 8 7 7 7 7 8 8 8 8 8 8 8 8 8 8 8 8 8 8 8 8 8 8 8 8 8 8 8 8 8 8 8 8 8 8 8 8 8 8 8 8 8 8 8 9 8 9 8 9 9 9 9 9 9 9 9 9 9 9 9 9 9 9 9 9 9 9 9 9 9 9 10 10 10 10 10 10 10 10 10 10 10 10 10 10 10 10 10 10 10 10 10 10 11 11 11 11 11 11 11 11 12 12 12 12 12 12 12 12 12 12 12 12 12 12 12 12 12 13 13 13 13 13 13 13 13 13 13 13 13 13 13 13 13 13 13 14 14 14 14 14 14 14 13 13 14 14 13 13 14 14 13 13 13 13 13 13 13 13 13 13 13 13 14 14 14 14 14 14 14 14 14 13 13 13 13 13 14 13 13 13 13 13 13 13 14 14 14 14 14 13 13 14 14 14 14 14 14 14 14 14 14 14 14 14 13 13 13 14 14 14 13 14 14 14 14 14 14 14 13 13 13 14 14 14 14 14 14 13 13 14 14 14 13 14 14 13 14 14 14 13 14 15 15 15 16 16 15 16 16 16 16 16 16 16 16 16 16 16 16 16 16 16 16 16 16 15 15 14 15 15 15 15 15 15 15 15 15 15 15 15 7 7 7 7 7 7 7 7 7 7 6 6 6 6 6 7 6 6 6 6 6 7 6 7 7 7 7 7 7 7 7 7 7 6 6 6 6 6 7 7 7 7 7 7 7 7 7 7 7 7 7 7 7 7 7 7 7 7 7 7 7 7 7 7 7 7 7 7 7 7 7 7 7 7 7 7 7 7 7 8 8 8 8 8 8 8 8 8 8 8 8 8 8 7 7 8 8 8 8 8 8 8 8 8 8 8 8 8 8 8 8 8 8 8 8 8 8 8 8 8 8 8 8 8 8 8 8 8 8 8 8 8 8 8 8 8 9 9 8 8 9 9 9 9 9 9 9 9 9 9 9 9 9 9 9 9 9 9 9 9 9 10 10 10 10 10 10 10 10 10 10 10 10 10 10 10 10 10 10 10 10 10 10 10 10 10 11 11 11 11 11 11 11 12 12 12 12 12 12 12 12 12 12 12 12 12 12 12 12 12 13 13 13 13 13 13 13 13 13 13 13 13 13 13 13 13 13 14 14 14 14 14 14 14 14 13 13 14 14 14 13 14 14 13 13 13 13 13 13 13 14 13 13 13 13 14 14 14 14 14 14 14 14 13 13 13 14 14 14 14 14 14 14 14 14 13 13 14 14 14 14 14 14 14 14 14 14 14 14 14 14 14 14 14 14 13 13 13 13 13 14 14 14 14 14 14 14 14 15 14 14 13 13 14 14 15 14 14 14 14 13 13 14 14 14 14 15 14 13 14 14 14 13 14 15 15 15 16 16 15 16 16 16 16 16 16 16 16 16 16 16 16 16 16 16 16 16 16 15 15 15 15 15 15 15 15 15 15 15 15 15 15 15 15 15 15 15 15 15 15 15 15 7 7 7 7 7 7 7 7 7 7 7 6 6 6 6 7 6 6 6 6 6 6 6 6 7 7 6 6 6 6 7 7 8 7 6 6 6 6 7 7 7 7 7 7 7 7 7 7 7 7 7 7 7 7 7 7 7 7 7 7 7 7 7 7 7 7 7 7 7 7 7 7 7 7 7 8 7 8 8 8 8 8 8 8 8 8 8 8 8 8 8 8 8 7 7 7 7 8 7 8 7 7 7 8 8 8 8 8 8 8 8 8 8 8 8 8 8 8 8 8 8 8 8 8 8 8 8 8 8 8 8 8 8 9 9 9 9 9 8 8 9 9 9 9 9 9 9 9 9 9 9 10 10 10 9 9 9 9 9 10 10 9 10 10 10 10 10 10 10 10 10 10 10 10 10 10 10 10 10 10 10 10 10 10 10 10 10 10 10 11 10 10 10 12 12 12 12 12 12 12 12 12 12 12 12 12 12 12 12 13 13 13 13 13 13 13 13 13 13 13 13 13 13 13 13 13 13 14 14 14 14 14 14 14 14 14 13 14 14 14 14 14 14 13 13 13 13 13 13 14 14 14 14 14 13 14 14 14 14 14 14 14 14 14 14 14 14 14 14 14 14 14 14 13 14 14 13 14 14 14 14 14 14 14 14 14 14 14 14 14 14 14 14 14 13 13 14 14 14 14 14 14 14 14 14 14 14 14 15 15 14 13 14 14 14 14 14 13 13 14 14 13 14 14 14 14 15 14 13 13 14 14 14 13 13 14 15 15 16 16 16 15 15 16 16 16 16 16 16 16 16 16 16 16 16 16 16 16 16 16 15 15 15 15 15 15 15 15 15 15 15 15 15 15 15 15 15 15 15 15 15 15 15 15 15 15 7 7 7 7 7 7 7 7 7 7 7 7 7 6 6 7 7 7 6 6 6 6 6 6 6 7 6 7 6 6 6 7 7 7 7 7 7 6 6 7 7 7 7 7 7 7 7 7 7 7 7 7 7 7 7 7 7 7 7 7 7 7 7 7 7 7 7 7 7 7 7 7 7 7 7 7 8 8 8 8 8 8 8 8 8 8 8 8 8 8 8 8 8 8 7 7 8 8 8 8 8 8 8 8 8 8 8 8 8 8 8 8 8 8 8 8 8 8 8 8 8 8 8 8 8 8 8 8 8 8 8 9 9 9 9 9 9 9 9 9 8 9 9 9 9 9 9 9 9 9 9 9 10 10 10 9 9 9 9 10 10 10 10 10 9 9 10 10 10 10 10 10 10 10 10 10 10 10 10 10 10 10 10 10 10 10 10 10 10 10 10 10 10 10 12 12 12 12 12 12 12 12 12 12 12 12 12 12 12 12 13 13 13 13 13 13 13 13 13 13 13 13 13 13 13 13 14 14 14 14 14 14 14 14 14 14 14 14 14 14 14 14 14 14 13 13 13 13 13 14 14 14 14 14 14 14 14 14 14 14 14 14 14 14 14 14 14 14 14 14 14 14 14 14 14 14 14 14 14 14 14 14 14 14 14 14 14 14 14 14 14 14 14 14 13 14 14 14 14 14 14 14 14 14 14 14 14 14 14 15 15 14 14 14 14 14 14 14 14 14 14 14 14 13 14 15 15 14 14 14 13 14 14 15 13 13 14 15 16 16 16 16 16 15 16 16 16 16 16 16 16 16 16 16 16 16 16 16 16 16 16 15 16 15 15 15 15 15 15 15 15 15 15 15 15 15 15 15 15 15 15 15 15 15 15 15 15 15 15 15 7 7 7 7 7 7 7 7 7 7 7 7 7 6 6 6 6 7 7 6 6 6 6 6 6 6 6 6 7 7 6 6 7 6 6 7 7 7 7 7 7 7 7 7 7 7 7 7 7 7 7 7 7 7 7 7 7 7 7 7 7 7 7 7 7 7 7 7 7 7 7 8 7 7 7 7 8 8 8 8 8 8 8 8 8 8 8 8 8 8 8 8 8 8 8 8 8 8 8 8 8 8 8 8 8 8 8 8 8 8 8 8 8 8 8 8 8 8 8 8 8 8 8 8 8 8 8 8 9 9 9 9 9 9 9 9 9 9 9 9 9 9 9 9 9 9 9 9 9 9 9 9 9 10 10 10 10 10 10 10 10 10 9 9 10 10 9 10 10 10 10 10 10 10 10 10 10 10 10 10 10 10 10 10 10 10 10 10 10 10 10 10 10 10 10 12 12 12 12 12 12 12 12 12 12 12 12 12 12 12 12 13 13 13 13 13 13 13 13 13 13 13 13 13 13 13 14 14 14 14 14 14 14 14 14 14 14 14 14 14 14 14 14 14 14 13 13 13 13 13 14 14 14 14 14 14 14 14 14 14 14 14 14 14 14 14 14 14 14 14 14 14 14 14 14 14 14 14 14 14 14 14 14 14 14 14 14 14 14 14 14 14 14 14 14 13 14 14 14 14 14 14 14 14 14 14 14 14 14 14 15 15 14 15 15 15 14 14 15 14 14 15 15 14 14 14 15 15 15 15 14 14 14 14 14 14 14 13 14 15 16 16 16 15 15 15 16 16 16 16 16 16 16 16 15 15 16 16 16 16 16 16 16 16 15 15 15 15 15 15 15 15 15 15 15 15 15 15 15 15 15 15 15 15 15 15 15 15 15 15 15 15 15 15 7 7 7 7 7 7 7 7 7 7 7 6 6 6 6 6 6 6 6 6 6 6 6 6 6 6 6 6 6 6 6 6 6 6 6 6 6 7 7 6 6 6 7 7 7 6 6 6 6 6 6 6 7 7 7 7 7 7 7 7 7 7 7 7 7 7 7 7 7 7 7 7 7 7 7 7 7 7 7 7 7 7 7 7 7 7 7 8 8 7 7 7 7 7 8 8 8 8 8 8 8 8 8 8 8 8 8 8 8 8 8 8 8 8 8 8 8 8 8 8 8 8 8 8 8 8 8 8 8 8 8 8 9 9 9 9 9 8 9 9 9 9 8 9 9 9 9 9 9 9 9 9 9 9 10 10 10 9 9 9 9 9 9 9 9 9 9 9 9 10 10 10 9 10 10 10 10 10 10 10 10 10 10 10 10 10 10 10 10 10 10 10 10 10 10 12 12 12 12 12 12 12 12 12 12 12 12 12 13 13 13 13 13 13 13 13 13 13 13 13 13 13 14 14 14 14 14 14 14 14 14 14 14 14 14 14 14 14 14 14 14 14 14 14 14 14 14 14 14 14 14 15 15 15 15 15 15 15 15 15 15 15 15 15 15 15 15 15 15 15 15 15 15 15 15 15 15 15 15 15 15 15 15 15 15 15 15 15 15 15 15 15 15 15 15 15 15 15 15 15 16 16 15 15 15 15 15 15 16 16 16 16 16 16 16 16 16 16 16 16 16 16 15 15 15 15 16 16 16 16 15 15 15 15 16 16 15 14 15 15 16 16 16 16 16 16 16 16 17 17 17 17 17 16 16 16 16 16 16 16 16 16 17 16 16 16 16 16 15 16 16 16 16 16 16 16 16 16 16 16 16 16 16 16 16 16 16 16 16 16 16 16 16 16 16 16 16 6 7 7 7 7 7 7 7 7 7 7 7 7 6 6 7 7 7 7 7 7 7 7 7 7 7 7 7 6 6 6 7 7 7 6 6 6 6 6 6 6 7 7 6 6 7 7 7 6 6 6 6 7 7 7 7 7 7 7 7 7 7 7 7 7 7 7 7 7 7 7 7 7 7 7 7 7 7 7 7 7 7 7 7 7 7 7 7 7 7 7 7 8 8 8 8 8 8 8 8 8 8 8 8 8 8 8 8 8 8 8 8 8 8 8 8 8 8 8 8 8 8 8 8 8 8 8 8 8 8 8 8 8 9 9 9 9 9 9 8 9 9 9 9 9 9 9 9 9 9 9 9 9 9 9 9 10 10 10 9 9 9 9 9 9 9 9 9 9 9 9 9 9 9 10 9 10 10 10 10 10 10 10 10 10 10 10 10 10 10 10 10 10 10 10 10 10 11 12 12 12 12 12 12 12 12 12 12 13 13 13 13 13 13 13 13 13 13 13 13 13 13 13 13 14 14 14 14 14 14 14 14 14 14 14 14 14 14 14 14 14 14 14 14 14 14 14 14 14 14 14 14 15 15 15 15 15 15 15 15 15 15 15 15 15 15 15 15 15 15 15 15 15 15 15 15 15 15 15 15 15 15 15 15 15 15 15 15 15 15 15 15 15 16 15 16 16 15 15 15 14 15 15 15 15 15 15 15 15 16 16 16 16 16 15 16 16 16 16 16 16 16 16 16 16 16 15 15 15 15 16 16 16 16 16 15 15 16 15 15 14 14 15 15 15 16 16 16 16 16 16 17 17 17 17 17 17 17 16 16 16 16 16 16 16 16 16 16 16 16 16 16 16 16 16 16 16 16 16 16 16 16 16 16 16 16 16 16 16 16 16 16 16 16 16 16 16 16 16 16 16 16 6 7 7 7 7 7 7 7 7 7 7 7 7 7 7 6 7 7 7 7 7 7 7 7 7 7 7 7 7 7 7 7 7 7 7 7 7 7 7 7 7 7 7 7 7 7 7 7 7 7 6 7 7 7 7 7 7 7 7 7 7 7 7 7 7 7 7 7 7 7 7 7 7 7 7 7 7 7 7 7 7 7 7 7 7 7 8 8 8 8 8 8 8 8 8 8 8 8 8 8 8 8 8 8 8 8 8 8 8 8 8 8 8 8 8 8 8 8 8 8 8 8 8 8 8 8 8 8 8 8 8 8 8 9 9 9 9 9 9 9 9 9 9 9 9 9 9 9 9 9 9 9 9 9 9 10 10 10 10 10 10 9 9 10 10 9 10 10 10 10 10 10 9 10 9 9 10 10 10 10 10 10 10 10 10 10 10 10 10 10 10 10 10 10 10 10 11 11 12 12 12 13 13 13 13 13 13 13 13 13 13 13 13 13 13 13 13 13 13 13 13 13 13 14 14 14 14 14 14 14 14 14 14 14 14 14 14 14 14 14 14 14 14 14 14 14 14 14 14 14 14 14 15 15 15 15 15 15 15 15 15 15 15 15 15 15 15 15 15 15 15 15 15 15 15 15 15 15 15 15 15 15 15 15 15 15 15 15 15 15 15 15 15 15 15 15 15 15 14 14 14 15 15 15 16 15 15 15 15 16 15 15 15 15 16 16 16 16 16 16 16 16 16 16 16 16 16 16 15 15 16 16 17 16 16 16 15 15 15 15 15 14 14 15 15 15 16 16 16 16 16 16 17 17 17 17 17 17 17 17 17 16 16 16 16 16 16 16 16 16 16 16 16 16 16 16 16 16 16 16 16 16 16 16 16 16 16 16 16 16 16 16 16 16 16 16 16 16 16 16 16 16 16 16 16 7 7 7 7 7 7 7 7 7 7 7 7 7 7 7 7 7 7 7 7 7 7 7 7 7 7 7 7 7 7 7 7 7 7 7 7 7 7 7 7 7 7 7 7 7 7 7 7 7 7 7 7 7 7 7 7 7 7 7 7 7 7 7 7 7 7 7 7 7 7 7 7 7 7 7 8 7 7 7 7 7 7 7 7 8 8 7 8 8 8 8 8 8 8 8 8 8 8 8 8 8 8 8 8 8 8 8 8 8 8 8 8 8 8 8 8 8 8 8 8 8 8 8 8 8 8 8 8 9 8 8 9 9 9 9 9 9 9 9 9 9 9 9 9 9 9 9 9 9 9 9 9 9 10 10 10 10 10 10 10 10 10 10 10 9 9 10 10 10 10 10 10 10 10 10 10 10 10 10 10 10 10 10 10 10 10 10 10 10 10 10 11 11 11 11 11 11 13 13 13 13 13 13 13 13 13 13 13 13 13 13 13 13 13 13 13 13 13 13 14 14 14 14 14 14 14 14 14 14 14 14 14 14 14 14 14 14 14 14 14 14 14 14 14 14 14 14 14 14 14 14 15 15 15 15 15 15 15 15 15 15 15 15 15 15 15 15 15 15 15 15 16 16 15 15 15 15 15 15 15 15 15 15 15 15 15 15 15 15 15 15 15 15 15 15 15 15 14 14 15 15 16 16 16 16 16 16 16 16 15 15 15 15 16 16 16 16 16 16 16 16 16 16 16 16 16 16 16 16 16 16 16 17 16 16 15 15 15 15 15 14 14 15 15 16 16 16 16 16 16 17 17 17 17 16 16 17 17 17 17 17 17 17 17 17 16 16 16 16 16 16 16 16 16 16 16 16 16 16 16 16 16 16 16 16 16 16 16 16 16 16 16 16 16 16 16 16 16 16 16 16 16 16 16 16 7 7 7 7 7 7 7 7 7 7 7 7 7 7 7 7 7 6 7 6 6 6 7 7 7 7 7 7 7 7 7 7 7 7 7 7 7 7 7 7 7 7 7 7 7 7 7 7 7 7 7 7 7 7 7 7 7 7 7 7 7 7 7 7 7 7 7 7 7 7 7 7 7 7 7 7 7 7 7 7 7 7 7 8 8 8 8 8 8 8 8 8 8 8 8 8 8 8 8 8 8 8 8 8 8 8 8 8 8 8 8 8 8 8 8 8 8 8 8 8 8 9 9 9 9 8 8 8 9 9 9 8 9 9 9 9 9 9 9 9 9 9 9 9 9 9 9 9 9 9 9 9 9 10 10 10 10 10 10 10 10 10 10 9 10 10 9 10 10 10 10 10 10 10 10 10 10 10 10 10 10 10 10 10 10 10 10 10 10 11 11 11 11 11 11 11 11 13 13 13 13 13 13 13 13 13 13 13 13 13 13 13 13 13 13 13 13 13 13 14 14 14 14 14 14 14 14 14 14 14 14 14 14 14 14 14 14 14 14 14 14 14 14 14 14 14 14 14 14 14 14 15 15 15 15 15 15 15 15 15 15 15 15 15 15 15 15 15 15 15 15 15 15 16 16 16 15 15 15 15 15 15 15 15 15 15 15 15 15 15 15 15 15 15 15 15 15 14 14 15 15 15 16 16 16 16 16 15 15 15 15 15 16 16 16 16 16 16 16 16 16 16 16 16 16 16 16 17 16 16 16 17 17 17 16 15 15 15 14 15 15 14 15 15 16 16 16 16 16 17 17 17 17 17 17 17 16 17 17 17 16 17 17 17 17 16 16 16 16 16 16 16 16 16 16 16 16 16 16 16 16 16 16 16 16 16 16 16 16 16 16 16 16 16 16 16 16 16 16 7 7 7 7 7 7 7 7 7 7 7 7 7 7 7 7 7 7 7 7 7 7 7 7 7 7 7 7 7 7 7 7 7 7 7 7 7 7 7 7 7 7 7 7 7 7 7 7 7 7 7 7 7 7 7 7 7 7 7 7 7 7 7 7 7 7 7 7 7 7 7 7 7 7 7 8 8 8 8 8 8 7 8 8 8 8 8 8 8 8 8 8 8 8 8 8 8 8 8 8 8 8 8 8 8 8 8 8 8 8 8 8 8 8 8 8 8 8 8 8 8 8 8 9 9 9 9 9 9 8 8 9 9 9 9 9 9 9 9 9 9 9 9 9 9 9 9 9 9 9 9 10 9 9 10 10 9 10 10 10 10 10 10 10 10 10 10 10 10 10 9 10 10 10 10 10 10 10 10 10 10 10 10 10 10 10 10 10 10 11 10 11 11 11 11 11 11 11 11 13 13 13 13 13 13 13 13 13 13 13 13 13 13 13 13 13 13 13 13 13 13 14 14 14 14 14 14 14 14 14 14 14 14 14 14 14 14 14 14 14 14 14 14 14 14 14 15 15 15 15 14 14 14 15 15 15 15 15 15 15 15 15 15 15 15 15 15 15 15 15 15 15 15 15 15 15 16 16 16 16 16 15 15 15 15 15 15 15 15 15 15 15 15 15 15 15 15 15 15 15 15 15 15 15 15 15 15 15 15 15 15 15 15 15 16 16 16 16 16 16 16 16 16 16 16 16 16 16 16 16 17 17 16 16 16 16 17 16 16 15 15 15 15 15 15 15 15 15 16 16 16 16 17 17 17 17 17 17 17 17 16 17 17 17 16 16 16 16 16 17 17 17 16 16 16 16 16 16 16 16 16 16 16 16 16 16 16 16 16 16 16 16 16 16 16 16 16 16 16 16 7 7 7 7 7 7 7 7 7 7 7 7 7 7 7 7 7 7 7 7 7 7 7 7 7 7 7 7 7 7 7 7 7 7 7 7 7 7 7 7 7 7 7 7 7 7 7 7 7 7 7 7 7 7 7 7 7 7 7 7 7 7 7 7 7 7 7 7 7 8 7 8 7 8 8 8 8 8 8 8 8 8 8 8 8 8 8 8 8 8 8 8 8 8 8 8 8 8 8 8 8 8 8 8 8 8 8 8 8 8 8 8 8 8 8 8 8 8 8 8 8 8 8 9 9 9 9 9 9 9 9 9 9 9 9 9 9 9 9 9 9 9 9 9 9 9 9 9 9 9 9 9 9 9 9 9 10 10 10 10 10 10 10 10 10 10 10 10 9 10 10 10 10 10 10 10 10 10 10 10 10 10 10 10 10 10 10 10 11 11 11 11 11 11 11 11 11 11 11 13 13 13 13 13 13 13 13 13 13 13 13 13 13 13 13 13 13 13 13 13 13 14 14 14 14 14 14 14 14 14 14 14 14 14 14 14 14 14 14 14 14 14 14 14 14 14 15 15 15 15 14 14 14 15 15 15 15 15 15 15 15 15 15 15 15 15 15 15 15 15 15 15 15 15 16 16 16 16 16 16 16 16 15 15 15 15 15 15 15 15 15 15 15 15 15 15 15 15 15 14 14 15 16 15 15 15 15 15 15 15 15 15 15 16 16 16 16 16 16 16 16 15 16 16 16 16 16 16 16 16 16 17 17 16 15 16 16 16 16 16 16 16 15 15 16 16 15 15 15 16 16 16 16 17 17 17 17 17 17 17 17 17 16 16 16 17 16 16 16 16 16 17 17 16 16 16 16 16 16 16 16 16 16 16 16 16 16 16 16 16 16 16 16 16 16 16 16 16 7 7 7 7 7 7 6 7 7 7 7 7 7 7 7 7 7 7 7 7 7 7 7 7 7 7 7 7 7 7 7 7 7 7 7 7 7 7 7 7 7 7 7 7 7 7 7 7 7 7 7 7 7 8 7 7 7 7 7 7 7 7 7 7 7 7 7 8 8 7 8 8 7 7 7 7 7 8 8 8 8 8 8 8 8 8 8 8 8 8 8 8 8 8 8 8 8 8 8 8 8 8 8 8 8 8 8 8 8 8 8 8 8 8 8 8 8 8 8 8 8 8 8 8 8 8 9 9 9 9 9 9 9 9 9 9 9 9 9 9 9 9 9 9 9 9 9 9 9 9 9 9 9 9 9 9 9 9 10 10 10 10 10 10 10 10 10 10 10 10 10 10 10 10 10 10 10 10 10 10 10 10 10 10 10 10 10 10 10 10 10 10 10 10 11 11 11 11 11 11 11 11 11 11 11 13 13 13 13 13 13 13 13 13 13 13 13 13 13 13 13 13 13 13 13 14 13 14 14 14 14 14 14 14 14 14 14 14 14 14 14 14 14 14 14 14 14 14 14 14 14 14 15 15 15 15 15 14 14 15 15 15 15 15 15 15 15 15 15 15 15 15 15 15 15 15 15 15 15 15 15 15 16 16 16 16 16 16 16 15 15 15 15 15 15 15 15 15 15 15 15 15 15 15 15 14 15 15 15 15 15 15 15 15 16 16 15 16 16 16 16 16 16 16 16 16 16 16 16 16 16 16 16 16 16 16 16 17 17 16 16 15 15 16 16 16 16 15 15 16 16 15 15 15 15 16 15 16 16 16 17 17 17 17 17 17 17 17 17 17 16 16 16 16 16 16 16 16 16 16 16 16 16 16 16 16 16 16 16 16 16 16 16 16 16 16 16 16 16 16 7 7 7 7 7 6 7 7 7 7 7 7 7 7 7 7 7 7 7 7 7 7 7 7 7 7 7 7 7 7 7 7 7 7 7 7 7 7 7 7 7 7 7 7 7 7 7 7 7 7 7 7 7 8 7 7 7 7 7 8 7 7 8 7 8 7 8 8 8 8 8 8 8 8 8 8 7 8 8 8 8 8 8 8 8 8 8 8 8 8 8 8 8 8 8 8 8 8 8 8 8 8 8 8 8 8 8 8 8 8 8 8 8 8 8 8 8 8 8 8 9 9 8 8 9 9 9 9 9 9 9 9 9 9 9 9 9 9 9 9 9 9 9 9 9 9 9 9 9 9 9 9 9 9 9 9 9 10 10 10 10 10 10 10 10 10 10 10 10 10 10 10 10 10 10 10 10 10 10 10 10 10 10 10 10 10 10 10 10 11 10 10 11 11 11 11 11 11 11 11 11 11 11 11 11 13 13 13 13 13 13 13 13 13 13 13 13 13 13 13 13 13 13 13 14 14 13 13 14 14 14 14 14 14 14 14 14 14 14 14 14 14 14 14 14 14 15 15 14 14 14 14 15 15 15 15 15 15 14 15 15 15 15 15 15 15 15 15 15 15 15 15 15 15 15 15 15 15 15 16 16 16 16 16 16 16 16 16 16 16 16 16 16 16 16 15 15 15 15 15 15 15 15 15 16 16 15 15 15 15 15 15 15 16 16 16 16 16 16 16 16 16 16 16 16 15 16 16 16 16 16 16 16 17 17 16 16 17 17 16 16 16 16 16 16 16 15 16 16 15 16 15 15 15 15 15 16 16 16 16 17 17 17 17 17 17 17 17 17 17 17 16 16 16 16 16 16 16 16 16 16 16 16 16 16 16 16 16 16 16 16 16 16 16 16 16 16 7 7 7 7 7 7 7 6 6 7 7 7 7 7 7 7 7 7 7 7 7 7 7 7 7 7 7 7 7 7 7 7 7 7 7 7 7 7 7 7 7 7 7 7 7 7 7 7 7 7 7 7 7 7 7 7 7 7 7 7 7 7 7 7 8 7 8 8 8 8 8 8 8 8 8 8 8 7 8 8 8 8 8 8 8 8 8 8 8 8 8 8 8 8 8 8 8 8 8 8 8 8 8 8 8 8 8 8 8 8 8 8 8 8 8 8 9 9 9 9 9 8 8 9 9 9 9 9 9 9 9 9 9 9 9 9 9 9 9 9 9 9 9 9 9 9 9 9 9 9 9 9 9 9 9 10 10 10 10 10 10 10 10 10 10 10 10 10 10 10 10 10 10 10 10 10 10 10 10 10 10 10 10 10 10 10 10 10 10 11 11 11 11 11 11 11 11 11 11 11 11 11 11 11 11 13 13 13 13 13 13 13 13 13 13 13 13 13 13 13 13 13 14 14 14 14 14 14 14 14 14 14 14 14 14 14 14 14 14 14 14 14 14 14 15 15 15 15 15 14 14 14 14 15 15 15 15 15 15 15 15 15 15 15 15 15 15 15 15 15 15 15 15 15 15 15 15 15 15 15 16 16 15 16 16 16 16 16 16 16 16 16 16 16 16 16 16 16 15 15 15 15 15 16 16 16 15 15 15 15 16 16 16 16 16 16 16 16 16 16 16 16 16 16 16 16 17 17 17 17 16 17 16 17 17 17 17 17 16 16 16 16 16 16 16 16 16 17 16 16 16 15 15 15 15 15 16 16 16 17 17 17 17 17 17 17 17 17 17 17 17 16 16 16 16 16 16 16 16 16 16 16 16 16 16 16 16 16 16 16 16 16 16 16 16 16 16 7 7 7 7 7 7 7 7 6 7 7 7 7 7 7 7 7 7 7 7 7 7 7 7 7 7 7 7 7 7 7 7 7 7 7 7 7 7 7 7 7 7 7 7 7 7 7 7 7 7 7 7 7 7 7 7 7 7 7 7 7 7 8 7 8 7 8 7 7 8 8 8 8 8 8 8 8 8 8 8 8 8 8 8 8 8 8 8 8 8 8 8 8 8 8 8 8 8 8 8 8 8 8 8 8 8 8 8 8 8 8 8 9 9 9 9 9 9 9 8 8 9 9 9 9 9 9 9 9 9 9 9 9 9 9 9 9 9 9 9 9 9 9 9 9 9 9 9 9 9 9 9 9 9 10 10 10 10 10 10 10 10 10 10 10 10 10 10 10 10 10 10 10 10 10 10 10 10 10 10 10 10 10 10 10 10 10 10 10 10 11 11 11 11 11 11 11 11 11 11 11 11 11 11 11 13 13 13 13 13 13 13 13 13 13 13 13 13 13 13 13 14 14 14 14 14 14 14 14 14 14 14 14 14 14 14 14 14 14 14 14 14 15 15 15 15 15 15 15 14 14 14 15 15 15 15 15 15 15 15 15 15 15 15 15 15 15 15 15 15 15 15 15 15 15 16 15 15 15 15 15 15 15 15 15 16 16 16 16 16 16 16 16 16 16 16 16 16 15 15 15 15 16 16 16 15 15 15 15 15 16 16 16 16 16 16 16 16 16 16 16 16 16 16 16 16 16 16 17 17 17 17 16 16 17 17 17 17 16 16 16 16 16 16 16 16 16 16 16 16 16 16 15 15 15 15 15 15 15 15 16 16 17 17 17 17 17 17 17 17 17 17 17 17 16 16 16 16 16 16 16 16 16 16 16 16 16 16 16 16 16 16 16 16 16 16 16 16 16 16 7 7 7 8 8 8 8 7 7 7 7 7 7 7 7 7 7 7 8 7 7 7 8 7 7 7 7 7 7 7 7 7 7 7 7 7 7 7 7 7 7 7 7 7 7 7 7 8 8 8 8 8 7 7 7 7 7 7 7 7 7 7 7 7 7 7 7 7 7 7 8 8 8 8 8 8 8 8 8 8 8 8 8 8 8 8 8 8 8 8 8 8 8 8 8 8 8 8 8 8 8 8 8 8 8 8 8 9 9 9 9 9 9 9 9 9 9 8 8 9 9 9 9 9 9 9 9 9 9 9 9 9 9 9 9 9 9 9 9 9 9 9 9 9 9 9 9 9 9 9 9 9 9 9 10 10 10 10 10 10 10 10 10 10 10 10 10 10 10 10 10 10 10 10 10 10 10 10 10 10 10 10 10 10 10 10 10 10 11 11 11 11 11 11 11 11 11 11 11 11 11 11 11 11 13 13 13 13 13 13 13 13 13 13 13 13 13 13 13 14 14 14 14 14 14 14 14 14 14 14 14 14 14 14 14 14 14 14 14 14 15 15 15 15 15 15 15 15 14 14 14 15 15 15 15 15 15 15 15 15 15 15 15 15 15 15 15 15 15 15 15 15 15 16 16 15 15 15 15 15 15 16 16 15 16 16 16 16 16 16 16 16 16 16 16 16 15 15 15 15 15 15 16 16 15 15 15 15 16 16 16 16 16 16 16 16 16 16 16 16 16 15 15 16 16 16 16 17 16 17 17 16 16 16 17 17 16 16 16 16 17 17 16 16 16 16 16 16 17 17 16 16 16 15 15 15 15 15 15 15 16 16 16 16 17 17 17 17 17 17 17 17 17 17 17 17 17 17 17 17 17 16 16 16 16 16 16 16 16 16 16 16 16 16 16 16 16 16 16 16 16 7 7 7 7 7 8 8 8 8 7 7 7 7 7 7 7 7 7 7 7 7 7 8 7 7 7 7 7 7 7 7 7 7 7 7 7 7 7 7 7 7 7 7 7 7 7 7 8 8 8 8 8 8 7 7 7 7 7 7 8 8 8 7 8 7 7 7 7 7 7 7 7 7 8 8 8 8 8 8 8 8 8 8 8 8 7 8 8 8 8 8 8 8 8 8 8 8 8 8 8 8 8 8 8 8 8 8 9 9 9 9 9 9 9 9 9 8 9 9 9 9 9 9 9 9 9 9 9 9 9 9 9 9 9 9 9 9 9 9 9 9 9 9 9 9 9 9 9 9 9 9 9 10 10 10 10 10 10 10 10 10 10 10 10 10 10 10 10 10 10 10 10 10 10 10 10 10 10 10 10 10 10 10 10 10 10 10 10 10 11 11 11 11 11 11 11 11 11 11 11 11 11 11 11 13 13 13 13 13 13 13 13 13 13 13 14 14 13 13 14 14 14 14 14 14 14 14 14 14 14 14 14 14 14 14 14 14 14 15 15 15 15 15 15 15 15 15 15 14 14 15 15 15 15 15 15 15 15 15 15 15 15 15 15 15 15 15 15 15 15 16 15 15 16 16 16 16 15 15 15 16 16 16 16 16 16 16 16 16 16 16 16 16 16 16 16 15 15 16 15 16 16 16 15 15 15 15 15 16 16 16 16 16 16 16 16 16 15 15 15 16 16 16 15 16 16 16 16 16 16 16 16 17 17 17 17 17 17 17 17 17 17 17 16 16 16 16 16 16 16 16 16 16 16 15 15 15 15 15 15 15 16 16 16 17 17 17 17 17 17 17 17 17 17 17 17 17 17 17 17 17 17 17 17 16 16 16 16 16 16 16 16 16 16 16 16 16 16 16 16 7 7 7 7 7 7 8 8 8 7 7 7 8 8 8 7 7 7 7 7 7 8 8 8 8 7 7 7 7 7 8 7 7 7 7 7 7 7 7 7 7 8 7 7 7 8 8 7 8 8 8 8 8 7 7 7 7 7 7 7 8 8 8 8 7 7 7 7 7 7 7 7 7 7 7 7 7 7 8 8 8 8 8 7 8 8 8 8 8 8 8 8 8 8 8 8 8 8 8 8 8 8 9 8 9 9 9 9 9 9 9 9 9 9 8 9 9 9 9 9 9 9 9 9 9 9 9 9 9 9 9 9 9 9 9 9 9 9 9 9 9 9 9 9 9 9 9 10 10 10 10 10 10 10 10 10 10 10 10 10 10 10 10 10 10 10 10 10 10 10 11 11 11 10 10 10 10 10 10 10 10 10 10 10 10 10 10 10 11 11 11 11 11 11 11 11 11 11 11 11 11 11 11 13 13 13 13 13 13 13 13 13 14 14 14 14 14 14 14 14 14 14 14 14 14 14 14 14 14 14 14 14 14 14 14 15 15 15 15 15 15 15 15 15 15 15 15 15 14 15 15 15 15 15 15 15 15 15 15 15 15 15 15 15 15 15 15 15 16 16 16 16 16 16 16 16 16 15 15 16 16 16 16 16 16 16 16 16 16 16 16 16 16 16 16 16 16 16 16 16 16 16 16 15 15 15 16 16 16 16 16 16 16 16 15 16 16 16 16 16 16 16 16 16 16 17 16 17 17 16 16 17 17 17 17 17 17 17 17 17 17 17 17 17 17 16 16 16 16 16 16 16 16 15 15 15 15 15 15 15 15 15 15 15 15 15 16 16 16 16 17 17 17 17 17 17 17 17 17 17 17 17 17 17 17 17 17 17 17 17 16 16 16 16 16 16 16 16 7 7 7 7 7 7 7 8 8 8 7 7 8 8 8 8 7 7 7 7 8 8 8 8 8 8 8 8 7 7 8 8 8 8 7 7 7 7 7 7 8 8 8 8 8 8 7 7 8 8 8 8 8 7 7 7 7 7 7 7 8 8 8 8 8 8 8 8 7 7 7 7 7 7 7 7 7 7 7 8 8 8 8 8 8 8 8 8 8 8 8 8 8 8 9 9 9 8 8 8 9 9 9 9 9 9 9 9 9 9 9 9 9 9 9 9 9 9 9 9 9 9 9 9 9 9 9 9 9 9 9 9 9 9 9 9 9 9 9 9 9 9 9 9 9 9 9 9 10 10 10 10 10 10 10 10 10 10 10 10 10 10 10 10 10 10 10 10 10 10 11 11 10 10 10 10 10 10 10 10 10 10 10 10 10 10 10 11 11 11 11 11 11 11 11 11 11 11 11 11 11 11 11 13 13 13 13 13 13 13 14 14 14 14 14 14 14 14 14 14 14 14 14 14 14 14 14 14 14 14 14 14 14 14 15 15 15 15 15 15 15 15 15 15 15 15 15 15 14 15 15 15 15 15 15 15 15 15 15 15 15 15 15 15 15 15 15 16 16 16 16 16 16 16 16 16 16 16 16 15 16 16 16 16 16 16 16 16 16 16 16 17 16 16 16 16 16 16 16 16 16 16 16 15 15 15 15 15 16 16 16 16 15 15 16 16 16 16 16 16 16 16 16 15 16 16 16 17 17 17 17 17 17 17 17 17 17 17 17 17 17 18 17 17 17 17 16 16 16 16 16 16 16 15 15 15 15 15 15 15 15 15 16 15 15 16 15 16 16 16 17 17 17 17 17 17 17 17 17 17 17 17 17 17 17 17 17 17 17 17 17 16 16 16 16 16 16 16 7 7 7 7 7 7 7 7 7 8 8 8 8 8 8 8 8 8 7 8 8 8 8 8 8 8 8 8 8 8 8 8 8 8 8 7 7 7 7 7 7 7 8 8 8 8 8 8 8 8 8 8 8 8 8 8 7 7 7 7 7 8 8 8 8 8 8 8 8 8 8 8 7 7 7 8 8 8 8 8 8 8 8 8 8 8 8 8 8 8 8 8 8 8 9 9 9 9 9 9 9 9 9 9 9 9 9 9 9 9 9 9 9 9 9 9 9 9 9 9 9 9 9 9 9 9 9 9 9 9 9 9 9 9 9 9 9 9 9 9 9 9 9 9 9 9 9 9 10 10 10 10 10 10 10 10 10 10 10 10 10 10 10 10 10 10 10 10 10 10 10 10 10 10 10 10 10 10 10 10 11 10 10 10 10 10 11 11 11 11 11 11 11 11 11 11 11 11 11 11 11 11 11 13 13 13 13 13 13 14 14 14 14 14 14 14 14 14 14 14 14 14 14 14 14 14 14 14 14 14 14 14 14 15 15 15 15 15 15 15 15 15 15 15 15 15 15 15 15 15 15 15 15 15 15 15 15 15 15 15 15 15 15 15 15 15 15 16 16 16 16 16 16 16 16 16 16 16 16 16 16 16 16 16 16 16 16 16 16 16 16 17 16 16 16 16 16 16 16 16 16 16 16 15 15 15 15 15 15 16 16 15 16 15 16 16 16 16 16 16 17 17 17 16 15 15 16 17 17 17 17 17 17 17 17 17 17 17 17 17 17 18 18 18 18 18 17 16 16 16 16 16 16 16 16 15 15 15 15 15 16 16 16 15 15 16 16 16 16 16 17 17 17 17 17 17 17 17 17 17 17 17 17 17 17 17 17 17 17 17 17 16 16 16 16 16 16 16 16 7 7 8 7 7 7 7 7 7 7 8 8 8 8 8 8 8 8 8 8 8 8 8 8 8 8 8 8 8 8 8 8 8 8 8 8 7 7 7 8 8 7 7 8 8 8 8 8 8 8 8 8 8 8 8 8 8 7 7 7 8 8 8 8 8 8 8 8 8 8 8 8 8 8 8 8 8 8 8 8 8 8 8 8 8 9 9 9 9 9 9 8 9 9 9 9 9 9 9 9 9 9 9 9 9 9 9 9 9 9 9 9 9 9 9 9 9 9 9 9 9 9 9 9 9 9 9 9 9 9 9 9 9 9 9 9 9 9 9 9 9 9 9 9 9 9 9 9 9 10 10 10 10 10 10 10 10 10 10 10 10 10 10 10 10 10 10 10 10 10 10 10 10 10 10 10 10 10 10 10 11 11 11 10 10 11 11 11 11 11 11 11 11 11 11 11 11 11 11 11 11 11 11 13 13 13 14 14 14 14 14 14 14 14 14 14 14 14 14 14 14 14 14 14 14 14 14 14 14 14 14 14 15 15 15 15 15 15 15 15 15 15 15 15 15 15 15 15 15 15 15 15 15 15 15 15 15 15 15 15 15 15 15 15 15 15 15 15 16 16 16 16 16 16 16 16 16 16 16 16 16 16 16 16 16 16 16 16 16 16 16 16 16 16 16 16 16 16 16 16 16 16 16 15 16 16 15 15 15 15 15 15 16 16 16 15 16 16 16 17 16 17 17 16 15 15 16 16 17 17 17 17 17 17 17 17 17 17 17 17 17 17 17 17 17 17 17 16 16 16 16 16 16 16 16 16 15 16 15 16 16 16 16 15 15 15 16 16 16 17 17 17 17 17 17 17 17 17 17 17 17 17 17 17 17 17 17 17 17 17 17 17 16 16 16 16 16 16 16 8 8 7 7 7 7 7 7 8 8 8 8 8 8 8 9 8 8 8 8 8 8 8 8 8 8 8 8 8 8 8 8 8 8 8 8 7 8 8 8 8 8 8 8 8 8 8 8 8 8 8 8 8 8 8 8 8 8 8 8 8 8 8 8 8 8 8 8 8 8 8 8 8 8 8 8 8 8 8 8 8 9 9 9 9 9 9 9 9 9 9 9 8 9 9 9 9 9 9 9 9 9 9 9 9 9 9 9 9 9 9 9 9 9 9 9 9 9 9 9 9 9 9 9 9 9 9 9 9 9 9 9 9 9 9 9 9 9 9 9 9 9 9 9 9 9 9 10 9 10 10 10 10 10 10 10 10 10 10 10 10 10 10 10 10 10 10 10 10 10 10 10 10 10 10 10 10 11 11 11 11 11 11 11 11 11 11 11 11 11 11 11 11 11 11 11 11 11 11 11 11 11 13 13 13 14 14 14 14 14 14 14 14 14 14 14 14 14 14 14 14 14 14 14 14 14 14 14 14 14 14 15 15 15 15 15 15 15 15 15 15 15 15 15 15 15 15 15 15 15 15 15 15 15 15 15 15 15 15 15 15 15 15 15 15 15 16 16 16 16 16 16 16 16 16 16 16 16 16 16 16 16 16 16 16 16 16 16 16 16 16 16 17 17 17 16 16 16 16 16 16 16 16 16 16 16 16 16 15 15 16 16 16 16 16 16 16 16 16 16 17 17 16 16 15 16 17 17 17 17 17 17 17 18 17 17 17 17 17 17 17 17 17 17 17 17 17 17 16 16 16 16 16 16 16 16 16 16 16 16 16 16 15 15 16 16 16 17 17 17 17 17 17 17 17 17 17 17 17 17 17 17 17 17 17 17 17 17 17 17 17 17 17 17 16 16 16 16 16 8 8 7 7 7 8 8 8 7 8 8 8 8 8 9 9 9 9 8 8 8 8 9 9 8 8 8 8 8 8 8 8 8 8 8 8 8 8 8 8 8 8 8 8 8 8 8 8 8 8 8 8 8 8 8 8 8 8 8 8 8 8 8 8 8 8 8 9 9 9 8 8 8 8 9 9 9 9 9 9 9 9 9 9 9 9 9 9 9 9 9 9 9 9 9 9 9 9 9 9 9 9 9 9 9 9 9 9 9 9 9 9 9 9 9 9 9 9 9 9 9 9 9 9 9 9 9 9 9 9 9 9 10 10 10 9 9 9 9 9 9 9 9 9 9 10 10 10 10 9 10 10 10 10 10 10 10 10 10 10 10 10 10 10 10 10 10 10 10 10 10 10 10 10 11 11 11 11 11 11 11 11 11 11 11 11 11 11 11 11 11 11 11 11 11 11 11 12 12 12 11 11 13 13 13 14 14 14 14 14 14 14 14 14 14 14 14 14 14 14 14 14 14 14 14 14 14 14 14 14 14 15 15 15 15 15 15 15 15 15 15 15 15 15 15 15 15 15 15 15 15 15 15 15 15 15 15 15 15 15 15 15 15 15 15 15 16 15 16 16 16 16 16 16 16 16 16 16 16 16 16 16 16 16 16 16 16 16 16 16 17 17 17 17 17 17 16 16 16 16 17 17 16 16 16 16 16 16 16 16 16 16 17 16 16 16 16 16 16 16 16 17 17 16 15 15 16 16 16 17 17 17 17 17 16 17 17 18 18 17 17 17 17 17 18 18 17 17 17 16 17 17 16 16 16 16 16 16 16 15 16 16 15 16 16 16 16 17 17 17 17 17 17 17 17 17 17 17 17 17 17 17 17 17 17 17 16 17 17 17 17 17 17 17 17 16 16 16 16 16 8 8 8 8 8 8 8 8 8 8 8 8 8 8 9 8 8 9 9 8 8 8 9 9 8 8 8 8 8 8 8 8 8 8 8 8 8 8 8 8 8 8 8 8 8 8 8 8 8 8 8 8 8 8 8 8 8 8 8 8 8 8 8 8 8 8 9 9 9 9 8 8 8 9 8 8 8 9 9 8 8 8 8 9 9 9 9 9 9 9 9 9 9 9 9 9 9 9 9 9 9 9 9 9 9 9 9 9 9 9 9 9 9 9 9 9 9 9 9 9 9 9 9 9 9 9 9 9 9 9 9 10 10 10 10 10 10 10 10 9 9 9 9 9 10 10 10 10 10 10 10 10 10 10 10 10 10 10 10 10 10 10 10 10 10 10 10 10 10 10 10 10 10 11 11 11 11 11 11 11 11 11 11 11 11 11 11 11 11 11 11 11 11 11 11 11 11 12 12 12 12 11 13 13 13 14 14 14 14 14 14 14 14 14 14 14 14 14 14 14 14 14 14 14 14 14 14 14 14 14 14 15 15 15 15 15 15 15 15 15 15 15 15 15 15 15 15 15 15 15 15 15 15 15 15 15 15 15 15 15 15 15 15 15 15 16 15 16 16 16 16 16 16 16 16 16 16 16 16 16 16 16 16 16 16 16 16 16 16 17 16 16 16 17 17 17 17 16 16 17 17 17 16 16 16 16 16 16 16 16 16 16 17 17 16 16 16 17 17 16 16 16 17 16 15 16 16 16 16 16 17 17 17 16 16 17 17 17 17 17 17 17 17 17 18 18 18 17 17 17 17 17 17 17 17 16 16 16 16 16 16 16 15 16 16 16 17 17 17 17 17 17 17 17 17 17 17 17 17 17 17 17 17 17 17 17 17 16 16 17 17 17 17 17 17 16 16 16 17 17 16 8 8 8 8 8 8 8 8 8 8 8 8 8 8 8 8 9 9 8 8 8 8 8 9 9 8 8 8 8 8 8 8 8 8 8 8 8 8 8 8 8 8 8 8 8 8 8 8 8 8 8 8 8 8 8 8 8 8 8 8 8 8 8 8 8 8 9 8 9 9 9 9 9 9 9 9 9 9 9 9 9 9 9 8 8 8 9 9 9 9 9 9 9 9 9 9 9 9 9 9 9 9 9 9 9 9 9 9 9 9 9 9 9 9 9 9 9 9 9 9 9 9 9 10 9 10 9 9 9 9 10 10 10 10 10 10 10 10 10 9 9 9 9 9 9 10 10 10 10 10 10 10 10 10 10 10 10 10 10 10 10 10 10 10 10 10 10 10 11 11 10 10 10 11 11 11 11 11 11 11 11 11 11 11 11 11 11 11 11 11 11 11 11 11 11 11 11 11 11 12 12 12 12 13 13 13 14 14 14 14 14 14 14 14 14 14 14 14 14 14 14 15 15 15 15 14 14 14 14 14 14 14 15 15 15 15 15 15 15 15 15 15 15 15 15 15 15 15 15 15 15 15 15 15 15 15 15 15 15 15 15 16 16 15 15 15 16 16 16 16 16 16 16 16 16 16 16 16 16 16 16 16 16 16 16 16 16 16 16 16 16 16 17 17 17 17 17 17 17 17 17 17 17 16 16 16 16 16 16 16 16 16 16 16 17 16 16 16 16 17 17 16 16 17 16 16 16 16 16 16 17 17 17 17 16 16 17 17 17 17 17 17 17 17 17 18 18 18 17 18 17 17 17 16 16 16 16 17 17 16 16 16 16 15 16 16 16 16 16 17 17 17 17 17 17 17 17 17 17 17 17 17 17 17 17 17 17 16 16 17 17 17 17 17 17 17 16 16 16 17 17 17 16 8 8 8 8 8 8 7 7 8 8 8 8 8 8 8 8 9 9 9 9 9 9 9 8 9 9 9 9 9 9 8 8 8 8 8 8 8 8 8 8 8 8 8 8 8 8 8 8 8 8 8 8 8 8 8 8 8 8 8 8 8 8 8 8 8 8 9 9 9 9 9 9 9 9 9 9 9 9 9 9 9 9 9 9 9 8 8 8 8 8 8 9 9 9 9 9 9 9 9 9 9 9 9 9 9 9 9 9 9 9 9 9 9 9 9 9 9 9 9 9 9 9 9 10 10 10 10 10 10 10 9 10 10 10 10 10 10 10 10 10 10 9 9 9 9 9 9 9 9 9 9 9 10 10 10 10 10 10 10 10 10 10 10 10 10 10 10 10 10 11 11 11 10 10 11 11 11 11 11 11 11 11 11 11 11 11 11 11 11 11 11 11 11 11 11 11 11 11 11 11 12 12 12 12 12 14 13 13 14 14 14 14 14 14 14 14 14 14 14 14 14 14 14 14 15 15 15 15 15 14 14 14 14 14 15 15 15 15 15 15 15 15 15 15 15 15 15 15 15 15 15 15 15 15 15 15 15 15 15 15 15 15 15 16 16 15 15 15 15 16 16 16 16 16 16 16 16 16 16 16 16 16 16 16 16 16 16 16 16 16 16 16 16 16 16 17 17 17 17 17 17 17 16 16 17 16 16 16 16 16 16 16 16 16 16 16 17 17 17 16 16 16 17 17 17 17 17 17 16 16 16 16 17 17 17 16 16 17 17 17 17 17 17 17 17 17 17 18 17 18 17 17 17 17 17 17 16 16 16 16 16 16 16 16 16 15 16 16 16 16 17 17 17 17 17 17 17 17 17 17 17 17 17 17 17 17 17 17 17 16 16 17 17 17 17 16 16 16 16 16 16 17 17 17 16 8 8 8 8 8 8 8 7 7 7 8 8 8 8 8 8 8 8 9 9 9 9 9 9 9 9 8 9 9 9 9 9 9 8 8 8 8 8 8 8 8 8 8 8 8 8 8 8 8 8 8 8 8 8 8 8 8 8 8 8 8 8 8 8 9 8 8 9 9 9 9 9 9 9 9 9 9 9 9 9 9 9 9 9 9 9 9 9 9 9 9 9 9 9 9 9 9 9 9 9 9 9 9 9 9 9 9 9 9 9 9 9 9 9 9 9 9 9 9 9 9 10 10 10 10 10 10 10 10 10 10 10 10 10 10 10 10 10 10 10 10 10 10 10 10 10 10 10 10 9 9 9 9 9 10 10 10 10 10 10 10 10 10 10 10 10 10 10 10 11 10 10 11 11 11 11 11 11 11 11 11 11 11 11 11 11 11 11 11 11 11 11 11 11 11 11 11 11 11 11 11 12 12 12 12 12 12 14 14 14 14 14 14 14 14 14 14 14 14 14 14 14 14 14 14 14 15 15 15 15 15 15 15 15 14 14 15 15 15 15 15 15 15 15 15 15 15 15 15 15 15 15 15 15 15 15 15 15 15 15 15 15 15 16 16 16 16 16 16 16 16 16 16 16 16 16 16 16 16 16 16 16 16 16 16 16 16 16 16 16 16 16 16 16 16 17 17 17 17 17 17 17 17 17 17 17 17 16 16 16 16 16 16 16 16 16 16 16 16 17 17 16 17 16 16 17 17 17 17 17 16 16 16 16 17 17 16 17 17 17 17 17 17 17 17 17 17 17 17 18 18 17 17 17 17 17 17 17 16 16 16 16 16 16 16 16 16 15 16 16 16 16 17 17 17 18 18 17 17 17 17 17 17 17 17 17 17 17 17 17 17 17 17 17 17 17 17 17 17 17 17 17 16 17 17 17 17 8 8 8 8 8 8 8 8 8 7 8 8 8 8 8 8 8 9 9 9 9 9 8 9 9 9 9 9 8 8 9 9 9 9 9 8 8 8 8 8 8 8 8 8 8 8 8 8 8 8 8 8 8 8 8 8 8 8 8 8 8 8 8 8 9 9 9 9 9 9 9 9 9 9 9 9 9 9 9 9 9 9 9 9 9 9 9 9 9 9 9 9 9 9 9 9 9 9 9 9 9 9 9 9 9 9 9 9 9 9 9 9 9 9 9 9 9 9 9 10 10 10 10 10 10 10 10 10 10 9 10 10 10 10 10 10 10 10 10 10 10 10 10 10 10 10 10 10 10 10 10 10 10 10 10 10 10 10 10 10 10 10 10 10 10 10 10 10 11 11 11 11 11 11 11 11 11 11 11 11 11 11 11 11 11 11 11 11 11 11 11 11 11 11 11 11 11 11 11 11 12 12 12 12 12 12 12 14 14 14 14 14 14 14 14 14 14 14 14 14 14 14 14 14 14 14 15 15 15 15 15 15 15 15 14 14 15 15 15 15 15 15 15 15 15 15 15 15 15 15 15 15 15 15 15 15 15 16 16 15 15 15 15 16 16 16 16 16 16 16 16 16 16 16 16 16 16 16 16 16 16 16 16 16 16 16 16 16 16 16 16 16 17 17 17 17 17 17 17 17 17 17 17 17 17 17 17 16 16 16 16 16 16 16 16 16 16 16 16 16 17 16 17 17 16 17 17 17 17 17 17 17 16 16 17 17 17 17 17 17 17 18 18 17 17 17 17 17 17 18 17 17 17 17 17 17 18 17 17 17 16 16 16 17 17 16 16 15 16 16 17 17 17 17 17 17 17 17 17 17 17 17 17 17 17 17 17 17 17 17 17 17 17 17 17 17 17 17 17 17 17 17 17 17 17 17 17 16 8 8 9 8 8 8 8 8 8 8 8 8 8 8 8 9 9 9 10 9 9 8 8 8 8 8 8 9 9 8 9 9 9 9 9 9 8 8 8 8 8 8 9 8 9 8 8 8 8 9 8 9 8 8 8 8 8 8 8 8 8 8 8 9 9 9 9 9 9 9 9 9 9 9 9 9 9 9 9 9 9 9 9 9 9 9 9 9 9 9 9 9 9 9 9 9 9 9 9 9 9 9 9 9 9 9 9 9 9 9 9 9 9 9 9 9 9 9 10 10 10 10 10 10 10 10 10 10 10 10 10 10 10 10 10 10 10 10 10 10 10 10 10 10 10 10 10 10 10 10 10 10 10 10 10 10 10 10 10 10 11 11 11 11 10 10 10 10 11 11 10 11 11 11 11 11 11 11 11 11 11 11 11 11 11 11 11 11 11 11 11 11 11 11 11 11 12 11 11 11 12 12 12 12 12 12 12 14 14 14 14 14 14 14 14 14 14 14 14 14 14 14 14 14 14 15 15 15 15 15 15 15 15 15 15 15 15 15 15 15 15 15 15 15 15 15 15 15 15 16 16 15 15 15 15 15 15 16 16 15 15 15 15 16 16 16 16 16 16 16 16 16 16 16 16 16 16 16 16 16 16 16 17 17 17 17 17 16 16 16 16 16 16 17 17 17 17 17 17 17 17 16 17 17 17 16 16 16 16 16 16 16 16 16 17 17 17 16 16 16 17 17 17 17 17 17 17 17 17 17 17 17 17 16 16 16 17 17 17 17 17 18 18 18 17 17 17 17 17 18 17 17 17 17 17 17 17 17 17 17 17 17 17 16 16 16 16 15 16 16 16 16 16 17 17 18 17 17 17 17 17 17 17 17 17 17 17 17 17 17 17 17 17 17 17 17 17 17 17 17 17 17 17 17 17 17 17 16 7 8 8 8 8 8 9 9 9 8 8 9 9 8 8 9 9 9 9 9 9 9 9 8 8 8 8 8 8 8 8 8 9 9 8 9 9 8 9 9 9 9 8 9 9 9 8 8 8 9 9 9 9 8 9 8 8 8 8 8 8 8 8 8 9 8 9 9 9 9 9 9 9 9 9 9 9 9 9 9 9 9 9 9 9 9 9 9 9 9 9 9 9 9 9 9 10 9 10 10 9 9 9 10 9 9 10 10 10 10 10 10 10 10 10 9 9 9 9 9 10 10 10 10 10 10 10 10 10 10 10 10 10 9 9 9 10 10 10 10 10 10 10 10 10 10 10 10 10 10 10 10 10 10 10 10 10 10 10 10 10 11 11 11 11 11 11 11 10 11 11 11 11 11 11 11 11 11 11 11 11 11 11 11 11 11 11 11 11 11 11 11 11 11 11 12 12 12 12 12 12 12 12 12 12 12 12 12 14 14 14 14 14 14 14 14 14 14 14 14 14 14 14 14 14 14 15 15 15 15 14 15 15 15 15 15 15 15 15 15 15 15 15 15 15 15 15 15 16 16 16 16 15 15 15 15 15 16 16 16 16 15 16 16 16 16 16 16 16 16 16 16 16 16 16 16 16 16 16 16 16 16 16 16 17 16 16 16 16 16 16 16 16 17 17 16 17 17 17 17 17 17 17 17 17 17 16 16 16 16 16 16 16 16 17 17 17 16 16 16 16 17 17 17 17 17 17 17 17 17 17 17 17 17 17 17 16 17 17 17 17 17 17 18 18 17 17 17 17 17 17 17 17 17 17 17 17 17 17 17 17 17 17 17 17 17 17 16 16 16 16 16 16 17 17 17 17 17 17 17 17 17 17 17 17 17 17 17 17 17 17 17 17 17 17 17 17 17 17 17 17 17 16 17 17 17 17 17 16 7 8 9 9 9 9 9 9 9 9 9 9 9 9 9 9 9 9 9 9 9 9 8 8 8 8 8 8 8 8 8 8 8 8 8 9 9 9 9 9 9 9 9 9 9 9 9 9 9 9 8 9 9 9 9 8 8 8 8 8 8 8 8 9 8 9 9 9 9 9 9 9 9 9 9 9 9 9 9 9 9 10 9 9 10 10 9 9 9 9 9 9 9 9 9 9 9 9 9 9 10 10 10 10 10 10 10 10 10 10 10 10 10 9 9 9 9 9 10 10 10 10 10 10 10 10 10 10 10 10 10 10 10 10 10 10 10 10 10 10 10 10 10 10 10 10 10 10 10 10 10 10 10 10 10 10 10 10 10 10 11 11 11 11 11 11 11 11 11 11 11 11 11 11 11 11 11 11 11 11 11 11 11 11 11 11 11 11 12 12 12 12 12 12 12 12 12 12 12 12 12 12 12 12 12 12 14 14 14 14 14 14 14 14 14 14 14 14 14 14 14 14 14 14 14 14 15 15 15 15 15 15 15 15 15 15 15 15 15 15 15 15 15 15 15 16 16 16 16 16 15 15 15 15 15 16 16 16 16 16 16 16 16 16 16 16 16 16 16 16 16 16 16 16 16 16 16 16 16 16 16 16 16 16 16 16 16 16 16 16 17 17 17 17 17 17 17 17 18 18 18 18 18 17 16 16 16 17 17 16 16 16 17 17 16 16 16 16 16 16 17 17 17 18 18 17 17 17 17 17 17 17 17 17 17 17 17 17 17 17 17 17 17 17 17 17 17 17 17 17 17 17 17 17 17 18 17 17 17 17 17 17 17 17 16 16 16 16 16 16 16 16 17 17 17 17 17 17 18 18 17 17 17 17 17 17 17 17 17 17 17 17 17 17 17 17 17 17 17 17 17 17 17 17 17 17 16 16 8 8 8 8 8 9 9 8 9 9 9 9 9 9 9 9 9 9 9 9 10 9 9 9 8 8 9 9 9 8 8 8 8 9 9 9 9 9 9 9 9 9 9 9 9 9 9 9 9 9 8 9 9 9 9 9 8 8 9 9 8 8 8 8 8 9 9 9 9 9 9 9 9 9 9 9 9 9 9 9 9 9 9 10 10 9 10 10 9 9 9 9 9 9 9 9 9 9 10 9 9 9 9 10 10 10 10 10 10 10 10 10 10 10 10 10 9 9 9 9 10 10 10 10 10 10 10 10 10 10 10 10 10 10 10 10 10 10 10 10 10 10 10 10 10 11 10 10 10 10 10 10 10 10 10 10 10 10 10 10 10 10 11 11 11 11 11 11 11 11 11 11 11 11 11 11 11 11 11 11 11 11 11 11 11 11 11 11 12 12 12 12 12 12 12 12 12 12 12 12 12 12 12 12 12 12 12 14 14 14 14 14 14 14 14 14 14 14 14 14 14 14 14 14 14 14 14 15 15 15 15 15 15 15 15 15 15 15 15 15 15 15 15 16 16 16 16 16 16 16 16 15 15 15 15 16 16 16 16 16 16 16 16 16 16 16 16 16 16 16 16 16 16 16 16 16 16 16 16 16 16 16 16 16 16 17 16 16 16 16 16 16 17 17 17 17 18 17 17 17 17 17 18 18 17 17 17 17 17 17 17 17 17 17 17 16 16 16 16 16 16 16 17 17 17 17 17 17 17 17 17 17 17 17 17 17 17 18 17 17 17 17 17 18 18 17 18 17 17 17 17 17 17 17 17 17 17 17 17 17 17 17 17 17 17 17 16 16 16 16 16 17 17 17 17 17 18 17 17 18 18 18 17 17 17 17 17 17 17 17 17 17 17 17 17 17 17 17 17 17 17 17 17 17 17 17 17 16 16 8 8 8 8 9 9 8 8 8 8 9 9 9 9 9 9 9 9 9 9 10 10 9 9 9 9 9 9 8 9 8 8 8 9 9 9 9 9 9 9 9 9 9 9 9 9 9 9 8 9 9 9 9 9 9 9 8 8 9 9 9 8 8 9 9 9 9 9 9 9 9 9 9 9 9 9 9 9 9 9 9 9 9 10 9 10 10 10 9 9 10 9 10 9 9 10 10 10 10 10 9 9 9 10 10 10 10 10 10 10 10 10 10 10 9 9 9 9 10 10 10 10 10 10 10 10 10 10 10 10 10 10 10 10 10 10 10 10 10 10 10 11 11 11 11 11 11 11 10 10 10 10 10 10 10 10 10 11 11 10 11 11 11 11 11 11 11 11 11 11 11 11 11 11 11 11 11 11 11 11 11 11 11 11 11 12 12 12 12 12 12 12 12 12 12 12 12 12 12 12 12 12 12 12 12 12 14 14 14 14 14 14 14 14 14 14 14 14 14 14 14 14 14 15 15 15 15 15 15 15 15 15 15 15 15 15 15 15 15 15 16 16 16 16 16 16 16 16 16 16 16 15 16 16 16 16 16 16 16 16 16 16 16 16 16 16 16 16 16 16 16 16 16 16 16 16 16 16 16 16 16 16 17 17 17 16 16 16 16 17 17 17 17 17 17 18 17 17 17 17 17 17 17 17 17 17 17 17 18 18 17 17 17 17 17 17 17 17 17 17 17 16 16 17 17 17 17 17 16 17 17 17 17 17 17 17 18 17 17 17 18 18 18 18 17 18 18 17 17 17 17 17 16 17 17 17 17 17 17 17 17 17 17 17 17 17 16 16 16 16 17 17 17 17 17 18 17 17 17 18 18 18 17 17 17 17 17 17 17 17 17 17 17 17 17 17 17 17 17 17 17 17 17 17 17 17 17 16 16 8 9 9 8 8 8 8 9 9 9 9 9 9 9 9 9 9 9 9 10 9 9 9 10 10 10 9 10 9 9 9 9 9 9 10 9 9 9 9 9 9 9 9 9 9 9 8 9 9 9 9 9 9 9 9 8 8 9 9 9 8 8 9 9 9 9 9 9 9 9 9 9 9 9 9 9 9 9 9 9 9 9 9 10 10 10 9 9 9 10 10 10 10 10 10 10 10 10 9 9 9 10 10 10 10 10 10 10 10 10 10 10 9 9 9 10 10 10 10 10 10 10 10 10 10 10 10 10 10 10 10 10 10 10 10 10 10 10 10 10 11 11 11 11 10 11 11 11 11 11 11 10 10 10 10 10 10 10 10 10 10 10 10 10 11 11 11 11 11 11 11 11 11 11 11 11 11 11 11 11 11 11 11 12 12 12 12 12 12 12 12 12 12 12 12 12 12 12 12 12 12 12 12 12 14 14 14 14 14 14 14 14 14 14 14 14 14 14 14 15 15 15 15 15 15 15 15 15 15 15 15 15 15 15 15 15 15 16 16 16 16 16 16 16 16 16 16 16 16 15 15 16 16 16 16 16 16 16 16 16 16 16 16 16 16 16 16 16 17 16 16 16 16 16 16 16 16 16 17 17 17 17 17 16 16 16 17 17 17 17 17 17 18 18 17 17 17 17 17 17 17 17 17 18 18 17 17 18 18 18 17 17 17 17 17 17 17 17 17 17 17 17 18 17 17 17 17 17 17 17 17 17 17 18 18 17 17 18 18 18 18 18 18 18 18 18 17 17 17 17 17 17 17 17 17 17 17 17 17 17 17 17 17 17 16 16 17 16 17 17 17 17 18 18 17 17 17 17 17 17 17 17 17 17 17 17 17 17 17 17 17 17 17 17 17 17 17 17 17 17 17 17 17 17 17 16 16 16 8 9 9 8 8 8 8 8 8 9 9 10 9 9 9 9 8 9 10 10 10 10 10 10 10 10 10 10 10 10 9 9 9 9 9 9 10 9 9 9 9 9 9 9 9 9 8 9 9 9 9 9 9 9 9 9 9 9 9 9 9 9 9 9 9 9 9 9 9 9 9 9 9 10 9 9 9 9 9 9 9 9 10 10 10 10 10 10 10 10 10 10 10 10 10 10 10 10 10 9 9 10 10 10 10 10 10 10 10 10 10 10 9 10 10 10 10 10 10 10 10 10 10 10 10 10 10 10 10 10 10 10 10 10 10 10 10 10 10 10 11 10 10 10 10 10 11 11 11 11 11 11 11 10 11 10 10 10 10 10 10 11 11 11 10 10 10 11 11 11 11 11 12 11 11 11 11 11 11 11 11 12 12 12 12 12 12 12 12 12 12 12 12 12 12 12 12 12 12 12 12 12 12 12 14 14 14 14 14 14 14 14 14 14 14 14 15 15 15 15 15 15 15 15 15 15 15 15 15 15 15 15 15 15 15 15 15 16 16 16 16 16 16 16 16 16 16 16 16 16 15 16 16 16 16 16 16 16 16 16 16 16 16 16 16 16 16 16 16 16 16 16 16 16 16 16 16 17 17 17 17 17 17 16 16 17 16 17 17 17 17 17 17 17 17 17 18 18 18 17 17 17 18 18 17 17 17 18 17 18 17 17 17 18 18 18 17 17 17 18 17 17 18 18 18 17 18 18 18 18 17 17 18 18 18 18 17 18 18 18 18 18 18 18 18 18 17 17 17 17 17 17 17 17 16 17 17 17 17 17 17 16 16 16 16 16 17 16 16 17 17 18 17 18 18 17 17 17 17 17 17 17 18 17 17 17 17 17 17 17 17 17 17 17 17 17 17 18 17 17 17 17 17 17 17 17 16 16 16 8 8 8 8 8 9 9 9 9 9 9 10 9 9 8 8 9 10 10 10 10 10 10 9 9 9 9 10 10 10 10 10 9 9 9 10 9 9 9 9 9 9 9 9 9 9 9 9 9 9 9 9 9 9 9 9 9 9 9 9 9 9 9 9 9 9 9 9 9 9 9 10 9 10 10 9 9 9 9 9 9 9 10 10 10 10 10 10 10 10 10 10 10 10 10 10 10 10 10 10 9 10 10 10 10 10 10 10 10 10 10 10 9 10 10 10 10 10 10 10 10 10 10 10 10 10 10 10 10 10 10 10 10 10 10 10 10 10 10 11 11 10 10 11 11 11 11 11 11 11 11 11 11 11 11 11 11 11 11 11 11 11 11 11 11 11 11 11 11 11 11 11 11 11 12 11 12 12 12 11 12 12 12 12 12 12 12 12 12 12 12 12 12 12 12 12 12 12 12 12 12 12 12 12 14 14 14 14 14 14 14 14 14 14 15 15 15 15 15 15 15 15 15 15 15 15 15 15 15 15 15 15 15 15 15 15 16 16 16 16 16 16 16 16 16 16 16 16 16 16 16 16 16 16 16 16 16 16 16 16 16 16 16 16 16 16 16 16 16 16 16 16 16 17 17 16 16 16 17 17 17 17 17 17 16 17 17 17 17 17 17 18 18 17 17 17 17 17 17 17 17 17 17 18 17 17 18 17 17 18 17 17 17 18 18 18 18 18 18 18 18 18 18 18 18 18 18 18 18 18 17 17 18 18 18 18 17 18 18 18 18 19 18 19 18 18 17 17 17 17 17 17 17 17 16 16 17 17 17 17 17 17 17 17 17 17 17 17 17 17 18 18 18 18 18 18 18 18 17 17 17 17 17 17 17 17 17 17 17 17 17 17 17 17 17 18 18 18 17 17 17 17 17 17 17 17 17 17 16 16 8 9 10 9 9 9 9 9 9 9 10 9 8 8 9 9 9 9 9 9 9 9 9 9 9 9 9 10 10 10 10 10 10 10 10 10 9 9 9 9 9 9 9 9 9 9 9 9 9 10 9 9 9 9 9 9 9 9 9 9 9 9 9 9 9 9 9 9 9 9 9 9 10 10 9 9 9 9 9 9 9 10 10 10 10 10 10 10 10 10 10 10 10 10 10 10 10 10 10 10 10 10 10 10 10 10 10 10 10 10 10 10 10 10 10 10 10 10 10 10 10 10 10 10 10 10 10 10 10 10 10 10 10 10 10 10 10 10 11 11 11 11 11 11 11 11 11 11 11 11 11 11 11 11 11 11 11 11 11 11 11 11 11 11 11 11 11 11 11 11 11 11 11 11 11 11 12 12 12 12 12 12 12 12 12 12 12 12 12 12 12 12 12 12 12 12 12 12 12 12 12 12 12 14 14 14 14 14 14 14 14 14 15 15 15 15 15 15 15 15 15 15 15 15 15 15 15 15 15 15 15 15 15 15 15 16 16 16 16 16 16 16 16 16 16 16 16 16 16 16 16 16 16 16 16 16 16 16 16 16 16 16 16 16 16 17 16 16 16 16 16 16 17 17 17 16 17 17 17 17 17 17 17 16 16 16 16 17 17 17 18 17 17 17 17 17 17 17 18 18 17 17 18 17 17 18 17 17 18 17 17 17 18 18 18 18 18 18 18 19 18 18 18 18 17 17 18 18 18 18 17 18 18 18 18 18 18 18 18 18 18 18 18 18 18 17 18 18 17 17 17 17 17 17 17 16 16 17 17 17 17 17 17 17 17 17 18 17 17 17 18 18 17 17 18 18 17 17 17 17 18 18 18 18 17 17 17 17 17 17 17 17 18 18 18 18 18 17 17 17 17 17 17 17 17 17 17 17 16 16 9 9 9 8 9 9 9 9 9 9 8 9 9 9 9 9 9 9 8 9 9 9 9 9 9 10 10 10 10 10 10 10 10 10 9 9 9 9 9 9 9 9 9 9 9 9 10 10 10 10 10 9 9 9 9 9 9 9 9 9 9 9 9 10 10 10 10 9 9 9 10 10 10 10 10 10 9 9 9 10 10 10 10 10 10 10 10 10 10 10 10 10 10 10 10 10 10 10 10 10 10 10 10 10 10 10 10 10 10 10 10 10 10 10 10 10 10 10 11 10 10 10 11 10 10 10 10 10 10 10 10 10 10 10 10 10 10 10 11 11 11 11 11 11 11 11 11 11 11 11 11 11 11 11 11 11 11 11 11 11 11 11 11 11 12 11 11 11 11 11 11 11 11 11 11 12 12 12 12 12 12 12 12 12 12 12 12 12 12 12 12 12 12 12 12 12 12 12 12 12 12 14 14 14 14 14 14 14 14 15 15 15 15 15 15 15 15 15 15 15 15 15 15 15 15 15 15 15 15 15 15 15 15 16 16 16 16 16 16 16 16 16 16 16 16 16 16 16 16 16 16 16 16 16 16 16 16 16 16 16 16 16 16 17 17 17 16 16 16 16 17 17 17 17 17 17 17 17 17 17 17 16 16 16 17 17 17 17 17 16 16 17 17 17 17 17 18 18 18 17 17 17 17 18 17 18 17 17 17 18 18 18 18 18 18 18 18 18 18 18 18 18 18 18 17 17 17 18 18 18 18 18 18 18 18 18 18 18 18 18 18 19 19 18 17 18 17 17 16 17 17 17 17 17 17 17 17 17 17 17 17 17 17 17 18 18 17 17 17 18 18 17 17 17 17 17 17 17 17 17 17 17 17 17 17 17 17 17 17 17 18 18 18 18 18 17 17 17 17 17 17 16 17 17 17 17 17 16 17 8 8 8 8 8 8 8 8 9 9 8 9 9 10 9 9 9 9 9 9 10 9 9 9 9 9 10 10 10 10 11 10 10 10 10 10 10 9 9 9 9 9 10 10 9 9 9 9 10 10 10 10 9 9 9 9 9 9 9 9 10 10 10 10 10 10 10 10 10 10 10 10 10 10 10 10 10 10 9 10 10 10 10 10 10 10 10 10 10 10 10 10 10 10 10 10 10 10 10 10 10 10 10 10 10 10 10 10 10 10 10 10 10 10 10 10 10 10 10 11 10 10 10 10 11 10 10 10 10 10 10 10 10 10 10 10 10 11 11 11 11 10 11 11 11 11 11 11 11 11 11 12 12 12 11 11 11 11 11 11 11 11 11 12 12 12 11 11 11 11 11 11 11 11 11 12 12 12 12 12 12 12 12 12 12 12 12 12 12 12 12 12 12 12 12 12 12 12 12 12 12 14 14 14 14 14 14 14 14 15 15 15 15 15 15 15 15 15 15 15 15 15 15 15 15 16 16 15 15 15 15 15 15 16 16 16 16 16 16 16 16 16 16 16 16 16 16 16 16 16 16 16 16 16 16 16 17 17 16 16 16 16 17 17 16 16 16 16 16 17 17 17 17 17 17 17 17 17 17 17 17 17 17 17 17 18 17 17 17 16 16 17 17 17 17 18 18 18 18 18 17 17 17 17 17 17 17 17 17 17 18 18 18 18 18 18 18 18 18 18 18 18 18 18 17 18 18 18 18 18 18 18 18 18 18 18 18 18 19 18 19 19 19 18 18 18 18 17 17 17 17 17 17 17 17 17 17 17 17 17 17 17 17 18 18 18 17 17 17 17 18 17 17 18 18 18 18 18 17 17 17 17 17 17 17 17 17 17 17 18 18 18 18 17 17 17 17 17 17 17 17 16 16 17 17 17 17 17 17 17 17 17 17 8 8 8 8 8 9 9 9 9 9 9 9 9 9 9 9 9 10 10 9 9 10 10 9 10 10 10 10 10 10 11 11 11 10 10 10 9 9 9 9 10 9 9 9 9 10 10 10 10 10 9 9 9 10 10 10 10 10 10 10 10 10 10 10 10 10 9 10 9 9 9 10 10 10 10 10 10 10 10 10 10 10 10 10 10 10 10 10 10 10 10 10 10 10 10 10 10 10 10 10 10 10 10 10 10 10 10 10 10 10 10 10 10 10 10 10 11 11 11 11 11 11 11 11 11 10 10 10 11 11 11 11 11 11 11 11 11 11 11 11 11 11 11 11 11 11 11 11 12 12 11 11 11 11 11 11 11 11 11 11 12 12 12 11 11 11 11 11 11 11 11 11 12 12 12 12 12 12 12 12 12 12 12 12 12 12 12 12 12 12 12 12 12 12 12 12 13 13 14 14 15 15 14 14 14 15 15 15 15 15 15 15 15 15 15 15 15 15 15 15 15 16 16 16 15 16 15 15 15 16 16 16 16 16 16 16 16 16 16 16 16 16 16 16 16 16 16 16 16 16 16 16 16 16 16 16 17 17 17 17 17 17 17 16 16 17 17 17 17 17 17 17 17 17 17 17 17 17 16 16 17 18 18 17 16 16 16 17 17 17 17 17 18 18 18 18 18 17 17 17 17 17 17 17 17 18 17 17 18 18 18 18 17 18 18 18 18 18 18 19 18 18 18 18 18 18 18 18 18 18 18 18 18 18 19 19 19 18 19 19 19 19 19 18 17 17 17 18 17 17 17 17 17 17 17 17 17 17 17 17 18 18 18 18 17 17 17 17 17 18 18 18 18 18 18 18 17 17 17 17 17 17 17 17 18 18 18 18 18 18 17 18 18 18 17 17 17 17 16 17 17 17 17 17 17 17 17 17 17 17 17 17 17 17 17 17 17 17 8 8 9 9 9 9 9 8 8 8 9 9 9 9 9 9 9 10 10 10 9 9 10 10 9 10 10 11 11 11 11 10 10 9 9 9 9 9 10 9 9 9 9 10 10 10 10 10 10 10 10 10 10 10 10 10 10 10 10 10 10 9 10 10 10 10 10 10 10 10 10 10 10 10 10 10 10 10 10 10 10 10 10 10 10 10 10 10 10 10 10 10 10 10 10 10 10 10 10 10 10 10 10 10 10 10 10 10 10 10 10 10 11 11 11 11 11 11 11 11 11 11 11 10 11 11 11 11 11 11 11 11 11 11 11 11 11 11 11 11 11 11 11 11 11 12 11 11 11 11 12 11 11 12 12 12 12 12 12 12 12 12 11 11 11 11 11 11 12 12 12 12 12 12 12 12 12 12 12 12 12 12 12 12 12 12 13 13 13 13 13 13 13 13 15 15 15 15 14 14 14 15 15 15 15 15 15 15 15 15 15 15 15 16 15 16 16 16 15 16 16 15 16 15 16 16 16 16 16 16 16 16 16 16 16 16 16 16 16 16 16 16 16 16 16 16 16 16 16 16 16 16 16 17 17 17 17 17 17 16 17 17 17 17 17 17 17 17 17 17 17 17 17 17 16 16 16 17 17 17 16 17 16 17 17 17 17 17 17 18 18 18 17 17 17 17 17 17 17 17 17 17 17 17 17 17 17 18 17 18 18 18 18 18 18 18 19 19 18 18 18 18 18 18 18 18 18 18 18 18 18 18 18 18 19 19 19 19 19 18 17 17 17 17 18 17 17 17 18 17 17 17 17 17 17 17 17 18 18 18 18 17 17 17 17 18 18 18 18 18 18 18 18 18 18 17 18 18 18 18 18 18 18 18 18 17 17 17 17 17 17 17 17 17 16 17 17 17 17 17 17 17 17 17 17 17 17 17 17 17 17 17 17 17 17 8 8 8 9 8 8 8 8 8 9 9 9 9 10 10 9 10 10 9 9 9 9 10 10 10 11 11 11 10 10 10 10 10 10 10 9 10 10 9 9 9 10 10 10 10 10 10 10 10 10 10 10 10 10 10 10 10 10 10 10 10 10 10 10 10 10 10 10 10 10 10 10 10 10 10 10 10 10 10 10 10 10 10 10 10 10 10 10 10 10 10 10 10 10 10 10 10 10 10 10 10 10 10 10 10 10 11 11 11 11 11 11 11 11 11 11 11 11 11 11 11 11 11 11 11 11 11 11 11 11 11 11 11 11 11 11 11 11 11 11 11 11 11 11 11 12 12 12 12 12 12 12 12 12 12 12 12 12 12 12 12 11 11 11 12 12 12 12 12 12 12 12 12 12 12 12 12 12 12 12 13 13 13 13 13 13 13 13 13 15 15 15 14 14 15 15 15 15 15 15 15 15 15 15 15 15 15 15 15 15 16 16 16 16 16 16 16 16 16 16 16 16 16 16 16 16 16 16 16 16 16 16 16 16 16 16 16 16 16 16 16 16 17 16 17 16 16 16 16 17 17 17 17 17 17 17 17 17 17 17 17 17 17 17 17 17 17 17 17 17 17 17 17 16 16 17 17 17 17 17 17 17 17 17 17 17 18 17 18 17 17 17 17 17 17 17 18 17 17 18 18 18 18 17 18 18 18 18 18 18 18 19 19 19 19 18 18 19 18 18 18 18 18 18 18 18 18 18 18 18 19 19 19 19 18 17 17 17 18 18 17 17 17 17 17 18 17 17 17 17 18 18 18 18 17 17 17 17 17 17 18 18 18 18 18 18 18 18 18 18 18 18 18 18 18 18 18 18 18 17 17 17 17 17 17 17 17 17 17 16 16 17 17 17 17 17 17 17 17 17 17 17 17 17 17 17 17 17 17 17 17 8 8 8 9 9 9 10 10 9 9 10 9 9 9 9 9 10 11 11 10 10 10 10 10 10 10 10 11 11 10 10 10 10 9 9 9 10 10 10 10 10 10 10 10 10 10 10 10 10 10 10 10 10 10 10 10 10 10 10 10 10 10 10 10 10 10 10 10 10 10 10 10 10 10 10 10 10 10 10 10 10 10 10 10 10 10 10 10 10 10 10 10 10 10 10 11 10 10 10 10 11 11 11 11 11 11 11 11 11 11 11 11 11 11 11 11 11 11 11 11 11 11 11 11 11 11 11 11 11 11 11 11 11 11 11 12 12 11 11 12 12 12 12 12 12 12 12 12 12 12 12 12 13 13 13 12 12 12 12 12 12 12 12 12 12 12 12 12 12 12 12 12 12 13 13 13 13 13 13 13 13 13 13 15 15 14 14 15 15 15 15 15 15 15 15 15 15 15 15 15 15 16 16 16 16 16 16 16 16 16 16 16 16 16 16 16 16 16 16 16 16 16 16 16 16 16 16 16 16 16 16 16 16 16 17 17 17 17 17 17 17 16 17 17 17 17 17 17 17 17 17 17 17 17 17 17 17 17 17 17 16 17 17 17 18 18 17 16 16 16 16 17 17 17 17 17 17 17 17 18 18 18 18 17 17 17 17 17 17 17 18 17 17 18 18 18 18 17 18 18 18 18 18 18 18 19 19 19 18 18 18 19 19 18 18 19 18 18 18 18 19 18 18 18 19 19 19 18 18 17 17 17 18 17 17 17 17 17 18 18 17 17 17 17 18 18 18 18 18 17 17 17 17 18 18 18 18 18 18 18 18 18 18 18 18 18 18 18 18 18 18 18 18 18 17 17 17 17 17 18 17 17 17 16 16 17 17 17 17 17 17 17 17 17 17 17 17 17 17 17 17 17 17 17 17 8 8 9 9 10 10 10 9 9 9 10 10 10 10 10 10 10 9 10 10 10 9 9 10 11 11 12 12 12 11 10 9 10 10 10 10 10 10 10 10 10 10 10 10 10 10 10 10 10 11 10 10 10 10 10 10 10 10 10 10 10 10 10 10 10 10 10 10 10 10 10 10 10 10 10 10 10 10 10 10 10 10 10 10 10 10 10 10 10 10 10 10 10 11 11 11 10 10 10 11 11 11 11 11 11 11 11 11 11 11 11 11 11 11 11 11 11 11 11 11 11 11 11 11 11 11 11 11 11 11 11 11 11 12 12 12 12 12 12 12 12 12 12 12 12 12 13 12 12 12 12 12 13 12 12 12 12 12 12 12 12 12 12 12 12 12 12 12 12 12 12 13 13 13 13 13 13 13 13 13 13 15 14 15 15 15 15 15 15 15 15 15 15 15 15 15 15 15 16 16 16 16 16 16 16 16 16 16 16 16 16 16 16 16 16 16 16 16 16 16 16 16 16 16 16 16 16 16 16 16 17 17 17 17 17 17 17 17 17 17 17 17 17 17 17 17 17 17 17 17 17 17 17 17 17 17 17 17 17 17 17 17 18 17 17 17 16 16 17 17 17 17 17 17 17 17 17 17 18 18 18 17 17 17 17 17 17 18 18 17 18 18 17 18 17 17 18 18 18 18 18 18 19 19 19 18 18 18 19 19 19 19 19 18 18 18 18 19 19 19 18 18 19 19 19 18 17 17 17 18 18 17 18 18 18 18 18 18 17 17 18 17 18 18 18 19 18 18 17 17 17 18 18 18 18 18 18 18 18 18 18 18 18 18 18 18 18 18 18 18 18 18 17 17 17 17 17 18 18 17 17 16 16 17 17 17 17 17 17 17 17 17 17 17 17 17 17 17 17 17 17 17 17 9 10 10 10 10 10 9 9 10 10 10 11 11 11 10 9 9 9 10 10 10 9 10 11 11 11 11 12 11 11 10 10 11 11 11 10 10 10 10 10 10 10 10 10 11 11 11 11 10 10 10 10 10 10 10 10 10 11 11 10 10 10 10 10 10 10 10 10 10 10 10 10 10 10 10 10 10 10 10 10 11 11 10 10 10 10 10 10 10 10 10 11 11 10 11 11 10 11 11 11 11 11 11 11 11 11 11 11 11 11 11 11 11 11 11 11 11 11 11 11 11 11 11 11 11 11 11 11 11 11 11 11 12 12 12 12 12 12 12 12 12 12 12 12 12 12 12 12 12 12 12 12 12 12 12 13 12 12 12 12 12 12 12 12 12 12 12 12 12 12 13 13 13 13 13 13 13 13 13 15 15 15 15 15 15 15 15 15 15 15 15 15 15 15 15 15 15 16 16 16 16 16 16 16 16 16 16 16 16 16 16 16 16 16 16 16 16 16 16 16 16 16 16 16 16 16 16 16 17 17 17 17 17 17 17 17 17 17 17 17 17 17 17 17 17 17 17 17 17 17 17 17 17 17 17 17 17 18 17 17 17 17 17 17 17 17 17 17 17 17 17 17 17 17 17 17 18 18 18 17 17 17 17 17 18 18 17 18 18 18 17 17 17 18 18 18 18 18 18 18 18 19 19 19 19 19 19 19 19 19 19 19 19 18 18 19 19 19 18 18 18 19 19 18 18 17 18 18 18 18 18 18 18 18 18 18 18 18 18 18 18 18 18 19 19 18 18 17 17 17 18 18 18 18 18 18 18 18 18 18 18 18 18 18 18 18 18 18 18 18 18 18 17 17 17 18 18 17 17 16 16 17 17 17 17 17 17 17 17 17 17 17 17 17 17 17 17 17 17 17 17 9 9 9 9 9 10 10 10 10 10 10 10 10 10 10 10 10 11 11 11 11 10 10 10 10 10 11 11 11 11 11 11 11 11 11 11 10 10 10 10 10 11 11 11 11 10 10 10 10 10 11 11 11 11 11 11 11 11 11 11 11 10 10 10 10 10 10 10 10 10 11 10 11 11 11 11 11 11 10 10 10 10 10 10 10 10 10 10 10 10 10 11 10 11 11 11 11 11 11 11 11 11 11 11 11 11 11 11 11 11 11 11 11 11 11 11 11 11 11 11 11 11 11 11 11 11 11 11 11 12 12 12 11 12 12 12 12 12 12 12 12 12 12 12 12 12 12 12 13 12 12 12 13 13 12 12 12 12 12 12 12 12 12 12 13 12 12 12 12 12 12 12 13 13 13 13 13 13 15 15 15 15 15 15 15 15 15 15 15 15 15 15 15 15 15 15 16 16 16 16 16 16 16 16 16 16 16 16 16 16 16 16 16 16 16 16 16 16 16 17 17 17 17 16 16 16 16 16 16 17 17 17 17 17 17 17 17 17 17 17 17 17 17 17 17 17 17 17 17 17 17 17 17 17 17 18 18 18 17 17 17 17 17 17 17 17 17 17 17 17 17 17 17 18 18 18 18 18 17 17 17 17 17 17 17 18 18 18 18 17 17 18 18 18 18 18 18 18 18 18 18 19 18 18 18 19 19 19 19 19 19 18 18 18 19 19 19 19 19 18 19 19 19 18 18 18 18 18 18 18 18 18 18 18 18 18 18 18 18 18 18 18 18 19 18 18 18 18 17 17 17 18 18 18 18 18 18 18 18 18 18 18 18 18 18 18 18 18 18 18 18 18 17 17 18 18 17 17 16 16 17 17 17 17 17 17 17 17 17 17 17 17 17 17 17 17 17 17 17 9 10 10 10 10 10 10 10 10 10 10 10 10 10 10 10 10 10 11 11 11 11 11 11 11 10 11 12 12 12 12 12 12 11 11 11 11 11 10 11 11 11 11 10 10 10 10 10 11 11 11 11 11 11 11 11 11 11 11 11 11 10 10 10 10 10 10 10 11 11 11 11 11 11 11 11 11 11 10 11 11 10 10 10 10 10 10 10 10 10 10 11 11 11 11 11 11 11 11 11 11 11 11 11 11 11 11 11 11 11 11 11 11 11 11 11 11 11 11 11 11 11 11 11 11 11 11 12 12 12 12 12 12 12 12 12 12 12 12 12 12 12 12 13 13 13 13 12 13 13 13 13 13 13 13 12 12 12 12 12 12 12 12 12 13 13 13 12 13 13 13 13 13 13 13 13 13 13 15 15 15 15 15 15 15 15 15 15 15 15 15 15 15 15 15 15 16 16 16 16 16 16 16 16 16 16 16 16 16 16 16 16 16 16 16 16 16 17 17 17 17 17 17 17 17 17 17 16 16 16 17 17 17 17 17 17 17 17 17 17 17 17 17 17 17 17 17 17 17 17 17 17 17 18 18 18 18 18 18 18 17 17 17 17 17 17 17 17 17 17 17 17 17 18 18 18 18 18 17 17 17 17 17 17 17 17 18 18 18 18 18 18 18 18 18 18 18 18 18 18 18 19 19 19 19 19 19 19 19 18 18 18 19 19 19 19 19 19 19 19 19 19 19 18 18 18 18 18 18 18 18 18 18 18 18 18 18 18 18 18 18 18 18 18 19 19 18 18 18 18 17 18 18 18 18 18 18 18 18 18 18 18 18 18 18 18 18 18 18 18 18 17 17 17 18 18 17 17 16 16 17 17 17 17 17 17 17 17 17 17 17 17 17 17 17 17 17 17 17 9 9 10 10 11 10 10 10 10 10 9 10 10 10 10 10 11 11 11 10 11 11 12 12 12 11 11 10 11 11 11 11 11 11 11 11 11 11 11 11 11 11 11 10 10 10 10 10 10 11 11 11 11 11 11 11 11 11 11 11 10 10 10 11 11 11 11 10 10 11 11 11 11 11 11 11 11 11 11 11 11 11 11 11 11 11 11 11 11 11 10 11 11 11 11 11 11 11 11 11 11 11 11 11 11 11 11 11 11 11 11 11 11 11 11 11 11 11 11 11 12 12 11 12 11 12 12 11 12 12 12 12 12 11 12 12 12 12 12 12 12 12 13 12 13 13 13 13 13 13 13 13 13 13 13 12 12 12 12 12 12 12 12 12 12 12 13 13 13 13 13 13 13 13 13 13 13 13 13 15 15 15 15 15 15 15 15 15 15 15 15 15 15 15 15 15 15 15 15 16 16 16 16 16 16 16 16 16 16 16 16 16 16 16 16 17 17 17 17 17 17 17 17 17 17 17 17 17 17 17 17 17 17 17 17 17 17 17 17 17 17 17 17 17 17 17 17 17 17 17 17 17 17 17 18 18 18 18 18 18 18 18 18 17 17 17 17 17 17 17 17 17 17 17 18 18 18 18 18 17 17 17 17 17 17 17 17 18 18 18 18 18 18 18 18 18 18 18 18 18 18 18 19 19 19 19 19 19 19 19 19 19 18 18 19 19 19 19 19 19 19 19 19 19 18 18 17 17 18 18 18 18 18 18 18 18 18 18 18 18 18 18 18 18 19 19 18 18 18 18 18 18 18 18 18 18 18 18 18 18 18 18 18 18 18 18 18 18 18 18 18 18 18 18 18 18 18 17 17 16 16 17 17 17 17 17 17 17 17 17 17 17 17 17 17 17 17 17 17 17 10 10 10 10 10 10 10 10 10 10 11 10 10 10 10 10 10 10 10 11 10 11 12 12 11 11 11 10 10 11 11 11 12 12 12 11 11 11 11 11 11 10 10 10 10 10 11 11 11 11 11 11 11 11 11 11 11 11 10 10 10 11 11 11 11 10 10 11 11 11 11 11 11 11 11 11 11 11 11 11 11 11 11 11 11 11 11 11 11 11 11 11 11 11 11 11 11 11 11 11 11 11 11 11 11 11 11 11 11 11 11 11 11 11 11 11 11 11 11 11 11 11 12 12 12 12 11 12 12 12 12 12 12 12 12 12 12 13 12 12 12 12 12 12 13 13 13 13 13 13 13 13 13 13 12 12 12 12 12 12 13 13 13 13 13 13 13 13 13 13 13 13 13 13 13 13 13 15 15 15 15 15 15 15 15 15 16 15 15 15 15 15 15 15 16 16 16 16 16 16 16 16 16 16 16 16 16 16 16 16 16 16 17 17 17 17 17 17 17 17 17 17 17 17 17 17 17 17 17 17 17 17 17 17 17 17 17 17 17 17 17 17 18 17 17 18 18 17 17 17 17 18 18 18 18 18 18 18 18 18 18 18 17 17 17 17 17 17 16 16 16 17 18 18 18 18 18 18 18 17 17 17 17 17 17 17 17 18 18 18 18 18 18 18 18 18 18 18 18 19 19 19 19 19 19 19 19 19 19 19 19 19 19 19 20 19 19 19 19 19 19 19 19 18 18 17 18 17 18 18 18 18 18 18 18 18 18 18 18 18 18 18 19 19 18 18 18 18 18 18 18 18 18 18 18 18 18 18 18 18 18 18 18 18 18 18 18 18 18 18 18 18 18 18 18 17 17 16 16 17 17 17 17 17 17 17 17 17 17 17 17 17 17 17 17 17 17 10 10 10 10 10 10 10 10 10 11 10 10 10 11 11 11 11 11 10 10 10 11 11 12 12 12 11 11 11 11 11 11 12 12 12 12 11 11 11 11 11 11 11 11 11 11 11 11 11 11 11 11 11 11 11 11 11 11 11 10 10 11 11 11 11 10 10 11 11 11 11 11 11 11 11 11 11 11 11 11 11 11 11 11 11 11 11 11 11 11 11 11 11 11 11 11 11 11 11 11 11 11 11 11 11 11 11 11 11 11 11 11 12 12 11 11 11 11 11 12 12 12 12 12 12 12 12 12 12 12 12 12 12 12 12 13 13 13 12 13 13 13 13 13 13 13 13 13 13 13 13 13 13 13 12 12 13 13 12 12 13 13 13 13 13 13 13 13 13 13 13 13 13 13 13 13 13 15 15 15 15 15 15 15 15 15 16 15 15 15 16 15 16 16 16 16 16 16 16 16 16 16 16 16 16 16 16 16 16 16 16 17 17 17 17 17 17 17 17 16 16 17 17 17 17 17 17 17 17 17 17 17 17 17 17 17 17 17 17 17 17 17 17 17 18 18 18 17 17 17 18 18 18 18 18 18 18 18 18 18 18 18 17 17 18 18 17 17 17 17 17 17 18 18 18 18 18 18 18 18 18 17 17 17 17 17 17 17 17 17 17 17 18 18 18 18 18 18 18 19 19 18 18 18 18 19 19 19 19 19 19 19 19 19 19 19 19 19 19 19 19 19 20 19 18 17 18 17 18 18 18 18 18 18 18 18 17 18 18 18 18 18 18 19 19 19 18 18 18 18 18 18 18 18 18 18 18 18 18 18 18 18 18 18 18 18 18 18 18 18 18 18 18 18 18 18 17 17 17 16 17 17 17 17 17 17 17 17 17 17 17 17 17 17 17 10 10 10 10 10 11 10 10 10 11 11 11 11 11 11 11 11 11 11 10 10 11 12 13 13 13 12 11 11 11 12 12 12 12 12 12 11 11 11 11 11 11 12 11 11 11 11 11 11 11 11 11 11 11 11 11 11 11 11 10 11 11 11 11 11 11 11 11 11 11 11 11 11 11 11 11 11 11 11 11 11 11 11 11 11 12 11 11 11 11 11 11 11 11 11 11 11 11 11 12 11 11 11 11 11 11 11 11 11 11 11 11 11 11 11 11 12 12 12 12 12 12 12 12 12 12 12 12 12 12 12 13 13 12 12 13 13 13 13 13 13 13 13 13 13 13 13 13 13 13 13 13 13 13 13 13 13 13 13 13 12 13 13 13 13 13 13 13 13 13 13 13 13 13 13 13 13 15 15 15 15 15 15 15 15 15 16 16 16 15 15 16 16 16 16 16 16 16 16 16 16 16 16 16 16 16 16 16 16 16 16 17 17 17 17 17 17 16 17 16 16 16 17 17 17 17 17 17 17 17 17 17 17 17 17 17 17 17 17 17 17 17 17 17 18 18 17 17 17 17 18 18 18 18 18 18 18 18 18 18 18 18 17 18 18 18 17 17 17 17 17 18 18 18 19 19 19 18 18 18 18 18 18 18 18 17 18 17 17 17 17 17 17 17 17 18 18 18 18 18 18 18 18 18 18 19 18 19 19 19 19 19 19 19 19 19 19 19 19 19 19 19 19 20 19 18 18 17 17 18 18 18 18 18 18 17 18 18 18 18 18 18 18 18 19 19 19 19 18 18 18 18 18 18 18 18 18 18 18 18 18 18 18 18 18 18 18 18 18 18 18 18 17 17 17 17 17 17 17 17 17 17 17 17 17 17 17 17 17 17 17 17 17 17 10 10 10 10 10 10 10 11 11 11 11 11 11 11 11 10 11 11 12 11 11 11 12 12 12 13 13 12 11 11 11 11 12 12 13 12 12 12 11 11 11 11 12 12 12 12 12 11 11 11 11 11 12 12 11 11 11 11 11 11 10 10 11 11 11 12 11 11 11 11 10 11 11 11 11 11 11 11 11 11 11 11 11 11 11 11 11 11 11 11 11 11 11 11 11 11 11 12 11 11 11 11 11 11 11 11 12 12 12 12 11 11 11 11 12 12 11 11 12 12 12 12 12 12 12 12 12 13 13 13 12 12 13 12 12 13 13 13 13 13 12 12 12 12 12 12 13 13 12 13 13 13 13 13 13 13 13 13 13 13 13 13 13 13 13 13 13 13 13 13 13 13 13 14 14 14 14 15 15 15 15 16 16 15 15 16 16 16 16 16 16 16 16 16 16 16 16 16 16 16 16 16 16 16 16 16 16 16 16 16 17 17 17 17 17 17 17 16 17 17 17 17 17 17 17 17 17 17 17 17 17 17 17 17 17 17 17 17 17 17 17 17 17 17 18 17 17 17 18 17 18 18 18 18 18 18 18 18 18 18 18 18 18 18 18 18 18 17 17 17 17 18 18 19 19 19 19 18 18 18 18 18 18 18 18 18 17 18 18 18 17 17 17 18 18 18 18 18 18 18 19 19 18 18 19 18 19 19 19 19 19 19 19 19 19 19 18 19 19 19 19 19 19 19 20 19 18 17 18 18 18 18 19 19 18 18 18 18 18 18 18 18 18 18 18 19 18 18 18 18 18 18 18 18 18 19 18 18 18 18 18 18 18 18 18 18 18 18 18 18 17 17 17 17 17 18 18 17 17 17 17 17 17 17 17 17 17 17 17 17 17 17 17 17 10 10 10 10 10 11 11 11 11 11 10 10 11 12 12 12 12 12 12 12 12 12 12 13 13 12 12 11 11 12 12 13 13 13 13 12 12 11 11 11 12 12 12 12 12 12 11 11 11 12 12 11 11 11 11 11 11 10 10 11 11 12 12 12 11 12 12 11 11 11 11 11 12 11 11 11 12 11 12 12 12 11 11 11 11 11 11 12 12 12 12 12 11 11 11 11 11 11 11 11 11 11 11 11 12 12 12 11 12 11 11 12 12 12 12 12 12 11 11 12 12 12 12 12 12 12 12 13 12 13 12 13 13 13 13 13 12 12 12 12 12 12 12 13 13 13 13 13 13 13 13 13 13 13 13 13 13 13 13 13 13 13 13 13 13 13 13 13 14 14 14 14 14 14 15 16 16 15 16 16 16 16 16 16 16 16 16 16 16 16 16 16 16 16 16 16 16 16 16 16 16 16 16 16 16 16 16 17 17 17 17 16 17 17 17 17 17 17 17 17 17 17 17 17 17 17 17 17 17 17 17 17 17 17 17 17 17 17 17 17 17 18 17 17 17 17 17 17 18 18 18 18 18 18 18 18 18 18 18 18 18 18 18 17 17 17 17 17 18 18 19 19 19 19 18 18 18 18 18 18 18 17 18 18 17 18 18 18 18 18 18 18 18 18 18 18 18 19 19 19 18 19 19 19 19 19 19 20 19 19 19 19 19 19 18 19 19 19 19 19 19 19 19 19 18 18 18 19 19 19 19 18 17 18 18 18 18 18 18 18 18 18 18 19 19 19 18 18 18 18 18 18 19 19 18 18 18 18 18 18 18 18 18 18 18 18 18 18 18 18 18 18 18 18 17 17 17 17 17 17 17 17 17 17 17 17 17 17 17 17 10 10 10 10 11 10 11 10 10 11 11 11 12 12 12 12 12 12 12 12 13 13 13 13 13 13 12 12 12 12 13 13 13 12 11 11 11 12 12 12 12 12 12 11 11 12 12 12 12 12 12 12 11 11 11 11 10 11 11 12 12 12 12 12 12 12 12 11 11 11 11 12 11 11 11 11 11 11 11 11 11 12 12 12 12 12 12 12 11 11 11 11 11 11 11 11 11 12 11 11 11 11 11 12 12 12 12 11 11 11 12 12 12 12 12 12 12 12 12 12 12 12 12 12 12 12 13 13 13 13 13 13 13 12 12 12 13 12 13 13 13 13 13 13 13 13 13 13 13 13 13 13 13 13 13 13 13 13 13 13 13 13 13 13 13 14 14 14 13 13 14 14 16 16 16 16 16 16 16 16 16 16 16 16 16 16 16 16 16 16 16 16 16 16 16 16 16 16 16 17 16 16 16 16 17 17 17 17 17 17 17 17 17 17 17 17 17 17 17 17 17 17 17 17 17 17 17 17 17 17 17 17 17 17 17 17 17 17 18 18 17 17 17 18 18 18 18 18 18 18 18 18 18 18 18 18 18 18 18 18 17 17 17 17 17 17 18 19 19 19 19 19 18 18 18 18 18 18 18 18 18 18 18 18 18 18 18 18 18 18 18 19 19 19 19 19 19 19 19 19 19 19 19 19 19 19 19 19 19 19 18 19 19 18 19 19 19 19 19 19 19 19 20 19 18 18 19 19 19 18 17 18 18 18 18 18 18 18 18 18 18 19 19 19 18 18 18 18 18 18 18 18 19 18 18 18 18 18 18 18 18 18 18 18 18 18 18 18 18 18 18 18 17 17 17 17 17 17 17 17 17 17 17 17 17 17 10 10 10 10 11 10 11 11 11 11 11 12 12 12 12 11 12 12 13 13 13 13 13 13 13 13 14 14 14 14 14 14 13 13 12 12 12 12 12 13 13 13 13 12 12 12 13 13 13 13 13 12 12 12 12 12 11 12 12 13 13 13 13 13 13 13 12 12 12 12 12 11 11 11 12 12 12 12 12 11 12 12 12 13 12 12 12 12 11 11 11 11 11 11 11 11 12 12 12 11 11 11 12 12 12 12 12 12 12 12 12 12 12 12 13 12 12 12 12 12 12 12 12 12 12 12 13 13 13 13 13 13 12 12 13 13 12 13 13 13 13 13 13 12 13 13 13 13 13 13 13 13 13 12 12 12 12 13 13 13 13 13 13 13 13 13 13 13 13 13 13 14 14 14 14 14 14 15 14 15 15 15 15 15 14 14 15 15 15 15 15 15 15 15 15 15 15 15 15 15 15 15 15 15 15 15 15 15 15 15 15 15 15 15 16 15 15 15 16 16 16 17 17 17 17 17 17 17 17 17 17 17 17 17 17 18 17 18 18 18 18 17 18 18 18 18 18 18 18 18 18 18 18 18 18 18 18 18 18 17 17 17 17 17 18 18 19 19 19 19 19 19 19 19 19 19 19 19 19 19 19 19 19 19 18 19 20 20 20 20 20 20 20 19 20 20 20 20 20 20 19 20 20 20 20 20 20 19 19 19 19 19 19 19 19 19 20 19 19 19 19 20 20 20 19 19 20 19 19 19 19 19 19 19 19 19 19 19 20 20 19 20 20 20 19 19 19 19 19 19 19 19 19 19 19 19 19 19 19 19 19 19 19 19 19 19 19 18 18 18 18 18 18 18 18 17 18 18 18 18 18 18 18 18 18 10 10 10 11 10 11 10 10 10 11 12 12 13 13 11 12 12 13 13 13 13 13 14 14 14 14 14 14 14 14 14 14 14 13 13 13 13 13 13 13 13 13 12 13 13 13 13 13 13 13 13 13 12 12 12 12 11 12 12 12 13 13 13 13 13 12 12 12 12 12 12 12 12 12 12 12 12 12 12 11 12 12 12 12 12 12 12 12 12 11 12 12 11 11 11 11 11 11 11 11 11 12 12 12 12 12 12 12 12 12 12 12 12 12 13 12 12 12 12 13 12 12 12 12 12 12 12 13 13 13 13 13 13 13 13 12 13 14 13 13 13 12 12 13 13 13 13 13 13 13 13 13 13 13 13 13 13 13 13 13 13 13 13 13 13 13 14 14 14 14 14 14 14 14 15 15 15 14 15 15 15 15 15 15 15 15 15 15 15 15 15 15 15 15 15 15 15 15 15 15 15 15 15 15 15 15 15 15 15 15 15 15 16 16 15 15 16 16 16 16 17 17 17 17 17 17 17 17 17 17 17 17 18 17 18 18 18 18 18 18 18 18 18 18 18 18 18 18 18 18 18 18 18 18 18 18 18 18 18 18 17 17 18 18 18 19 19 19 20 20 19 19 19 19 19 19 20 20 19 19 19 19 19 19 19 19 19 20 20 20 20 20 20 20 20 20 20 20 20 20 20 20 20 20 20 20 19 19 19 19 19 19 19 19 19 19 19 19 19 19 19 19 19 19 19 19 20 20 19 19 19 19 19 19 19 19 19 20 20 20 20 20 20 20 19 19 19 19 19 19 19 19 19 19 19 19 19 19 19 19 19 19 19 19 19 19 19 18 18 18 18 18 18 18 18 18 17 17 17 17 17 18 18 18 18 10 10 10 10 10 10 11 11 11 11 11 11 11 12 12 13 13 13 13 14 14 14 14 14 14 14 14 14 14 14 13 13 14 14 14 14 13 13 13 13 13 13 13 13 13 13 13 13 13 13 12 12 12 12 13 12 12 12 12 12 12 12 13 12 12 13 13 13 13 12 12 12 12 12 12 12 12 12 12 12 12 12 12 12 12 12 12 13 13 12 13 13 12 12 12 12 12 12 12 13 13 13 13 12 12 12 12 12 12 12 13 13 13 12 12 12 13 12 12 13 12 12 12 12 13 13 13 13 13 13 13 14 13 13 14 14 13 13 13 13 13 13 13 13 13 13 13 13 13 13 13 13 13 13 13 14 14 13 13 13 14 14 14 14 14 14 14 14 14 15 15 15 15 15 15 15 15 15 15 15 15 15 15 15 15 15 15 15 15 15 15 15 15 15 15 15 15 15 15 15 15 15 15 15 15 15 15 15 15 15 16 16 15 16 16 16 16 18 17 17 17 18 17 18 17 17 17 18 18 18 18 18 18 18 18 18 18 18 18 18 18 18 18 18 19 18 18 18 18 18 18 18 18 18 18 18 18 18 18 18 18 18 19 19 20 20 20 20 20 20 20 20 20 20 20 19 19 19 19 19 19 20 20 19 20 20 19 19 20 19 20 20 20 20 20 20 20 20 20 20 20 20 20 19 19 19 20 20 20 20 19 19 19 19 19 19 19 19 19 19 19 19 19 19 20 20 19 19 19 19 19 19 20 20 20 20 20 20 20 20 19 19 19 19 19 19 19 19 19 19 19 19 19 19 19 19 19 19 19 19 19 19 19 18 18 19 19 18 18 18 18 18 18 18 18 18 18 18 18 18 18 10 10 11 11 11 11 10 11 11 12 11 12 12 12 12 13 13 13 14 14 14 14 14 14 14 14 14 14 14 14 14 14 14 14 14 13 13 13 13 13 13 13 13 13 13 13 12 12 12 12 13 13 12 13 13 12 12 13 13 13 13 13 13 13 13 13 13 13 13 12 12 12 12 12 12 12 12 12 12 12 12 12 12 13 13 13 13 13 14 13 14 13 13 13 13 13 13 13 13 13 13 13 13 12 12 12 12 13 13 13 13 13 13 13 12 13 13 13 13 13 13 13 13 13 13 14 13 13 14 14 14 14 14 13 13 14 13 13 13 13 13 13 13 13 12 13 13 14 13 13 14 13 14 14 14 14 14 14 14 14 14 14 14 14 15 15 15 15 15 15 15 15 15 15 15 15 15 15 15 15 14 15 15 15 15 15 15 15 15 15 15 15 15 15 15 15 15 15 15 15 15 15 15 15 15 15 15 15 16 16 16 16 16 16 18 17 17 18 18 18 18 18 18 18 18 18 18 18 18 18 18 18 18 18 18 18 18 18 18 18 18 18 19 18 18 18 18 18 18 18 18 19 18 18 18 18 18 18 19 19 19 20 20 20 20 21 20 20 20 20 20 20 20 20 20 20 20 20 20 20 19 20 20 20 20 20 20 20 20 20 20 20 20 20 20 20 20 20 20 20 20 19 19 20 20 20 20 20 19 19 19 19 19 19 19 18 19 19 19 19 19 19 19 20 20 19 19 19 19 20 20 20 20 20 20 20 20 19 19 19 19 19 19 19 19 19 19 19 19 19 19 19 19 19 19 19 19 19 18 18 18 19 19 19 18 18 18 18 18 18 18 18 18 18 18 18 18 18 11 11 11 11 11 11 11 12 13 13 13 13 13 13 13 14 14 14 14 14 14 14 14 14 14 14 14 14 14 14 14 14 15 14 13 13 13 13 13 13 13 13 13 13 13 12 12 13 13 13 13 12 13 13 12 12 13 13 13 13 13 14 14 14 14 14 14 13 13 13 13 12 12 12 12 12 12 12 13 13 13 13 13 14 14 14 13 13 14 13 14 13 13 13 13 13 13 12 13 13 13 13 12 12 12 12 12 13 13 13 13 13 12 12 12 12 13 13 13 13 13 13 13 14 14 14 15 14 15 15 14 13 13 13 13 13 13 13 13 13 13 13 13 13 13 13 14 14 14 14 14 14 14 14 14 14 14 14 14 14 14 14 14 15 15 15 15 15 15 15 15 15 15 15 15 15 15 15 15 15 15 15 15 15 15 15 15 15 15 15 15 15 15 15 15 15 15 15 15 15 15 16 16 15 15 15 16 16 16 16 16 16 16 18 18 18 18 18 18 18 18 18 18 18 18 18 18 18 18 18 18 18 18 18 18 18 18 18 18 18 18 18 18 18 18 18 18 18 18 18 19 19 19 19 19 19 19 19 19 20 20 20 20 20 20 20 21 20 20 20 20 20 20 20 20 21 20 20 19 20 20 20 20 20 20 20 20 20 20 20 20 20 20 20 20 20 20 20 21 20 20 19 19 19 20 20 19 19 19 19 19 19 19 19 18 19 18 19 19 19 19 19 19 20 20 19 19 19 19 19 20 20 20 20 19 19 19 19 19 19 19 19 19 19 19 19 19 19 19 19 19 19 19 19 19 19 19 18 19 19 19 19 19 18 18 18 18 18 18 18 18 18 18 18 18 18 18 11 11 11 11 11 11 11 11 12 12 13 13 13 14 14 14 14 13 14 14 14 14 14 14 13 13 13 13 13 14 14 14 14 14 14 14 14 14 13 13 13 13 13 13 12 12 12 12 13 13 13 14 13 13 13 13 13 13 13 14 14 14 14 14 14 14 14 14 14 13 13 14 13 13 13 13 12 12 12 13 13 13 14 14 14 14 14 13 13 14 13 14 14 13 13 13 13 13 13 13 12 13 13 13 13 13 12 12 13 13 13 13 13 13 12 12 12 13 13 13 13 13 13 13 13 13 14 14 14 14 15 14 13 13 13 13 13 13 14 14 13 13 13 13 13 13 13 14 14 14 14 14 14 14 14 14 14 14 14 14 14 14 14 14 15 15 15 15 15 15 15 15 15 15 15 15 15 15 15 15 15 15 15 15 15 15 15 15 15 15 15 15 15 15 15 15 15 15 15 15 15 15 15 16 16 15 16 16 16 16 16 16 16 16 18 18 18 18 18 18 18 18 18 18 18 18 18 18 18 18 18 18 18 18 18 18 18 18 18 18 18 18 18 18 18 18 18 18 18 18 18 18 19 19 19 19 19 19 19 20 20 20 20 21 20 21 21 21 21 21 21 21 21 21 20 20 20 20 20 20 20 20 20 20 20 20 20 20 20 20 20 20 20 20 20 20 21 20 20 20 19 19 19 19 19 19 20 20 19 19 19 19 20 20 19 19 19 18 18 19 19 19 19 19 19 20 20 19 19 19 19 19 20 20 20 19 19 19 19 19 19 19 19 19 19 19 19 19 19 19 19 19 19 19 19 19 19 18 18 18 18 18 18 18 18 18 18 18 18 18 18 18 17 18 18 18 18 18 11 11 12 12 12 12 12 12 12 12 13 14 14 14 14 14 14 14 14 14 14 14 13 13 13 13 13 13 14 14 14 14 14 14 14 14 14 14 13 13 13 13 13 13 13 13 14 14 14 14 14 13 13 13 13 13 13 14 14 14 14 14 14 14 14 14 14 14 14 14 14 14 13 13 13 13 13 13 14 14 14 14 14 14 14 13 13 13 14 14 14 13 13 13 13 13 13 13 13 13 13 13 13 13 13 13 13 13 13 13 13 13 13 13 13 13 14 14 14 14 14 14 13 13 14 14 14 15 14 14 14 13 14 13 13 14 14 14 13 13 14 14 13 13 14 14 14 14 14 14 14 14 14 14 14 14 14 14 14 14 14 15 15 15 15 15 15 15 15 15 15 15 15 15 15 15 15 15 15 15 15 15 15 15 15 15 15 15 15 15 15 15 15 15 16 16 15 15 15 15 15 16 16 15 15 16 16 16 16 16 16 18 18 18 18 18 18 18 18 18 18 18 18 18 18 18 18 18 18 18 18 18 18 18 18 18 18 18 18 18 19 18 18 18 18 18 18 18 18 18 18 18 18 18 19 19 19 19 19 20 20 20 20 21 21 21 21 21 21 21 21 20 20 20 20 20 20 20 20 20 20 21 21 21 20 20 20 20 20 20 20 19 19 20 19 19 19 19 19 19 19 19 19 19 20 19 19 19 19 19 19 19 19 19 19 19 19 19 19 19 19 19 20 20 19 19 19 19 19 20 20 20 19 19 19 19 19 19 19 19 19 19 19 19 19 19 19 19 19 19 19 19 19 18 18 18 18 18 18 18 18 17 18 18 18 18 18 18 18 18 18 18 18 18 11 11 11 12 12 12 11 11 11 12 12 12 13 14 14 14 14 14 14 14 14 14 14 13 13 13 13 14 14 14 14 14 14 14 14 14 14 14 14 14 14 14 14 14 14 13 13 13 14 14 13 13 13 13 14 14 14 14 14 14 14 14 14 14 14 14 14 14 14 14 14 14 14 14 14 14 13 14 14 14 14 14 14 14 14 14 14 13 13 13 13 13 13 13 13 13 13 13 13 13 13 14 13 13 13 13 13 13 13 13 13 13 13 14 14 14 14 14 14 14 14 14 13 14 14 14 14 14 14 14 14 14 14 14 14 14 14 14 14 14 14 14 14 14 14 14 14 14 14 14 14 14 14 14 14 14 14 14 14 14 14 15 15 15 15 15 15 15 15 15 15 15 15 15 15 15 15 15 15 15 15 15 15 15 16 16 15 16 15 15 15 16 16 16 16 15 15 15 16 16 15 16 16 16 16 16 16 16 16 16 16 18 18 18 18 18 18 18 18 18 18 18 18 18 18 18 18 18 18 18 18 18 18 18 18 18 18 18 19 18 18 18 18 18 18 18 19 18 18 18 18 18 18 18 18 18 18 18 18 18 19 19 19 19 20 20 20 20 20 20 21 20 20 20 20 20 21 21 21 21 21 21 21 21 21 21 21 20 20 20 20 19 19 19 19 19 19 19 19 20 19 19 19 19 20 20 19 19 19 19 19 19 19 19 19 19 19 19 19 19 19 19 19 20 19 19 19 19 20 20 20 20 20 19 19 19 19 19 19 19 19 19 19 19 19 19 19 19 19 19 19 19 19 19 18 18 18 18 18 18 18 17 17 18 18 18 18 18 18 18 18 18 18 18 11 11 11 11 11 11 12 12 12 12 11 12 13 12 13 13 14 14 14 14 13 13 13 13 14 14 14 14 14 14 14 14 14 14 14 14 14 14 14 14 14 14 14 13 13 13 13 13 13 13 13 13 14 14 14 14 14 14 14 15 14 14 14 14 14 14 14 14 14 14 14 14 14 14 14 14 14 14 14 14 14 14 14 14 14 14 14 14 14 14 13 13 13 13 13 13 13 13 13 13 13 14 14 13 14 14 14 13 13 14 14 14 14 14 14 14 14 14 14 14 14 14 14 14 14 14 14 14 14 14 14 14 14 14 14 14 14 14 14 14 14 14 14 14 14 14 14 14 14 14 14 14 14 14 14 14 14 14 14 14 15 15 15 15 15 15 15 15 15 15 15 15 15 15 15 15 15 15 15 15 15 15 15 15 16 16 16 16 15 15 16 16 16 16 15 15 16 16 16 16 15 16 16 16 16 16 16 16 16 16 18 18 18 18 18 18 18 18 18 18 18 18 18 18 18 18 18 18 18 18 18 18 18 18 18 18 18 19 19 18 18 18 18 18 18 18 18 18 18 18 18 19 19 19 18 18 18 18 18 19 19 19 19 20 19 20 20 19 20 21 21 20 20 21 21 21 21 21 21 21 21 21 21 21 21 21 21 21 21 20 20 19 19 19 19 19 20 19 19 19 19 19 19 20 20 20 20 20 20 19 19 19 19 19 19 19 19 19 19 19 19 19 19 19 19 19 19 19 20 20 20 20 20 20 19 19 19 19 19 19 19 19 19 19 19 19 19 19 19 19 19 19 19 18 18 18 18 18 18 18 18 17 17 18 18 18 18 18 17 18 18 18 18 18 11 11 11 12 12 12 12 12 12 11 12 12 12 12 12 12 12 13 14 13 13 13 13 13 13 14 14 14 14 14 14 15 15 14 14 14 13 13 13 14 14 14 14 13 13 13 13 13 13 13 13 14 14 14 13 13 13 14 14 14 14 14 14 14 14 14 14 14 14 14 14 14 14 14 14 14 14 14 14 14 14 14 14 14 14 14 14 14 14 14 13 13 13 13 13 13 13 13 14 13 14 14 14 14 14 14 14 14 14 14 14 14 14 14 14 14 14 14 14 14 14 14 14 14 15 14 13 14 14 14 14 14 14 14 14 14 14 14 14 14 14 14 14 14 14 14 14 14 14 14 14 14 14 14 14 14 14 14 14 15 15 15 15 15 15 15 15 15 15 15 15 15 15 15 15 15 15 15 15 15 15 15 15 15 16 16 15 15 16 16 16 16 16 16 16 16 16 16 16 16 16 16 16 16 16 16 16 16 16 18 18 18 18 18 18 18 18 18 18 18 18 18 18 18 18 18 18 18 18 18 18 18 18 18 18 18 19 18 18 18 18 18 18 18 18 18 18 19 18 18 18 19 19 20 19 18 18 18 18 18 19 19 19 19 19 19 20 20 21 21 21 20 20 20 20 20 21 22 22 21 21 21 22 21 21 21 21 21 21 20 19 18 19 19 19 20 19 19 19 19 19 19 19 19 20 20 20 20 20 19 18 18 19 19 19 19 19 19 19 19 19 19 19 19 19 19 19 20 20 20 20 20 20 20 19 19 19 19 19 19 19 19 19 19 19 19 19 19 19 19 19 18 18 18 18 18 18 18 18 18 18 17 18 18 18 17 17 17 18 18 18 18 18 10 11 11 11 11 12 12 11 11 11 12 12 12 12 12 12 13 13 14 14 13 13 13 13 13 13 14 14 14 14 14 14 14 14 14 13 13 13 14 13 14 14 14 13 13 13 14 13 13 14 14 14 14 13 13 14 14 14 13 13 14 14 14 14 14 14 14 14 14 14 14 14 14 14 14 14 14 14 14 14 14 14 14 14 14 14 14 14 14 14 13 13 13 13 14 13 13 13 14 14 14 14 14 14 14 14 14 14 14 14 14 14 14 14 14 14 14 14 14 14 14 14 14 15 14 14 14 14 14 14 14 14 14 14 14 14 14 14 14 14 14 14 14 14 14 14 14 14 14 14 14 14 14 14 14 14 14 14 15 15 15 15 15 15 15 15 15 15 15 15 15 16 15 15 15 15 15 15 15 15 15 16 16 16 15 15 16 16 16 16 16 16 16 16 16 16 16 16 16 16 16 16 16 16 16 16 16 16 18 18 18 17 18 18 18 18 18 18 18 18 18 18 18 18 18 18 18 18 18 18 18 18 18 18 19 19 19 19 19 18 18 18 18 18 18 19 19 19 18 18 19 19 19 19 19 19 20 20 20 19 19 19 19 19 19 20 20 20 20 20 20 20 20 20 21 21 21 22 21 21 21 21 21 21 21 21 22 21 21 20 19 18 19 19 20 20 20 20 20 19 19 19 19 20 20 20 20 20 19 19 19 19 19 20 19 19 19 19 19 19 19 19 19 19 19 20 20 20 19 20 20 20 20 19 19 19 19 19 19 19 19 19 19 19 19 19 19 19 19 19 18 18 18 18 18 19 18 18 18 17 17 17 17 18 17 17 17 18 18 18 18 18 11 12 11 11 12 11 12 12 12 13 13 14 14 14 13 13 13 13 14 14 14 14 14 14 14 14 14 14 14 14 14 14 14 14 14 14 14 14 13 14 14 14 14 14 14 14 13 14 14 14 14 14 14 14 14 14 14 14 14 14 14 14 14 14 14 14 14 14 14 14 14 14 14 14 14 14 14 14 14 14 14 14 14 14 14 14 13 13 14 14 13 14 14 14 14 14 14 14 14 14 14 14 14 14 14 14 14 14 14 14 14 14 14 14 14 14 14 14 14 14 14 14 14 14 14 14 14 14 14 14 14 14 14 14 14 14 14 14 14 14 14 14 14 14 14 14 14 14 14 14 14 15 15 15 15 15 15 15 15 15 15 15 15 15 15 15 15 15 15 15 15 15 15 15 16 16 16 16 16 16 16 16 16 16 16 16 16 16 16 16 16 16 16 16 16 15 16 16 16 16 16 18 18 17 17 18 18 18 18 18 18 18 18 18 18 18 18 18 18 18 18 18 18 18 18 19 19 18 18 18 19 19 18 18 19 18 18 18 18 19 19 19 19 19 19 18 18 19 19 19 20 20 20 19 19 19 19 20 20 20 20 20 20 20 21 21 20 20 21 21 21 21 21 21 21 21 22 22 22 22 21 21 20 19 18 19 19 19 20 20 20 20 20 19 19 19 20 20 19 20 20 20 19 19 19 19 20 20 19 19 19 19 19 19 19 19 19 19 20 20 20 19 19 19 20 20 20 19 19 19 19 19 19 19 19 19 19 19 19 19 19 19 18 18 18 18 19 19 19 19 18 18 17 17 18 17 17 17 17 18 18 18 18 18 18 19 11 11 11 12 12 12 13 13 13 13 13 14 14 13 13 13 14 14 14 14 14 14 14 14 14 14 14 14 14 14 14 14 14 14 14 14 14 14 14 14 14 14 14 14 14 14 14 14 14 14 14 14 14 14 14 14 14 14 14 14 14 14 14 14 15 14 14 14 14 14 14 14 14 14 14 14 14 14 14 14 14 14 14 14 14 14 14 13 13 13 13 14 14 14 14 14 14 14 14 14 14 14 14 14 14 14 14 14 14 14 14 14 14 14 14 14 14 14 14 14 15 14 14 14 14 14 14 14 14 14 14 14 14 14 14 14 14 14 14 14 14 14 14 15 15 14 14 15 14 14 15 15 15 15 15 15 15 15 15 16 16 16 16 16 16 16 16 15 15 15 16 15 15 15 16 16 16 16 16 16 16 16 16 16 15 15 15 16 16 16 16 16 16 16 16 15 15 16 16 16 18 18 17 17 17 17 18 18 18 18 18 18 18 18 18 18 18 18 18 18 18 19 18 18 18 18 18 18 18 19 18 18 18 19 19 19 19 19 19 19 19 20 19 19 19 19 19 19 19 19 19 19 20 20 21 20 20 21 21 21 20 20 20 20 21 21 21 21 21 21 21 21 21 21 22 22 22 22 22 21 21 20 19 18 19 19 19 19 20 20 20 20 20 20 19 19 19 19 19 20 20 20 19 20 20 19 19 19 19 19 19 19 19 19 19 19 19 20 20 20 20 19 19 19 19 19 19 19 19 19 19 19 19 19 19 19 19 19 19 19 18 18 18 18 18 19 19 19 19 19 18 18 18 18 18 18 18 18 18 18 19 19 18 11 11 11 12 11 12 13 12 12 13 14 14 14 14 13 13 13 14 14 14 14 14 14 14 14 14 14 14 14 14 14 14 14 14 14 14 14 14 14 14 14 14 14 14 14 14 14 14 14 15 14 14 14 14 14 14 14 14 14 15 14 14 14 15 15 15 14 14 14 14 14 14 14 14 14 14 14 14 14 14 14 14 14 14 14 14 14 14 13 13 14 14 14 14 14 14 14 14 14 14 14 14 14 14 14 14 14 14 14 14 14 14 14 14 14 14 14 14 14 14 14 14 14 14 14 14 14 14 14 14 14 14 15 15 15 14 14 14 14 14 14 15 15 15 15 15 15 15 15 14 15 15 15 15 15 15 15 15 15 16 16 16 16 16 16 16 16 15 15 15 16 16 16 16 16 16 16 16 16 16 16 16 16 16 16 16 16 16 16 16 16 16 16 16 16 16 16 16 16 16 17 17 18 18 18 18 18 18 18 18 18 18 18 18 18 18 18 18 18 18 19 19 18 18 18 18 18 18 18 18 18 19 18 18 19 19 19 19 19 19 19 19 19 19 19 20 19 20 20 20 20 20 20 20 20 20 20 20 21 21 21 21 20 20 20 21 21 21 21 21 21 21 21 22 22 22 22 22 21 21 21 21 19 18 19 19 19 20 20 20 20 20 20 20 20 20 19 19 19 20 20 20 20 20 20 20 19 19 19 19 19 19 19 19 19 19 19 20 20 20 20 19 19 19 19 19 19 19 19 19 19 19 19 19 19 19 19 19 18 18 18 19 19 19 19 19 19 19 19 18 18 18 18 18 18 18 18 12 12 12 13 13 13 13 14 14 14 13 13 13 14 14 14 14 14 14 14 14 14 14 14 14 14 14 14 14 14 14 14 14 14 14 14 14 14 14 14 14 14 14 14 14 15 14 14 14 14 14 14 14 14 15 15 14 15 15 15 15 14 14 14 14 14 14 14 14 14 14 14 14 14 14 15 15 15 15 15 15 14 14 14 14 14 14 14 14 14 14 14 14 14 15 14 14 14 14 14 14 14 14 14 14 14 14 14 14 14 14 14 15 14 14 14 14 14 14 14 14 14 14 14 14 14 15 15 15 15 15 15 15 15 14 14 15 15 15 15 15 15 15 15 15 15 15 15 15 16 16 15 15 15 15 15 16 16 16 16 16 16 15 15 15 16 16 16 16 16 16 16 16 16 16 16 16 16 16 16 16 16 16 16 16 16 16 16 16 16 16 16 16 16 16 18 18 18 18 18 18 18 18 18 18 18 18 18 18 18 18 18 18 18 18 18 18 19 19 19 19 19 19 18 18 18 19 19 18 19 19 18 19 19 19 19 19 19 19 20 20 20 20 20 21 21 20 20 20 20 20 20 20 20 21 21 21 21 21 20 21 22 22 22 21 21 21 21 21 21 21 22 22 21 21 21 21 20 19 19 19 19 19 20 20 20 20 20 20 20 20 20 20 19 19 19 19 20 20 20 20 19 19 19 19 19 19 19 19 19 19 20 20 20 19 20 20 19 19 19 19 19 19 19 19 19 19 19 19 19 19 19 18 19 19 19 19 19 19 19 19 19 19 19 19 18 18 18 18 12 12 12 12 12 13 13 12 13 14 14 13 13 14 14 15 15 14 14 14 14 14 14 14 14 14 14 14 14 14 14 14 14 14 14 14 14 14 14 14 14 14 14 14 14 15 15 14 15 15 15 15 15 14 14 14 15 14 14 14 14 14 14 14 14 14 14 14 14 14 14 14 14 14 14 14 14 14 15 15 15 15 15 15 14 14 14 14 14 14 14 14 14 14 14 15 14 14 14 14 14 14 14 14 14 14 14 14 14 14 14 14 14 14 14 14 14 14 14 14 14 14 14 14 14 14 15 15 15 14 15 15 15 15 15 15 15 15 15 15 15 15 15 15 15 15 15 15 15 16 16 16 16 16 15 15 15 16 16 16 16 16 15 16 16 15 16 16 16 16 16 16 16 16 16 16 16 16 16 16 16 16 16 16 16 16 16 16 16 16 16 16 16 16 16 16 18 18 18 18 18 18 18 18 18 18 18 18 18 18 18 18 18 18 18 18 18 18 19 19 19 19 19 19 19 19 19 19 19 18 19 18 19 19 19 19 19 19 19 19 20 20 20 20 21 21 21 21 21 21 21 20 20 20 20 20 21 21 21 22 21 22 22 21 21 21 21 21 21 21 21 22 22 22 21 21 21 21 20 19 19 19 19 20 20 20 20 20 20 20 20 20 20 20 20 20 19 19 20 20 20 20 20 19 19 19 19 19 19 19 19 19 20 20 19 19 19 19 19 19 19 19 19 19 19 19 19 19 19 19 19 19 18 18 19 19 19 19 19 19 19 19 19 19 19 19 18 18 18 18 19 12 13 13 13 12 12 12 13 13 14 14 13 13 14 14 14 14 14 15 14 14 14 14 14 14 14 14 14 14 14 14 14 14 14 14 14 14 14 14 14 14 14 14 14 15 15 15 15 15 15 15 15 14 14 14 14 14 14 14 14 14 14 14 14 14 14 14 14 14 14 14 14 14 14 14 14 14 14 15 15 15 15 15 15 15 14 14 14 14 14 14 15 15 15 15 15 14 14 14 14 14 14 14 14 14 14 14 14 14 14 14 14 14 14 14 14 14 14 14 14 14 14 15 14 14 15 14 14 15 14 15 15 15 15 15 15 15 15 15 15 15 15 15 15 15 15 15 16 16 16 16 16 16 16 16 16 16 16 16 16 16 16 16 16 16 16 16 16 16 16 16 16 16 16 16 16 16 16 16 17 17 17 16 16 16 16 16 16 16 16 16 16 16 16 16 16 18 18 18 18 18 18 18 18 18 18 18 18 18 18 18 18 18 18 18 18 18 18 19 19 19 18 19 19 19 19 19 19 19 19 19 19 19 20 19 19 19 19 19 19 19 20 20 20 20 20 20 20 20 20 21 21 21 21 21 21 20 20 21 22 22 22 22 21 21 21 21 21 21 21 21 21 21 21 21 21 21 21 20 19 19 19 19 19 19 20 20 20 20 20 20 20 20 20 20 20 20 20 20 20 20 20 20 20 19 19 19 19 19 19 19 19 19 19 19 19 19 19 19 19 19 19 19 19 19 19 19 19 19 19 19 19 19 19 19 19 20 20 19 20 19 19 19 19 19 19 18 18 19 19 19 12 13 14 13 13 12 12 13 14 13 13 14 14 13 13 14 14 14 15 15 14 14 14 14 14 14 14 14 14 14 14 14 14 14 14 14 14 14 14 15 15 15 15 15 15 15 15 15 15 15 15 15 14 14 14 14 14 14 14 14 14 14 14 14 14 14 14 14 14 14 14 14 14 14 14 14 14 15 15 15 15 15 15 15 15 14 14 14 14 14 14 15 14 15 15 14 14 14 14 14 14 14 14 15 15 15 15 15 15 15 14 14 14 14 14 14 14 14 14 14 15 15 15 15 15 15 14 15 15 15 15 15 15 15 15 15 15 15 15 15 15 15 15 15 15 16 16 16 16 16 16 16 16 16 16 16 16 16 16 16 16 16 16 16 16 16 16 16 16 16 16 16 17 17 16 16 16 17 16 16 16 16 16 16 16 16 16 16 16 16 16 16 16 16 16 18 18 18 18 18 18 18 18 18 18 18 18 18 18 18 18 18 18 18 18 18 19 19 18 18 18 18 19 19 19 19 19 19 19 20 19 19 19 19 19 19 19 19 19 19 20 20 20 20 20 21 21 21 21 20 20 21 21 21 21 21 21 21 22 21 21 21 21 21 21 22 21 21 21 21 21 21 21 21 21 20 20 20 19 19 19 19 19 19 20 20 20 20 20 20 20 20 20 20 20 20 20 20 20 20 20 20 20 20 20 19 19 20 20 19 19 19 20 19 19 19 19 19 19 19 20 20 19 19 19 19 19 19 19 19 19 19 19 19 20 20 20 20 20 20 20 20 20 20 19 19 19 19 19 12 13 12 13 13 13 13 13 13 12 12 13 13 13 13 13 13 14 14 15 15 15 15 15 15 15 14 14 14 14 14 14 14 14 14 14 14 14 14 14 14 14 15 15 15 15 15 15 15 15 15 15 15 15 15 15 15 15 14 14 14 14 14 14 14 14 14 15 15 14 14 14 14 14 15 14 14 14 15 15 15 15 15 15 15 15 15 15 15 14 14 14 15 14 14 14 14 15 15 14 14 14 14 14 14 14 15 15 15 15 15 15 15 15 14 14 14 14 14 15 14 14 14 15 15 15 15 15 15 14 15 15 15 15 15 15 15 15 15 15 15 15 15 15 15 15 15 15 16 16 16 16 16 16 16 16 16 16 16 16 16 16 16 16 16 16 16 16 16 16 16 16 17 17 17 17 17 17 17 17 17 17 16 16 16 16 16 16 16 16 16 16 16 16 16 16 16 16 18 18 18 18 18 18 18 18 18 18 18 18 18 18 18 18 18 18 18 18 19 19 19 18 18 18 18 19 19 19 19 19 19 19 19 19 19 19 20 20 20 20 20 20 20 20 20 20 20 20 20 20 21 21 21 21 21 21 21 21 22 21 21 22 22 21 21 21 21 21 21 21 21 21 21 21 21 21 21 20 20 20 20 20 20 19 19 19 19 20 20 20 20 20 20 20 20 20 20 20 20 20 20 20 20 20 20 20 20 20 20 19 20 20 20 19 19 20 20 19 19 19 19 19 19 19 20 19 19 19 19 19 19 19 19 19 20 20 20 20 20 20 20 13 14 13 12 12 12 12 13 13 14 14 14 14 13 13 13 13 13 13 13 14 14 14 15 15 15 14 14 14 14 14 14 14 14 14 15 15 14 14 14 14 14 14 14 15 14 14 15 15 15 15 15 15 15 15 14 15 15 15 15 15 15 15 15 15 15 14 14 14 14 14 14 15 15 14 14 14 14 15 15 14 15 15 15 15 15 15 15 15 15 15 15 15 15 14 14 15 15 14 14 14 14 15 14 14 14 14 14 14 14 14 14 14 15 15 15 15 15 16 15 15 15 15 15 15 15 15 14 14 15 15 15 15 15 15 15 15 15 15 15 15 15 15 15 15 15 15 15 15 15 15 15 16 16 16 16 16 16 16 16 16 16 16 16 16 16 16 16 16 16 16 16 16 16 16 16 16 17 17 17 17 17 17 17 17 17 17 16 16 16 16 16 16 16 16 16 16 16 16 16 16 16 18 18 18 18 18 18 18 18 18 18 18 18 18 18 18 18 18 18 18 18 19 19 19 18 18 18 18 18 18 19 19 19 19 19 19 19 19 19 20 20 20 20 20 20 20 20 20 20 21 20 20 20 20 20 21 21 21 21 21 21 21 21 22 22 21 21 21 21 21 21 21 21 21 22 22 21 21 21 21 21 21 21 21 20 19 19 19 19 19 20 20 20 20 20 20 20 20 20 20 20 20 20 20 20 20 20 20 20 20 20 20 20 20 20 20 20 20 20 20 20 19 19 19 19 19 20 20 19 19 19 19 19 19 19 19 19 20 20 20 13 15 16 14 13 12 13 12 12 12 12 13 13 13 13 13 14 14 14 13 13 14 13 13 13 13 13 13 13 14 14 14 15 15 15 14 14 14 14 15 15 15 15 14 15 15 15 15 14 14 14 14 15 15 15 14 15 15 15 15 15 15 15 15 15 15 15 15 15 15 15 15 15 15 15 15 15 15 14 14 14 14 15 15 14 14 14 14 15 14 14 15 15 15 15 15 15 15 15 15 15 15 15 15 15 15 15 15 15 14 15 14 14 14 14 14 14 14 14 14 14 14 14 15 15 15 16 15 15 15 15 15 15 15 15 15 15 14 15 15 15 15 15 15 15 15 15 15 15 15 15 15 15 15 15 15 15 15 15 15 15 16 16 16 16 16 16 16 16 16 16 16 16 16 16 16 16 16 16 16 16 16 16 16 16 17 17 17 17 16 16 16 17 16 17 17 17 16 16 16 16 16 16 16 16 16 16 16 16 16 16 18 18 18 18 18 18 18 18 18 18 18 18 18 18 18 18 18 18 18 18 18 19 18 18 18 18 19 19 19 19 19 19 19 19 19 19 20 20 20 20 20 20 20 20 20 20 20 20 21 21 21 21 21 21 21 21 21 21 21 21 21 21 21 22 22 21 21 21 21 21 21 21 22 22 22 21 21 21 22 22 22 21 21 20 19 19 19 19 19 19 20 20 20 20 20 20 20 20 20 20 20 20 20 20 20 20 20 20 20 20 20 20 20 20 20 20 20 20 20 20 19 19 19 19 19 19 20 19 19 19 19 19 19 19 19 20 20 20 20 13 14 16 16 15 13 15 15 15 13 12 13 13 14 14 14 14 14 14 14 14 14 13 13 13 13 14 14 14 14 13 13 14 14 15 15 15 15 15 15 15 15 15 15 15 15 15 15 15 15 14 14 14 14 14 15 15 14 15 15 15 15 15 14 15 14 15 15 14 14 15 15 15 15 15 15 15 15 15 15 15 15 14 14 14 15 15 14 15 15 15 15 14 14 15 15 15 15 15 15 15 15 15 15 15 15 15 15 15 15 15 15 15 14 15 15 15 15 15 14 14 15 15 15 15 15 15 15 15 15 15 15 15 15 15 15 15 15 15 15 15 15 15 15 15 15 15 15 15 15 15 15 15 15 15 15 15 15 15 15 15 15 15 16 16 16 16 16 16 16 16 16 16 16 16 16 16 16 16 16 16 16 16 16 17 17 17 17 17 17 17 16 16 16 17 16 16 17 17 16 16 16 16 16 16 16 16 16 16 16 16 16 16 18 18 18 18 18 18 18 18 18 19 18 18 18 18 18 18 18 18 19 19 19 19 18 18 18 18 19 19 19 19 19 19 19 20 20 20 20 20 20 20 20 20 19 20 20 20 21 21 21 21 21 21 21 21 21 21 21 21 21 21 21 21 22 22 22 21 21 21 21 21 22 22 21 21 21 21 21 21 22 22 21 21 21 20 19 19 19 19 20 20 20 20 20 20 20 20 20 20 20 20 20 20 20 20 20 20 20 20 20 20 20 20 20 20 20 20 20 20 20 20 19 19 19 19 19 19 20 20 19 19 19 19 19 19 19 19 20 20 20 13 14 15 15 15 14 16 16 16 14 13 13 13 12 13 13 13 13 13 13 14 14 14 14 14 15 14 14 13 13 14 13 14 14 14 14 13 13 14 14 14 15 15 15 15 15 15 16 15 15 15 15 15 15 15 15 15 15 15 14 14 14 14 15 15 15 15 15 15 15 15 15 15 15 15 15 15 15 15 15 15 15 14 15 15 15 15 15 14 14 15 15 15 15 15 15 15 15 15 14 14 15 15 15 15 15 15 15 15 15 15 15 15 15 15 15 15 15 14 15 15 15 15 16 15 15 15 15 15 15 15 15 15 15 15 15 15 15 15 15 15 15 15 15 15 15 15 15 15 15 15 15 15 15 15 15 15 15 15 15 15 15 15 15 15 15 15 15 16 16 16 16 16 16 16 16 16 16 16 16 16 16 16 16 16 16 17 17 17 17 17 17 17 16 17 17 17 16 16 16 16 17 16 16 16 16 16 16 16 16 16 16 16 16 17 17 16 16 18 18 18 18 18 18 18 19 19 19 19 19 19 18 18 18 18 19 19 19 19 19 18 18 18 19 19 19 19 19 19 19 19 20 20 20 20 20 20 20 20 20 19 20 20 20 20 21 21 21 21 21 21 21 21 21 22 21 22 22 22 22 22 22 22 22 22 21 22 22 22 22 21 21 21 22 22 21 21 21 21 20 20 20 20 19 19 19 20 20 20 20 20 20 20 20 20 20 20 20 20 20 20 20 20 20 20 20 20 20 20 20 20 20 20 20 20 20 20 20 20 20 20 20 19 19 20 20 20 20 20 20 20 20 19 20 20 20 20 13 14 15 15 15 16 17 17 15 15 14 15 13 12 13 13 13 13 13 13 13 14 14 14 14 13 14 14 14 14 14 13 14 14 14 15 14 14 14 14 14 15 15 15 15 15 15 15 15 15 15 15 15 15 15 15 15 15 15 15 15 15 15 14 14 14 15 15 15 15 15 15 15 15 15 14 15 15 15 15 15 15 15 15 15 14 14 14 15 15 15 14 14 15 15 15 15 15 15 15 15 15 15 15 15 15 15 15 15 15 15 15 15 15 15 15 15 15 15 15 15 15 15 15 15 16 16 15 15 16 16 16 16 16 15 15 15 15 15 15 15 15 15 15 15 15 15 15 15 15 15 15 15 15 15 15 15 15 15 15 15 15 15 15 16 15 15 15 15 15 16 16 16 16 16 16 16 16 16 16 16 16 16 16 17 17 17 17 17 17 17 17 17 17 17 17 16 16 16 16 16 16 16 16 17 16 16 16 16 16 16 16 16 17 17 17 17 17 17 17 18 18 18 18 18 18 18 19 19 19 19 19 19 19 19 18 18 19 19 19 19 19 19 19 19 19 19 18 18 18 19 19 19 19 19 19 19 20 20 20 20 19 19 19 20 20 20 20 21 21 21 21 21 21 21 21 22 22 22 22 22 22 22 22 22 22 22 21 21 21 21 21 22 22 22 22 21 21 21 21 21 20 20 20 20 19 19 20 20 20 20 20 20 20 20 20 20 20 20 20 20 20 20 20 20 20 20 20 20 20 20 20 20 20 20 20 20 20 20 20 20 20 20 20 20 20 20 20 20 20 20 20 20 19 20 20 20 20 20 20 14 15 15 15 16 16 16 16 15 15 15 13 13 13 12 12 13 13 13 13 13 13 14 14 14 14 14 14 14 15 14 14 14 14 14 15 15 15 14 14 15 15 15 15 15 15 15 15 15 15 14 14 14 15 15 14 14 14 15 15 15 15 15 15 15 15 14 14 14 15 15 15 15 15 15 15 15 15 15 15 15 14 15 15 15 15 15 15 15 14 14 14 14 14 14 15 15 15 15 15 15 15 15 15 15 15 15 15 15 15 15 15 15 15 15 15 15 15 15 15 15 15 15 15 15 15 15 15 15 15 15 15 16 16 16 16 16 15 15 15 15 15 15 15 15 15 15 15 15 15 15 15 15 15 15 16 15 15 15 15 15 15 15 15 15 15 16 16 15 15 15 15 16 16 16 16 16 16 16 16 16 16 16 16 16 16 16 16 16 17 17 17 17 17 17 17 17 17 16 16 16 16 16 16 16 16 17 17 16 16 16 16 16 16 16 17 17 17 17 17 17 17 18 18 19 18 18 18 18 18 19 19 19 19 19 19 19 19 18 19 19 19 19 19 19 19 19 19 19 18 18 19 19 19 20 20 20 19 19 19 20 19 19 19 19 20 20 20 20 21 21 21 21 22 21 21 21 21 21 21 21 21 21 22 22 22 22 22 21 21 21 21 21 21 21 21 22 21 21 21 21 20 20 21 20 20 19 20 20 20 20 20 20 20 20 20 20 20 20 20 20 20 20 20 20 20 20 20 20 20 20 20 20 20 20 20 20 20 20 20 20 20 20 20 20 20 20 20 20 20 20 20 20 19 19 20 19 19 20 20 20 14 15 16 16 16 16 16 16 16 16 15 14 13 14 15 15 14 14 14 14 13 13 13 13 13 13 13 12 12 12 12 13 13 13 13 13 14 14 13 13 13 14 14 14 14 14 14 14 14 14 14 14 14 15 15 15 15 15 15 15 15 15 15 15 15 15 15 15 15 14 14 14 15 15 15 15 15 15 15 15 15 15 16 15 16 15 15 15 15 15 15 15 15 15 15 15 15 15 15 15 15 15 15 15 16 16 15 15 15 15 14 14 14 15 15 15 15 15 15 15 15 15 15 15 15 15 15 15 15 15 15 15 15 15 15 15 15 15 15 15 15 15 15 15 15 15 15 15 15 15 15 16 16 16 16 15 15 15 15 15 15 15 15 15 15 15 15 15 15 15 15 15 15 15 16 15 15 15 15 15 15 15 15 15 16 16 15 16 16 16 17 16 16 16 16 16 16 16 16 16 17 17 16 16 16 16 16 16 17 17 17 17 17 17 17 17 17 17 16 17 16 16 16 16 16 16 16 16 16 17 17 17 17 17 17 17 17 17 17 17 18 19 19 18 18 18 18 18 18 19 19 19 19 19 19 19 19 19 19 19 19 19 19 19 19 19 19 19 19 19 19 19 19 19 19 19 19 19 19 19 19 19 19 20 20 20 21 21 21 21 21 21 21 21 21 21 21 21 21 21 22 22 22 22 22 21 21 21 21 21 22 21 21 20 21 21 21 21 21 21 20 20 20 20 20 20 20 20 20 20 20 20 20 20 20 20 20 20 20 20 20 20 20 20 20 20 20 20 20 20 20 20 20 20 20 20 20 20 20 20 20 20 20 20 20 20 20 20 20 20 20 19 20 20 20 20 20 20 20 15 16 16 16 16 16 16 15 14 14 14 14 15 16 16 16 15 15 15 14 14 14 14 14 14 13 13 13 13 13 13 14 14 13 14 14 14 14 14 14 14 14 14 14 14 14 14 14 14 14 14 14 15 14 14 14 14 15 15 15 16 16 16 16 15 15 15 15 15 15 15 15 15 15 15 15 15 15 15 15 15 16 16 16 15 15 15 15 15 15 15 15 15 15 15 15 15 15 15 15 15 15 15 16 16 16 16 15 15 15 14 14 14 15 15 15 15 15 15 15 15 15 15 15 15 15 15 16 15 15 16 15 16 15 16 15 15 15 15 15 15 15 15 15 15 15 15 15 16 16 16 16 16 16 16 15 15 16 16 15 15 15 15 15 15 15 15 16 16 16 16 16 16 16 15 15 15 15 15 15 15 15 16 16 16 16 16 16 17 16 16 16 16 16 16 16 17 17 17 17 16 17 16 16 16 16 16 16 17 17 17 17 17 17 17 17 16 17 17 16 16 16 16 16 16 17 17 17 17 17 17 17 17 17 17 17 17 17 18 18 18 18 18 18 18 18 18 18 19 19 19 19 19 19 19 19 19 19 19 19 19 19 19 19 19 19 19 19 19 19 19 19 19 20 20 20 19 19 19 19 19 19 19 20 20 21 21 21 21 21 21 21 21 21 22 22 21 22 22 22 22 22 21 21 21 20 21 21 21 21 21 20 20 21 21 21 21 20 20 20 19 19 20 20 20 20 20 20 20 20 20 20 20 20 20 20 20 20 20 20 20 20 20 20 20 20 20 20 20 20 20 20 20 20 20 20 20 20 20 20 20 20 20 20 20 20 20 20 20 20 20 20 20 20 20 20 20 16 16 16 16 16 16 15 14 14 14 14 14 16 16 16 16 16 16 15 16 16 16 16 15 15 15 14 14 14 14 14 14 13 14 14 14 15 14 14 14 14 14 14 14 14 14 14 15 14 14 14 14 14 14 14 15 15 15 16 16 16 16 16 16 15 15 15 15 15 15 15 15 15 15 15 15 15 15 16 15 15 15 16 15 15 14 15 15 15 15 15 15 15 15 15 15 15 15 15 15 15 15 15 15 15 15 15 16 15 15 15 15 15 15 15 15 16 15 15 15 15 15 15 15 15 15 15 15 15 16 15 16 16 16 16 15 15 15 15 15 15 16 16 15 15 15 16 16 16 16 16 16 16 16 16 16 16 16 16 15 15 15 15 15 15 16 16 16 16 16 16 16 16 16 16 15 15 15 16 16 15 16 16 16 16 16 16 17 17 17 16 16 16 16 16 17 17 17 17 17 17 17 16 16 16 16 17 17 17 17 17 17 17 17 17 17 17 17 17 16 16 16 16 16 17 17 17 17 17 17 17 17 17 17 17 17 17 19 18 18 18 18 18 18 18 18 18 19 19 19 19 19 19 19 19 19 19 19 19 19 19 19 19 19 19 19 19 19 19 19 19 19 20 20 20 20 20 20 20 20 20 20 20 21 21 21 21 21 21 21 21 21 21 22 22 22 22 21 21 22 21 21 20 20 21 21 21 21 21 20 20 20 21 21 21 20 20 20 20 20 19 20 20 20 20 20 20 20 20 20 20 20 20 20 20 20 20 20 20 20 20 20 20 20 20 20 20 20 20 20 20 20 20 20 20 20 20 20 20 20 20 20 20 20 20 20 20 20 20 20 20 20 20 20 20 20 15 16 17 17 17 16 15 15 15 15 15 15 17 17 17 17 17 16 17 16 16 16 16 16 16 15 15 15 15 14 13 14 14 14 15 14 14 14 14 14 14 14 14 15 14 14 14 15 14 14 15 15 14 14 15 15 15 15 15 16 16 16 16 15 15 15 15 15 15 15 15 15 15 15 15 15 15 16 16 15 15 15 15 15 15 15 15 15 15 15 15 15 15 15 15 15 15 15 15 16 16 15 15 15 15 16 16 15 15 15 15 15 15 15 15 15 15 15 15 15 16 16 16 15 15 15 15 16 16 16 16 16 16 16 15 16 15 15 16 16 16 16 16 15 15 15 16 16 16 16 16 16 16 16 16 16 16 16 16 15 15 15 16 16 16 16 16 16 16 16 16 16 16 16 15 15 16 16 16 16 16 16 16 16 16 16 17 17 16 16 16 16 16 16 17 17 17 17 17 17 17 17 16 16 17 17 17 17 17 17 17 17 17 17 17 17 17 17 16 16 16 16 16 17 17 17 17 17 17 17 17 17 17 17 17 17 18 18 19 19 19 18 18 18 18 18 19 19 19 19 19 19 19 19 19 19 19 19 19 19 19 19 19 19 19 19 19 19 19 19 19 19 20 20 20 20 20 20 20 20 20 21 20 21 21 21 21 21 21 21 21 21 21 22 22 21 21 21 21 21 20 20 21 21 22 21 21 21 20 20 20 21 21 20 20 20 20 20 19 19 20 20 20 20 20 20 20 20 20 20 20 20 20 20 20 20 20 20 20 20 20 20 20 20 20 20 20 20 20 20 20 20 20 20 20 20 20 20 20 20 20 20 20 20 20 20 20 20 20 20 20 20 20 17 17 18 18 17 16 16 16 16 16 16 17 17 17 17 17 17 17 17 17 17 17 17 16 16 15 15 14 14 14 14 14 14 15 14 14 14 15 15 15 14 14 14 14 15 15 14 14 14 15 15 15 15 15 15 15 16 16 16 16 16 16 15 15 15 15 15 15 15 15 15 15 15 15 15 15 15 15 16 16 15 15 15 15 15 15 15 15 15 15 15 15 15 15 16 15 15 15 15 15 15 15 15 15 16 16 16 16 15 15 15 14 15 15 15 15 15 15 15 16 15 15 15 16 16 16 16 16 16 16 16 16 16 16 16 16 16 16 16 16 16 16 16 16 16 16 15 16 16 15 16 16 16 16 16 16 16 16 16 16 16 16 16 16 16 16 16 16 16 16 16 16 16 15 15 16 16 16 16 16 16 16 16 16 16 17 17 17 17 17 17 16 16 16 16 17 17 17 17 17 16 16 17 17 17 17 17 17 17 17 17 17 17 17 17 17 17 17 17 17 17 17 17 17 17 17 17 17 17 17 17 17 17 17 17 18 19 19 19 19 19 18 18 18 18 19 19 19 19 19 19 19 19 19 19 19 19 19 19 19 19 19 19 19 19 19 19 19 19 19 19 20 20 20 20 20 20 20 20 21 21 20 20 21 21 21 21 21 21 21 21 21 21 21 21 21 21 21 20 21 21 21 21 21 21 21 20 20 20 20 20 20 20 20 20 20 20 19 20 20 20 20 20 20 20 20 20 20 20 20 20 20 20 20 20 20 20 20 20 20 20 20 20 20 20 20 20 20 19 20 20 20 20 20 20 20 20 20 20 20 20 20 20 20 20 20 20 20 20 20 20 20 18 18 17 17 17 17 17 17 16 17 17 17 17 17 17 17 18 17 17 17 18 17 17 16 16 16 16 16 16 16 15 15 16 15 14 14 14 15 15 14 15 15 15 15 16 15 15 15 15 16 16 15 15 16 16 16 16 16 16 16 16 16 16 15 15 15 15 15 15 16 15 15 15 15 15 15 15 16 16 16 16 15 15 15 15 15 16 15 16 16 15 15 16 16 16 16 15 15 14 15 15 16 16 15 15 16 16 16 14 14 14 15 15 16 16 15 15 15 16 16 16 16 16 16 16 16 16 16 16 16 16 16 16 16 16 16 16 16 16 16 16 16 16 16 16 16 16 16 16 16 16 16 16 16 16 16 16 16 16 16 16 16 16 16 16 16 16 16 16 16 16 16 16 15 15 16 16 16 16 16 16 16 16 16 17 17 17 17 17 17 17 16 16 17 17 17 17 17 17 17 16 17 17 17 17 17 17 17 17 17 17 17 17 17 17 17 17 17 17 17 17 17 17 17 17 17 17 17 17 17 17 17 17 17 19 19 19 19 19 19 19 18 18 19 19 19 19 19 19 19 19 19 19 19 19 19 19 19 19 19 19 20 20 19 19 19 19 19 19 19 20 20 20 20 20 20 20 21 21 21 20 20 21 21 21 21 21 21 22 22 21 21 21 21 21 21 20 20 21 21 21 21 21 20 21 21 21 20 21 21 20 20 20 20 20 20 20 20 20 20 20 20 20 20 20 20 20 20 20 20 20 20 20 20 20 21 21 21 20 20 20 20 20 20 20 20 20 20 20 20 20 20 20 20 20 20 20 20 20 20 20 20 20 20 20 20 20 20 20 20 20 18 18 18 18 18 18 17 17 17 17 17 17 17 17 17 18 18 17 18 18 18 18 17 17 17 16 16 17 17 17 17 16 17 16 16 15 14 15 16 16 16 16 16 16 17 16 16 16 17 17 17 16 16 15 15 15 16 16 16 16 16 16 16 16 16 16 16 16 16 16 16 16 16 15 15 15 15 16 16 16 16 16 16 16 15 15 15 15 16 16 16 16 16 16 16 16 16 16 15 15 15 15 15 15 14 14 14 14 15 15 15 15 15 15 15 15 15 15 15 16 16 16 16 16 16 16 16 16 16 16 16 16 16 16 16 16 16 16 16 16 16 16 16 16 16 16 16 16 16 16 16 16 16 16 16 16 16 16 16 16 16 16 16 16 16 16 16 16 16 16 16 16 16 15 15 16 16 16 16 16 16 16 16 16 17 17 17 17 17 17 17 17 17 17 17 17 18 17 17 17 16 16 17 17 17 17 17 17 17 17 17 17 17 17 17 17 17 17 17 17 17 17 17 17 17 17 17 17 17 17 17 17 17 17 18 18 19 19 19 19 18 18 18 19 19 19 19 19 19 19 19 19 19 19 19 19 19 19 19 19 19 19 19 19 19 19 19 19 19 19 20 20 20 20 20 20 20 20 20 20 20 20 20 21 21 21 21 21 21 21 22 22 22 21 21 21 20 20 20 21 21 20 20 20 20 20 20 21 20 21 20 20 20 20 20 20 20 20 20 20 20 20 20 20 20 20 20 20 20 20 20 20 20 20 20 21 21 21 20 20 20 21 20 20 20 20 20 20 20 20 20 20 20 20 20 20 20 20 20 20 20 20 20 20 20 20 20 20 20 21 21 18 18 17 17 17 17 18 18 17 17 17 17 17 17 18 18 18 18 18 18 18 18 18 17 17 17 17 17 17 17 17 17 17 17 16 16 16 17 17 17 17 17 17 17 17 17 17 17 17 17 16 16 16 16 16 15 16 16 16 16 16 16 16 16 16 16 16 16 16 16 16 16 16 15 15 15 16 16 16 16 16 16 16 16 16 16 16 16 16 16 16 16 16 16 15 15 15 15 15 15 15 14 15 15 15 14 15 16 17 16 16 15 15 15 15 15 15 15 15 15 16 16 16 16 16 16 16 16 16 16 16 16 16 16 16 16 16 16 16 16 16 16 16 16 16 16 16 16 16 16 16 16 16 16 16 16 16 16 16 16 16 16 16 16 16 16 16 16 16 16 16 16 16 16 16 16 16 16 16 16 16 16 16 17 17 17 17 17 17 17 17 17 17 17 17 17 18 17 17 17 17 17 17 17 17 17 17 17 17 17 17 17 17 17 17 17 17 17 17 17 17 17 17 17 17 17 17 17 17 17 17 17 17 18 19 19 19 19 19 18 18 18 19 19 19 19 19 19 19 19 19 19 19 19 19 19 19 20 20 20 19 19 19 19 20 20 20 19 20 20 20 20 20 19 20 20 20 21 20 20 20 20 20 20 21 21 21 21 21 22 22 22 22 22 21 21 20 19 20 21 20 20 20 20 20 20 20 20 20 20 20 20 20 20 20 20 20 20 20 20 20 20 20 20 20 20 20 20 20 20 20 20 20 20 21 21 21 21 21 21 20 20 20 20 20 20 20 20 20 20 20 20 20 20 20 20 20 20 20 20 20 20 20 20 20 20 20 20 21 21 18 18 17 17 18 17 18 17 17 17 17 17 17 18 18 18 18 18 18 18 18 18 18 18 17 17 18 18 18 17 17 17 17 17 17 17 17 17 17 17 17 17 17 17 17 17 17 17 17 17 17 16 16 16 16 16 16 16 16 16 16 16 16 16 16 16 16 16 16 16 16 16 16 16 16 16 16 16 16 16 16 16 16 16 16 16 16 16 16 16 17 17 16 16 16 15 15 15 16 15 15 16 16 16 15 15 15 16 16 16 16 15 15 16 15 15 15 16 16 16 16 16 16 16 16 16 16 16 16 16 16 16 16 16 16 16 16 16 16 16 16 16 16 16 16 16 16 16 16 16 16 16 16 16 16 16 16 16 16 16 16 16 16 16 16 16 16 15 15 16 16 16 16 16 16 16 16 16 16 16 16 16 17 17 17 17 17 17 17 17 17 17 17 18 17 17 17 17 17 17 17 17 17 17 17 17 17 17 17 17 17 17 17 17 17 17 17 17 17 17 17 17 17 17 17 17 17 17 17 17 17 17 19 19 19 19 19 19 19 18 18 19 19 19 19 19 19 19 19 19 19 19 19 19 19 20 20 20 20 19 19 19 20 20 20 20 20 20 19 19 19 20 20 19 20 20 20 20 20 20 20 20 20 21 21 21 21 21 21 21 22 22 22 22 21 21 20 19 20 21 20 20 20 20 20 20 20 20 20 20 20 20 20 20 20 20 20 20 20 20 20 20 20 20 20 20 20 20 21 21 20 20 21 20 21 21 21 21 21 20 20 20 20 20 20 20 20 20 20 20 20 20 20 20 20 20 20 20 20 20 20 20 20 20 20 20 20 21 21 18 17 17 18 17 17 17 17 17 17 17 17 18 18 18 18 19 19 18 18 18 18 18 18 18 18 17 18 17 17 17 17 18 18 17 17 17 17 17 17 17 17 17 17 17 17 17 17 17 17 17 17 16 16 16 16 16 16 16 16 16 16 16 16 16 16 16 16 16 16 16 16 16 16 16 16 16 16 16 16 16 16 16 16 16 16 16 16 16 16 16 16 16 15 15 16 16 16 16 16 16 16 16 16 15 15 16 16 16 16 16 16 16 16 16 16 16 16 16 16 16 16 16 16 16 16 16 16 16 16 16 16 16 16 16 16 16 16 16 16 16 16 16 16 16 16 16 16 16 16 16 16 16 16 16 16 16 17 17 17 16 16 16 16 16 16 16 15 15 15 16 16 16 16 16 16 16 16 16 16 16 17 17 17 17 17 18 18 17 17 18 18 17 17 17 17 18 17 17 17 17 17 17 17 18 17 17 17 17 17 17 17 17 17 17 17 17 17 17 17 17 17 17 17 17 17 17 17 17 17 17 19 19 19 19 19 19 19 18 18 19 19 19 19 19 19 19 19 19 19 19 19 19 19 20 20 20 19 19 19 20 20 20 20 20 20 20 19 19 19 19 19 20 20 21 20 20 20 20 20 20 21 21 21 21 21 21 21 21 21 21 21 21 21 21 21 21 20 20 20 20 20 20 20 20 20 20 20 20 20 20 20 20 20 20 20 20 20 20 20 20 20 20 20 20 20 20 21 21 21 20 21 20 20 21 21 21 21 21 20 20 20 20 20 20 20 20 20 20 20 20 20 20 20 20 20 20 20 20 20 20 20 20 21 20 20 21 21 17 17 18 18 17 17 17 17 17 17 17 18 18 18 18 18 18 18 18 18 18 18 18 18 18 17 17 17 17 17 17 17 17 17 17 17 17 17 17 16 17 16 16 17 17 17 17 17 17 17 17 17 17 17 16 16 16 16 16 16 16 16 16 16 16 17 16 16 16 16 16 16 16 16 16 16 16 16 16 16 16 16 16 16 16 16 16 16 16 16 16 15 15 15 15 15 15 16 16 16 16 16 16 16 16 16 16 16 16 16 16 17 17 16 16 16 16 16 16 16 16 16 16 16 16 16 16 16 16 17 16 16 16 16 16 16 16 16 16 16 16 16 16 16 16 16 16 16 16 16 16 16 16 16 16 16 17 17 17 17 17 17 17 17 16 16 16 16 16 16 16 16 16 16 16 16 16 16 16 16 17 17 17 17 18 18 18 18 18 18 17 17 17 17 17 18 18 18 17 18 17 17 17 18 18 17 17 17 17 17 17 17 17 17 18 17 17 17 17 17 17 17 17 17 17 17 17 17 17 17 19 20 19 19 19 19 18 18 18 19 19 19 19 19 19 19 19 19 19 19 19 19 19 19 20 20 19 19 20 20 20 20 20 20 20 20 20 20 20 20 20 20 20 20 20 20 20 20 20 20 21 21 21 21 20 21 21 21 21 21 21 21 21 21 21 21 21 20 20 20 20 20 20 20 20 20 20 20 20 20 20 20 20 20 20 20 20 20 20 20 20 21 21 20 20 20 21 21 20 20 20 20 21 21 21 21 21 21 21 20 20 20 20 20 20 20 20 20 20 20 20 20 20 20 20 20 20 20 20 20 20 20 21 21 21 21 18 18 19 18 18 18 18 17 17 17 17 18 18 19 19 18 18 18 18 18 18 17 17 17 17 17 17 17 17 17 17 17 17 17 17 17 17 17 16 16 16 16 17 17 17 17 17 17 17 17 17 17 17 17 16 16 16 16 16 16 16 16 16 16 16 16 16 16 17 16 16 16 16 16 16 16 16 16 16 16 16 16 16 16 16 16 16 16 16 15 15 15 15 16 15 15 15 15 15 15 16 16 16 16 16 16 16 16 16 16 16 17 16 16 16 16 16 16 16 16 16 16 16 16 16 16 16 16 17 16 16 17 17 17 17 17 17 17 17 17 17 16 16 16 17 16 16 17 17 17 17 16 16 17 16 17 17 17 17 17 17 17 17 17 16 16 16 16 16 16 16 16 16 16 16 16 16 16 16 17 18 18 18 18 18 18 18 18 18 18 18 18 18 17 18 18 18 18 18 18 18 18 18 18 17 17 17 17 17 17 17 17 17 17 17 18 17 17 17 17 17 17 17 17 17 17 17 17 17 19 20 19 19 19 18 19 19 19 19 19 19 19 19 20 20 19 19 19 19 19 19 19 19 19 20 20 20 20 20 20 20 20 20 20 19 19 19 19 19 19 19 20 20 20 20 20 20 20 20 20 21 21 21 20 21 21 21 21 21 21 21 21 21 21 21 21 21 20 20 20 20 19 20 20 20 20 20 20 20 20 20 20 20 20 21 20 20 20 20 21 21 21 21 21 21 21 21 20 20 21 21 21 21 21 21 21 21 21 20 20 20 20 20 20 20 20 20 20 20 20 20 20 20 20 20 20 20 20 20 20 20 21 21 21 21 18 18 18 18 18 18 17 17 18 18 18 18 19 19 18 19 18 18 18 18 18 17 17 17 17 17 17 17 17 18 18 18 18 18 18 18 17 17 16 17 17 17 17 17 17 17 17 17 17 17 17 17 17 16 16 16 16 16 15 15 15 16 16 16 16 16 16 16 16 16 16 16 16 16 16 16 16 16 16 16 16 16 16 16 16 16 16 16 16 16 16 16 16 16 15 15 15 15 15 16 16 16 16 16 16 16 16 16 16 16 17 17 16 16 16 16 16 16 16 16 16 16 16 16 16 16 16 17 16 17 17 17 17 17 17 17 17 17 17 17 17 17 17 17 17 17 17 17 17 17 17 17 17 17 17 17 17 17 17 17 17 17 16 16 16 16 16 16 16 16 16 16 16 16 16 16 16 16 17 18 17 17 17 18 17 17 18 18 18 18 18 17 18 18 18 18 18 18 18 18 18 18 18 17 17 17 17 17 17 17 17 17 18 17 17 17 17 17 17 17 17 17 17 17 17 17 17 18 19 19 20 19 19 19 19 19 19 19 19 19 19 20 20 20 20 20 20 19 19 19 19 19 20 20 20 20 20 20 20 20 20 20 20 19 19 19 19 19 19 19 19 19 20 20 20 20 20 20 20 21 21 21 20 21 21 21 21 21 21 21 21 21 21 21 21 21 21 20 20 20 20 20 20 20 20 20 20 20 20 20 21 20 20 21 20 21 20 20 20 21 21 21 21 21 21 21 20 21 21 21 21 21 21 21 21 21 21 21 21 20 20 20 20 20 20 20 20 20 20 20 20 20 20 20 20 20 20 20 20 20 20 20 21 21 18 18 18 18 18 17 17 18 19 18 18 19 19 19 18 18 18 18 18 18 18 17 17 17 17 17 18 18 18 18 18 18 18 18 18 17 17 17 16 17 17 17 17 17 17 17 17 16 16 16 17 17 17 16 16 16 17 16 16 15 15 16 16 15 15 16 16 16 17 17 17 16 16 16 16 16 17 16 16 16 16 16 16 16 16 16 16 16 16 16 17 17 16 16 15 15 16 16 16 16 16 16 17 16 16 16 16 16 16 16 17 17 16 16 16 16 16 16 16 16 16 16 16 16 16 17 17 16 17 17 17 17 17 17 17 17 17 17 17 17 17 17 17 17 17 17 17 17 17 17 17 17 17 17 17 17 17 17 18 17 17 17 17 16 16 16 16 16 16 16 16 16 16 16 16 16 16 17 17 18 17 17 18 17 17 18 18 18 18 18 18 18 18 18 18 18 18 18 18 18 18 18 18 17 17 17 17 17 17 17 17 17 17 17 17 17 17 17 17 17 17 17 17 18 17 18 18 20 20 19 19 19 19 19 19 19 19 19 19 20 20 20 20 20 20 20 20 19 19 19 20 20 20 20 20 20 20 20 20 20 20 20 20 20 19 19 19 20 20 20 20 20 20 20 20 20 20 20 20 21 21 20 21 21 21 21 21 21 21 21 21 21 21 21 21 21 20 20 20 20 20 20 20 20 20 20 20 20 21 21 20 20 21 21 21 21 21 20 20 21 21 21 21 21 21 21 21 21 21 21 21 21 21 21 21 21 21 21 20 20 20 20 20 20 20 20 20 21 21 20 20 20 20 20 20 20 20 20 20 21 20 20 18 19 19 18 17 18 18 18 18 18 18 19 19 19 18 18 18 18 18 18 17 17 17 17 17 18 18 18 18 18 18 18 18 18 18 18 17 17 17 17 17 17 17 17 17 17 17 17 17 17 18 17 17 17 17 17 17 16 16 15 16 16 15 15 15 15 16 17 17 17 17 17 17 17 17 17 16 16 16 16 16 17 17 17 17 17 16 16 16 16 17 17 16 16 15 16 16 16 16 16 16 16 16 16 16 16 16 16 16 16 17 17 17 17 16 17 17 16 16 16 16 16 16 17 17 17 17 17 17 17 17 17 17 17 17 17 17 17 17 17 17 17 17 17 17 17 17 17 17 17 17 17 17 17 17 17 17 18 17 17 17 17 16 16 16 16 16 16 16 16 16 16 16 16 16 16 17 17 18 18 17 17 17 18 18 18 18 18 18 18 18 18 18 18 18 18 18 18 18 18 18 18 17 17 17 17 17 17 17 17 17 17 17 17 17 17 17 17 17 17 17 17 18 18 18 18 20 20 19 19 19 19 19 19 19 19 19 20 20 20 20 20 20 20 20 20 19 20 20 20 20 20 20 20 20 20 20 20 20 20 20 20 20 20 20 20 20 20 20 21 21 21 20 20 20 20 20 21 21 21 21 21 20 20 20 20 21 21 21 21 21 21 21 21 21 20 20 20 20 20 20 20 20 20 21 21 21 21 21 20 20 20 21 21 21 21 21 21 21 21 21 21 21 21 21 21 21 21 21 21 21 21 21 21 21 21 21 21 21 21 21 20 20 20 20 20 21 21 20 20 20 20 20 20 20 20 21 20 21 21 21 18 18 18 18 18 18 18 18 19 18 19 18 18 18 18 18 18 17 17 17 17 17 18 18 18 18 18 18 18 18 18 18 18 18 18 18 17 18 18 18 17 17 17 17 17 17 18 18 18 18 17 17 18 18 17 17 17 16 16 16 16 17 16 16 15 16 16 17 17 17 17 17 17 17 17 17 17 17 17 17 17 17 17 17 17 17 16 16 17 17 17 17 16 16 16 16 16 16 16 16 16 16 16 16 16 16 16 16 16 16 17 17 17 17 18 17 17 16 16 16 16 16 16 17 17 17 17 17 17 17 17 17 17 17 17 17 17 17 17 17 17 17 17 17 17 17 17 17 17 17 17 17 17 17 17 17 17 18 18 17 17 16 16 16 16 16 16 16 16 16 16 16 16 16 16 17 18 18 18 17 17 18 18 18 18 18 19 19 18 19 19 19 19 19 18 18 18 18 18 18 18 18 18 17 17 17 17 17 17 17 17 17 17 18 18 18 18 17 18 17 17 18 18 18 18 20 20 19 19 19 19 19 19 19 19 19 20 20 20 20 20 20 20 20 20 20 19 20 20 20 20 20 20 20 20 20 20 20 20 20 20 21 20 20 20 20 20 20 20 21 21 21 21 20 21 21 21 21 21 21 21 21 20 20 20 20 20 21 20 21 20 20 20 20 20 20 20 20 20 20 20 20 20 21 21 21 21 20 20 20 20 20 21 21 21 21 21 21 21 21 21 21 21 21 21 21 21 21 21 21 21 21 21 21 21 21 21 21 21 21 20 20 21 21 20 21 20 21 20 20 20 20 20 20 20 21 20 21 21 19 18 18 17 18 18 18 18 18 18 18 18 17 17 18 17 17 17 18 18 18 18 18 18 18 18 18 18 18 18 18 18 18 18 18 18 18 18 18 18 18 17 17 17 17 18 17 17 17 17 18 18 18 18 18 18 18 17 17 17 17 17 16 16 16 15 16 16 17 17 17 17 17 17 17 17 17 17 17 17 17 17 17 17 17 17 17 17 17 17 17 17 17 16 16 16 16 16 16 16 16 16 16 16 16 16 16 16 16 16 16 17 17 17 17 17 17 17 17 16 16 16 17 17 17 17 17 17 17 17 17 17 17 17 17 17 17 17 17 17 17 17 17 17 17 17 17 17 17 17 17 17 17 17 17 17 17 18 18 18 17 17 17 16 16 16 16 16 16 16 16 16 16 16 16 17 18 18 18 17 18 18 18 18 18 18 19 18 18 18 19 18 18 18 18 18 18 18 18 18 18 18 18 18 18 18 18 18 18 18 18 18 18 18 18 18 18 18 18 18 18 18 18 18 18 20 20 19 19 19 19 19 19 19 19 19 20 20 20 20 20 20 20 20 20 20 20 20 20 20 20 20 20 20 20 20 20 20 20 20 20 20 20 21 20 20 20 20 20 20 21 21 21 21 21 21 21 21 21 21 21 21 21 20 20 20 20 20 20 20 20 20 20 20 20 20 20 20 20 20 20 20 20 21 21 21 21 20 21 21 21 20 20 21 21 21 21 21 21 21 21 21 21 21 21 21 21 21 21 21 21 21 21 21 21 21 21 20 20 20 20 20 20 20 20 20 20 20 20 20 20 20 20 20 20 20 21 21 18 18 17 17 17 17 17 17 17 17 18 18 17 17 17 17 17 18 18 19 19 19 19 19 18 18 18 18 18 18 18 18 18 19 18 18 18 18 18 18 18 18 17 18 18 18 18 18 18 18 18 18 18 18 18 18 18 18 17 17 17 17 17 17 16 16 16 17 17 17 17 17 17 17 16 17 17 17 17 17 17 17 17 17 17 17 17 17 17 17 17 17 17 17 16 16 16 16 16 16 16 16 16 16 16 16 16 16 16 16 16 17 17 17 18 17 17 17 17 17 17 17 17 17 17 17 17 17 17 17 17 17 17 17 17 17 17 17 17 17 17 17 17 17 17 17 17 17 17 17 17 17 17 17 17 17 18 18 18 18 18 17 17 16 16 16 16 16 16 16 16 16 16 16 17 18 18 18 17 18 18 18 18 18 18 19 18 18 18 18 18 18 18 18 18 18 18 18 18 18 18 18 18 18 18 18 18 18 18 18 18 18 18 18 18 18 18 18 18 18 18 18 18 19 20 20 20 19 19 19 19 19 19 19 20 20 20 20 20 20 20 20 20 20 20 20 20 20 20 20 20 20 20 20 20 20 20 20 20 20 20 20 20 20 20 20 20 20 20 21 21 21 21 21 21 20 21 21 21 20 20 20 20 20 20 20 20 20 20 20 20 20 21 20 20 20 20 20 20 20 20 20 20 21 21 21 20 20 21 21 21 20 21 21 21 21 21 21 21 21 21 21 21 21 21 21 21 21 21 21 21 21 21 21 21 21 20 20 20 20 20 20 20 20 20 20 20 20 20 20 20 20 20 21 21 21 21 18 18 18 18 17 16 16 17 18 17 18 18 17 17 17 17 18 18 18 18 18 19 19 19 19 18 18 18 18 18 18 18 18 18 18 18 18 18 18 18 18 18 18 18 18 18 18 18 18 18 18 18 18 18 18 18 18 18 18 18 18 18 17 17 16 16 16 16 16 17 17 17 17 17 17 17 17 17 17 17 17 17 17 17 17 17 17 17 17 17 17 17 17 16 16 17 16 16 16 16 17 16 17 17 17 16 16 17 17 16 16 17 17 17 18 18 17 18 17 17 17 17 17 17 17 17 17 17 17 17 17 17 17 17 17 17 17 17 17 17 17 17 18 18 17 17 17 17 17 17 17 17 17 17 18 18 18 18 18 18 17 17 17 17 17 17 16 16 16 17 17 17 17 17 18 18 17 18 18 18 18 18 18 18 19 18 18 18 18 18 18 18 18 18 18 18 18 18 18 18 18 18 18 18 18 18 18 18 18 18 18 18 18 18 18 18 18 18 18 18 18 18 19 21 20 19 19 19 19 19 19 19 19 20 20 20 20 20 20 20 20 20 20 20 20 20 20 20 20 20 20 20 20 20 20 20 20 20 20 20 20 20 20 20 20 20 20 20 20 20 21 21 21 21 21 21 21 21 21 20 20 20 20 20 20 20 20 20 20 20 21 21 20 20 20 20 20 20 20 20 20 20 20 20 20 20 20 20 20 20 20 20 20 21 21 21 21 21 21 21 21 21 21 21 21 21 21 21 21 21 21 20 20 20 21 21 21 20 21 21 20 20 20 20 20 20 20 21 20 20 20 20 20 21 21 21 18 18 17 16 17 18 18 17 18 17 17 17 17 17 17 17 18 18 18 18 19 19 19 18 18 18 18 18 18 18 18 18 18 18 18 18 18 18 18 18 18 18 18 18 18 18 18 18 18 18 18 18 18 18 18 18 18 18 18 18 17 17 16 16 16 17 17 18 18 17 17 17 17 17 17 17 17 17 17 17 17 17 17 17 17 17 17 17 17 17 17 17 17 17 17 16 16 16 16 17 17 17 17 17 17 17 17 17 17 17 17 18 18 18 17 17 17 17 17 17 17 17 17 17 17 17 17 17 17 17 17 17 17 17 17 17 18 18 18 18 18 18 18 18 17 17 17 17 17 17 17 18 18 17 17 18 18 18 17 17 17 17 17 17 16 16 17 17 17 17 18 18 18 18 18 18 18 18 18 18 18 19 19 18 18 18 18 19 19 19 19 19 19 18 18 18 18 18 18 18 18 18 18 18 18 18 18 18 18 18 18 18 18 18 18 18 19 19 19 19 21 20 20 19 19 19 19 19 19 20 20 20 20 20 20 20 20 20 20 20 20 20 20 20 20 20 20 20 20 20 20 20 20 20 20 20 20 20 20 20 20 20 20 20 20 20 20 20 20 21 21 21 21 21 21 21 21 21 20 20 20 20 20 20 20 20 20 20 20 20 20 20 20 20 20 20 20 20 20 20 20 20 20 20 20 20 20 20 21 21 21 21 21 21 21 21 21 21 21 21 21 21 21 21 21 21 21 21 21 21 21 21 21 21 20 21 21 21 20 20 20 20 20 21 21 20 20 20 21 21 21 21 21 21 18 17 17 18 18 17 17 17 17 17 18 18 17 18 17 18 18 19 19 19 19 19 19 19 18 18 18 18 18 18 18 18 18 18 18 18 18 18 18 18 18 18 18 18 19 19 18 19 18 18 18 18 18 18 18 18 18 18 18 18 18 18 17 18 18 18 18 17 17 17 17 17 17 17 17 17 17 17 17 17 17 17 17 17 17 17 17 17 17 17 17 17 17 17 16 16 17 17 17 17 17 17 17 17 17 17 17 17 17 17 18 18 18 18 18 18 17 17 17 17 17 17 17 17 17 17 17 17 17 17 17 17 18 18 18 18 18 18 18 18 18 18 18 18 17 17 17 17 17 18 18 18 17 18 18 18 18 17 17 17 17 17 17 17 17 17 17 17 18 18 18 18 18 18 18 18 18 18 18 19 19 19 19 19 19 19 19 19 19 18 18 18 18 18 18 18 18 18 18 18 18 18 18 18 18 18 18 18 18 18 18 19 19 19 19 19 19 19 20 20 19 19 19 19 19 19 20 20 20 20 20 20 20 20 20 20 20 20 20 20 20 20 20 20 20 20 20 20 20 20 20 20 20 21 20 20 20 20 20 21 21 21 21 20 20 20 20 20 20 21 21 21 21 21 21 21 21 21 21 21 20 20 20 20 20 20 20 20 20 20 20 20 20 20 20 21 21 20 20 20 21 21 21 20 20 20 20 21 21 21 21 21 21 21 21 21 20 20 21 21 21 21 21 21 21 21 21 21 21 21 21 21 21 21 21 21 21 21 20 20 21 21 21 21 20 20 20 20 20 20 20 21 18 18 17 18 18 17 17 17 17 18 18 18 18 18 19 19 19 19 19 19 20 20 19 19 19 19 18 18 18 18 18 18 18 18 18 18 18 18 18 19 19 19 18 18 19 19 19 19 19 18 18 18 18 18 18 18 17 17 17 17 18 18 18 18 18 18 18 18 18 18 17 17 17 17 17 17 17 17 17 17 17 17 17 17 17 17 17 17 17 17 18 18 17 17 17 16 17 17 17 17 17 17 17 17 17 17 17 17 17 17 17 18 18 18 18 18 18 17 17 17 17 17 17 17 17 17 17 17 17 17 18 18 18 18 18 18 18 18 18 18 18 18 18 18 18 18 17 17 17 17 18 18 18 18 18 18 18 18 18 17 17 17 17 17 17 17 17 18 18 18 18 18 18 18 18 19 19 19 18 19 19 19 19 19 19 18 18 18 18 19 19 19 18 18 18 18 18 18 19 18 18 18 18 18 18 18 18 19 19 19 19 19 18 18 19 19 19 18 20 20 19 20 19 20 20 20 20 20 20 20 20 20 20 20 20 20 20 20 20 20 20 20 20 20 20 20 20 20 20 20 20 20 20 20 21 20 20 20 20 20 20 20 21 21 21 21 21 20 20 20 20 21 21 21 21 21 22 22 21 21 21 20 20 21 20 20 21 21 21 21 21 22 22 22 23 23 22 21 20 20 21 22 21 21 21 21 21 21 21 21 21 21 21 21 21 21 21 21 21 21 21 21 21 21 21 21 21 21 21 21 20 20 20 21 21 21 21 21 21 21 21 21 21 21 21 20 20 21 21 21 21 21 21 17 17 17 18 18 18 18 18 18 18 19 20 19 19 19 19 20 20 20 20 20 20 19 19 19 18 18 18 18 18 18 18 18 18 18 18 18 19 19 19 18 18 18 19 19 19 19 18 18 18 19 18 18 18 17 17 17 17 17 17 17 17 17 17 18 18 18 18 18 17 17 18 17 17 17 17 17 17 17 18 17 17 17 17 17 17 17 17 17 17 17 17 17 16 17 17 17 17 18 17 17 18 17 18 17 17 17 17 18 18 18 18 18 18 18 18 17 17 17 18 18 18 18 18 18 18 18 18 18 18 18 18 18 18 18 18 18 18 18 18 18 18 18 18 18 18 18 18 18 18 17 18 18 18 18 18 18 17 17 17 17 17 17 17 18 18 18 18 18 18 18 18 19 19 19 18 19 19 19 19 19 18 18 18 18 18 18 19 19 19 19 18 18 19 19 19 19 19 19 19 19 19 19 19 19 19 19 19 19 18 18 18 18 18 18 20 20 20 20 20 20 20 20 20 20 20 20 20 20 20 20 20 20 20 20 20 20 20 20 20 20 20 20 21 20 20 20 20 21 21 20 20 20 20 20 20 20 20 20 20 21 21 21 21 21 21 21 21 21 21 21 21 21 21 21 22 22 21 21 21 21 21 20 21 21 21 21 22 23 22 22 23 23 22 22 21 20 21 21 21 21 21 21 21 21 21 21 21 20 21 21 21 21 21 21 21 22 21 21 21 21 21 21 21 21 21 21 20 20 20 21 21 21 21 21 21 21 21 21 21 21 20 20 21 21 21 21 21 21 21 21 17 18 18 18 18 18 19 19 19 20 20 20 20 20 20 20 20 20 20 20 20 20 20 20 19 19 19 19 18 19 19 18 18 18 18 18 18 18 19 19 19 18 18 19 19 19 18 18 18 18 18 19 19 18 17 17 18 18 18 17 17 17 17 17 17 17 18 18 18 18 18 18 17 17 17 17 17 17 18 17 17 18 18 18 17 17 17 17 18 18 18 17 17 17 17 17 17 18 17 17 17 17 18 18 18 18 18 18 18 18 18 18 18 18 17 18 18 17 18 18 18 18 18 18 18 18 18 18 18 18 18 18 18 18 18 18 18 18 18 18 18 18 18 18 18 18 18 18 18 18 18 17 18 18 18 18 18 17 17 17 17 17 17 18 18 18 18 18 18 18 18 18 19 18 18 18 18 19 19 19 19 18 19 19 18 18 18 18 18 19 19 19 19 19 19 19 19 19 19 19 19 19 19 19 19 19 19 18 18 18 18 18 18 18 20 20 20 20 20 20 20 20 20 20 20 20 20 20 20 20 20 20 20 20 20 20 20 20 20 20 20 20 21 21 20 20 20 20 20 20 20 20 21 21 21 20 20 20 20 21 21 21 21 21 21 21 21 21 21 21 21 21 21 22 22 21 21 21 22 21 21 21 21 21 21 21 22 22 22 22 22 22 22 22 22 21 21 21 21 22 22 21 21 21 21 21 21 21 21 21 21 22 21 21 21 21 21 21 21 21 21 21 21 20 20 21 20 20 20 21 21 21 21 21 21 21 21 21 21 21 21 21 21 21 21 21 21 21 21 21 21 18 18 18 19 19 19 19 19 19 19 19 20 20 20 20 20 20 20 20 20 20 20 20 20 20 20 20 19 19 19 19 19 19 18 18 18 18 18 19 19 19 18 18 19 19 19 18 18 18 18 18 18 19 18 18 17 18 18 18 18 17 17 17 17 16 16 17 17 17 18 18 17 17 17 17 17 17 17 17 18 18 18 18 18 18 18 18 17 18 18 18 18 17 17 17 17 17 17 17 18 18 18 18 18 18 18 18 18 18 18 18 18 18 18 18 18 18 18 18 18 18 18 18 18 18 18 18 18 18 18 18 18 18 18 18 18 18 18 18 18 18 18 18 18 18 18 18 18 18 18 17 18 18 18 18 18 18 18 17 17 17 18 18 18 18 18 18 18 18 18 18 18 18 18 18 18 19 19 20 19 19 19 19 19 19 19 18 18 18 18 19 19 19 19 19 19 18 19 19 18 18 19 19 19 19 19 19 18 18 18 18 18 18 18 20 20 20 20 20 20 20 20 20 20 20 20 20 20 20 20 20 20 20 20 20 20 20 20 20 20 20 20 20 20 20 20 20 20 20 20 20 20 20 21 21 21 20 20 20 20 21 21 21 21 21 21 20 20 20 20 21 21 21 22 21 21 21 21 21 21 22 22 21 22 22 21 21 22 21 22 22 22 22 22 22 22 21 21 21 22 22 22 21 21 21 21 21 21 21 21 21 22 21 21 21 21 21 21 21 21 21 22 21 21 20 21 21 21 21 21 21 21 22 21 21 21 21 21 21 21 20 21 21 21 21 21 21 21 21 21 21 22 18 18 19 19 19 19 19 19 20 19 20 20 20 20 20 20 20 20 20 20 20 20 20 20 20 20 20 20 20 19 19 19 19 19 19 19 19 19 19 19 19 19 19 19 19 19 18 18 19 18 18 18 18 18 18 18 18 19 19 19 18 18 18 17 16 16 16 16 16 16 16 17 17 16 17 16 16 17 17 17 18 17 18 18 18 17 17 17 17 17 17 17 17 16 16 17 17 17 17 17 18 17 17 17 17 17 17 17 17 18 18 18 18 18 18 17 17 17 17 17 17 17 17 17 17 17 18 18 18 18 18 18 18 18 18 18 18 18 18 18 18 18 18 18 18 18 18 17 17 17 17 18 18 18 18 18 17 17 17 17 17 17 18 18 19 18 18 18 18 18 18 19 19 19 19 19 19 20 19 19 19 19 19 19 18 18 18 18 18 18 18 19 19 18 18 18 18 18 18 19 19 18 18 19 19 18 18 18 18 19 18 18 18 18 18 18 18 18 18 18 19 19 18 18 18 19 19 19 19 19 19 19 19 19 19 19 19 18 18 18 19 19 19 19 19 19 19 19 19 19 19 19 19 19 19 19 19 19 19 20 19 19 19 21 20 21 21 21 21 22 22 22 22 21 21 21 21 21 22 22 22 22 22 22 22 22 22 22 23 23 23 23 23 22 22 22 22 21 22 22 22 22 22 22 22 22 22 21 21 22 22 22 21 21 21 21 21 21 21 21 22 22 21 21 21 21 21 21 21 22 22 22 22 22 21 21 21 21 21 21 21 21 21 21 22 22 22 21 22 22 22 18 18 18 18 18 19 19 19 19 20 20 20 20 20 20 20 20 20 20 20 20 20 21 21 21 21 20 20 20 20 20 20 20 19 19 19 19 19 20 20 20 20 19 19 19 19 18 18 18 18 19 19 19 18 19 19 18 19 19 19 19 19 17 17 17 17 17 17 17 17 18 17 17 17 17 17 17 17 17 17 17 18 18 18 18 18 18 17 17 17 17 17 17 17 17 17 17 17 17 17 17 18 17 18 17 17 17 17 18 18 18 18 18 18 18 17 17 17 18 18 18 18 18 18 18 18 18 18 18 18 18 18 18 18 18 18 18 18 18 18 18 18 18 18 18 18 18 18 18 17 17 18 18 18 18 17 17 17 17 17 18 18 18 18 18 18 18 18 19 18 18 18 19 19 19 19 19 19 19 19 19 19 19 19 19 18 18 18 19 19 19 19 19 19 19 19 19 19 19 19 19 18 18 18 18 18 18 19 19 19 19 18 18 18 18 18 18 18 19 19 19 19 19 19 19 19 19 19 19 19 19 19 19 19 19 19 19 19 19 19 19 19 19 19 19 19 19 19 19 19 19 19 19 19 19 19 19 19 19 19 19 19 21 21 20 21 21 21 22 22 22 22 21 21 21 21 22 22 22 22 22 22 22 22 22 22 22 22 22 23 23 22 22 22 22 22 21 21 22 22 22 22 22 22 22 22 21 21 22 21 21 21 21 22 22 21 21 21 21 22 23 22 22 21 21 21 21 21 21 21 22 22 22 22 21 21 21 21 21 21 21 21 21 22 22 22 22 22 22 22 19 18 18 19 19 19 19 19 20 20 20 20 20 20 20 21 20 20 21 21 21 21 21 21 21 21 21 20 21 21 20 20 20 19 19 19 19 20 20 20 20 20 20 19 19 19 19 18 18 19 19 19 18 18 18 19 19 19 19 19 19 18 18 18 17 17 17 17 17 18 17 17 17 17 17 17 17 17 17 17 17 17 18 18 18 18 18 18 18 17 17 18 17 17 17 17 17 17 17 17 17 17 18 18 18 18 18 17 17 18 18 18 18 18 18 18 18 18 18 18 18 18 18 18 18 18 18 18 18 18 18 18 18 18 18 18 18 18 18 18 18 18 18 18 18 18 18 18 18 18 18 18 18 18 18 18 17 18 18 18 18 18 18 19 19 19 18 18 18 19 19 19 19 19 19 19 18 19 19 19 19 19 19 19 19 18 18 18 19 19 19 19 19 19 19 19 19 19 19 19 19 18 18 18 18 18 19 19 19 19 19 18 18 18 18 18 18 19 19 19 19 19 19 19 19 19 19 19 19 19 19 19 19 19 19 19 19 19 19 19 19 19 19 19 19 19 19 19 19 19 19 19 19 19 19 19 19 19 19 19 19 21 21 21 21 21 22 22 22 22 22 21 21 21 21 22 22 22 22 22 22 22 22 22 22 22 22 22 22 22 22 22 22 22 22 22 21 22 22 22 22 22 22 22 22 22 22 22 22 22 21 21 22 22 21 21 21 21 22 23 23 22 22 22 22 21 22 22 21 21 21 21 22 22 22 21 21 21 21 21 21 21 22 22 22 22 22 22 19 19 19 19 19 19 20 20 20 20 20 20 20 20 20 20 21 20 21 21 21 21 21 21 21 21 21 21 21 20 20 20 20 20 20 20 20 20 20 20 20 20 19 19 19 19 19 19 19 20 19 19 18 18 19 19 19 19 19 19 19 18 18 17 17 17 17 18 18 17 17 17 17 17 17 17 17 17 17 17 17 18 18 18 18 18 18 18 17 18 17 17 18 17 17 17 17 17 17 17 18 18 18 18 18 18 18 18 18 19 19 19 18 18 18 18 18 18 18 18 18 18 18 18 18 18 18 18 18 18 18 18 18 18 18 18 18 18 18 18 18 18 18 18 18 18 18 18 18 18 18 18 18 18 18 18 18 18 18 18 19 19 19 19 19 18 19 19 19 19 19 19 18 19 18 19 19 19 19 19 19 19 19 19 19 19 19 19 19 19 19 19 19 19 19 19 19 19 19 19 19 19 19 19 19 19 19 19 19 19 19 19 19 19 19 19 19 19 19 19 19 19 19 19 19 19 19 19 19 19 19 19 19 19 19 19 19 19 19 19 19 19 19 19 19 19 19 19 19 19 19 19 19 19 19 19 19 19 19 21 22 22 22 22 22 22 22 22 22 21 21 21 21 21 21 21 22 22 22 22 22 22 22 22 22 22 22 22 22 22 22 22 22 22 22 22 22 22 22 22 22 22 22 22 22 22 22 22 22 21 22 22 22 21 21 21 22 23 23 23 23 22 22 22 21 22 21 21 21 21 21 22 22 21 21 21 21 21 21 21 21 21 22 22 22 22 22 20 20 19 19 19 20 19 19 19 19 20 20 20 20 21 21 21 21 21 21 21 21 21 21 21 20 20 20 20 20 21 20 20 20 20 20 20 20 20 20 20 20 19 19 19 19 19 19 19 19 18 19 19 19 20 19 19 19 18 18 18 18 18 18 17 17 18 18 17 17 17 17 17 17 17 17 17 17 18 18 18 18 18 17 17 17 17 17 18 17 18 18 17 17 18 17 17 18 18 18 18 18 18 18 18 18 18 18 19 19 18 18 18 18 18 18 18 18 18 18 18 18 18 18 18 18 18 18 18 18 18 18 18 18 18 18 18 18 18 18 18 18 18 18 18 18 18 18 18 18 18 18 18 18 18 18 18 18 19 19 19 19 19 19 18 19 19 19 19 19 19 18 18 19 19 19 19 19 19 18 19 19 19 19 19 19 19 19 19 19 19 19 19 19 19 19 19 19 19 19 19 19 19 19 19 19 19 19 19 19 19 19 19 19 19 19 19 19 19 19 19 19 19 19 19 19 19 19 19 19 19 19 19 19 19 19 19 20 20 20 20 20 20 19 20 20 20 19 19 19 19 19 19 19 19 20 19 20 21 22 22 22 22 22 22 21 22 22 22 21 21 21 21 21 21 21 22 22 22 22 22 22 22 22 22 22 22 22 22 22 22 22 22 23 22 22 22 22 22 22 22 22 22 22 22 23 22 22 22 22 22 21 21 21 21 22 23 23 23 23 22 22 22 22 21 21 21 21 21 21 21 21 21 21 21 21 21 21 21 22 22 22 22 22 22 22 19 19 20 20 19 19 19 19 20 20 20 21 21 21 21 21 21 21 21 21 21 21 21 21 21 20 20 20 20 20 21 21 21 21 21 20 20 20 20 20 20 19 20 20 19 19 19 19 18 18 19 19 20 20 19 19 19 19 19 19 18 18 18 18 18 18 18 18 17 17 17 17 17 17 17 17 17 18 18 18 18 18 18 18 17 17 17 18 18 18 18 18 18 18 18 18 18 18 17 18 18 18 18 18 18 18 18 18 18 18 19 19 18 18 18 18 18 18 18 18 18 18 18 18 18 18 18 18 18 18 18 18 18 18 18 18 18 18 18 18 18 18 18 18 18 18 18 18 18 18 18 18 18 18 18 18 18 18 19 19 19 19 19 19 19 19 19 19 19 20 19 19 18 19 19 19 19 19 19 19 19 19 19 19 19 19 19 19 19 19 19 19 19 19 19 19 19 19 19 19 19 19 19 19 19 19 19 19 19 19 19 19 19 19 19 19 19 19 19 19 19 19 19 19 19 19 19 19 19 19 19 19 19 19 19 19 19 20 20 20 20 20 20 20 20 20 20 20 20 20 20 20 20 20 20 20 20 20 22 21 22 22 22 22 22 22 21 22 22 21 21 21 21 22 22 21 22 22 21 21 21 22 21 22 22 22 22 22 22 22 22 22 22 22 22 22 22 22 22 22 23 23 22 22 22 22 22 22 22 22 22 22 22 21 22 22 23 23 22 22 22 22 22 21 21 21 21 22 22 22 22 21 21 22 22 22 22 22 22 22 22 22 22 22 22 22 23 20 19 20 20 19 19 20 20 20 20 20 20 21 21 21 21 21 21 21 21 21 21 21 21 21 20 20 20 20 20 20 21 21 21 21 21 20 20 20 20 20 20 20 20 20 20 20 19 19 19 18 19 20 20 20 20 19 19 18 19 19 18 18 18 18 18 18 18 17 17 17 17 17 17 18 18 18 18 18 18 18 18 18 18 18 17 18 18 18 18 18 18 18 18 18 18 18 18 18 17 18 18 18 18 18 18 18 19 19 18 18 19 19 19 19 19 18 18 18 19 19 18 18 18 18 18 18 18 18 18 18 18 18 18 18 18 18 18 18 18 18 18 18 18 18 18 18 18 18 18 18 18 18 18 18 18 18 18 19 19 19 19 19 19 19 19 19 19 19 20 20 19 18 19 19 19 19 19 19 19 19 20 19 19 19 19 19 19 19 19 19 19 19 19 19 19 19 19 19 19 19 19 19 19 19 19 19 19 19 19 19 19 19 19 19 19 19 19 19 19 19 19 19 19 19 19 19 19 19 19 19 19 19 19 19 19 19 19 19 20 20 20 20 20 20 20 20 20 20 20 20 20 20 21 21 21 20 20 22 21 22 22 22 22 22 22 21 22 21 21 21 22 22 22 22 22 21 21 22 22 22 22 22 22 22 22 22 22 22 22 22 22 22 22 22 22 22 22 22 23 23 23 23 23 23 23 22 22 22 22 22 22 22 22 22 23 23 23 22 22 22 22 21 21 21 21 22 22 22 22 22 21 22 22 22 22 22 22 22 22 22 22 23 23 22 23 23 20 21 21 20 20 19 20 20 20 20 21 21 21 21 21 21 21 21 21 21 22 21 21 21 22 21 21 21 20 20 20 20 20 21 21 21 21 21 20 20 20 20 20 20 20 20 20 20 19 19 19 20 20 19 19 20 20 20 19 18 18 18 19 18 18 18 18 18 18 18 17 17 17 17 17 18 18 18 18 18 18 18 18 18 18 17 17 18 18 18 18 18 18 18 18 18 18 18 18 18 18 18 18 18 18 18 18 19 19 19 18 18 18 18 18 18 18 18 18 19 19 19 19 18 18 18 18 18 18 18 18 18 18 18 18 18 18 18 18 18 18 18 18 18 18 18 18 18 18 18 18 18 18 18 18 18 18 18 19 19 19 19 19 19 19 19 19 19 19 19 19 19 18 19 19 19 19 19 19 19 19 20 19 19 19 19 19 19 19 19 19 19 19 19 19 19 19 19 19 19 19 20 20 19 19 19 19 19 19 19 19 19 19 19 19 19 19 19 19 19 19 19 19 19 19 19 19 19 19 19 19 19 19 19 19 19 19 19 19 20 20 20 20 20 20 20 20 20 20 20 20 20 20 21 21 21 20 20 22 21 22 22 22 22 22 22 22 22 21 21 22 22 22 22 22 22 22 22 22 22 22 22 22 22 22 22 22 22 22 22 22 22 23 22 22 22 22 22 22 22 23 23 23 23 23 23 23 22 22 22 22 22 22 22 22 22 23 23 23 22 21 21 21 21 22 22 22 22 22 22 22 22 22 22 22 22 22 22 22 22 22 22 22 23 23 22 23 23 21 21 21 20 20 20 20 20 21 21 21 21 21 21 21 21 21 21 21 21 21 21 21 22 21 21 21 21 20 20 20 20 20 20 20 20 20 20 20 21 21 21 21 20 20 20 19 19 19 19 20 20 20 20 20 20 20 19 19 18 19 19 19 19 19 19 18 18 18 18 18 17 17 17 18 18 18 18 18 18 18 18 18 18 18 18 18 18 18 18 19 18 19 19 19 19 19 19 18 18 19 18 18 18 18 19 19 19 19 19 18 18 18 18 18 18 18 18 18 18 18 18 19 18 18 18 18 18 18 18 18 18 18 18 18 18 18 18 18 18 18 18 18 18 18 18 18 18 18 18 18 18 18 18 18 18 18 19 19 19 19 19 19 19 19 19 19 19 19 19 19 19 19 18 19 19 19 19 19 20 19 19 19 19 19 19 19 19 19 19 19 19 19 19 19 19 19 19 19 19 20 20 19 19 19 19 20 20 20 19 19 19 19 19 19 19 19 19 19 19 19 19 19 19 19 19 19 19 19 19 19 19 19 19 19 19 19 20 20 20 20 20 20 20 20 20 20 20 20 20 20 20 20 20 20 20 20 22 21 22 22 22 22 22 22 22 22 21 21 22 22 22 22 22 22 22 22 22 22 22 22 22 22 22 22 22 22 22 22 22 22 22 22 22 22 22 22 22 22 22 22 22 22 23 23 22 22 22 22 22 22 22 22 22 22 22 23 22 22 22 22 22 22 22 22 22 22 22 22 22 22 22 22 22 22 22 22 22 22 22 22 22 22 22 22 22 23 23 21 21 21 21 21 20 20 20 21 21 22 21 21 21 21 21 21 21 21 21 21 21 21 21 21 22 22 21 21 20 21 21 20 20 20 20 20 20 21 21 21 21 21 20 20 20 20 20 19 19 20 20 20 20 20 20 20 19 19 19 19 19 18 18 19 19 19 18 18 17 17 17 17 18 18 18 18 18 19 19 18 19 18 18 18 18 18 18 18 18 19 19 19 19 19 19 19 19 19 19 19 19 18 18 19 19 19 20 19 18 18 19 19 19 18 18 18 18 18 18 18 18 18 19 19 18 18 18 18 18 18 18 18 18 18 18 18 18 18 18 18 19 19 18 18 18 18 18 18 19 18 18 18 18 18 18 18 19 19 19 19 19 19 19 19 19 19 19 19 19 19 19 19 19 19 19 19 19 19 19 19 19 19 19 19 19 19 19 19 19 19 19 19 19 20 19 19 20 19 19 20 20 20 20 19 19 19 20 20 20 20 19 19 19 19 19 19 19 19 19 19 19 19 19 19 19 19 19 19 19 19 19 19 19 19 19 19 19 20 20 20 20 20 20 20 20 20 20 20 20 20 20 20 20 20 20 20 22 22 22 22 22 22 22 22 22 22 22 21 21 22 22 22 22 22 22 22 22 22 22 22 22 22 22 22 22 22 22 22 22 22 22 22 22 22 22 22 22 22 22 22 23 23 23 23 22 22 22 22 22 22 22 22 22 22 22 22 22 22 22 22 22 22 22 22 22 22 22 22 22 22 22 22 22 22 22 22 22 22 22 22 22 22 22 22 23 22 22 22 23 21 21 21 21 20 20 20 21 21 21 21 22 22 22 22 22 21 21 21 21 21 22 22 22 22 22 22 21 21 21 21 20 21 21 20 20 20 20 21 21 21 21 21 20 20 19 19 20 20 20 20 20 21 21 20 20 19 19 19 19 19 18 18 18 18 18 17 17 17 17 18 18 18 18 18 18 18 19 19 19 19 19 19 19 19 18 18 18 18 18 19 19 19 19 19 19 19 19 19 19 19 19 19 19 19 19 19 18 18 19 19 20 20 19 18 18 18 18 18 18 18 18 18 18 18 18 18 18 18 19 19 18 18 18 18 19 19 18 18 18 19 19 19 18 18 18 18 18 19 19 18 18 18 18 18 18 19 19 19 19 19 19 19 19 19 19 19 19 19 19 19 19 19 20 19 19 19 19 19 19 19 19 19 19 19 20 20 19 19 19 19 19 19 20 20 19 20 19 19 20 20 20 20 20 20 20 20 20 19 19 19 19 19 19 20 19 19 19 19 19 19 19 19 19 19 19 19 19 20 20 19 19 19 19 19 19 19 20 20 20 20 20 20 20 20 20 20 20 20 20 20 20 20 20 20 20 22 22 22 22 22 22 22 22 23 22 22 21 21 21 22 22 22 22 22 22 22 22 22 22 22 22 22 22 22 22 22 22 22 22 22 22 22 22 22 22 22 22 22 22 23 23 24 23 23 22 22 22 22 22 22 22 22 22 22 22 22 22 22 22 22 22 22 22 22 22 22 22 22 22 22 22 22 22 22 22 22 22 22 22 22 22 22 22 22 22 22 22 23 23 21 20 20 21 21 21 20 20 20 20 20 21 21 22 22 22 22 22 22 21 22 21 22 22 22 22 22 22 22 22 21 21 21 21 21 20 20 20 20 20 21 20 20 21 20 20 19 20 20 21 21 20 20 21 20 20 20 19 20 19 19 19 19 19 18 18 18 19 18 18 17 17 17 18 18 19 19 19 19 19 19 19 19 19 19 19 19 19 19 18 19 19 19 19 19 19 19 19 19 19 19 19 19 19 19 19 18 19 19 18 19 19 19 20 19 19 18 18 18 18 18 18 18 18 18 18 18 18 18 18 18 19 19 19 18 18 19 19 19 18 18 18 19 19 18 18 18 18 18 18 19 19 18 18 18 18 18 19 19 19 19 19 19 19 19 19 19 19 19 19 19 20 20 19 19 19 19 19 19 19 19 19 19 19 19 19 20 20 19 19 20 19 19 19 19 20 20 19 19 20 20 20 20 20 20 20 20 20 20 19 20 20 20 20 20 20 20 20 20 19 19 19 19 19 19 19 19 19 19 19 19 19 19 19 19 19 19 20 20 20 20 20 20 20 20 20 20 20 20 20 20 20 20 20 20 20 20 22 22 22 22 22 22 22 22 22 22 21 21 21 21 21 22 22 22 22 22 22 22 22 21 21 21 22 22 22 22 22 22 22 22 22 22 23 23 22 22 22 23 22 23 22 23 23 23 22 22 22 22 22 22 22 22 22 22 22 22 22 22 22 22 22 22 22 22 22 22 22 22 22 22 22 22 22 22 22 22 22 22 22 22 22 22 22 22 22 22 22 22 22 22 23 23 23 23 20 20 20 20 21 21 21 21 20 20 21 21 21 21 22 21 21 21 22 22 22 22 22 22 22 22 22 22 22 22 23 22 22 22 22 21 21 21 21 20 20 20 20 20 20 20 20 20 20 21 21 21 21 21 21 21 21 20 19 19 19 19 19 20 20 19 18 18 19 19 19 18 17 17 18 18 18 18 18 19 19 19 19 19 19 19 19 20 19 19 19 19 20 20 20 19 19 19 19 20 20 20 20 20 20 20 19 20 20 20 19 20 20 19 20 20 20 19 19 18 18 19 19 18 17 18 18 18 18 19 18 18 19 19 19 18 18 19 19 20 19 19 18 19 19 19 19 19 19 18 18 19 19 19 18 19 19 19 20 19 19 19 19 19 19 19 19 19 19 19 19 19 19 19 19 19 20 19 19 20 19 19 19 19 19 19 19 20 20 20 19 20 20 20 19 19 20 20 20 19 20 20 20 20 20 20 20 19 19 20 20 20 20 20 20 20 20 20 20 20 20 20 19 19 19 19 20 19 19 19 19 19 19 19 19 19 19 19 20 20 20 20 20 20 20 20 20 20 20 20 20 20 20 20 20 20 20 20 22 22 22 22 22 22 22 22 22 22 22 22 22 21 21 21 22 22 22 22 22 21 21 21 21 21 21 21 21 21 22 22 22 22 22 22 22 23 22 22 23 22 22 23 22 22 23 23 22 22 22 22 23 22 23 23 22 22 22 22 23 22 22 22 22 22 22 22 22 22 22 22 22 22 22 22 22 22 22 22 22 22 23 23 23 22 22 22 22 22 22 22 22 22 22 22 23 23 19 20 20 20 21 21 21 21 21 21 21 21 22 22 22 22 22 21 21 21 21 21 22 22 22 22 22 22 22 22 22 22 22 22 22 22 22 22 22 22 21 21 21 21 21 21 21 21 20 20 20 21 21 21 21 21 21 21 21 20 20 19 19 19 19 19 18 18 18 19 19 19 18 18 18 18 18 18 18 18 19 19 19 19 19 19 19 19 19 20 20 20 19 20 20 19 19 20 20 19 19 19 19 20 20 20 20 20 20 20 20 19 20 20 20 20 20 21 20 19 19 18 18 18 18 17 19 19 18 18 19 19 19 19 20 20 19 20 19 19 19 19 19 19 19 19 19 20 20 20 19 18 18 19 18 18 18 18 19 20 20 20 20 19 20 19 19 19 19 19 19 19 19 19 19 19 19 20 19 20 19 19 19 19 20 20 19 19 20 20 20 20 19 20 20 20 20 20 20 20 20 20 20 20 20 20 20 20 20 20 20 20 20 20 20 20 20 20 20 20 20 20 20 19 19 19 20 20 20 20 20 20 20 20 20 19 20 19 19 20 20 20 20 20 20 20 20 20 20 20 20 20 21 21 21 20 20 20 20 22 22 22 22 22 22 22 22 22 22 22 23 22 22 22 21 22 22 21 21 21 21 21 21 21 21 21 21 21 21 22 22 22 21 21 21 22 22 22 22 22 22 22 22 22 22 22 22 22 23 23 23 23 23 23 23 23 22 22 22 22 22 22 22 22 22 22 22 22 22 22 22 22 22 22 22 22 22 22 23 22 22 22 22 23 23 23 23 22 22 22 22 22 22 22 22 22 23 23 19 19 19 19 20 20 20 20 20 20 21 21 21 21 21 21 21 21 22 22 22 21 21 21 21 21 22 22 22 22 22 22 22 22 22 22 21 21 21 21 22 22 22 22 22 22 22 22 22 22 21 20 21 21 21 21 20 21 21 21 22 20 21 21 20 19 19 19 19 19 19 19 18 18 18 18 19 18 18 18 18 18 19 19 19 19 19 19 20 19 19 20 19 20 20 20 19 19 19 20 20 20 20 20 20 20 20 20 21 20 20 20 19 19 20 21 21 21 21 20 20 20 19 19 18 18 17 18 19 19 19 20 20 20 20 19 19 19 19 20 20 19 19 19 19 19 19 19 19 20 20 20 19 19 19 18 18 18 18 18 19 20 20 20 19 20 20 20 19 19 19 19 19 19 19 19 19 19 19 19 19 19 19 19 19 19 19 19 19 20 20 20 20 20 20 20 20 20 20 20 20 20 20 20 20 20 20 20 20 20 20 20 20 20 20 20 20 20 20 20 20 20 20 20 20 19 19 20 20 20 20 20 20 20 20 20 20 20 20 19 20 20 20 20 20 20 20 20 20 20 20 20 20 20 21 20 20 21 20 21 21 22 22 22 22 22 22 22 21 22 22 22 22 22 22 22 22 22 22 22 22 22 22 21 22 22 22 22 22 21 22 21 21 21 21 21 21 21 22 22 22 22 22 22 22 22 22 22 22 22 23 23 23 22 23 23 23 22 23 22 23 22 22 22 22 22 22 22 23 22 22 22 22 22 22 22 22 22 22 22 22 22 22 22 22 22 22 23 23 23 23 23 23 22 22 22 22 22 23 19 20 20 20 20 19 19 19 19 19 20 20 20 20 20 21 21 21 22 22 22 22 21 21 21 21 22 22 22 22 22 22 22 23 22 22 21 21 21 21 21 21 21 21 21 22 22 21 21 21 21 20 21 22 22 22 21 21 21 21 21 20 20 20 20 19 19 20 20 20 19 18 18 18 18 19 19 19 19 18 18 18 19 19 19 19 20 20 19 19 19 19 19 20 20 19 19 20 20 20 20 20 21 21 21 21 21 21 21 21 20 20 19 19 20 20 21 21 20 20 19 19 19 20 19 18 18 18 19 19 19 19 20 20 21 20 20 19 19 19 20 20 19 19 19 19 19 19 19 20 20 20 20 19 19 19 19 19 19 19 19 20 20 20 19 20 20 20 20 20 19 19 19 19 20 20 20 20 19 19 19 19 19 19 19 20 20 20 20 20 20 20 20 20 20 20 20 20 20 20 20 20 20 20 20 20 20 20 20 20 20 20 20 20 20 20 20 20 20 20 20 20 20 20 20 19 20 20 20 20 20 20 21 21 21 20 20 20 20 19 19 20 20 20 20 20 20 20 20 20 20 20 20 21 20 20 21 21 21 21 21 22 22 22 22 22 22 22 22 22 22 22 23 22 22 22 22 22 22 23 22 22 22 21 22 22 22 23 23 22 22 22 22 22 22 21 22 22 23 23 23 23 23 22 22 22 22 22 23 23 23 23 23 22 22 23 23 22 22 22 23 23 23 22 22 22 22 22 23 22 22 22 22 22 22 22 22 22 22 22 22 23 23 23 23 22 22 23 23 23 24 24 23 23 22 22 22 22 22 20 20 20 20 20 20 21 20 19 19 19 19 19 20 21 21 21 22 22 22 21 21 21 21 21 21 22 22 22 23 23 23 23 23 22 22 22 22 22 22 22 22 21 21 21 21 21 21 21 21 20 21 21 22 22 21 21 21 22 21 20 20 20 20 19 19 19 20 19 19 18 18 19 19 19 19 19 19 19 19 19 19 18 19 19 19 19 19 19 19 19 20 20 20 20 20 20 20 20 20 20 20 20 20 20 21 21 21 20 20 20 20 20 20 20 20 21 21 20 20 19 19 19 19 18 18 18 19 19 19 19 19 20 21 20 19 19 19 19 19 19 19 19 19 19 20 20 20 20 20 20 20 20 19 19 19 19 19 19 19 20 20 20 20 20 20 20 20 20 19 20 20 20 20 20 20 20 20 19 19 19 19 19 20 20 20 20 20 20 20 20 20 20 20 20 20 20 20 20 20 20 20 20 20 20 20 20 20 20 20 20 20 20 20 20 20 20 20 20 20 20 20 20 20 20 20 20 20 20 20 20 21 21 21 20 20 20 20 19 20 20 20 20 20 20 20 20 20 21 20 20 20 20 20 21 21 21 21 21 21 22 22 22 22 22 22 23 23 22 22 22 23 23 22 22 22 22 22 23 23 22 22 22 22 22 22 23 23 23 23 23 23 23 23 23 23 23 23 23 23 23 23 22 22 22 22 22 22 23 23 23 23 22 22 22 22 22 22 22 22 23 23 23 23 22 22 22 23 23 22 22 22 22 22 22 22 22 22 22 23 23 23 24 23 23 23 23 23 23 23 24 24 24 23 23 22 23 23 23 22 20 19 19 20 20 20 20 20 21 21 21 21 20 20 20 20 19 20 21 21 22 22 22 21 21 21 21 22 22 22 22 22 23 23 23 23 23 23 22 22 22 23 23 23 22 22 23 22 22 22 22 22 22 22 21 21 21 22 22 22 22 22 22 20 21 22 22 21 20 20 20 20 19 19 19 20 20 20 20 20 19 19 19 19 19 19 19 18 19 19 19 19 19 19 20 20 20 20 20 20 20 20 20 20 20 20 20 21 21 21 21 20 20 20 21 20 20 20 20 20 21 20 20 20 19 19 19 19 19 18 19 19 19 19 20 21 21 21 21 20 19 19 19 19 20 20 19 19 20 19 20 19 20 20 20 20 19 19 19 19 19 19 19 20 20 20 20 20 20 20 20 20 20 20 20 20 20 20 20 20 20 20 20 19 19 20 20 20 20 20 20 20 20 20 20 20 20 20 20 20 20 20 20 20 20 20 20 20 20 20 20 20 20 20 20 20 20 20 20 20 20 20 20 20 20 20 20 20 20 20 20 20 20 20 20 20 21 20 20 20 20 20 20 20 20 20 20 20 20 20 20 21 21 21 21 21 21 21 21 21 21 21 21 23 22 22 22 22 22 22 23 23 23 22 23 23 23 23 22 22 22 23 23 22 22 23 23 23 22 23 23 23 24 24 24 24 24 24 24 24 24 23 23 24 23 23 22 22 22 23 23 23 23 23 23 23 22 22 22 22 22 22 22 22 22 23 23 23 22 22 23 23 22 22 22 22 22 22 22 22 22 23 23 23 23 23 24 23 23 23 23 23 24 24 24 24 24 24 23 24 24 23 23 23 21 21 20 19 19 19 20 20 20 20 21 21 21 21 21 21 21 21 20 20 20 21 21 22 22 21 21 21 22 22 22 22 22 22 22 22 22 23 23 23 23 23 23 22 23 22 22 22 23 23 23 23 23 23 23 23 23 22 21 22 23 23 23 22 22 20 20 21 21 22 21 21 21 21 20 20 20 20 19 19 19 19 19 19 20 19 19 20 20 19 19 19 19 19 19 20 20 20 20 20 21 20 20 20 20 20 20 20 21 21 21 22 21 21 21 22 22 21 21 21 20 21 21 20 20 20 20 19 19 19 19 19 18 18 19 20 20 21 21 20 20 21 20 20 20 20 20 19 19 19 19 20 20 20 20 20 20 20 20 19 19 19 19 19 19 20 20 20 20 20 20 20 19 20 20 20 20 20 20 20 20 20 20 20 20 20 20 20 20 20 20 20 20 20 20 20 20 20 20 20 20 20 20 20 20 20 20 20 20 20 20 20 20 20 20 20 20 20 20 20 20 20 20 20 20 20 20 20 20 20 20 20 20 20 20 20 20 21 21 20 20 20 20 20 20 20 20 21 21 21 20 20 20 21 21 21 21 21 21 21 21 21 21 21 21 23 22 22 22 22 22 23 23 23 23 23 23 23 23 23 23 23 22 23 23 23 23 24 24 23 23 23 23 23 24 24 24 24 24 24 24 24 24 24 23 23 23 23 23 22 23 23 23 23 23 23 23 22 22 22 22 22 22 22 22 22 22 22 22 23 23 23 23 23 23 22 22 22 22 22 22 23 23 22 23 23 23 23 24 24 23 23 23 23 23 23 23 24 24 24 24 24 24 24 22 22 22 22 23 22 23 23 22 22 22 21 21 20 20 20 19 19 19 19 20 20 20 20 21 21 22 21 22 22 21 21 20 20 21 21 22 21 21 21 22 22 22 22 22 22 22 22 22 22 23 23 23 23 23 23 22 22 22 23 22 22 22 22 23 23 22 22 23 22 22 22 22 23 23 23 23 21 21 20 20 21 21 21 21 21 20 20 20 20 19 19 19 19 20 20 19 19 19 20 20 20 20 19 19 19 20 20 21 20 20 20 20 20 20 20 20 20 20 20 21 21 21 21 22 22 22 23 23 22 22 22 22 22 21 20 21 21 20 20 19 19 19 19 20 19 18 19 20 20 20 20 20 20 20 20 20 20 20 19 19 20 20 19 20 20 20 20 20 20 21 20 20 20 19 19 19 20 20 20 20 20 20 20 20 20 20 20 20 20 20 20 20 20 20 20 20 20 20 20 20 20 20 20 20 20 20 20 20 20 20 20 20 20 20 20 20 20 20 20 20 20 20 20 20 20 20 20 20 20 20 20 20 20 20 20 20 20 20 20 20 20 20 21 20 20 20 21 21 20 20 20 21 20 20 20 21 20 20 21 21 21 20 20 20 20 21 21 21 21 21 21 21 21 21 21 21 23 22 22 22 22 22 23 23 23 23 23 23 23 23 23 23 23 23 23 23 24 24 24 24 24 24 23 23 23 23 24 24 24 24 24 24 24 24 24 24 24 24 24 24 23 23 23 23 23 23 23 23 23 22 22 22 22 23 23 23 23 23 23 23 23 23 23 23 22 22 22 22 22 23 23 22 23 22 23 23 23 23 24 24 24 24 24 24 23 23 23 24 24 24 24 24 24 24 25 22 22 22 22 23 23 22 22 21 21 21 21 20 20 20 21 20 20 21 22 20 20 20 19 20 20 20 20 20 21 21 22 22 22 21 21 21 21 21 21 21 22 22 22 22 22 22 22 22 22 22 22 23 23 23 24 23 23 23 23 22 23 23 23 23 22 22 22 22 22 22 22 22 22 22 22 22 23 23 23 22 22 21 21 21 21 21 21 21 21 21 21 20 19 19 20 20 20 20 20 21 20 20 20 20 20 19 19 19 20 20 21 20 20 20 20 21 21 21 21 21 21 21 21 22 21 21 22 22 22 23 23 23 23 23 23 22 22 21 22 22 21 20 20 20 19 19 19 19 19 18 19 19 19 19 19 19 19 20 21 21 21 20 19 20 20 20 20 20 20 21 21 21 21 21 21 20 20 20 20 20 20 20 21 20 20 20 20 20 20 20 20 20 20 20 20 20 21 21 21 20 20 20 20 20 20 20 20 20 20 20 20 20 20 20 20 20 20 20 20 20 20 20 20 20 20 20 20 20 20 20 20 20 20 20 20 20 20 20 20 21 21 21 21 21 21 20 20 21 21 21 21 20 20 21 21 20 20 20 20 20 20 20 21 21 21 21 20 20 21 21 21 21 21 21 21 21 21 21 21 22 23 23 22 22 22 23 22 23 23 23 23 22 23 23 23 23 23 23 23 24 24 23 23 24 24 24 23 23 23 23 23 24 24 24 24 24 24 24 24 24 24 24 24 23 23 23 23 23 23 23 23 23 22 22 22 22 22 23 23 23 23 23 23 23 23 23 23 23 23 22 22 22 23 23 23 22 23 23 23 23 23 23 24 24 24 24 24 24 24 23 23 23 23 24 24 24 24 24 23 22 22 22 23 23 23 22 21 21 21 21 21 21 22 21 21 21 20 20 20 21 21 21 21 22 22 23 22 21 20 20 20 20 20 20 20 21 21 21 22 22 22 22 22 22 22 21 21 22 22 22 22 22 22 22 22 22 22 23 23 23 23 23 24 23 23 23 23 23 23 23 23 23 23 23 22 22 23 22 22 23 23 23 23 22 23 23 23 22 22 22 22 22 21 21 21 21 21 20 20 20 20 20 20 21 21 20 20 21 21 21 20 20 20 20 20 19 19 20 20 20 20 20 20 20 20 21 21 21 21 22 22 22 21 22 22 22 22 22 22 22 22 22 22 23 22 22 22 22 21 20 19 19 19 19 19 19 19 19 18 18 19 19 20 19 19 20 21 21 20 20 20 20 20 21 20 20 20 20 20 20 21 21 21 21 21 21 21 21 21 21 21 21 21 20 20 20 20 20 20 20 20 20 20 20 20 20 20 20 20 20 20 20 20 20 20 20 20 20 20 20 20 20 20 20 20 20 20 20 20 20 20 20 20 20 20 21 20 20 20 20 20 20 20 20 20 21 21 21 21 21 21 21 21 20 21 21 21 21 21 21 21 21 21 20 20 20 20 20 20 20 21 21 21 21 21 21 21 21 21 21 21 21 21 21 21 21 21 22 23 23 22 22 22 22 22 23 23 23 23 23 22 23 23 23 23 23 23 23 23 23 23 23 23 24 24 23 23 23 24 24 24 24 24 24 24 24 24 24 24 24 24 23 23 23 23 23 24 23 24 23 23 22 22 22 22 23 23 23 23 23 23 23 23 23 23 23 23 22 22 22 22 23 23 23 23 23 23 23 23 23 23 23 24 24 24 24 24 24 23 24 24 24 24 25 25 25 23 23 23 23 23 24 23 22 22 22 22 22 22 22 22 22 21 21 21 20 21 21 21 21 21 22 22 21 21 21 20 20 20 20 21 21 21 20 21 21 22 22 22 22 22 22 22 22 23 23 22 22 22 22 22 23 23 23 23 23 23 23 23 23 23 23 23 24 24 24 24 24 24 24 23 23 23 23 24 24 24 23 23 23 22 23 23 23 22 22 22 22 22 21 20 21 21 21 21 20 20 20 21 21 21 20 20 20 21 21 21 21 21 21 21 20 20 20 20 20 20 20 20 21 21 21 20 21 21 21 22 22 22 21 22 22 22 22 22 22 22 22 22 21 22 23 23 23 22 21 20 20 20 20 20 20 19 20 20 20 19 18 19 19 19 20 20 20 20 20 20 20 21 21 21 21 21 21 21 21 21 21 21 21 21 22 22 22 22 22 22 22 22 22 21 21 21 21 20 20 20 20 20 20 20 20 21 20 20 20 20 20 20 20 20 20 20 20 21 20 20 20 20 20 21 21 20 20 20 20 20 20 20 20 20 21 20 20 20 21 21 21 21 21 21 21 21 21 21 21 21 21 21 21 21 21 21 21 21 21 21 21 21 21 21 20 20 20 20 21 21 21 21 21 21 21 21 21 21 21 21 21 21 21 21 21 21 21 23 23 23 23 22 22 22 22 23 23 23 23 23 23 22 23 23 23 23 22 22 23 23 23 23 23 24 24 24 23 23 24 24 24 24 24 24 24 24 24 24 24 24 24 24 24 23 23 23 23 23 24 24 23 23 23 22 22 23 23 23 23 23 23 23 23 23 23 23 22 22 23 22 22 22 23 23 23 23 23 23 23 23 23 23 23 23 24 24 24 24 24 24 24 24 24 24 24 25 24 23 24 23 24 24 23 23 23 23 22 22 23 23 23 22 21 21 20 21 21 21 21 21 21 21 21 21 21 21 21 20 20 20 21 21 21 21 22 22 21 21 21 22 22 22 22 22 22 22 22 22 22 22 23 23 23 23 24 23 23 23 23 23 23 23 23 24 24 24 24 24 24 24 24 24 24 24 24 24 24 24 23 23 23 24 24 22 22 22 22 21 21 20 20 21 21 20 20 21 21 21 22 21 20 20 20 21 21 21 21 21 20 20 21 21 20 20 20 21 21 21 21 22 21 21 21 22 22 22 22 22 22 21 22 22 22 23 22 22 22 22 21 21 22 23 23 23 22 21 21 21 21 20 20 20 20 20 20 19 18 19 19 20 20 21 20 20 20 20 21 20 21 21 21 21 21 21 21 21 21 22 22 22 22 22 22 23 23 23 23 23 23 22 22 22 21 21 21 21 21 20 20 20 20 21 21 20 20 21 21 20 20 20 20 20 20 20 20 20 20 20 21 21 21 21 21 21 21 21 21 21 21 21 21 20 20 20 21 21 21 21 21 21 21 21 21 21 21 21 21 21 21 21 21 21 21 21 21 21 21 21 21 21 20 20 20 21 21 21 21 21 21 21 21 21 21 21 21 21 21 21 21 21 21 21 21 23 23 23 23 23 22 22 22 23 23 23 23 23 23 23 23 23 23 23 23 23 23 23 23 23 23 23 24 24 23 23 24 24 24 24 24 24 24 24 24 24 24 24 24 24 24 24 24 24 24 24 24 24 24 23 23 23 23 23 23 22 23 23 23 22 22 22 22 22 22 23 23 23 22 22 23 23 23 23 23 23 23 23 23 23 23 23 23 24 24 24 24 24 25 25 24 24 24 25 24 23 23 23 24 25 24 24 23 23 23 23 23 23 23 22 21 21 20 21 21 21 21 21 21 21 21 22 21 21 20 20 20 20 20 21 21 21 22 22 22 21 21 21 22 22 23 23 23 23 23 23 22 22 22 23 23 23 23 23 24 23 23 23 23 23 23 23 23 23 23 23 23 24 24 24 24 24 24 23 23 23 23 23 24 24 24 25 24 24 23 23 23 22 21 20 21 21 21 21 21 21 22 22 21 21 21 21 21 21 21 21 21 21 20 21 21 20 20 20 20 21 21 22 22 22 22 22 22 22 22 22 22 21 21 21 21 22 23 23 22 22 22 21 21 21 21 21 22 22 22 22 22 21 21 21 21 21 20 20 19 19 19 20 20 21 21 21 20 21 21 21 21 21 21 21 21 21 21 21 21 22 22 22 22 22 22 22 23 23 22 23 23 22 22 23 22 22 22 22 21 21 20 20 21 20 20 21 21 21 21 20 20 20 20 20 20 21 21 21 21 21 21 21 21 21 21 21 21 21 21 21 21 21 21 21 20 20 21 21 21 21 21 21 21 21 21 21 21 21 21 21 21 21 21 21 21 21 21 21 21 21 21 21 21 21 20 20 21 21 21 21 21 21 21 21 21 21 21 21 21 21 21 21 21 21 21 21 23 23 23 23 23 23 23 23 23 23 23 23 23 23 23 23 23 23 23 23 23 23 23 23 23 23 23 23 24 23 24 24 24 24 24 24 24 23 23 23 24 24 24 24 24 24 24 24 24 24 24 24 24 24 24 23 23 23 23 22 22 22 22 22 22 22 22 22 22 23 23 23 23 23 22 23 23 23 23 23 23 24 23 23 23 23 24 23 24 24 24 24 24 24 24 24 24 24 25 25 24 23 24 24 24 25 24 23 23 22 23 23 24 23 23 22 21 21 21 22 22 21 22 22 22 22 22 22 22 22 21 21 21 21 21 20 20 20 20 21 21 23 22 22 21 21 22 22 23 22 23 23 23 23 22 22 22 23 23 23 23 24 24 23 23 23 23 24 24 23 23 24 24 24 24 24 24 24 24 24 24 24 24 23 23 23 23 23 23 23 23 23 23 23 22 22 21 21 21 21 21 21 22 22 22 22 22 22 22 22 22 21 20 21 21 21 20 20 20 20 20 20 20 20 21 21 21 22 22 23 23 22 23 23 23 22 22 21 21 22 22 23 23 22 22 22 22 21 21 21 22 21 21 22 23 22 22 22 21 20 20 19 19 19 19 20 20 20 21 21 21 22 22 22 22 22 22 22 22 22 22 22 22 22 23 22 22 22 22 22 23 23 23 22 22 22 23 23 23 23 22 22 21 21 21 21 21 21 21 21 21 21 21 21 21 21 21 21 21 21 21 21 21 21 21 21 21 21 21 21 21 21 21 21 21 21 21 21 21 21 21 21 21 21 21 21 21 21 21 21 21 21 21 21 21 21 21 21 21 21 21 21 21 21 21 21 21 21 20 21 21 21 21 21 21 21 21 21 21 22 21 21 21 21 21 21 21 21 21 21 23 23 23 23 23 23 23 23 23 23 23 23 23 23 23 23 23 23 23 23 23 23 23 23 23 23 23 23 24 24 24 24 24 24 24 23 24 23 23 24 24 24 24 24 24 24 24 24 23 23 23 24 23 23 24 23 23 23 23 23 22 22 22 22 23 23 23 23 22 23 23 23 23 23 23 23 23 23 23 23 23 23 23 23 24 24 24 23 24 24 24 24 24 24 24 24 24 24 24 24 24 24 24 24 24 24 24 24 23 23 22 22 23 23 23 23 22 21 21 22 23 23 21 22 22 23 22 22 22 23 23 22 21 22 21 21 21 21 20 20 21 21 21 21 21 21 22 21 22 22 22 22 23 23 23 23 23 23 23 23 23 23 23 23 23 24 23 24 24 24 24 24 24 24 24 24 24 24 24 24 24 24 25 25 25 24 24 24 24 24 24 23 22 22 22 22 22 22 22 22 22 21 22 22 22 22 22 22 22 21 21 21 20 20 20 20 20 20 20 21 21 21 21 21 20 20 20 21 22 23 22 22 22 23 23 23 22 22 21 21 21 22 22 23 22 21 22 22 21 21 21 22 21 21 22 22 22 22 22 21 21 20 19 19 19 19 20 21 20 20 21 22 22 22 22 21 22 22 22 22 22 23 23 23 23 23 22 22 22 22 22 23 23 23 23 22 22 23 23 23 23 23 23 23 22 22 22 21 21 21 21 21 22 21 21 21 21 21 21 21 21 21 21 21 21 21 21 21 21 21 21 21 21 21 21 21 21 21 21 21 21 21 21 21 21 21 21 21 21 21 21 21 21 21 21 21 21 21 21 21 21 21 21 21 21 21 21 21 21 21 21 21 21 21 21 21 21 22 22 21 21 21 21 21 21 21 21 21 21 21 21 23 23 23 23 23 23 23 23 23 23 23 23 23 23 23 23 23 23 23 23 23 23 23 23 23 23 23 23 24 24 24 24 23 23 23 23 23 24 24 24 24 24 24 24 24 24 23 23 23 23 23 23 23 23 24 24 23 23 23 22 22 23 22 22 23 23 23 23 22 22 23 23 23 23 22 23 23 23 23 23 23 24 23 23 23 23 23 23 23 23 23 23 24 23 24 24 24 24 24 25 25 25 25 25 25 23 23 24 24 24 24 23 22 22 22 22 22 21 21 21 22 23 23 22 22 23 23 23 23 23 23 23 23 23 23 22 21 21 21 21 20 20 21 21 21 22 23 23 23 23 23 22 22 22 22 22 22 23 23 23 23 23 23 24 24 24 24 24 23 24 24 24 24 24 24 24 24 24 23 24 24 24 24 24 25 25 25 24 25 25 25 25 24 23 23 22 22 22 22 22 22 22 22 22 23 22 22 21 21 21 21 21 20 21 21 21 21 21 21 20 21 21 21 22 21 21 21 21 21 22 22 22 22 22 22 23 22 22 22 22 22 21 21 21 22 22 21 21 21 20 20 21 21 21 21 21 22 22 22 22 22 22 21 20 19 19 19 20 21 21 21 22 22 22 22 21 21 22 22 22 21 22 22 22 23 23 23 22 22 22 21 22 22 23 23 23 23 22 23 23 23 23 23 23 22 22 22 22 22 22 22 22 22 22 22 22 22 21 21 21 21 21 21 21 21 21 21 21 21 21 21 21 21 21 21 21 21 21 21 21 21 21 21 21 21 21 21 21 21 21 21 21 21 21 21 21 21 21 21 21 21 21 21 21 21 21 21 21 21 21 21 21 21 21 21 21 21 21 21 22 22 21 21 21 21 21 21 22 21 21 21 21 23 23 23 23 23 23 23 23 23 23 23 23 23 23 23 23 23 23 23 23 23 23 23 23 23 23 23 23 24 24 23 24 23 24 24 24 24 24 24 24 24 23 24 24 23 23 23 23 23 23 23 23 24 23 24 23 23 23 23 22 23 23 23 22 23 23 23 23 23 22 23 23 23 23 22 22 23 23 23 23 23 23 23 23 23 23 23 23 24 24 24 24 24 24 24 24 24 24 24 25 25 25 25 25 25 26 25 24 23 24 24 23 23 23 23 22 21 21 21 21 22 22 23 23 22 22 22 22 23 23 24 24 24 24 24 24 23 23 23 22 22 21 21 21 21 21 22 22 22 23 23 23 23 23 22 22 22 22 22 22 22 23 23 23 23 23 24 24 24 24 23 23 23 24 24 24 24 23 23 23 23 24 24 24 24 24 25 25 25 25 25 25 25 25 24 24 24 23 22 22 22 22 22 22 22 22 23 22 22 22 21 21 21 21 21 21 22 22 22 21 21 21 21 22 22 22 22 22 22 22 22 22 23 22 22 22 22 23 23 23 23 23 22 22 22 21 21 21 21 21 22 21 21 20 20 20 21 21 22 22 22 22 22 22 22 21 20 19 20 20 21 21 21 22 22 22 22 21 21 22 22 21 21 21 22 22 22 22 22 22 22 22 22 22 22 22 22 23 23 22 23 23 23 23 23 23 23 22 22 22 22 22 22 22 22 22 22 22 22 22 21 21 22 21 21 21 21 21 21 21 21 21 21 21 21 21 21 21 21 21 21 21 21 21 21 21 21 21 21 21 21 21 21 21 21 21 21 21 21 21 21 21 21 21 21 21 21 22 21 21 21 21 21 21 21 21 21 21 21 21 21 22 22 21 21 21 21 21 22 22 22 21 21 21 23 23 23 23 23 23 23 23 23 23 23 23 23 23 23 23 23 23 23 23 23 23 23 23 23 23 23 23 24 24 23 24 23 23 24 23 24 24 24 24 24 23 23 23 23 23 23 23 23 23 23 24 24 24 23 23 23 23 23 22 23 23 24 23 23 24 23 23 23 23 23 23 23 23 23 23 22 22 23 23 23 23 24 23 23 24 24 24 24 24 24 25 25 25 24 24 24 24 25 24 25 24 24 24 25 25 25 24 23 24 24 23 23 23 22 22 22 22 22 22 23 23 23 22 22 22 22 22 22 23 23 23 23 23 23 23 24 24 24 24 23 22 22 21 21 21 21 21 22 22 22 22 23 23 23 23 23 23 23 23 23 23 24 24 24 23 24 24 24 24 24 24 24 24 24 24 24 23 24 24 24 24 24 24 24 24 24 25 25 25 25 25 25 25 24 24 24 24 23 22 22 22 22 22 22 22 23 23 23 23 22 21 21 21 22 21 22 22 22 22 21 21 21 22 22 22 22 23 23 23 23 22 22 22 22 22 22 22 23 22 22 22 22 22 22 21 21 22 22 22 22 22 22 21 21 20 21 21 22 21 22 22 21 21 21 20 20 20 20 21 21 21 21 21 21 21 21 21 21 22 21 21 21 21 21 21 22 22 23 23 22 22 22 22 22 22 22 22 22 22 22 23 23 23 23 23 23 23 22 22 22 22 22 22 22 22 22 22 22 22 21 21 22 22 21 21 21 21 21 21 21 21 21 21 21 21 21 21 21 21 21 21 21 21 21 21 21 21 21 21 21 21 21 21 21 21 21 21 21 21 21 21 21 21 21 21 22 22 21 21 21 21 21 21 21 21 21 21 21 22 22 22 22 21 21 21 21 22 22 22 22 21 22 22 23 23 23 23 23 23 23 23 23 23 23 23 23 23 23 23 23 23 23 23 23 23 23 23 24 24 23 23 24 24 24 24 23 23 23 23 23 23 23 23 23 23 23 23 23 23 23 24 24 23 23 23 23 23 23 23 23 23 22 23 23 23 24 24 23 24 24 24 23 23 23 23 23 23 23 23 23 22 22 23 23 24 24 24 23 23 24 24 24 24 24 24 25 25 25 24 24 24 24 24 25 25 24 24 24 24 25 25 25 24 23 24 24 23 23 22 22 22 23 24 24 24 24 24 22 22 23 23 22 22 23 23 23 23 23 23 23 23 24 24 24 23 22 22 21 21 21 21 21 21 21 21 21 22 23 23 24 24 24 24 24 24 24 24 24 24 25 24 24 24 24 24 24 24 24 25 25 25 24 24 24 24 25 24 24 25 25 25 25 25 25 25 25 25 25 24 24 24 24 24 24 23 22 23 23 23 23 23 23 23 23 22 21 22 22 23 22 22 22 21 21 21 22 21 21 21 21 22 23 23 23 23 23 22 23 22 22 22 22 22 22 22 22 22 21 22 22 22 22 22 22 23 23 22 21 21 21 20 21 21 21 22 22 22 21 21 20 20 20 20 21 21 20 20 21 21 22 21 21 21 21 21 21 22 22 22 22 22 23 23 23 23 22 22 22 23 23 23 23 23 23 22 22 22 22 23 23 23 23 23 22 22 22 22 22 22 22 22 22 22 22 22 22 21 21 21 21 22 22 22 22 21 21 21 21 21 21 21 22 21 21 21 21 21 21 21 21 21 21 21 21 21 21 21 21 21 21 21 21 21 21 21 21 21 21 21 21 21 22 21 21 21 21 21 21 21 21 21 22 21 22 22 22 22 21 21 21 21 22 22 22 22 22 22 22 23 23 23 23 23 23 23 23 23 23 23 23 23 23 23 23 23 23 23 23 23 24 24 23 23 23 23 23 24 24 23 24 23 23 23 23 23 23 23 23 23 23 23 23 23 24 23 23 24 24 23 23 23 23 23 23 23 23 23 23 23 23 23 23 24 24 24 24 24 23 23 23 23 24 24 24 23 23 22 23 23 23 24 23 24 23 23 24 24 24 24 24 25 25 24 24 24 24 24 25 25 25 26 25 25 24 24 24 24 24 24 24 23 24 23 23 23 24 24 24 25 25 24 24 25 23 23 24 24 23 23 22 22 23 23 24 24 24 24 24 24 25 24 23 23 22 22 22 22 22 22 21 21 21 22 23 23 23 24 24 24 25 25 24 25 25 25 25 24 25 25 25 25 25 24 24 25 25 25 25 24 24 24 24 25 24 24 25 25 25 25 25 25 25 25 25 24 24 24 24 24 24 24 23 23 22 22 22 23 23 23 22 23 22 22 22 23 23 23 22 22 22 22 22 21 22 22 22 22 22 23 24 24 24 24 24 24 23 23 23 22 22 22 22 22 21 22 22 23 23 23 23 24 23 22 22 22 21 21 21 21 21 22 22 23 22 21 21 20 20 21 21 21 21 21 22 22 22 22 21 21 21 21 21 21 22 22 23 23 23 23 24 24 23 23 23 23 23 24 24 23 23 23 23 22 22 22 23 23 23 23 23 22 23 23 22 22 22 22 22 22 22 22 22 21 21 21 21 21 22 22 22 22 22 21 22 21 21 21 22 22 22 21 22 21 21 21 21 21 21 21 21 21 21 21 22 21 21 21 21 21 21 21 21 21 21 21 21 21 21 21 21 21 21 21 21 21 21 22 22 22 22 22 22 21 21 21 21 21 22 22 22 22 22 22 22 23 23 23 23 23 23 23 23 23 23 23 23 23 23 23 23 23 23 23 23 23 24 24 23 23 23 23 23 23 24 23 23 23 23 23 23 23 23 23 23 23 23 23 23 24 24 24 23 23 23 23 23 23 23 23 23 23 23 23 23 23 23 23 24 24 24 24 24 24 24 24 23 24 24 24 24 23 23 23 23 23 23 23 23 23 23 23 23 24 24 24 24 24 24 24 24 24 25 25 24 24 25 26 26 26 25 25 24 24 23 23 23 23 23 23 23 23 23 24 24 25 24 24 24 24 23 23 24 25 25 24 24 22 23 24 24 24 24 24 25 25 25 25 24 24 24 23 23 22 23 23 22 22 21 22 22 23 23 23 23 23 24 24 24 24 24 25 25 25 25 25 25 25 25 25 24 25 25 25 25 25 25 24 24 24 25 25 25 25 26 25 25 25 25 25 26 24 24 24 24 24 25 25 24 23 22 22 22 22 22 22 22 22 22 22 22 22 23 23 23 22 23 23 22 22 22 22 23 23 23 23 24 24 24 24 23 24 23 23 23 23 22 22 22 22 22 22 23 23 24 24 24 25 24 23 23 22 22 21 21 21 22 22 22 22 22 21 21 20 20 20 21 21 22 22 22 22 22 21 21 21 22 22 22 22 22 22 23 24 24 24 24 25 24 24 23 23 24 24 24 23 23 23 23 22 22 22 22 23 23 23 23 23 22 23 22 22 22 22 22 22 22 22 22 22 22 22 22 22 22 22 22 22 22 22 22 22 21 22 22 22 22 22 22 22 22 21 21 21 21 21 21 21 21 21 21 22 21 21 21 21 21 21 21 21 21 21 21 22 22 22 22 21 21 21 21 21 22 22 22 22 22 22 22 22 21 21 22 22 22 22 22 22 22 22 22 23 23 23 23 23 23 23 23 24 24 24 23 23 23 23 23 23 23 23 23 23 24 24 23 23 23 23 23 23 23 23 23 23 23 23 23 23 23 23 23 23 23 24 23 23 23 23 23 23 23 23 23 23 23 24 24 24 24 23 23 23 24 24 24 24 25 25 25 25 24 24 24 24 24 24 24 23 23 23 23 23 23 23 23 23 24 23 24 24 24 24 24 24 24 24 24 25 25 24 24 25 25 25 26 26 26 25 24 24 24 24 23 24 24 24 24 24 24 24 25 25 25 24 24 24 24 23 24 25 25 25 24 23 24 24 24 24 24 24 25 25 25 24 25 25 24 24 23 23 23 23 22 22 21 22 22 22 22 22 23 23 23 24 24 23 24 24 25 25 25 25 25 26 25 25 25 25 25 26 26 26 25 25 24 25 25 25 25 26 26 26 26 26 26 25 24 24 25 25 24 24 24 24 23 23 23 22 23 23 22 23 23 22 22 22 22 22 23 23 23 23 23 22 22 22 22 23 23 24 24 24 24 23 24 23 23 23 23 23 23 22 23 23 23 23 23 23 23 24 24 25 25 24 24 23 23 23 22 22 21 21 21 22 22 22 21 21 20 20 20 21 21 21 21 21 21 21 20 21 21 22 22 22 23 23 23 23 23 24 25 25 25 24 24 23 24 24 24 24 24 24 23 22 23 23 22 22 22 23 23 23 23 23 22 23 22 22 22 22 22 22 22 22 22 22 22 22 22 22 22 22 22 22 22 22 22 22 22 22 22 22 22 22 22 21 21 21 21 21 21 21 22 21 22 21 22 21 21 21 21 22 21 22 22 21 21 21 21 22 22 22 22 22 21 22 22 22 22 22 22 22 22 22 22 22 22 22 22 22 22 22 22 22 22 22 24 24 24 24 23 23 23 23 23 24 24 24 23 23 23 23 23 23 23 24 24 24 23 23 23 23 23 23 23 23 23 23 23 22 23 23 23 23 23 23 23 23 23 23 23 23 23 23 23 23 23 23 23 24 24 24 24 24 24 24 24 24 24 24 24 24 24 25 25 25 24 24 24 25 25 24 24 23 23 23 23 23 23 23 23 23 24 23 24 24 24 24 24 25 25 25 24 24 24 24 24 25 26 27 26 25 24 25 24 23 24 24 23 24 24 24 25 25 25 25 24 24 24 24 24 24 25 25 25 25 24 24 25 25 25 24 25 25 25 24 24 24 24 24 24 24 23 22 22 22 22 22 22 22 22 23 23 23 23 23 23 23 23 23 23 24 24 24 25 25 25 25 26 25 26 26 26 26 26 25 25 24 25 25 25 25 26 26 26 26 26 26 26 25 25 25 25 24 25 25 24 24 23 22 23 23 23 23 23 23 23 22 22 22 23 23 23 23 23 22 22 22 22 22 23 23 24 24 24 24 24 23 23 23 24 24 23 22 23 24 24 24 24 24 24 24 24 24 25 24 24 24 23 22 22 22 21 22 22 21 21 21 22 21 21 20 20 21 20 20 20 21 21 20 21 21 22 22 23 23 23 23 23 23 23 24 24 24 25 24 24 24 23 24 24 25 25 25 24 23 23 23 23 23 22 22 22 22 23 23 23 23 23 23 22 22 22 22 22 22 22 22 22 22 22 22 22 22 22 22 22 22 22 22 22 22 22 22 22 22 22 21 21 21 21 21 21 21 22 22 21 22 22 21 22 21 21 22 22 22 22 21 21 21 22 21 21 22 22 22 22 22 22 22 22 22 22 22 22 22 22 22 22 22 22 22 22 22 22 22 22 22 22 24 24 24 24 24 23 23 23 23 24 24 24 24 23 23 23 23 24 24 24 24 23 23 23 24 24 23 23 23 23 22 22 22 23 23 23 23 23 24 24 24 24 24 24 24 24 24 24 24 24 24 23 23 23 23 23 23 23 24 24 24 24 24 24 24 24 24 25 25 25 25 24 25 25 24 25 24 24 23 23 23 23 23 23 23 23 23 24 23 23 24 24 24 24 24 24 24 25 24 24 24 25 26 26 26 27 27 27 26 25 25 24 24 24 24 24 24 25 25 25 25 25 25 24 24 24 25 25 25 26 25 25 25 25 24 25 25 25 25 25 25 24 23 23 23 24 24 24 23 23 22 22 22 23 24 24 24 24 24 24 24 24 24 24 24 24 24 24 24 25 25 25 26 26 26 25 25 26 26 26 26 25 25 25 25 25 25 26 26 26 26 26 26 26 26 25 25 25 25 25 25 25 25 24 24 23 23 24 23 23 24 23 23 22 22 23 23 24 23 23 22 22 23 23 24 23 23 24 25 25 24 23 23 23 23 24 24 23 23 23 23 24 25 25 25 25 25 25 25 25 24 24 24 24 23 22 22 22 22 23 23 22 21 21 21 21 21 21 21 21 21 21 21 21 21 21 21 21 22 22 22 22 23 23 23 23 23 24 24 24 25 25 24 25 24 25 25 24 25 25 25 24 24 23 23 23 23 23 23 23 22 22 23 23 23 23 23 22 22 22 22 22 22 22 22 22 22 22 22 22 22 22 22 22 22 22 22 22 22 22 22 22 21 21 21 21 21 21 22 22 22 22 21 22 22 22 22 22 21 22 22 23 23 22 22 22 22 22 22 22 22 22 22 22 22 22 22 22 22 22 22 22 22 22 22 22 22 22 22 22 22 22 22 22 22 24 24 24 24 24 24 24 23 23 24 24 24 24 24 23 23 23 24 24 24 24 23 23 24 24 23 23 23 23 23 22 23 23 23 23 23 23 23 24 23 24 24 24 24 24 24 24 23 23 23 23 23 23 23 23 23 23 23 24 24 24 24 24 24 24 24 24 25 25 25 25 25 24 25 25 25 25 24 24 24 24 24 24 24 24 24 23 23 23 24 24 24 23 24 24 24 25 25 25 25 25 25 25 26 26 27 26 26 26 26 26 26 25 26 25 25 25 25 25 25 25 24 24 25 24 24 25 26 26 26 26 26 25 25 25 25 25 25 25 26 25 24 24 24 23 24 24 24 24 23 22 22 23 23 23 24 24 25 25 25 24 25 25 25 25 25 25 25 24 24 25 25 26 26 26 26 25 26 26 26 26 26 26 26 26 25 25 26 26 26 26 26 26 26 26 25 25 26 26 26 26 26 26 25 25 24 24 24 24 24 24 24 24 23 22 22 23 24 23 23 23 23 23 23 23 24 23 24 25 25 24 24 24 24 24 24 24 24 23 23 23 24 24 24 24 25 25 25 25 24 24 25 25 24 23 22 22 23 23 23 22 22 22 22 22 21 22 22 21 22 22 22 22 22 21 21 21 22 22 22 23 23 23 23 23 23 23 23 23 24 24 24 23 24 24 25 25 25 24 25 25 25 24 23 23 23 23 23 23 23 23 22 22 23 23 23 22 23 23 22 22 22 22 22 22 22 22 22 22 22 22 22 22 22 22 22 22 22 22 22 22 22 21 21 21 22 22 21 22 22 22 22 22 22 22 22 22 22 21 22 22 23 23 23 23 23 22 22 22 22 22 22 22 22 22 22 22 22 22 22 22 22 22 22 22 22 22 22 22 22 22 22 22 22 22 24 24 24 23 23 23 23 23 23 24 24 24 24 24 24 23 24 24 24 24 23 23 24 24 23 23 24 24 24 24 24 24 24 24 24 24 24 23 24 23 23 23 23 23 23 23 23 23 23 23 23 23 23 23 23 23 23 24 24 24 24 24 24 24 24 24 24 25 25 25 24 25 24 25 25 25 25 25 25 25 24 24 24 24 24 24 24 23 23 23 24 23 24 24 24 24 25 25 25 25 25 25 25 25 25 25 25 25 25 26 27 26 25 25 25 25 25 25 25 25 25 25 26 26 26 27 27 27 26 26 26 25 25 26 26 26 25 25 25 24 24 23 24 24 24 23 23 23 23 23 23 24 24 24 25 25 25 26 26 26 25 26 26 25 25 25 26 26 26 26 26 26 26 26 26 26 26 26 26 26 26 26 25 26 26 26 26 27 27 26 26 26 26 26 26 26 26 26 26 26 26 25 25 25 25 24 24 24 24 23 23 23 23 24 23 23 23 23 23 24 24 24 24 25 25 25 25 25 25 25 24 24 25 24 23 23 23 23 23 24 24 25 25 25 25 25 25 25 25 25 24 23 23 23 23 22 22 22 23 23 22 22 22 22 22 21 22 22 21 21 21 21 21 22 22 23 23 23 23 22 23 23 22 22 23 24 23 23 23 24 24 25 25 25 25 25 25 25 25 25 25 24 23 23 23 23 23 23 22 22 23 23 23 23 23 23 22 22 22 22 22 22 22 22 22 22 22 22 22 22 22 22 22 22 22 22 22 21 21 21 22 22 22 22 21 22 22 22 22 22 23 22 23 22 22 22 22 22 23 23 24 23 23 22 22 22 22 22 22 22 22 22 22 22 22 22 22 22 22 22 22 22 22 22 22 22 22 22 22 22 22 23 23 23 23 23 23 23 23 23 23 24 24 24 24 24 24 24 24 23 23 23 23 24 23 23 24 24 24 24 24 24 24 24 24 24 24 24 24 24 23 23 23 23 23 23 23 23 23 23 23 23 23 23 23 23 24 24 24 24 24 24 24 24 24 24 24 25 25 25 25 25 24 24 25 25 25 25 25 25 25 25 25 25 25 25 25 24 24 23 23 24 24 24 24 24 24 24 24 24 25 25 25 25 25 25 25 25 25 25 26 27 26 26 26 25 25 25 26 26 26 26 26 26 27 27 27 27 27 27 27 26 27 27 26 26 26 26 25 25 24 23 23 23 23 23 23 23 23 24 24 24 24 24 24 25 25 26 26 25 25 26 26 26 26 26 26 26 26 26 26 26 26 26 26 27 27 27 27 27 26 26 26 26 26 26 27 27 27 27 27 26 26 26 26 26 26 26 26 26 26 26 26 25 24 24 24 24 24 23 24 24 24 24 23 23 24 24 23 24 24 25 25 26 26 26 25 26 26 26 25 25 25 24 24 23 23 24 24 24 24 25 25 25 25 25 25 25 25 25 24 23 24 24 23 23 23 23 23 23 22 22 22 22 22 22 22 21 21 21 21 22 22 22 22 23 22 23 23 22 22 23 22 23 24 24 23 23 23 23 24 25 25 25 25 25 26 26 25 25 24 24 23 23 23 23 23 23 23 23 23 23 23 23 22 23 23 23 22 22 22 22 22 22 22 22 22 22 22 22 22 22 22 22 22 22 21 21 22 22 22 22 22 22 22 22 22 22 22 22 22 23 23 23 22 22 22 22 22 23 24 23 23 23 23 23 22 22 22 22 22 23 22 22 22 22 22 22 22 22 22 22 22 22 22 22 22 22 21 21 22 23 23 23 23 24 23 24 24 24 23 24 24 24 24 24 24 24 23 24 24 24 24 23 23 23 23 23 24 24 24 24 24 24 24 24 24 24 24 24 24 24 23 23 23 23 23 23 23 23 23 24 24 23 24 24 24 24 24 24 24 24 24 24 24 24 24 24 24 24 25 25 25 24 25 25 25 25 25 25 25 25 25 25 25 25 25 24 24 24 23 24 24 24 24 24 24 24 24 25 25 26 25 25 25 25 25 25 25 26 26 26 26 27 28 28 29 27 27 26 26 26 26 26 26 26 27 27 27 27 27 27 27 27 27 27 27 27 27 27 27 26 26 25 25 24 24 24 23 23 23 24 24 24 24 24 24 25 25 25 26 26 25 25 25 26 27 27 27 27 27 26 26 26 26 26 26 26 26 26 27 27 26 27 27 26 26 26 27 27 27 27 27 27 27 26 26 26 26 26 26 26 26 26 26 26 26 25 25 24 24 25 24 24 25 25 25 24 23 23 24 25 24 24 24 25 25 26 26 26 26 26 26 25 25 25 25 25 24 24 23 24 24 24 24 25 25 25 25 25 25 25 25 25 25 25 24 24 23 23 23 23 23 23 23 23 22 22 22 22 22 22 22 22 21 22 22 23 22 23 22 23 23 23 22 22 23 23 24 24 23 23 23 24 24 25 25 25 25 26 25 25 25 26 25 24 23 23 24 24 23 23 23 23 23 24 23 23 23 23 23 23 23 23 23 23 23 22 22 23 22 22 22 22 22 22 22 22 22 22 22 22 22 22 22 22 22 22 22 22 22 22 23 22 22 23 23 23 22 22 22 22 22 22 23 24 24 24 24 23 23 22 22 22 22 22 22 22 22 22 22 22 22 22 22 22 22 22 22 22 22 22 22 22 22 23 23 23 23 23 23 23 24 23 23 23 24 24 24 24 24 24 24 24 24 24 23 24 24 24 24 24 24 24 24 24 24 24 24 24 24 24 24 24 24 24 23 23 23 23 23 24 24 24 24 24 24 24 23 24 24 24 24 24 24 24 24 24 24 24 24 24 24 24 25 25 25 25 25 25 25 25 25 25 25 25 25 25 25 25 25 24 24 24 24 23 24 24 24 24 25 25 25 25 25 25 25 24 25 25 25 25 26 26 25 26 26 26 27 27 27 27 28 28 27 27 27 27 27 27 27 27 27 27 27 27 27 27 27 27 27 27 27 27 27 27 27 26 26 25 24 24 24 23 23 24 25 25 25 25 25 25 25 25 26 25 25 25 25 26 26 27 27 28 27 27 27 27 27 27 26 26 26 26 26 26 26 27 27 27 26 26 26 27 27 27 27 28 28 27 27 27 26 26 26 26 26 26 26 27 27 26 25 24 24 25 24 24 25 26 25 25 24 23 24 25 24 24 24 25 25 26 26 26 26 26 26 26 25 24 24 24 24 24 24 24 24 25 25 25 25 25 26 25 25 25 25 25 25 25 24 24 24 24 24 23 23 23 23 22 22 23 23 23 23 23 22 22 22 22 22 22 22 22 22 23 23 23 22 23 23 24 25 24 23 24 24 24 24 25 25 25 25 25 25 26 26 25 25 25 24 24 24 24 23 23 23 23 23 23 24 23 23 23 23 23 23 23 23 23 23 23 22 23 23 23 23 22 22 22 22 22 22 22 22 22 22 22 22 22 22 22 22 22 22 22 22 23 22 22 23 24 23 23 22 22 22 23 23 24 24 24 23 23 22 23 22 23 23 22 22 22 23 22 22 22 22 23 23 23 22 22 22 22 22 22 22 22 22 24 24 23 23 23 23 23 23 23 23 23 23 24 24 24 24 24 24 24 24 23 24 24 24 24 24 24 24 24 25 24 24 24 25 24 25 25 25 24 24 24 24 24 23 23 24 24 24 24 24 24 24 24 24 23 23 24 24 24 24 24 24 24 24 24 24 24 24 25 25 25 25 25 25 25 25 25 25 25 25 25 25 25 25 25 25 25 24 24 24 24 23 24 24 24 24 24 25 25 25 25 25 25 25 25 25 25 25 25 25 26 26 26 26 26 26 27 27 27 28 27 27 27 27 27 27 27 28 28 27 27 27 27 27 27 27 27 27 27 27 26 26 26 26 25 25 24 24 23 23 24 24 25 24 24 24 24 25 26 26 25 25 25 26 27 27 27 28 28 28 28 28 28 28 27 27 27 27 26 26 26 26 26 26 27 27 27 27 27 27 27 27 27 26 26 26 26 26 26 26 26 26 26 26 26 26 25 25 25 25 24 24 25 25 25 25 24 24 25 26 25 24 25 25 26 26 25 26 26 26 25 25 25 25 26 26 25 25 25 24 24 25 26 26 26 26 26 25 25 25 25 25 25 24 24 23 23 24 24 24 23 23 23 23 23 23 22 22 22 22 22 22 22 22 22 22 22 22 22 22 22 22 23 23 24 24 24 24 24 24 25 24 24 25 25 25 25 25 25 26 26 25 25 24 24 23 23 23 24 24 24 23 23 23 24 24 24 24 24 23 23 23 23 23 22 23 22 23 23 23 23 22 22 23 23 23 23 23 23 23 23 23 22 22 23 22 22 22 23 23 23 23 23 23 24 24 24 24 23 23 23 23 25 25 24 24 23 24 23 24 23 23 23 23 22 23 23 22 22 22 22 23 22 22 22 22 23 23 23 23 23 23 23 24 24 24 24 24 24 24 24 24 24 23 23 24 24 24 24 24 24 24 24 24 24 24 24 24 24 24 24 24 25 25 25 25 25 25 25 25 25 25 24 24 24 24 24 24 24 24 24 24 24 23 23 23 23 23 23 23 23 23 24 24 24 24 24 25 25 25 25 25 25 25 25 25 25 25 25 25 25 25 25 25 25 25 25 25 25 24 25 24 24 24 24 24 24 23 23 24 24 25 24 25 25 25 25 25 26 26 26 26 25 25 26 26 26 27 27 28 28 28 29 28 27 28 28 28 28 28 28 28 27 27 27 27 27 27 27 27 27 26 26 26 25 26 25 25 24 24 23 24 24 24 24 24 24 25 25 26 25 25 25 25 26 26 27 28 28 28 28 28 28 28 28 28 27 27 27 27 27 27 27 27 27 27 27 27 27 28 28 28 28 28 27 26 26 26 27 27 27 27 27 27 27 27 27 26 26 25 25 25 25 25 26 26 25 24 25 25 26 25 24 24 25 25 26 25 26 26 26 26 25 25 26 26 26 25 26 25 24 25 25 26 26 26 26 26 26 25 25 25 26 25 24 24 23 23 23 24 24 24 24 23 23 23 22 22 22 22 22 22 22 22 22 22 22 22 22 23 23 23 22 22 23 23 23 23 23 23 24 24 25 25 25 25 26 26 26 25 26 26 26 26 25 24 24 24 24 24 23 24 23 23 23 23 24 24 24 24 24 23 23 23 22 22 22 23 23 23 23 23 23 22 22 22 22 22 22 23 23 23 23 22 22 22 23 23 23 23 23 24 24 24 24 24 24 24 24 24 24 24 24 25 25 25 25 25 24 23 24 24 24 23 23 23 23 23 23 23 22 22 22 22 23 23 23 23 23 24 23 23 23 23 24 24 24 24 24 24 24 24 24 24 24 23 23 24 24 24 24 24 24 24 24 24 24 24 24 24 24 24 24 24 25 24 24 24 25 24 24 25 25 25 24 24 24 24 24 24 24 24 24 24 24 24 24 23 23 23 23 23 23 23 23 23 24 24 24 24 25 25 25 25 25 25 25 25 25 25 25 25 25 25 25 25 25 25 25 24 24 24 25 24 24 24 25 24 24 24 24 24 24 24 25 25 25 25 25 25 25 25 26 26 27 26 26 26 27 28 29 29 29 29 30 28 28 28 28 28 28 28 28 28 28 28 27 27 26 25 25 25 26 26 26 25 24 24 24 24 24 24 24 25 25 25 25 25 25 26 26 27 27 28 28 27 28 28 28 28 28 28 28 28 28 28 27 27 27 27 27 27 27 27 28 28 28 28 28 28 28 27 27 27 27 27 27 27 27 27 27 27 27 27 26 25 25 25 25 25 25 26 26 25 25 25 25 25 26 25 25 25 26 26 26 25 25 25 26 26 26 26 26 25 26 26 26 25 25 25 26 26 26 26 26 26 26 25 25 26 25 24 24 23 23 23 24 24 24 24 24 24 23 22 22 22 22 22 22 22 22 22 22 23 23 23 24 24 23 23 22 23 23 23 23 23 24 24 24 25 25 26 26 26 26 26 26 26 26 26 26 25 25 24 24 24 24 23 24 24 24 24 23 23 23 23 24 24 24 23 23 23 23 23 23 23 23 23 23 23 22 22 22 22 22 23 23 23 23 23 23 23 23 23 24 24 24 24 24 24 24 24 24 24 24 24 24 24 24 25 24 24 24 25 25 25 25 25 25 24 24 23 23 23 23 23 23 22 22 22 23 23 23 23 23 24 24 24 24 23 23 24 25 25 25 25 25 24 24 24 24 24 23 23 24 24 24 24 24 24 24 24 24 24 24 24 24 24 24 24 24 24 24 24 24 24 25 24 25 25 25 25 25 25 25 25 24 24 24 24 24 24 24 24 24 24 24 24 23 23 23 23 24 24 24 24 24 25 25 25 25 25 25 25 25 25 25 25 25 25 25 25 25 25 25 25 25 25 24 24 24 24 24 25 25 24 24 24 24 24 24 24 25 25 25 25 26 25 26 25 26 27 26 26 26 27 28 28 28 27 28 28 29 30 29 29 29 28 29 29 28 28 28 28 28 28 28 28 28 28 28 27 27 26 25 25 25 25 26 26 25 24 24 25 25 25 24 24 24 25 25 25 25 26 27 27 28 28 28 28 27 27 28 28 28 28 28 28 28 28 28 28 28 28 28 27 27 27 27 27 28 28 28 28 28 28 27 27 27 27 27 27 27 27 27 27 27 27 27 27 27 26 25 25 25 25 25 26 25 25 25 25 26 26 26 25 26 26 26 26 26 26 26 26 26 26 26 26 26 26 26 26 25 25 25 25 26 26 26 26 26 26 25 25 25 25 24 24 24 23 23 23 23 24 24 24 24 23 23 23 22 22 22 22 22 22 22 23 23 24 24 24 24 23 23 23 23 23 24 24 23 23 24 24 25 25 26 26 26 27 26 26 26 26 26 26 26 25 24 24 24 24 24 25 24 24 24 24 24 24 23 23 24 24 24 23 23 23 23 23 23 23 23 23 23 22 22 23 22 23 23 23 24 24 24 23 23 24 24 24 24 24 24 24 24 24 24 24 24 24 23 24 24 25 24 24 24 24 24 24 24 25 25 25 24 24 23 23 23 23 23 23 23 22 22 23 23 23 23 24 24 24 24 24 23 23 25 25 25 25 25 25 24 24 24 24 24 23 24 24 24 24 24 24 24 24 24 24 24 24 24 24 24 24 24 24 24 24 24 24 24 25 24 24 24 24 25 24 24 24 24 24 24 24 24 24 25 25 24 24 24 24 24 24 23 24 24 24 24 24 24 24 24 24 24 25 25 25 25 25 25 25 25 25 25 25 25 25 25 26 25 25 25 25 25 24 24 24 24 25 25 24 25 25 25 25 24 24 25 25 26 26 26 26 26 26 26 26 27 27 27 28 27 27 26 27 27 28 29 29 28 27 27 28 28 28 29 29 28 28 28 28 28 28 28 28 28 28 28 27 27 26 25 25 25 25 25 25 24 25 25 26 26 26 25 25 25 25 25 25 26 27 27 28 28 28 28 28 27 28 28 29 29 29 29 29 29 28 28 28 28 28 28 28 28 28 28 28 28 28 29 28 28 27 27 27 28 27 27 27 27 27 27 27 27 27 27 27 26 26 25 25 26 26 26 25 25 25 25 25 26 26 26 26 27 27 27 26 26 26 26 26 26 26 26 26 26 27 26 26 26 26 26 26 26 26 26 26 26 25 25 24 24 24 24 24 24 23 23 23 24 24 23 24 23 23 23 23 23 22 22 22 22 23 23 23 23 24 25 24 23 23 24 24 24 24 24 24 24 24 24 24 25 27 27 27 26 26 26 26 26 26 26 26 25 24 24 25 25 25 25 24 24 24 24 24 24 24 23 23 24 24 24 23 23 23 23 23 23 23 23 23 23 22 23 23 23 23 23 24 24 24 24 24 24 24 24 24 24 24 23 24 24 24 23 24 23 24 24 24 25 24 24 24 24 24 24 24 24 24 24 24 24 24 24 24 24 24 24 23 23 23 23 23 24 24 24 23 23 24 24 24 23 25 24 24 25 24 24 24 24 24 24 24 24 24 24 24 24 24 24 24 24 24 24 24 24 24 24 24 24 24 24 24 24 24 24 24 24 24 24 24 24 25 24 24 24 24 24 24 24 24 24 24 25 24 24 25 25 24 24 24 24 24 24 24 24 24 24 24 25 25 25 25 25 25 24 24 24 24 24 25 25 25 25 25 25 25 25 25 25 25 24 24 24 24 25 25 25 25 25 26 25 25 25 25 25 25 25 26 26 26 27 27 27 28 28 28 27 26 26 26 26 27 27 28 28 28 27 26 26 27 27 27 28 29 29 29 28 29 29 28 28 28 28 27 26 26 25 25 25 25 25 25 25 25 25 25 26 26 26 26 26 26 26 26 25 25 26 26 27 27 28 28 28 28 28 28 28 28 29 29 29 29 28 28 28 28 28 28 29 29 28 28 28 28 29 29 28 28 27 28 28 27 27 27 27 27 27 27 27 27 27 27 27 26 25 25 25 25 26 26 26 26 25 26 26 26 27 27 27 27 27 27 27 26 27 26 27 27 27 26 26 26 27 26 26 25 26 26 27 26 26 26 26 26 25 25 24 24 24 24 24 24 24 23 23 23 24 24 24 23 23 23 23 23 23 22 22 22 23 23 24 24 25 25 24 24 23 24 24 25 25 25 25 25 25 24 24 25 27 27 27 27 26 26 26 26 27 27 26 26 25 25 24 24 24 24 24 24 25 24 25 24 24 24 24 23 23 24 24 24 23 23 23 23 23 23 23 23 23 23 23 23 23 24 24 24 24 24 24 24 24 24 24 24 24 23 24 24 24 23 24 23 24 24 24 24 24 24 23 24 24 24 24 24 24 24 24 24 24 24 24 24 24 24 24 24 23 23 23 24 24 23 23 23 23 23 23 23 25 25 24 24 24 24 24 24 24 24 24 24 24 24 25 25 24 24 24 24 24 24 24 24 24 24 24 24 24 24 24 24 24 24 24 24 24 24 24 24 24 24 24 24 24 24 24 24 24 25 25 25 25 25 25 24 24 25 25 25 25 24 24 24 25 25 24 24 24 25 24 24 25 24 24 24 25 25 25 25 25 24 25 25 25 25 25 25 25 25 24 24 24 24 25 25 25 25 25 25 25 25 25 25 25 25 26 26 27 27 28 28 28 28 28 28 27 26 26 26 26 26 27 27 27 28 28 26 27 27 28 28 29 29 29 29 29 29 29 29 28 28 27 26 25 25 26 26 26 26 26 25 25 25 25 25 25 26 26 26 26 27 27 27 27 26 27 27 27 27 27 28 28 28 28 28 28 28 28 28 29 29 29 28 28 28 28 28 29 29 29 29 28 28 28 29 28 29 28 28 27 28 28 28 28 28 28 28 27 27 27 27 27 27 26 26 26 26 27 26 26 27 26 26 27 27 28 27 27 27 28 27 27 27 27 27 27 27 27 26 26 26 26 27 26 26 26 26 27 27 27 27 26 26 25 24 24 24 24 24 25 25 25 24 24 23 23 24 23 23 23 23 24 23 23 23 23 23 23 23 23 24 24 25 24 24 25 24 25 25 26 26 26 26 26 25 25 25 27 27 27 27 27 27 26 27 27 26 26 25 25 25 25 25 25 25 24 24 25 24 25 24 24 24 24 24 24 23 24 24 24 23 24 24 23 23 23 23 23 23 23 23 23 24 23 24 24 24 24 24 24 24 24 24 24 24 23 24 24 23 24 23 23 24 24 24 24 24 24 24 24 24 24 24 24 24 24 24 24 24 24 24 24 24 24 24 24 24 23 24 23 23 23 23 23 23 23 23 25 24 24 24 24 24 24 24 24 24 24 24 24 25 25 25 25 24 24 24 24 24 24 24 24 24 24 24 24 25 25 24 24 24 24 24 24 24 24 24 24 24 24 24 24 24 24 24 24 24 25 25 25 25 25 25 25 25 25 26 26 25 25 26 26 25 25 24 24 24 24 25 25 25 25 26 26 25 25 26 25 24 24 25 25 25 26 26 25 26 25 25 24 24 25 25 25 25 25 25 26 25 25 25 25 25 25 25 26 27 28 28 28 27 27 27 28 27 27 26 26 27 27 26 27 27 27 26 26 27 28 28 28 28 29 29 29 29 29 29 28 28 27 26 26 26 26 27 27 27 27 26 25 25 25 25 25 25 26 26 26 26 26 27 27 27 28 28 28 27 28 28 28 28 28 28 28 28 28 29 29 29 29 29 29 29 29 29 29 29 29 29 29 29 29 28 29 29 28 28 28 28 28 28 28 28 28 28 28 28 28 28 28 27 26 26 27 27 27 26 26 27 27 27 27 28 28 28 27 28 28 28 27 27 27 27 27 27 26 26 27 27 27 26 26 26 26 27 27 27 27 27 26 26 25 25 24 24 24 24 25 25 25 24 24 23 23 23 23 24 24 24 24 23 23 23 23 23 23 23 23 23 24 25 25 25 25 25 26 26 26 27 27 27 27 26 26 26 27 27 28 27 27 27 26 27 27 26 25 25 25 25 25 25 25 24 24 25 25 25 25 24 24 24 24 24 24 23 23 23 23 23 23 23 23 23 23 23 23 22 23 23 23 23 23 23 23 24 24 24 24 24 24 24 24 24 23 23 24 24 23 24 23 24 24 24 24 24 24 24 24 24 24 24 24 24 24 24 23 24 24 24 24 24 23 24 23 23 23 24 24 24 24 23 23 23 23 23 24 24 24 24 24 25 25 24 24 24 24 24 24 24 25 25 25 25 25 25 24 24 24 24 24 24 24 24 24 24 24 24 24 24 24 24 24 24 24 24 25 25 24 24 24 24 24 24 24 24 24 24 24 24 24 24 25 25 25 25 24 24 25 25 25 26 26 25 25 25 25 25 26 26 26 26 26 26 25 25 25 25 24 25 25 25 25 26 25 26 26 25 24 24 24 25 25 25 25 25 26 26 25 25 25 25 26 26 26 27 27 27 27 27 26 27 28 27 27 27 26 26 26 26 26 26 26 26 27 27 27 27 27 28 29 29 29 29 29 29 29 28 27 27 27 27 27 28 27 28 27 27 26 26 25 25 25 25 26 26 26 26 26 26 27 27 27 28 28 28 28 28 27 28 29 28 28 29 29 29 29 29 29 29 29 29 29 29 29 29 29 29 29 29 29 29 29 29 28 28 28 28 28 28 28 28 28 28 28 28 28 28 28 27 27 26 27 27 27 26 27 27 27 28 28 28 28 28 28 28 28 29 28 28 27 27 27 27 27 27 27 27 27 27 27 27 27 26 27 27 27 27 26 25 25 24 24 25 25 25 25 25 25 25 24 24 24 24 24 24 24 24 23 23 23 23 23 23 24 23 24 24 24 25 25 25 26 26 26 26 27 27 27 27 27 27 26 26 27 28 28 28 27 27 26 26 26 25 25 25 25 25 25 25 25 25 25 25 25 26 25 25 25 24 24 24 24 24 24 24 24 23 23 23 23 24 23 23 23 23 23 23 23 23 23 23 24 24 24 24 24 24 24 24 24 24 24 23 24 24 24 24 24 24 24 24 24 24 24 24 24 24 24 24 24 24 24 24 24 24 24 24 24 24 24 23 23 24 24 24 24 24 24 24 23 23 23 23 25 25 25 25 25 25 25 25 24 25 25 24 24 24 25 25 25 25 25 25 25 25 25 25 25 24 24 24 24 24 24 24 24 24 24 24 24 24 25 25 25 25 24 24 25 25 25 25 24 24 23 23 23 23 22 22 23 23 24 24 23 23 23 24 25 25 26 26 26 26 26 26 26 26 26 26 26 26 26 26 26 25 25 24 25 25 25 25 25 26 26 25 24 25 24 24 25 25 25 25 25 26 26 26 26 26 26 26 27 27 26 26 27 27 26 27 27 26 26 26 26 26 26 26 26 26 26 27 27 28 28 27 27 28 29 29 30 29 29 29 29 29 29 28 27 27 27 27 27 27 27 27 26 25 26 26 25 25 25 25 26 26 27 27 26 26 27 27 27 27 28 28 28 27 28 29 29 29 28 28 28 28 28 28 28 29 29 29 29 29 29 28 28 28 28 28 29 28 28 28 28 29 29 28 28 28 29 29 29 29 29 29 29 29 29 28 27 27 28 28 28 28 28 28 28 28 29 29 28 28 28 28 29 29 29 29 29 29 28 28 28 28 28 28 28 28 28 28 27 27 27 27 26 26 26 25 25 25 25 25 25 25 25 25 25 24 24 24 24 24 23 24 23 23 23 23 23 23 23 23 24 24 24 24 25 25 25 26 27 27 27 27 27 27 27 27 28 27 27 27 27 27 27 26 26 25 25 25 25 24 24 25 24 24 24 24 24 24 24 24 24 24 23 23 23 23 23 23 23 23 23 23 22 22 22 22 22 22 22 22 22 22 22 22 22 22 22 22 22 24 24 24 24 24 24 24 24 24 24 24 24 24 24 24 24 24 24 24 24 24 24 24 24 24 24 24 24 24 24 24 23 24 24 24 24 24 24 24 24 24 24 24 24 24 24 24 23 23 23 24 24 24 24 24 24 24 24 24 24 24 24 24 23 24 24 24 24 24 24 24 24 24 24 24 24 24 24 24 24 24 24 24 24 24 24 24 24 24 24 24 24 23 24 24 24 23 23 23 23 24 24 23 23 23 23 24 24 23 23 23 23 24 24 24 24 25 25 26 26 27 27 26 26 27 27 27 27 27 27 26 26 25 25 25 25 25 25 25 26 26 26 25 25 25 25 25 25 25 26 26 26 26 26 25 25 26 26 26 27 27 26 26 26 26 27 27 27 26 26 27 27 27 27 27 27 27 28 28 28 29 29 29 29 29 29 29 29 29 30 30 30 29 28 28 28 28 28 28 27 26 26 26 26 26 25 26 26 25 25 26 26 27 27 27 28 28 27 27 28 29 28 27 27 28 29 29 29 29 29 29 29 29 29 29 29 29 29 29 29 28 28 28 29 29 29 29 29 29 29 29 29 29 29 29 29 29 29 29 29 29 29 29 29 29 28 28 28 29 29 29 29 29 28 29 28 28 27 27 28 27 28 29 29 29 29 29 28 29 29 29 28 28 29 29 29 28 28 27 27 27 27 27 26 25 25 25 25 25 25 25 25 25 25 25 25 25 24 24 23 23 23 23 23 23 23 23 23 23 24 24 24 25 24 24 25 26 27 27 27 27 27 28 28 27 28 28 28 27 27 26 26 26 26 26 26 25 25 24 25 25 25 24 24 24 24 24 24 23 23 23 23 23 23 23 23 23 23 23 23 23 23 23 23 22 22 22 22 23 23 23 23 22 22 22 22 22 23 24 24 24 24 24 24 24 24 24 24 24 24 24 24 24 24 24 24 24 24 24 24 24 24 24 24 24 24 24 24 24 24 24 24 24 24 24 24 24 24 24 24 24 24 24 24 24 24 24 24 24 24 24 24 24 24 24 24 24 24 24 24 24 24 24 24 24 24 24 24 24 24 24 24 24 24 24 24 24 24 24 24 24 24 24 24 24 24 23 23 23 23 23 24 24 24 23 23 24 24 25 24 24 23 23 24 25 25 25 24 23 24 24 23 24 24 25 25 25 25 25 26 26 26 26 26 26 27 26 26 26 25 25 25 25 25 26 25 25 25 26 26 26 25 25 25 25 25 25 25 26 26 26 26 25 26 26 26 26 27 27 27 27 26 26 26 26 26 26 26 27 27 28 28 28 28 28 28 29 29 30 30 30 30 29 29 29 29 29 30 29 28 28 28 28 28 27 27 26 27 26 26 26 27 27 26 25 25 25 26 26 27 27 28 28 28 29 29 29 28 28 28 28 28 28 29 29 29 29 29 29 29 29 29 29 29 29 29 29 29 29 29 29 29 29 29 29 29 29 29 29 29 29 29 29 29 29 29 29 29 29 29 29 29 29 29 29 29 29 29 28 29 29 28 27 28 27 27 28 28 29 29 29 29 29 29 30 29 29 29 29 30 29 28 28 26 26 26 27 27 26 26 25 25 25 25 25 25 24 24 24 24 25 25 24 24 24 24 23 23 23 23 23 23 24 24 25 24 24 24 24 24 25 25 26 27 27 27 27 27 27 28 28 28 28 27 27 26 26 26 26 25 25 25 25 25 25 26 25 25 25 25 24 24 24 24 23 24 24 23 23 23 23 23 23 23 23 24 23 22 22 22 22 22 23 23 23 23 23 22 22 22 23 23 23 24 24 24 24 24 24 24 24 24 24 24 24 24 24 24 24 24 24 24 24 24 24 24 24 24 24 24 24 24 24 24 24 24 24 24 24 24 24 24 24 24 24 24 24 24 24 24 24 24 24 24 24 24 24 24 24 24 24 24 24 24 24 24 24 24 24 24 24 24 24 24 24 24 24 24 24 23 23 23 24 24 24 23 23 23 24 24 24 24 24 23 23 23 23 23 23 23 24 24 24 25 25 24 24 24 24 24 25 24 24 24 24 24 23 23 24 24 25 24 25 25 26 25 25 25 25 26 26 26 26 26 25 25 25 25 25 26 25 25 25 25 25 26 25 25 25 25 25 25 25 25 26 26 25 25 26 26 26 26 26 26 26 27 26 27 26 26 26 26 27 27 27 28 28 29 29 29 29 29 29 29 29 29 29 28 28 29 30 30 30 30 29 28 28 28 28 27 27 27 27 27 27 28 27 27 26 26 26 25 25 25 26 26 27 28 29 29 30 30 30 29 28 28 28 29 29 29 29 29 29 29 30 30 29 29 29 29 29 29 29 29 29 29 29 29 29 29 29 29 29 29 29 29 29 29 29 29 29 29 30 29 29 29 29 29 29 29 29 29 29 29 29 29 28 28 28 27 28 28 28 29 29 29 29 29 30 30 29 29 29 29 30 29 28 28 26 26 26 27 27 27 27 26 26 25 25 24 24 24 24 24 24 25 24 24 24 24 24 23 23 24 24 24 24 24 24 24 24 24 24 24 24 24 25 26 27 27 28 28 28 28 28 28 28 28 27 27 26 25 25 25 25 25 25 25 25 26 26 26 25 25 25 25 24 24 24 24 24 24 23 23 23 23 23 23 23 23 24 23 23 22 22 22 23 23 23 23 23 22 22 22 22 23 23 23 24 24 24 25 24 24 24 24 24 24 24 24 24 24 24 24 24 24 24 24 24 24 24 24 24 24 24 24 24 24 24 24 24 24 24 24 24 24 24 24 24 24 24 24 24 24 24 24 24 23 24 24 24 24 24 24 24 24 24 24 24 24 24 24 24 24 24 24 24 24 24 24 24 24 24 24 24 24 24 24 24 24 24 24 23 23 23 24 24 24 23 23 23 23 23 23 23 23 23 24 25 25 25 25 25 24 24 24 25 24 24 24 23 23 23 23 24 24 25 25 25 25 25 25 26 26 26 26 26 26 26 26 25 26 26 25 25 25 25 25 25 25 25 25 25 26 26 26 25 25 24 25 25 26 25 26 26 26 26 26 26 26 26 26 26 26 26 27 27 27 27 28 28 28 28 28 28 29 29 29 29 28 28 28 28 29 30 30 30 30 30 30 30 30 29 29 29 28 27 27 27 27 27 28 28 27 27 27 27 27 27 26 25 26 26 27 28 29 30 30 30 30 30 29 29 29 29 29 30 30 29 30 30 29 29 29 29 29 29 29 30 30 29 29 29 29 29 29 29 29 29 29 29 29 29 29 29 29 29 29 29 29 29 29 29 29 29 29 29 29 29 29 29 29 29 28 28 27 28 28 28 28 28 29 29 29 29 30 30 30 29 29 30 30 29 29 28 26 26 26 27 26 27 26 26 25 25 25 24 24 25 25 24 24 24 24 24 24 24 24 24 24 25 25 25 25 24 24 24 24 24 24 24 24 25 26 26 27 27 27 27 28 28 28 28 28 29 28 28 27 26 26 26 26 26 26 25 26 26 26 26 25 24 24 25 25 25 25 25 25 25 24 24 23 23 23 24 23 23 24 24 23 23 23 23 23 23 23 23 23 23 22 23 23 23 23 23 24 24 24 25 24 24 24 24 24 24 24 24 24 24 24 24 24 24 24 24 24 24 24 24 24 24 24 24 24 24 24 24 24 24 24 24 24 24 24 24 24 24 24 24 24 24 24 24 24 24 24 24 24 24 24 24 24 24 24 24 24 24 24 24 24 24 24 24 24 24 24 24 24 24 24 24 24 24 24 24 24 24 24 24 24 24 24 23 24 24 23 23 23 23 23 23 23 23 23 23 24 25 25 25 25 25 24 25 25 25 25 24 24 24 24 23 23 24 24 25 25 25 25 26 26 26 26 26 26 26 26 26 26 26 26 25 25 25 25 25 25 25 25 26 26 26 26 26 26 25 25 24 25 25 25 26 26 26 26 25 25 25 25 25 26 27 27 27 27 28 28 28 28 27 27 28 28 29 29 29 28 28 28 28 29 29 30 30 30 29 29 31 31 30 30 30 29 29 28 27 28 28 28 28 29 28 28 28 28 28 28 28 27 26 26 28 28 28 29 30 30 30 30 30 30 30 30 30 30 30 30 29 29 29 29 29 29 30 30 30 29 29 30 29 29 29 29 30 30 30 30 30 29 29 29 29 29 29 29 29 29 29 29 29 29 29 29 29 29 29 29 29 29 29 29 29 28 27 28 29 29 29 28 28 28 29 29 30 30 30 30 29 29 30 29 29 28 27 26 26 26 26 27 27 26 26 26 25 25 25 25 25 25 25 24 25 24 24 24 24 24 24 24 24 24 25 25 24 24 25 25 25 25 25 25 25 26 26 27 27 27 27 28 28 28 28 28 29 28 27 27 27 26 26 26 26 26 26 26 25 25 25 25 25 24 24 24 25 25 25 24 25 25 24 23 23 23 24 23 23 23 24 24 24 23 23 24 24 24 24 23 23 23 23 23 23 23 23 24 24 25 25 25 25 25 25 25 24 24 24 24 24 24 24 24 24 24 24 24 24 24 24 24 24 24 24 24 24 24 24 24 24 24 24 24 24 24 24 24 24 24 24 24 24 24 24 24 24 24 24 24 24 24 24 24 24 24 24 24 24 24 24 24 24 24 24 24 24 24 24 24 24 24 24 24 24 24 24 24 24 24 24 24 24 24 23 23 24 24 24 24 23 23 23 23 23 24 24 25 25 25 25 25 25 25 25 25 25 25 25 25 24 24 24 24 24 24 24 25 25 25 25 26 25 25 25 26 26 26 26 26 25 25 25 25 25 25 25 25 25 25 26 26 26 25 26 26 26 26 25 25 25 25 25 26 25 25 25 25 26 26 26 26 26 26 26 27 27 28 28 28 27 27 28 28 29 29 29 29 28 28 28 28 29 30 29 29 28 28 31 31 31 30 30 30 30 28 28 29 29 29 29 28 28 29 29 29 29 28 28 27 26 26 27 28 28 29 29 30 30 30 30 31 31 31 31 31 30 30 29 29 29 29 30 30 30 30 30 30 29 29 29 29 29 30 30 30 30 30 30 30 30 30 29 29 29 29 30 30 29 29 29 29 29 29 29 29 29 29 29 29 29 29 29 28 27 28 28 28 29 29 28 28 28 29 30 30 30 30 30 29 29 29 28 28 27 26 26 26 26 26 27 27 27 26 26 25 25 25 25 25 25 25 25 25 25 25 25 24 24 24 24 24 24 24 25 25 25 25 25 25 25 25 25 26 26 26 27 27 27 27 28 28 28 29 28 28 28 27 26 26 26 26 26 26 25 26 26 25 25 25 25 25 25 24 24 24 24 24 25 25 25 24 24 24 24 24 23 24 24 25 25 24 24 24 24 24 24 23 23 23 23 23 23 23 23 25 25 25 25 25 25 25 25 25 25 25 24 24 24 25 25 24 24 25 24 24 24 24 24 24 24 24 24 24 24 24 24 24 24 24 24 24 24 24 24 24 24 24 24 24 24 24 24 24 24 25 25 25 24 24 24 24 24 24 24 24 24 24 24 24 24 24 24 24 24 24 24 24 24 24 24 24 24 24 24 24 24 24 24 24 24 24 24 23 23 24 25 24 24 24 24 23 23 24 24 25 25 26 25 25 25 25 26 25 25 25 25 25 25 25 25 24 24 24 24 24 24 25 25 25 25 26 25 25 26 25 25 26 25 25 25 25 25 25 25 25 25 25 25 26 26 25 25 26 26 26 26 25 25 25 25 25 25 25 25 26 26 27 26 26 25 25 26 27 27 27 27 27 26 27 27 28 29 29 29 29 28 28 28 29 29 29 29 28 28 28 28 31 31 31 31 31 30 29 29 29 29 29 29 28 29 29 29 29 29 28 28 27 27 28 28 29 29 29 29 29 30 30 31 31 31 31 31 31 30 30 29 29 30 29 30 30 30 31 30 30 30 30 30 30 30 30 30 30 30 30 30 30 30 30 30 30 30 30 30 30 30 29 29 29 29 29 29 29 29 29 29 30 30 30 29 28 28 28 28 29 29 29 28 28 29 29 29 29 29 30 29 29 28 28 27 28 28 27 26 26 26 26 27 27 27 27 26 26 25 25 25 25 25 25 25 25 25 24 24 24 24 25 25 25 24 24 25 24 25 25 25 25 24 24 25 26 26 26 27 27 27 27 27 28 29 29 29 28 27 26 26 25 25 26 26 25 26 26 26 25 25 25 25 25 25 25 25 25 25 24 24 24 25 25 25 25 25 24 24 24 24 25 25 25 24 24 24 24 24 23 23 24 24 24 24 24 23 25 25 25 25 25 25 25 25 25 25 25 25 25 24 24 24 25 24 25 25 25 24 25 24 24 24 24 24 24 24 24 24 24 24 24 24 24 24 24 24 24 24 24 24 24 24 24 24 24 24 25 25 25 25 25 25 25 25 24 24 24 24 24 24 24 24 24 24 24 24 24 24 24 24 24 24 24 24 24 24 24 24 24 24 24 24 24 24 23 23 24 24 25 25 24 24 24 24 23 23 25 25 25 25 25 26 25 26 26 26 25 25 25 25 25 25 25 24 24 24 24 24 25 25 25 25 25 25 25 25 25 25 26 25 25 25 25 25 25 26 26 25 25 25 25 25 26 25 26 26 26 26 26 25 25 26 25 25 25 26 26 26 27 27 27 26 25 26 26 26 26 27 27 26 26 27 28 28 29 29 28 28 27 28 28 29 29 29 28 28 28 28 28 28 31 31 31 31 31 30 30 29 29 29 29 29 29 29 29 28 29 29 28 27 27 29 29 29 28 28 29 29 29 30 30 31 31 31 31 31 31 30 30 30 30 30 30 31 31 31 31 31 31 31 30 30 30 30 30 30 30 30 30 30 30 30 30 30 30 30 30 30 30 30 30 30 30 30 30 30 30 30 30 30 30 30 29 28 28 28 28 28 28 28 28 28 29 28 29 29 29 29 28 28 28 27 27 28 28 27 27 27 26 27 27 27 26 27 26 26 26 25 25 25 25 25 25 25 25 24 24 25 25 25 25 25 24 24 24 25 25 25 25 24 25 25 25 25 25 26 26 26 27 27 27 27 27 28 29 28 27 26 26 26 26 26 25 25 26 26 25 25 26 25 24 25 25 25 25 24 25 25 24 24 24 24 25 25 24 25 25 24 25 25 25 24 24 24 24 24 24 23 23 23 24 24 24 24 24 25 25 25 25 25 25 25 25 25 25 25 25 25 25 25 24 25 25 25 25 25 25 25 25 24 24 24 24 24 24 24 24 24 24 24 24 24 24 24 24 24 24 24 24 24 24 24 24 24 24 25 25 25 25 25 25 25 25 25 25 25 25 25 25 25 25 24 24 24 24 25 25 24 24 24 24 24 24 24 24 24 24 24 24 24 24 24 24 23 23 23 23 24 24 25 25 25 24 24 23 24 25 25 25 26 26 25 25 25 25 26 25 25 25 25 25 25 25 25 25 24 24 24 25 24 25 24 25 25 25 25 25 25 25 25 25 25 25 25 26 26 26 25 25 25 25 26 26 25 26 26 26 25 26 25 25 25 25 25 25 26 26 26 27 26 26 25 26 26 26 26 27 27 26 26 27 27 28 28 28 28 28 28 28 28 29 29 29 28 28 27 27 28 28 32 32 32 32 31 31 30 30 30 30 30 30 29 28 28 28 28 28 28 28 28 28 29 28 29 29 29 29 29 30 30 31 31 31 31 31 31 31 31 30 30 30 31 31 31 31 31 31 31 31 31 31 30 30 30 30 30 30 30 30 30 30 30 30 30 30 30 30 30 30 30 30 30 30 30 30 30 30 30 30 30 30 29 29 28 28 28 28 29 29 29 29 29 29 29 29 29 29 28 28 28 28 27 27 27 27 27 27 26 27 27 27 27 26 26 26 26 26 26 25 25 25 25 25 25 25 25 25 25 26 25 25 25 25 24 25 25 25 25 25 25 25 25 25 25 25 26 27 27 27 26 26 27 28 27 27 27 27 26 27 26 26 26 25 25 25 26 25 25 25 25 24 24 24 24 24 24 24 24 24 24 24 25 25 24 25 25 25 25 25 25 25 25 24 24 23 24 24 24 24 24 24 24 24 24 25 25 25 25 25 25 25 25 25 25 25 25 25 25 25 25 25 25 25 25 25 25 25 25 25 24 24 24 24 24 24 24 24 24 24 24 24 24 24 24 24 24 24 24 24 24 24 24 24 24 25 25 25 25 25 25 25 25 25 25 25 25 25 25 25 25 25 24 24 24 25 25 25 24 24 24 24 24 24 24 24 24 24 25 25 25 24 24 24 23 23 23 24 24 24 25 25 25 25 24 25 25 25 25 25 26 25 25 25 25 25 26 25 25 25 25 26 25 25 25 25 24 24 25 25 25 25 25 25 25 25 25 24 25 25 25 25 25 25 25 25 25 25 25 25 25 25 26 25 26 26 26 25 25 25 25 26 26 26 26 26 26 26 26 26 26 26 26 26 26 26 27 26 26 26 27 27 27 27 28 28 29 28 28 28 28 29 29 29 28 28 27 28 28 29 32 32 31 31 31 31 30 30 30 29 28 28 28 28 28 29 29 29 28 29 29 29 28 29 30 30 30 30 31 30 30 31 31 32 32 31 31 30 31 31 31 31 31 31 31 31 31 31 31 31 30 30 30 30 30 31 31 31 31 31 31 30 30 30 30 30 30 30 30 30 30 30 30 30 30 30 30 30 30 30 30 29 29 28 28 29 29 29 29 29 29 29 29 29 28 28 28 28 28 28 28 27 27 27 27 26 27 27 27 27 27 26 26 26 26 26 26 26 25 25 25 25 25 25 25 25 26 25 25 25 25 24 25 25 25 25 25 25 26 25 25 26 26 26 26 26 26 26 27 27 27 26 27 27 27 27 27 26 26 26 26 26 26 26 26 25 25 26 25 25 24 25 25 24 25 25 25 24 24 24 24 25 25 25 25 25 26 25 25 25 24 25 24 24 24 24 24 24 24 24 24 24 25 25 25 25 25 25 25 25 25 25 25 25 25 25 25 25 25 25 25 25 25 25 25 25 25 25 25 25 24 24 25 25 25 24 24 24 24 24 24 24 24 24 24 24 24 24 24 24 24 24 25 25 25 25 25 25 25 25 25 25 25 25 25 25 25 25 25 25 24 25 25 25 24 24 24 24 24 24 24 24 24 25 25 25 25 25 25 24 24 24 23 23 24 24 24 24 24 24 24 25 25 25 25 25 25 25 25 26 26 26 25 25 25 25 25 26 26 26 25 25 24 24 24 24 25 25 25 25 25 24 24 24 25 25 25 25 25 25 25 25 25 25 25 25 25 25 25 25 25 26 26 26 25 25 25 26 26 26 26 26 27 27 27 27 26 26 26 26 26 26 26 26 26 26 27 27 27 27 26 27 28 29 28 28 28 28 29 29 29 29 28 27 28 28 29 29 31 31 31 31 31 30 29 28 28 29 29 29 29 29 29 28 29 29 29 29 29 29 29 30 30 30 30 30 31 31 32 31 31 31 31 31 31 32 31 31 31 31 31 31 31 31 31 31 31 31 31 31 31 31 31 31 31 31 31 30 30 30 30 30 31 31 31 31 31 31 31 30 30 30 30 31 30 30 30 29 28 28 28 28 28 28 29 29 29 29 29 28 28 28 28 28 28 28 28 27 27 27 27 27 27 27 27 27 26 26 26 25 26 26 26 26 25 25 25 25 26 26 26 26 25 25 25 25 25 24 25 25 25 25 26 25 25 26 26 26 26 25 26 26 27 27 27 26 26 27 26 26 27 27 26 26 26 26 26 26 27 26 25 25 26 26 25 25 25 25 25 25 26 25 25 24 24 24 24 24 24 25 25 25 24 24 24 25 25 24 24 24 24 24 24 24 24 24 24 25 25 25 25 25 25 25 25 25 25 25 25 25 25 25 25 25 25 25 25 25 25 25 25 25 25 25 25 25 24 24 25 24 24 24 24 24 24 24 24 24 24 24 24 24 24 24 24 24 24 25 25 25 25 25 25 25 25 25 25 25 25 25 25 25 25 25 25 25 25 25 25 24 24 24 24 24 24 25 25 25 25 25 25 25 26 26 25 25 25 24 24 24 24 24 24 24 24 24 25 26 25 25 25 25 25 25 25 25 25 25 25 25 25 25 26 26 25 25 24 24 24 24 24 25 25 25 25 25 25 24 24 24 24 24 25 25 25 25 25 25 25 25 25 25 25 25 25 26 26 26 26 25 25 26 26 26 26 26 26 26 27 27 27 26 27 27 27 27 26 26 26 26 27 27 27 26 26 26 27 28 29 28 28 28 28 29 29 29 28 28 28 28 28 28 28 31 31 30 29 29 29 29 29 30 29 29 29 28 29 29 29 29 29 29 29 30 30 30 30 31 31 32 32 32 31 31 31 31 31 31 31 31 31 31 31 31 31 31 31 31 31 31 31 31 31 31 31 31 31 31 31 31 31 30 31 30 31 31 31 31 31 31 31 31 31 31 31 31 30 30 30 29 29 28 29 28 28 28 29 29 29 29 29 29 28 28 28 28 28 27 28 27 27 27 27 27 27 27 27 27 27 26 26 26 25 25 26 26 26 26 25 25 26 26 26 26 25 25 26 26 25 25 25 25 25 25 25 25 25 25 25 25 26 26 26 26 26 26 27 26 26 26 26 26 26 27 27 27 27 26 25 25 26 26 25 26 26 26 25 25 26 26 26 26 26 25 25 25 25 25 24 24 24 25 24 24 24 25 24 25 24 25 24 24 24 24 24 24 24 24 24 25 25 25 25 25 25 25 25 25 25 25 25 25 25 25 25 25 25 25 25 25 25 25 25 25 25 25 25 24 24 24 24 24 24 24 24 24 24 24 24 24 24 24 24 24 24 24 24 24 24 25 25 25 25 25 25 25 25 25 25 25 25 25 25 25 25 25 25 25 25 25 24 24 24 25 25 25 25 25 26 25 25 26 26 26 26 25 25 25 24 24 24 24 24 24 24 24 24 24 25 26 26 25 25 25 25 25 25 25 25 25 25 25 25 25 25 26 26 26 25 24 24 24 24 24 25 25 25 25 25 25 24 24 24 24 25 25 25 25 25 25 25 25 25 25 25 25 25 25 25 26 26 25 25 26 25 26 26 26 26 26 26 27 27 27 27 27 27 27 27 26 26 26 26 26 26 26 26 27 28 28 29 28 28 28 28 28 28 29 28 28 28 28 28 28 28 29 30 31 30 29 30 30 30 30 30 30 30 29 29 29 29 29 29 29 29 29 30 30 30 31 31 31 31 32 31 31 31 31 31 31 32 31 31 31 31 31 31 32 32 32 31 31 31 31 31 31 31 31 31 31 31 31 31 31 31 31 31 31 31 31 31 31 31 31 31 31 31 31 31 30 30 30 30 29 29 29 29 28 29 29 29 29 29 29 29 29 29 29 28 28 28 28 27 27 27 27 27 27 27 27 27 27 27 27 26 26 26 26 25 25 25 25 25 25 26 26 26 26 26 26 26 26 25 26 25 25 25 25 25 26 26 26 26 26 26 27 27 26 26 26 26 26 26 26 26 26 27 27 27 27 26 26 26 26 26 26 26 27 27 26 27 26 26 26 26 26 25 25 25 25 26 25 24 24 24 24 24 24 24 24 24 24 24 24 24 24 24 24 24 24 24 24 25 25 25 25 25 25 25 25 25 25 25 25 25 25 25 25 25 25 25 25 25 25 25 25 25 25 25 24 24 25 24 24 24 24 24 24 24 24 24 24 24 24 24 24 24 24 24 24 24 24 25 25 25 25 25 25 25 25 25 25 25 25 25 25 25 25 25 25 25 25 25 25 25 25 25 25 25 25 25 26 26 26 26 25 25 25 25 25 24 24 24 24 24 24 24 24 24 24 24 24 26 27 26 26 26 25 25 25 25 25 25 25 25 25 25 25 25 26 27 25 25 24 24 24 25 25 25 25 25 25 25 25 25 25 25 25 25 25 25 25 25 25 25 25 25 25 25 24 25 25 25 26 25 26 26 26 26 26 26 26 26 26 27 26 27 27 27 27 27 28 28 27 26 26 26 26 26 26 27 27 27 28 28 29 28 27 28 28 29 28 27 28 28 29 29 29 29 29 30 29 31 30 31 30 30 29 29 29 29 29 30 30 30 31 30 29 29 29 30 30 31 32 31 31 31 31 31 32 32 32 32 32 32 32 31 31 32 32 32 32 32 32 32 31 31 31 31 31 31 31 31 31 31 31 31 31 31 31 31 31 31 31 31 31 31 31 31 31 31 31 31 31 31 31 30 30 29 29 29 29 29 29 29 29 29 30 30 30 29 29 29 29 28 28 27 27 27 27 27 27 27 27 27 27 27 28 27 27 26 26 26 26 26 25 26 26 26 26 26 26 26 27 27 26 26 25 25 25 25 25 26 26 26 26 26 27 27 27 27 26 27 27 26 26 26 26 27 26 26 27 27 26 26 26 26 26 26 26 26 26 27 27 27 26 26 25 26 26 26 25 26 26 26 25 24 24 24 24 24 24 24 24 24 24 24 24 24 25 24 24 24 25 25 25 26 26 26 26 25 25 25 25 25 25 25 25 25 25 25 25 25 25 25 25 25 25 25 25 25 25 25 25 25 25 25 25 24 24 25 24 24 24 24 25 24 24 24 24 24 24 24 24 24 24 25 25 25 25 25 25 25 25 25 25 25 25 25 25 25 25 25 25 25 25 25 25 25 25 25 25 25 25 25 25 25 26 26 25 25 25 25 25 25 25 25 25 25 25 25 24 24 24 24 25 26 26 27 28 27 26 26 26 25 25 25 25 25 25 25 25 25 26 27 26 26 25 25 24 25 25 25 25 25 25 25 25 25 25 25 25 25 25 25 25 26 26 26 26 26 26 25 26 25 25 25 25 25 25 26 26 26 26 26 26 26 27 27 26 26 26 26 26 27 27 28 28 28 28 27 26 26 26 26 26 27 27 28 29 29 28 27 28 29 28 28 28 29 29 29 29 29 29 29 29 29 32 31 30 30 30 29 29 30 29 29 30 31 31 30 29 29 30 30 31 31 31 32 31 31 31 31 31 32 32 32 33 33 32 32 32 32 32 32 32 32 32 32 32 32 32 32 31 31 31 32 32 31 31 31 31 31 31 31 31 31 31 31 31 31 31 31 31 31 31 31 31 31 31 31 30 30 29 29 29 29 29 29 29 29 30 30 30 30 30 29 29 29 29 29 28 28 28 28 28 28 27 27 27 27 27 27 27 27 26 26 26 27 27 26 26 26 26 27 27 27 27 26 26 26 26 26 26 25 25 25 25 26 26 26 26 27 27 26 26 26 27 27 26 26 26 26 26 26 27 27 27 27 27 26 26 26 26 26 26 27 27 27 27 26 26 26 25 26 25 25 26 26 26 26 25 24 24 25 24 24 23 23 24 24 25 24 24 25 25 25 24 24 24 25 26 26 26 25 25 26 26 26 26 26 25 25 25 25 25 25 25 25 25 25 25 25 25 25 25 25 25 25 25 25 25 25 25 25 25 25 24 24 24 24 24 24 24 24 24 24 24 24 24 24 25 25 25 25 25 25 25 25 25 25 25 25 25 25 25 25 25 25 25 25 25 25 25 25 25 25 25 25 25 25 25 25 25 25 25 25 25 25 25 25 25 25 25 25 25 25 25 25 25 25 26 26 26 27 28 28 27 26 26 26 25 26 25 25 25 25 25 26 27 27 26 26 25 24 24 25 25 25 25 25 25 25 25 25 25 25 25 25 25 25 26 26 26 27 27 27 26 26 26 25 25 25 25 25 26 26 26 26 26 26 26 26 26 27 27 27 27 26 27 27 27 27 27 28 28 28 27 27 26 26 26 26 27 28 29 28 27 28 29 28 28 29 29 29 29 28 29 29 30 29 29 29 29 29 29 29 29 32 31 31 31 30 30 30 30 30 30 30 31 30 30 29 29 29 31 31 30 30 31 30 30 31 31 31 31 32 32 33 32 32 32 32 33 33 33 33 32 32 32 32 32 32 32 32 32 32 32 32 32 32 31 31 31 31 32 32 32 32 32 32 32 31 31 31 31 31 31 31 31 32 31 31 30 30 30 29 29 29 28 28 29 30 30 30 30 29 29 29 30 30 29 28 28 28 28 28 28 28 27 27 27 27 27 27 27 26 26 26 26 26 27 26 26 26 27 27 27 26 26 26 26 26 26 25 25 25 25 25 26 25 25 26 26 27 26 26 26 26 26 26 26 27 27 27 27 27 27 28 27 27 26 26 26 26 27 27 27 27 28 27 27 27 26 26 25 25 26 26 26 26 25 25 25 24 25 25 25 24 24 24 24 24 24 24 25 25 25 25 25 25 25 26 26 26 26 26 26 26 26 26 26 26 25 25 25 25 25 25 25 25 25 25 25 25 25 25 25 25 25 25 25 25 25 25 26 25 25 25 25 25 24 24 24 24 24 25 24 24 24 24 24 25 25 25 25 25 25 25 25 25 25 25 25 25 25 25 25 25 25 25 25 25 25 25 25 25 25 25 25 25 25 25 25 25 25 25 25 25 25 25 25 25 25 25 25 25 25 25 25 25 25 26 26 26 26 26 26 27 27 27 26 26 26 26 25 25 25 25 26 26 27 27 26 25 25 25 25 25 25 26 26 26 25 25 25 25 25 26 26 26 26 27 26 26 27 27 27 27 27 27 27 27 26 26 26 26 26 26 26 26 26 27 26 27 27 27 28 27 27 27 27 27 27 27 27 28 28 28 28 28 27 26 27 27 28 28 28 28 28 28 28 28 28 29 29 29 28 28 29 29 29 29 29 29 29 29 29 29 29 30 32 32 31 32 31 31 31 30 30 30 29 29 29 29 29 30 30 30 30 30 30 31 31 31 32 31 31 32 32 32 33 33 33 33 33 33 33 33 33 33 32 32 32 32 32 33 33 33 33 32 32 32 32 31 32 32 32 32 32 32 32 32 32 32 32 31 31 32 31 31 31 31 31 31 31 31 31 30 29 29 29 28 29 29 30 29 29 29 29 29 29 29 28 28 28 28 28 28 28 28 27 27 28 28 28 27 26 26 27 27 26 27 27 27 27 27 27 27 27 26 26 26 26 26 25 25 25 25 25 25 25 25 26 26 27 27 26 26 26 26 26 27 27 27 28 27 27 27 28 28 27 27 26 26 27 27 27 27 28 27 27 27 27 27 26 26 25 26 26 27 26 26 26 25 25 26 26 26 25 25 24 24 24 24 24 24 25 25 25 25 25 25 26 26 26 26 26 26 26 26 25 25 25 25 25 25 25 25 25 25 25 25 25 25 25 25 25 25 25 25 25 25 25 26 26 26 25 25 25 25 24 24 24 25 25 24 25 25 25 25 24 24 25 25 25 25 25 25 25 25 25 25 25 25 25 25 25 25 25 25 25 25 25 25 25 25 25 25 25 25 25 25 25 25 25 25 25 25 25 25 25 25 25 25 25 25 25 25 25 25 25 25 26 26 26 26 26 26 26 26 28 28 28 27 26 26 25 25 25 26 27 28 28 27 25 25 25 25 25 25 25 26 26 26 25 25 25 26 26 26 26 27 27 27 28 28 27 27 27 27 27 27 27 27 27 27 27 26 26 26 26 27 27 26 27 27 27 27 28 28 28 28 27 27 27 27 27 28 27 27 27 27 27 27 27 28 28 28 28 28 28 28 28 28 29 29 29 28 29 29 29 29 28 28 28 29 29 29 30 30 30 30 30 32 31 31 31 30 30 30 30 30 30 30 31 31 31 32 32 32 32 32 32 32 31 32 32 32 33 33 33 33 33 33 33 33 33 33 33 33 33 33 33 33 33 33 33 33 33 32 32 32 32 32 32 32 32 32 32 32 32 32 32 32 32 32 32 32 32 32 31 31 31 31 31 31 31 31 30 29 29 28 28 29 29 30 29 28 28 29 29 28 28 28 28 28 28 28 28 27 27 28 28 28 27 27 27 27 27 27 27 27 27 27 27 27 27 26 26 26 26 26 26 26 26 26 26 25 25 25 26 26 26 27 27 26 26 27 27 27 27 27 27 27 26 27 27 27 27 27 27 27 26 27 27 27 28 27 27 26 27 27 28 27 26 26 26 27 27 27 26 25 25 25 26 26 26 26 25 25 24 24 25 24 24 24 24 24 25 25 25 26 26 26 26 26 26 26 26 25 25 25 25 25 25 25 25 25 26 26 25 25 25 26 26 25 25 25 25 25 25 25 26 26 26 25 25 25 25 25 25 24 24 25 25 25 25 25 25 25 24 25 25 25 25 25 25 25 25 25 25 25 25 26 26 25 25 25 26 26 25 25 25 25 26 25 25 25 25 25 25 25 25 25 25 26 25 25 25 25 25 25 25 25 25 25 25 25 25 25 25 26 26 26 26 26 27 27 26 27 28 30 29 28 27 27 26 26 26 27 28 28 28 26 25 25 25 25 25 26 26 26 26 26 26 26 26 26 26 26 27 27 27 27 27 27 27 27 27 27 26 26 27 27 27 27 27 27 26 26 26 27 26 26 27 27 27 27 28 28 28 28 28 28 27 28 28 27 27 27 27 27 27 27 27 28 28 28 29 28 28 28 29 29 29 28 28 29 29 29 28 28 28 28 28 29 29 29 29 30 30 33 33 32 31 31 31 31 31 30 30 31 31 31 32 31 31 32 31 31 32 32 32 32 33 33 34 34 34 33 33 33 33 33 33 33 33 33 33 33 33 33 33 33 33 33 32 32 32 32 32 32 32 32 32 32 32 32 32 32 32 32 32 32 32 31 31 31 32 32 31 32 31 31 31 31 30 29 28 28 28 29 29 28 28 28 28 28 28 28 28 28 28 28 28 28 28 27 27 27 27 27 27 27 27 28 28 27 27 28 28 27 27 27 26 26 26 26 26 26 26 26 26 25 25 25 26 26 26 26 27 26 27 27 27 27 26 26 27 27 27 27 27 27 28 28 27 27 27 27 27 27 27 27 27 27 26 26 27 27 27 26 25 26 27 27 26 26 25 25 25 26 26 26 25 25 25 24 25 25 24 24 24 24 24 24 25 26 26 26 26 26 26 26 26 26 25 25 25 25 25 25 25 25 25 26 26 26 25 26 26 25 25 25 25 25 25 25 26 26 26 26 26 25 25 25 25 25 24 25 25 26 26 26 25 25 24 25 25 25 25 25 25 26 26 26 26 26 26 26 26 25 26 26 26 26 25 25 25 26 26 26 26 25 25 25 25 25 25 25 26 25 25 25 25 25 26 26 25 26 25 25 25 25 25 25 25 26 26 26 26 26 26 26 26 26 27 28 29 29 29 29 28 27 27 28 29 29 28 27 27 26 25 25 25 26 26 26 27 27 27 27 27 27 27 27 27 27 27 26 27 27 27 27 26 27 27 27 27 27 27 27 27 27 27 27 27 27 27 27 27 27 27 27 27 27 28 27 28 28 28 28 28 28 27 27 27 27 27 27 27 27 27 28 28 28 28 29 29 29 28 28 29 29 29 29 29 28 28 28 28 28 28 29 29 29 31 32 31 31 31 31 31 31 31 31 31 32 32 33 33 33 33 33 33 34 34 34 33 33 33 34 33 33 33 33 33 33 33 33 33 33 33 33 33 32 32 32 32 32 32 32 32 32 32 32 32 32 32 32 32 32 32 32 32 32 32 32 32 31 31 32 31 31 31 30 30 29 28 28 28 28 28 28 28 27 28 28 28 28 28 28 28 28 28 28 28 27 27 27 27 27 27 27 28 28 27 27 27 28 28 27 27 26 26 27 26 27 27 27 26 26 25 25 25 26 26 27 26 26 27 27 27 26 26 27 27 27 27 27 28 28 28 28 27 28 27 28 27 27 27 27 27 28 27 26 26 26 26 26 26 26 27 27 27 26 25 25 25 26 26 26 26 25 25 25 25 25 25 25 24 24 24 24 24 26 26 26 26 26 26 26 26 26 25 25 25 25 25 25 25 25 26 26 26 26 26 26 26 25 25 25 25 25 26 26 26 26 26 26 26 26 25 26 25 25 24 25 26 26 26 26 25 25 25 26 25 25 25 26 26 26 26 26 26 26 26 26 26 26 26 26 26 26 26 26 26 26 26 26 26 26 26 26 25 25 26 26 26 26 26 26 26 26 25 26 26 26 26 25 25 25 25 25 25 26 26 26 26 26 26 26 26 26 26 27 28 29 29 30 30 29 29 29 29 29 29 29 28 27 26 25 25 25 26 26 27 28 28 28 28 28 28 27 28 27 27 27 27 26 26 27 27 27 27 27 27 27 27 27 27 27 27 27 27 27 27 27 27 27 27 27 27 27 27 27 27 27 28 29 28 28 28 28 27 27 27 27 27 27 27 27 27 27 28 28 28 28 28 28 29 29 29 29 29 29 28 28 28 28 29 29 29 30 31 32 32 31 32 31 32 32 33 33 33 33 33 33 34 34 34 34 33 33 34 34 34 34 34 34 34 33 33 33 34 34 34 34 33 33 32 32 33 33 32 33 33 33 32 32 32 32 32 32 32 32 32 32 32 32 32 31 31 31 31 31 32 32 31 31 31 31 30 30 29 29 30 30 29 28 27 27 28 28 28 28 28 28 28 28 28 28 27 27 27 27 27 27 27 27 28 28 28 28 28 28 27 27 27 27 27 26 27 27 26 26 26 25 26 26 26 26 26 26 26 27 27 26 26 27 27 27 27 27 27 27 28 28 28 28 28 28 27 27 28 27 27 28 28 27 26 27 27 27 27 26 26 26 26 27 27 26 25 25 26 27 27 26 26 26 25 25 25 25 25 25 25 24 24 24 25 26 26 26 25 25 25 25 25 25 25 25 25 25 26 26 26 25 26 26 26 26 25 25 25 25 26 26 26 26 26 25 26 26 26 26 26 26 26 26 25 25 25 26 26 26 26 26 26 26 26 26 25 26 26 26 26 26 26 26 26 26 26 26 26 26 26 26 26 26 26 26 26 26 26 26 26 26 26 26 25 26 25 26 26 26 26 26 26 26 26 26 26 26 26 25 25 25 25 26 26 26 26 26 26 26 26 26 26 26 26 27 28 29 30 30 30 29 29 29 29 29 29 29 28 27 26 25 25 26 26 26 26 27 28 28 28 28 28 28 27 27 27 27 27 27 27 27 27 27 27 27 27 27 27 27 27 27 27 27 27 27 27 27 27 27 27 27 27 27 27 27 27 27 28 28 28 28 29 28 28 27 27 27 27 27 27 27 27 27 27 27 28 28 28 28 29 29 29 29 28 28 29 28 29 29 29 28 29 30 31 32 32 32 33 32 32 33 33 34 34 34 33 33 34 34 34 33 34 34 34 34 34 34 34 34 34 34 34 34 34 34 34 34 33 33 33 33 33 33 33 33 33 33 33 33 33 32 32 32 32 32 32 32 32 32 32 32 31 31 31 32 32 32 31 32 32 32 31 31 31 30 30 30 30 29 28 28 27 28 28 28 28 28 28 28 28 28 28 28 28 28 27 28 28 27 28 28 28 28 28 28 28 27 27 28 27 27 27 27 27 26 26 26 26 26 26 26 26 27 27 27 27 26 26 27 27 28 27 27 27 28 27 28 28 28 29 29 28 28 27 27 28 28 27 28 27 27 28 27 27 26 26 26 27 27 27 27 26 26 27 27 27 26 26 25 25 25 26 25 25 25 25 25 24 24 25 25 26 26 26 25 25 25 25 25 25 25 25 26 26 26 26 26 26 26 26 26 26 26 25 25 26 26 26 26 25 25 25 25 26 26 27 27 26 26 26 26 25 26 26 26 26 26 26 25 26 26 26 26 26 26 26 26 26 26 26 26 26 26 26 26 26 26 26 26 26 26 26 26 26 26 26 26 26 26 26 26 26 26 26 26 26 26 26 26 26 26 27 27 26 26 26 25 26 25 26 26 26 26 26 26 26 26 26 26 26 26 27 29 30 30 30 30 29 29 29 29 29 29 28 28 27 26 25 25 26 26 26 27 27 27 28 28 28 27 27 27 27 27 27 27 27 27 27 27 27 27 27 27 27 27 27 27 27 27 27 27 27 27 27 27 27 27 27 27 27 27 27 28 28 28 28 28 28 28 29 28 28 28 29 29 28 28 28 27 27 27 27 28 28 28 28 28 28 28 28 28 28 28 28 28 28 29 29 30 31 32 33 33 33 33 33 33 33 34 34 34 33 33 34 34 34 34 34 34 34 34 34 34 34 34 34 34 34 34 34 34 34 34 34 34 34 34 34 33 33 33 33 33 33 33 33 32 32 32 32 32 32 32 32 32 32 32 32 32 32 32 32 32 32 32 32 32 32 31 31 30 30 30 29 29 29 28 28 28 28 28 28 28 28 28 28 28 28 28 28 28 28 28 28 28 28 28 28 28 28 29 29 28 29 28 28 27 27 28 27 27 27 26 27 26 26 26 26 26 27 26 27 26 26 27 27 27 27 27 27 27 28 28 28 28 28 29 29 29 28 28 29 28 28 29 28 29 28 28 27 26 26 26 26 27 28 28 27 27 27 27 27 27 26 26 26 25 25 26 26 25 25 25 25 24 26 26 25 25 25 25 26 25 26 25 26 26 25 26 26 26 26 26 26 26 26 27 26 26 26 25 26 25 25 25 26 26 25 25 25 26 27 26 26 26 26 26 26 26 27 27 26 26 26 25 26 26 26 26 26 26 26 26 26 26 26 26 26 26 26 26 26 26 26 26 26 26 26 26 26 26 26 26 26 26 26 26 26 26 26 26 26 26 26 26 26 26 26 26 27 27 26 26 26 26 27 27 26 26 26 26 27 27 27 26 26 26 27 28 29 29 30 30 30 29 29 29 29 29 28 28 27 27 27 26 26 27 27 27 27 27 28 28 28 27 27 27 27 27 27 27 27 27 27 27 27 27 27 27 27 27 27 27 27 27 27 28 28 27 27 27 27 27 27 27 27 27 27 28 28 28 28 28 28 28 28 28 28 28 28 29 29 29 29 28 28 27 27 28 28 28 28 28 28 29 28 29 29 28 28 28 29 29 29 32 32 33 33 32 33 33 34 34 34 34 34 33 33 34 34 34 34 34 34 34 34 34 34 34 34 34 34 34 34 34 34 34 34 34 34 34 34 34 34 33 33 34 34 33 33 33 33 32 32 32 32 32 32 32 32 32 32 32 32 32 32 32 32 32 32 32 32 32 31 31 30 30 29 29 29 28 28 28 28 28 28 28 28 28 28 28 28 28 28 28 28 28 28 28 28 28 29 29 29 29 29 29 29 29 29 28 28 28 28 28 27 27 27 27 27 26 26 26 26 26 27 27 26 27 27 27 27 27 27 27 28 28 27 28 28 28 29 30 29 29 29 30 29 29 28 28 29 29 28 27 27 27 27 27 28 28 28 28 27 27 27 27 27 27 26 26 25 25 25 25 25 25 25 25 25 26 25 26 26 25 25 26 26 26 26 26 26 26 25 26 26 26 26 26 26 26 26 26 26 25 26 25 26 26 26 26 26 26 26 26 26 26 26 25 26 26 26 26 26 26 26 26 26 26 26 26 26 26 26 26 26 26 26 26 26 26 26 26 26 26 26 26 26 26 26 26 26 26 26 26 26 26 26 26 26 26 26 26 26 26 26 26 26 26 26 26 26 26 26 27 27 27 27 27 26 27 27 26 26 26 26 27 27 27 27 27 26 27 27 28 29 29 29 29 29 29 30 30 29 28 28 27 27 26 26 26 26 27 27 27 27 27 28 27 27 27 28 28 28 28 27 27 27 27 27 27 27 27 27 27 27 27 27 27 27 27 27 27 28 28 28 27 27 27 27 27 27 27 27 28 28 28 28 28 28 28 28 28 28 28 28 28 28 29 29 29 28 27 27 28 28 28 28 28 29 28 28 29 29 29 29 29 29 29 32 32 32 33 34 34 34 34 34 34 34 33 34 34 34 34 34 34 35 35 34 34 34 34 34 34 34 34 34 34 34 34 34 34 34 34 34 34 34 34 34 34 34 34 34 33 33 32 32 32 32 32 32 32 32 32 32 32 32 32 32 32 32 32 32 32 32 31 30 30 29 29 29 29 29 29 29 29 28 29 29 28 28 28 28 28 28 28 28 28 28 28 28 28 28 28 29 29 29 29 29 29 29 29 29 29 28 29 29 28 28 28 28 27 27 26 26 26 26 27 26 27 27 28 27 27 27 27 28 27 27 27 28 28 29 30 29 29 29 29 30 29 29 28 28 28 28 28 28 28 28 28 28 28 28 28 28 28 27 27 28 27 27 26 26 26 26 25 25 25 25 25 25 25 26 26 26 26 25 25 26 26 26 26 26 26 26 26 26 26 26 26 26 26 26 26 26 26 26 26 26 26 26 26 26 26 26 27 27 26 26 26 26 25 25 25 26 26 26 26 26 26 26 26 26 26 26 26 26 26 26 26 26 26 26 26 26 26 26 26 26 26 26 26 26 26 26 26 26 26 26 26 26 26 26 26 26 26 26 26 26 26 26 26 26 26 26 26 27 27 27 27 27 27 27 27 27 27 26 26 27 27 27 27 27 27 27 27 27 27 27 28 29 29 30 30 30 29 29 28 28 27 26 26 26 26 27 28 28 27 27 27 27 27 27 28 28 28 28 28 27 27 28 28 28 27 27 27 27 27 27 27 27 27 27 27 27 27 28 28 28 28 28 27 27 27 27 27 27 28 27 28 28 28 28 28 28 28 28 28 28 28 28 28 29 29 28 28 28 28 28 28 28 29 28 28 28 28 28 28 28 29 34 34 34 35 34 34 34 34 34 34 34 34 34 35 35 35 35 35 35 35 35 34 34 34 34 34 34 34 34 34 34 34 34 34 34 34 34 34 34 34 34 33 33 33 33 33 32 32 32 32 32 32 32 32 32 32 32 32 32 32 32 32 32 32 31 30 30 30 30 30 29 30 30 29 29 29 29 29 28 29 29 29 29 29 28 28 28 28 28 28 29 29 28 28 29 29 29 29 29 29 29 29 28 29 29 29 29 29 29 28 27 27 27 26 26 26 27 27 27 28 27 27 28 28 28 27 28 28 28 28 29 29 29 28 29 30 30 30 30 30 29 28 28 28 28 29 29 29 29 28 28 28 28 29 28 28 28 28 27 27 26 26 26 26 26 26 25 25 25 25 26 26 27 27 26 25 25 26 27 26 27 27 26 26 26 26 26 26 26 26 26 27 26 26 26 27 26 26 26 26 26 26 26 27 27 26 26 26 26 26 26 26 26 26 26 26 26 26 26 26 26 26 26 26 26 26 26 26 27 27 27 26 26 27 27 26 26 26 26 26 26 26 26 26 26 26 26 26 26 26 26 26 26 26 26 26 26 26 26 26 26 26 26 26 26 26 26 27 27 27 28 28 27 27 27 27 27 27 27 27 27 27 27 27 27 27 26 27 28 29 29 30 30 30 29 29 28 28 27 27 26 26 27 27 27 27 27 27 27 27 27 28 28 28 28 28 28 27 28 28 27 27 27 27 27 27 27 27 27 27 27 27 27 27 28 28 28 28 28 28 27 27 27 27 27 27 28 28 28 28 28 28 28 28 28 28 27 28 28 28 28 29 29 29 28 28 28 28 28 29 28 28 28 28 28 28 28 29 33 34 34 35 34 34 34 34 34 34 35 35 35 35 35 35 35 35 35 35 35 35 34 34 34 34 34 34 34 34 34 34 34 34 34 34 34 34 34 34 34 33 33 33 33 32 32 33 33 33 33 32 32 32 32 32 32 32 32 32 32 31 30 30 31 31 29 29 30 30 29 29 29 29 29 29 29 29 29 29 29 29 28 28 28 28 29 29 29 29 29 29 29 29 29 29 28 28 28 28 28 28 28 28 29 29 28 27 27 27 26 26 27 27 28 27 27 28 28 28 27 28 28 29 29 28 29 29 28 29 29 30 30 30 30 30 30 29 28 28 28 29 29 29 29 28 28 27 28 28 28 28 28 28 28 27 27 26 26 26 26 26 26 26 25 25 26 26 27 27 26 26 26 26 27 27 27 27 27 27 26 26 26 26 26 26 26 26 26 26 27 27 26 26 26 26 26 26 26 27 26 26 26 26 26 26 26 26 26 26 26 26 26 26 26 26 27 26 26 26 26 26 27 27 27 27 27 27 27 26 26 26 26 26 26 26 26 26 26 26 26 26 26 26 26 26 26 26 26 26 26 26 26 26 26 26 26 26 26 26 26 26 26 27 27 27 28 28 27 27 27 27 27 27 27 27 27 27 27 27 27 27 27 27 27 27 28 28 29 29 29 29 28 28 27 27 27 27 27 27 27 27 27 27 27 27 27 27 28 28 28 28 28 28 28 28 28 27 27 27 27 28 28 28 28 27 27 27 27 27 27 28 28 28 28 28 28 27 27 27 27 27 28 28 28 28 28 28 28 28 28 28 27 27 27 27 28 28 28 28 29 29 29 29 28 28 28 28 28 28 28 28 34 34 34 34 34 35 35 35 35 35 35 35 35 35 35 35 35 35 35 35 35 35 35 35 34 34 34 34 34 34 34 34 34 34 34 33 33 33 33 33 33 33 33 32 32 32 32 32 32 32 32 32 32 32 31 30 30 31 31 29 29 30 29 29 29 29 29 29 29 29 29 29 29 29 29 29 29 29 29 28 29 29 29 29 29 29 30 30 29 29 29 29 29 29 28 28 28 28 29 29 28 28 27 27 27 27 27 27 27 28 28 28 28 28 28 29 29 28 29 28 28 28 29 29 30 29 30 29 30 30 29 28 28 28 29 29 28 28 28 28 28 28 28 28 28 28 28 28 27 26 26 26 26 27 26 26 26 25 25 26 26 27 27 27 26 26 26 27 27 27 27 27 27 27 26 26 26 26 26 26 26 26 26 26 27 27 26 27 27 26 26 26 26 26 26 26 26 26 26 26 26 26 26 26 26 26 26 26 26 27 27 27 27 27 27 27 27 27 27 27 27 26 26 26 26 26 26 26 26 26 26 26 26 26 26 26 26 26 26 26 26 26 26 26 26 26 26 26 26 26 26 26 26 26 26 26 26 26 27 28 28 28 28 28 28 27 27 27 28 27 27 27 27 27 27 27 27 27 27 27 28 28 29 29 29 28 28 28 27 27 27 27 27 27 27 27 27 28 28 28 28 27 28 28 28 28 28 28 28 28 28 28 27 27 27 28 28 28 28 27 27 27 27 28 28 28 28 28 28 28 27 27 27 27 28 28 28 28 28 28 28 28 28 28 28 28 28 27 27 27 27 27 28 29 29 29 30 29 28 28 28 28 28 28 35 35 35 35 35 35 35 35 35 35 35 35 35 35 35 35 35 35 35 35 34 34 34 35 34 34 34 34 34 34 34 33 33 33 33 33 33 33 33 33 33 32 32 32 32 32 32 31 31 31 31 31 30 30 30 30 29 30 29 29 29 29 30 29 29 29 29 30 30 29 29 29 29 29 29 29 29 29 30 29 30 29 29 29 29 30 30 29 29 28 28 28 28 28 28 28 28 28 27 27 27 27 27 28 28 28 28 28 28 28 28 28 28 28 29 30 30 30 29 30 30 29 30 30 29 28 28 28 29 29 28 29 29 29 29 28 28 28 28 28 28 28 27 27 26 26 27 27 26 27 27 26 26 27 26 27 27 27 27 26 26 26 26 26 26 27 27 27 27 27 27 26 26 26 26 26 26 26 27 26 26 26 26 26 26 26 26 26 26 26 26 26 26 26 26 26 26 26 26 26 26 26 26 27 27 27 27 27 27 27 27 27 27 27 26 26 26 26 26 26 26 27 26 27 27 27 27 27 26 26 26 26 26 27 26 26 26 26 26 26 26 26 26 26 26 26 26 26 26 26 26 26 26 27 28 28 28 28 28 28 27 27 27 27 27 27 27 27 27 27 27 27 27 27 27 27 27 28 28 28 28 28 28 28 27 27 27 27 27 27 27 27 28 28 28 28 28 28 28 28 28 28 28 28 27 27 27 27 28 28 28 28 28 28 27 27 27 28 28 28 28 28 28 28 28 28 28 28 28 28 28 28 29 29 29 29 28 28 28 28 28 28 28 28 28 28 28 28 28 28 29 29 29 28 28 35 35 35 35 35 35 35 35 35 35 35 35 35 35 35 35 35 35 35 35 35 35 34 34 34 34 34 34 34 34 34 33 33 33 33 33 33 33 33 33 33 33 32 32 32 32 32 32 32 32 31 31 30 31 30 30 30 30 29 29 29 30 30 30 29 29 29 29 29 29 29 29 29 30 30 30 30 30 31 30 30 30 29 29 30 29 29 29 29 29 28 28 28 28 28 28 27 27 27 27 28 28 28 27 28 28 28 28 28 28 29 29 29 30 30 30 30 29 29 29 30 30 30 29 29 28 28 28 28 28 28 28 29 29 29 28 28 28 28 28 28 27 27 27 26 27 27 26 26 27 26 26 27 27 27 28 27 27 26 26 27 27 27 27 27 27 28 27 28 27 27 27 26 26 26 26 26 26 26 26 27 26 26 26 26 26 26 26 26 27 27 26 26 26 26 26 26 26 26 26 26 26 27 27 27 27 27 27 27 27 27 27 27 27 27 26 26 26 26 26 27 27 27 27 27 27 27 27 26 26 26 27 27 26 26 26 26 26 26 26 26 26 26 26 26 26 26 26 26 26 26 26 27 27 28 28 28 28 28 28 28 27 27 27 27 27 27 27 27 27 27 28 27 27 27 27 28 28 28 28 28 28 28 27 27 27 27 27 27 27 27 28 28 28 28 28 28 28 28 28 28 28 28 28 28 27 28 28 27 28 28 28 28 28 28 27 28 28 28 28 28 28 28 28 28 28 28 28 28 28 28 28 28 29 29 29 28 28 28 28 28 28 28 28 28 28 28 28 28 28 28 29 36 35 35 35 35 35 35 35 35 35 35 35 35 35 35 35 35 35 35 35 35 35 35 35 34 34 34 34 34 34 34 34 34 34 34 34 34 34 34 33 33 33 33 32 32 32 32 32 32 31 31 31 31 31 31 31 30 30 30 29 29 30 30 30 30 30 30 30 30 30 30 30 30 30 30 30 31 31 31 31 31 31 30 30 29 29 29 29 29 29 29 29 28 28 28 28 28 28 27 28 28 28 28 28 28 28 28 29 29 29 29 29 29 30 30 30 30 29 29 30 30 30 30 30 29 29 28 29 29 28 28 28 29 29 28 28 28 28 28 29 28 27 27 27 26 26 26 26 26 26 27 26 27 27 28 28 27 27 27 26 27 27 27 27 27 28 28 28 28 28 27 27 27 27 26 27 27 26 26 26 26 26 26 26 26 26 26 26 26 26 27 27 26 26 26 26 26 26 26 26 26 26 27 27 27 27 27 27 27 27 27 27 27 27 27 26 26 26 26 27 27 27 27 27 27 27 27 26 26 26 27 27 27 26 26 26 27 27 27 27 27 27 27 27 27 27 27 27 27 26 26 26 27 28 28 28 28 28 28 28 28 27 27 27 27 27 27 27 27 27 27 27 27 27 27 28 28 27 28 28 28 28 28 28 28 27 27 28 27 27 27 27 28 27 27 28 28 28 28 28 28 28 28 28 28 28 28 28 27 27 28 28 28 28 28 27 27 28 28 28 28 28 28 28 28 28 28 28 28 28 28 28 28 28 29 29 29 28 28 28 28 28 28 28 28 28 28 28 28 28 28 28 36 36 36 36 36 36 35 35 35 35 35 35 35 35 35 35 35 35 35 35 35 35 35 35 35 34 34 34 34 34 35 34 34 34 34 34 34 34 34 33 33 33 33 33 32 32 32 32 31 31 31 31 31 31 30 30 30 30 30 30 30 30 30 30 30 31 31 31 31 31 30 31 31 31 31 31 31 31 31 31 31 31 30 30 30 30 30 30 29 28 28 28 29 29 28 29 28 28 28 28 28 28 28 28 29 29 29 29 29 29 29 30 30 30 30 29 30 30 30 30 30 30 30 30 29 29 29 29 29 29 28 28 28 28 29 28 28 29 29 28 28 27 27 27 27 27 27 26 26 26 26 27 27 28 27 27 27 27 27 26 27 27 27 27 28 28 28 28 28 28 28 27 27 27 27 27 27 27 27 26 26 27 26 26 26 26 26 26 26 26 27 27 27 26 26 26 26 26 26 26 26 27 27 27 27 27 27 27 27 27 27 27 27 27 27 26 26 26 27 27 27 27 27 27 27 27 27 27 27 27 27 26 26 27 27 27 27 27 27 27 27 27 27 27 27 27 27 27 27 27 26 27 28 28 28 28 28 28 28 28 27 27 27 27 27 27 27 27 27 27 28 28 28 28 28 27 27 27 27 27 28 28 28 28 28 28 28 27 27 27 27 28 28 28 28 28 28 29 29 29 29 29 29 28 28 28 28 27 27 27 28 28 28 28 27 27 28 28 28 28 28 28 28 28 28 28 28 28 28 28 28 28 28 29 29 29 29 29 28 28 28 28 28 28 28 28 28 28 28 28 36 36 36 36 36 36 36 35 35 35 35 35 36 36 35 35 35 35 35 35 35 35 35 35 35 34 35 34 34 34 34 34 34 34 34 34 33 34 34 34 34 33 33 33 33 32 32 31 32 32 32 32 32 31 30 30 30 30 30 30 30 31 31 30 30 31 31 31 31 31 31 31 31 31 31 31 31 31 31 31 31 31 30 30 30 29 30 30 30 29 28 28 28 28 28 28 28 27 28 28 28 28 28 28 29 29 29 29 29 30 30 30 30 30 30 30 30 30 30 29 29 30 30 30 30 30 29 28 28 29 28 28 28 28 28 28 29 29 29 29 28 28 27 27 27 28 27 27 26 26 26 27 28 28 28 27 28 28 27 27 27 27 27 27 27 27 27 27 27 28 28 28 28 28 28 28 28 27 27 27 27 27 27 27 27 27 26 26 27 26 26 27 26 26 26 26 26 26 27 26 26 27 27 27 27 27 27 27 27 27 27 27 27 27 27 27 27 27 27 27 27 27 27 27 27 27 27 27 27 27 27 26 27 27 27 27 27 27 27 27 27 27 27 27 27 27 27 27 27 27 26 28 28 28 28 28 28 28 29 28 28 27 27 27 27 27 27 27 27 27 27 28 28 28 27 27 27 27 28 27 28 27 28 28 28 28 28 27 27 27 28 28 28 28 28 28 28 28 28 28 29 29 29 29 29 29 28 28 28 27 28 29 29 28 27 27 28 28 28 28 28 28 28 28 28 28 28 28 28 28 28 28 28 28 29 28 28 29 28 28 28 28 28 28 28 28 28 28 28 28 37 37 36 36 36 36 36 36 36 36 36 36 35 35 35 35 35 35 35 35 35 35 35 35 35 34 34 34 34 34 33 33 33 34 34 34 34 34 34 34 33 33 33 32 32 32 32 32 32 32 31 31 30 30 30 30 30 30 31 32 31 31 31 31 31 31 31 31 31 31 31 31 31 31 31 31 31 31 31 31 31 31 31 30 30 30 29 29 29 29 29 29 28 28 28 28 27 28 28 28 28 29 29 28 28 28 29 29 30 29 30 30 30 30 30 30 30 30 30 30 30 30 30 30 29 28 28 29 29 29 29 29 29 28 28 29 28 29 28 28 28 27 27 28 28 28 27 27 26 28 28 28 28 28 28 28 27 27 27 27 28 27 27 27 27 27 27 27 27 27 28 28 28 28 28 28 28 27 27 27 27 27 27 27 27 27 26 26 26 26 26 26 26 26 26 26 26 27 26 27 27 27 27 27 27 27 27 27 27 27 27 27 27 27 27 27 27 27 27 27 27 27 27 27 27 27 27 27 27 27 27 27 27 27 27 27 27 27 27 27 27 27 27 27 27 27 27 27 27 28 28 28 28 28 28 28 28 28 28 28 28 28 27 27 27 27 27 27 27 28 27 27 27 27 27 28 28 27 27 27 27 27 28 28 28 28 27 28 28 28 28 28 28 28 28 28 28 28 29 29 29 29 29 29 29 28 28 28 28 28 29 29 28 28 28 28 28 28 28 28 28 28 28 27 28 28 28 28 28 28 28 28 28 28 28 28 28 28 28 28 29 29 29 29 28 28 28 37 36 36 36 36 36 36 36 36 36 36 35 35 35 36 36 35 35 35 36 36 36 35 35 34 34 34 34 34 34 34 34 34 34 34 34 34 34 34 33 33 33 33 33 32 32 32 32 32 31 31 31 31 31 30 30 30 31 31 31 31 31 31 30 30 30 31 31 31 31 31 31 31 32 31 31 30 30 30 30 31 30 30 30 30 30 29 29 29 29 29 28 28 28 28 27 28 28 28 28 28 28 28 29 29 29 29 29 29 30 30 30 30 30 30 30 30 30 30 31 30 30 29 29 29 29 29 29 29 29 29 29 28 28 28 28 29 28 28 28 28 28 28 28 28 28 27 27 28 28 28 28 28 28 28 27 27 28 27 27 27 27 27 27 27 27 28 27 27 27 27 27 28 28 28 28 28 27 27 27 27 27 27 27 26 26 26 26 26 27 26 26 26 26 26 26 26 26 27 27 27 27 27 27 27 27 27 27 27 27 27 27 27 27 27 27 27 27 27 27 27 27 27 27 27 27 27 27 27 27 27 27 27 27 27 27 27 27 27 27 27 27 27 27 27 27 27 27 28 28 28 28 29 28 28 28 29 28 29 29 28 27 27 27 27 27 27 27 27 27 27 28 27 28 28 28 27 27 28 28 27 27 28 28 28 28 27 28 28 28 28 28 28 28 28 28 28 28 28 29 29 29 28 29 29 29 29 28 28 28 29 29 28 28 28 28 28 28 28 28 28 28 28 27 28 28 28 28 28 28 28 28 28 28 28 28 28 28 28 28 28 28 28 29 29 29 37 37 37 37 37 36 36 36 36 36 36 36 36 36 36 36 36 36 36 35 35 34 34 34 35 35 34 35 34 34 34 34 34 34 34 34 34 34 34 33 33 33 33 32 33 32 32 32 31 31 31 31 31 31 30 31 31 31 31 31 31 31 31 31 31 31 31 31 31 31 32 31 31 31 30 30 30 30 30 30 31 30 30 30 30 30 29 29 29 29 29 28 28 28 28 28 28 28 29 29 29 28 28 29 29 30 30 29 31 30 30 30 30 30 30 30 31 31 30 30 30 30 29 29 29 29 29 29 29 28 28 28 28 29 29 28 28 28 28 28 28 29 28 28 27 28 28 28 28 27 27 27 27 27 28 28 27 28 28 28 28 28 28 28 28 28 28 27 28 28 28 28 28 28 27 27 27 27 27 27 27 27 27 27 26 26 26 27 27 26 26 26 26 26 26 27 27 27 27 27 27 27 27 27 27 27 27 27 27 27 27 27 27 27 27 27 27 27 27 27 27 27 27 27 27 27 27 27 27 27 27 27 27 27 27 27 27 27 27 27 27 27 27 27 27 28 28 28 28 28 28 28 28 28 29 29 29 29 28 28 27 27 27 27 27 27 27 27 27 27 27 27 27 27 27 27 27 27 27 27 27 27 28 28 28 28 28 28 28 28 28 28 28 29 29 29 29 29 29 29 29 29 29 29 29 28 28 28 28 29 28 28 28 28 28 28 28 28 28 28 28 27 28 28 28 28 28 28 27 27 27 28 28 28 28 28 28 28 28 28 29 37 37 37 37 37 37 37 36 36 36 36 36 36 36 36 36 36 36 36 36 35 35 35 35 35 35 35 34 34 34 34 34 34 34 34 34 33 33 33 33 33 33 33 33 33 32 32 32 31 31 31 31 32 31 32 32 32 31 31 31 31 32 32 32 32 32 32 32 32 32 32 31 31 30 30 30 30 30 30 30 30 30 30 30 30 30 29 29 28 28 28 28 28 28 28 29 29 29 29 29 29 29 29 29 30 29 30 30 30 30 31 30 30 30 31 31 31 30 30 30 30 30 29 29 28 28 29 29 29 29 28 28 29 29 29 28 29 29 29 29 29 29 28 28 29 29 28 28 28 28 28 27 27 28 28 28 28 28 28 28 28 28 28 28 28 28 28 28 28 28 28 28 28 28 28 28 28 27 27 27 27 27 27 27 27 27 27 27 27 27 27 27 26 26 27 27 27 27 27 27 27 27 27 27 27 27 27 27 27 27 27 27 27 27 27 27 27 27 27 27 27 27 27 27 27 27 27 27 27 27 27 27 27 27 27 27 27 27 27 27 27 27 27 27 28 28 28 28 28 28 28 28 28 28 29 29 28 27 27 27 27 28 28 27 27 27 27 27 27 27 28 27 27 27 27 27 27 27 27 27 27 28 29 28 28 28 28 28 28 28 28 28 28 29 29 29 30 29 29 29 29 29 30 29 28 28 28 28 28 29 28 28 28 28 28 28 28 28 28 28 27 27 27 27 28 28 28 27 27 27 27 27 28 28 28 28 28 37 37 37 37 37 37 37 36 37 36 36 36 36 36 36 36 36 36 36 36 36 35 35 35 35 35 35 34 34 34 34 34 34 34 34 33 34 34 34 34 34 33 33 33 32 33 32 32 32 31 32 32 32 32 32 32 33 32 32 32 32 32 33 33 32 31 31 32 32 32 31 31 31 31 31 31 31 30 30 30 29 29 30 30 30 30 30 29 29 29 28 28 28 29 29 29 30 29 29 29 29 30 30 29 29 30 30 29 29 30 30 30 30 30 30 31 31 31 30 30 30 30 29 29 29 28 28 29 29 29 29 28 29 29 29 29 29 29 28 29 29 29 29 28 29 29 28 29 28 28 28 27 27 28 28 28 28 28 28 28 29 29 28 29 29 29 28 28 28 28 29 29 29 29 29 29 28 28 27 27 27 27 27 27 27 27 27 27 27 27 27 27 27 27 27 27 27 27 27 27 27 27 27 27 27 27 27 27 27 27 27 27 27 27 27 27 27 27 27 27 27 27 27 27 27 27 27 27 27 27 27 27 27 27 27 27 27 27 27 27 27 27 27 27 28 28 28 28 28 28 28 28 28 28 28 29 28 28 28 28 27 28 28 28 27 27 27 27 27 27 27 27 27 27 27 27 28 28 27 28 28 27 27 28 28 28 28 28 28 28 28 28 28 29 29 29 30 30 30 30 29 29 30 29 29 28 28 28 28 28 28 28 27 28 28 28 29 28 28 28 28 27 27 27 27 27 27 27 27 27 27 27 27 27 28 28 28 37 38 37 37 37 37 37 37 36 36 36 36 36 37 36 36 36 36 36 36 35 35 35 35 35 35 35 34 34 34 34 34 34 34 34 34 34 34 34 34 34 33 33 32 32 32 32 32 33 33 32 32 32 32 33 32 32 32 32 32 32 32 32 32 31 32 32 32 31 31 30 31 31 31 31 31 31 31 30 30 29 29 30 30 30 30 30 29 28 28 29 29 29 29 29 29 29 29 29 29 30 30 30 30 29 30 30 30 30 30 30 31 31 30 30 32 31 31 30 30 31 30 29 29 29 29 29 29 29 29 29 29 29 29 29 29 29 28 29 29 29 29 28 29 29 29 29 29 28 28 27 27 28 28 28 28 28 28 28 28 28 28 28 28 28 29 28 28 28 29 29 29 29 29 29 28 28 27 27 27 27 27 27 27 27 27 27 27 27 27 27 27 27 27 27 27 27 27 27 27 27 27 27 27 27 27 27 27 27 28 28 28 28 28 28 28 27 27 27 27 27 27 27 27 27 27 27 27 27 27 27 27 27 27 27 27 27 27 27 27 27 27 27 28 28 28 28 28 28 28 28 28 28 28 28 28 28 28 28 27 27 28 29 28 28 27 27 27 27 27 27 27 28 28 28 28 28 27 28 29 28 28 28 28 28 29 29 29 29 28 28 28 29 29 30 29 29 29 29 29 29 30 30 29 28 28 27 27 28 28 28 28 28 28 29 29 28 28 28 28 28 28 28 27 27 28 28 28 27 27 27 27 27 27 28 38 38 38 38 38 38 38 37 36 36 37 37 37 37 36 36 36 35 36 36 36 35 35 35 35 35 35 35 34 34 34 34 34 34 34 34 34 34 34 34 34 34 34 33 32 32 32 32 33 32 32 32 32 32 33 32 32 32 32 32 32 32 32 31 31 31 32 32 31 31 31 30 31 31 32 31 31 32 31 31 30 29 29 30 30 30 29 30 29 29 29 29 29 29 29 29 29 29 29 29 29 30 30 31 30 30 30 30 30 30 30 30 30 31 31 31 31 31 31 30 30 31 30 29 29 29 29 29 29 29 29 29 29 29 29 29 29 29 29 29 29 29 29 30 29 29 29 29 28 28 28 28 28 28 28 28 28 28 28 28 28 28 28 28 28 29 29 29 29 29 29 29 29 29 29 29 29 28 27 27 27 27 27 27 27 27 27 28 28 27 27 27 27 27 27 27 27 27 27 27 27 28 27 27 27 27 27 27 28 28 28 28 28 28 28 27 27 28 28 28 28 28 28 27 27 27 27 27 28 28 28 28 28 28 28 27 27 27 27 27 27 27 27 28 28 28 28 28 28 28 28 28 28 28 28 27 28 28 28 28 27 28 28 28 28 27 27 27 27 27 27 27 28 28 28 28 28 28 28 28 29 28 28 28 28 28 28 28 29 29 29 29 28 29 29 30 30 29 29 29 29 29 30 30 29 28 28 27 27 27 28 28 28 28 29 29 29 28 28 28 28 28 28 28 27 27 28 28 28 28 27 27 27 38 38 38 38 37 36 37 37 36 36 36 36 36 35 36 36 36 36 36 35 35 35 35 35 35 35 35 34 34 34 34 34 34 34 34 34 34 34 35 34 33 32 32 32 33 32 32 32 32 32 32 32 32 33 33 33 33 32 31 31 31 32 32 32 31 32 31 31 31 31 32 32 32 32 31 31 31 30 30 29 30 30 29 29 30 30 30 29 29 29 29 30 30 30 30 30 29 30 30 30 31 31 30 30 30 31 31 31 31 31 31 31 31 31 30 30 30 31 30 29 29 29 29 29 29 29 29 29 29 29 29 29 29 29 29 29 29 29 29 30 29 29 29 29 28 28 28 28 28 28 28 28 28 28 28 28 28 28 28 28 29 29 30 30 29 29 28 28 29 29 29 29 29 28 28 27 27 27 27 27 27 27 28 28 28 27 27 27 27 28 28 28 28 28 28 28 28 28 28 28 28 28 28 28 28 28 28 28 28 28 28 28 28 28 28 28 28 28 28 27 28 28 27 27 28 28 28 28 28 28 28 28 28 27 27 27 27 27 27 28 28 28 28 28 28 28 28 28 28 28 28 28 28 28 28 28 28 28 28 28 28 27 28 28 28 28 28 28 28 28 28 29 29 28 29 29 29 28 28 28 28 28 28 28 28 28 28 28 28 28 29 29 30 30 29 29 29 29 29 30 30 29 28 28 27 28 28 29 29 29 29 29 29 29 28 28 28 28 29 28 28 28 27 28 28 38 38 38 37 37 36 36 36 36 35 35 35 36 35 36 35 35 35 35 35 35 35 35 35 35 35 35 35 34 34 34 34 34 35 35 35 34 33 32 32 32 32 32 32 32 32 32 32 32 32 32 32 33 32 32 32 31 32 32 32 32 32 32 32 31 31 31 31 31 31 32 32 31 32 31 30 29 29 30 29 30 29 30 30 29 29 29 30 30 30 30 30 31 30 30 30 30 30 31 31 31 30 31 31 31 31 31 32 32 31 31 31 31 30 30 31 30 29 29 29 29 29 29 29 29 29 29 29 29 29 29 29 29 29 29 29 30 29 29 29 29 28 28 29 28 28 28 28 28 28 28 28 28 28 28 29 29 29 29 29 29 29 29 28 28 28 28 28 28 29 28 28 27 27 27 27 27 27 28 28 28 27 27 27 27 27 28 28 28 28 28 28 28 28 28 28 28 28 28 28 28 28 28 28 28 28 28 28 28 28 28 28 28 28 28 27 28 28 28 27 27 28 28 28 28 28 28 28 28 28 28 28 27 27 27 27 28 28 28 28 28 28 28 28 28 28 28 28 28 28 28 27 28 28 28 27 28 27 28 28 28 28 28 28 28 28 28 29 29 29 29 29 29 29 29 29 29 28 28 28 28 28 28 29 29 29 29 28 29 29 30 29 29 28 29 29 30 30 30 29 28 28 27 28 28 28 29 29 29 29 29 29 29 29 29 29 29 29 28 28 38 38 38 37 36 36 36 36 35 35 35 36 36 36 35 35 35 35 35 35 35 35 35 35 34 34 34 35 35 35 35 35 34 34 32 32 32 32 32 32 32 32 32 32 32 32 32 32 33 32 32 32 31 32 32 32 32 31 32 32 31 31 32 32 31 31 31 32 31 31 30 31 30 30 30 30 29 30 29 29 29 30 30 30 30 30 30 30 30 30 30 30 30 30 30 31 31 31 31 31 31 31 31 31 31 31 31 31 31 31 30 30 30 29 29 29 29 29 30 29 29 29 30 29 29 29 29 29 29 29 29 29 30 30 30 29 29 29 29 29 29 28 28 28 29 29 28 28 28 28 28 29 29 29 29 29 30 30 29 28 28 28 28 28 28 28 28 28 28 28 27 28 28 28 28 28 28 28 27 27 27 27 28 28 28 28 28 28 28 28 28 28 28 28 28 28 28 28 28 28 28 28 28 28 28 28 28 28 28 28 28 28 28 28 28 28 28 28 28 28 28 28 28 28 28 28 28 28 28 28 27 28 29 28 28 28 28 28 28 28 28 28 28 28 28 28 28 28 28 28 28 28 28 27 27 27 27 28 28 28 28 28 28 28 29 29 29 29 29 29 29 30 29 29 29 28 28 28 28 28 29 28 28 28 29 29 29 30 30 29 28 29 29 30 29 29 27 28 28 28 28 28 28 28 29 29 29 29 29 29 29 29 29 29 29 28 37 36 36 36 36 36 36 36 36 36 36 36 35 35 35 35 35 35 35 35 35 35 35 35 35 35 35 35 33 32 32 32 32 32 32 32 33 33 33 33 32 32 32 32 32 32 31 31 32 32 32 32 32 32 31 32 31 31 31 31 31 31 32 32 32 31 31 30 31 31 31 30 30 29 29 30 30 29 30 30 30 30 30 30 30 30 30 30 30 31 31 31 31 31 31 31 30 30 31 31 31 31 31 31 31 31 30 31 30 30 29 29 29 29 29 30 29 29 30 30 29 29 29 29 29 29 29 29 30 30 30 29 29 29 29 29 29 29 28 29 29 29 29 28 29 29 29 29 29 29 29 30 29 30 29 29 29 28 28 28 28 28 28 29 29 28 28 28 28 28 28 28 28 28 27 28 28 28 28 28 28 28 28 28 28 28 28 28 28 28 28 28 28 28 28 28 28 28 28 28 28 28 28 28 28 28 28 28 28 28 28 28 28 28 28 28 28 28 28 28 28 28 28 28 28 28 28 28 29 28 28 28 28 28 28 28 28 28 28 28 28 28 29 28 28 28 28 29 28 28 28 28 28 28 28 28 29 29 28 28 28 28 29 28 28 29 29 30 30 30 29 29 29 28 28 29 29 29 28 28 28 29 29 30 30 30 29 28 28 29 28 28 27 29 28 28 28 28 28 28 29 29 29 30 30 30 30 29 28 29 29 28 37 37 36 36 36 36 36 35 35 35 35 35 35 36 35 35 35 35 35 35 35 35 35 35 33 34 34 34 34 32 32 33 33 33 33 32 33 32 33 33 32 32 32 31 31 31 32 32 32 32 32 32 31 31 32 32 32 31 32 31 32 31 31 31 31 31 31 31 30 30 30 30 30 30 29 30 29 29 30 30 31 31 31 31 31 31 31 31 31 31 31 31 31 31 31 31 31 31 31 30 30 31 30 31 30 30 30 29 29 29 30 30 30 30 30 30 30 29 29 29 29 29 29 29 30 30 30 30 29 29 29 29 29 29 29 29 30 30 29 29 29 29 29 29 29 30 30 30 29 29 29 29 29 28 29 28 28 28 28 28 29 29 28 28 28 28 28 28 28 28 28 28 28 28 28 28 28 28 28 28 28 28 28 28 28 28 28 28 28 28 28 28 28 28 28 28 28 28 28 28 28 28 28 28 28 28 28 28 28 28 28 28 28 28 28 28 28 28 28 28 28 28 28 28 29 29 29 28 28 28 28 29 28 28 28 29 29 28 28 29 28 28 28 28 28 28 28 28 28 28 28 28 28 28 29 29 28 28 28 28 28 29 29 29 30 30 30 30 29 29 28 29 29 29 29 29 29 29 29 29 29 30 30 30 29 28 28 28 28 29 30 29 28 28 28 28 28 29 29 29 30 29 29 29 29 28 29 28 37 37 37 36 36 36 36 36 36 36 35 35 36 36 35 35 35 36 35 35 35 35 35 33 34 35 35 34 34 33 34 34 34 33 32 33 33 32 33 33 33 33 32 32 31 31 32 31 31 32 32 31 31 31 31 32 32 32 31 31 31 31 31 31 30 31 31 30 30 30 30 30 30 29 29 30 30 30 30 31 31 31 30 30 31 31 31 31 31 31 31 31 31 31 31 31 31 31 31 30 30 31 31 30 30 30 30 29 29 30 30 30 30 30 30 30 30 30 30 30 29 29 29 30 30 30 30 30 30 30 30 29 30 30 30 30 29 29 29 29 29 29 29 29 29 29 29 29 29 30 29 29 28 28 28 28 28 28 28 29 28 28 28 28 28 28 28 28 28 28 28 28 28 28 28 28 28 28 28 28 29 29 28 28 28 28 28 28 28 28 28 28 28 28 28 28 28 28 28 28 28 28 28 28 28 28 28 28 28 28 28 28 28 28 28 28 28 28 28 28 28 28 28 29 29 29 29 29 29 29 29 29 28 29 29 29 29 28 29 29 29 28 28 29 28 28 28 28 28 27 28 28 28 29 29 28 28 28 29 28 29 29 29 29 30 30 30 30 30 29 29 30 30 29 29 29 29 29 29 29 29 30 30 30 29 28 28 28 29 30 30 29 28 29 28 29 29 29 29 29 29 29 29 29 29 37 37 36 36 36 36 36 36 36 36 36 35 35 36 36 35 35 35 35 34 34 35 35 35 35 35 34 34 34 34 33 33 33 33 32 33 33 33 33 33 32 31 31 31 31 31 31 32 31 31 31 31 32 32 31 31 31 31 31 31 31 30 30 30 30 30 30 30 30 29 30 30 30 30 30 30 30 30 30 30 31 31 31 31 31 32 32 31 31 31 31 31 31 31 31 31 30 30 31 30 30 30 29 30 30 30 30 30 30 30 30 30 30 30 30 30 30 30 29 30 30 30 30 30 30 30 30 30 30 30 30 30 30 29 29 29 29 29 29 29 29 29 29 29 29 29 29 29 28 28 28 29 28 29 28 29 29 28 28 28 28 28 28 28 28 28 28 28 28 28 28 28 28 28 29 29 29 28 28 28 28 28 28 28 28 28 28 28 28 28 28 28 28 28 28 28 28 28 28 28 28 28 28 28 28 28 28 28 28 28 28 28 28 28 28 28 28 28 28 29 29 29 29 29 29 29 29 29 29 29 29 29 29 28 29 29 29 28 29 29 29 29 29 28 28 27 28 29 28 28 28 28 28 28 28 28 29 29 29 29 29 30 30 30 30 29 29 30 30 30 29 29 29 29 29 29 29 29 30 30 30 29 28 28 28 28 29 30 29 29 29 29 30 30 30 30 29 29 29 29 29 29 37 37 37 36 36 36 36 36 36 35 35 35 35 35 35 35 35 34 34 35 35 35 35 35 35 34 34 34 34 34 33 33 33 33 33 33 34 33 33 33 32 33 32 32 32 32 32 31 31 31 31 31 32 32 31 31 31 31 31 31 31 31 30 30 30 30 30 30 30 31 31 30 30 30 30 30 30 31 31 31 31 31 31 31 31 31 31 31 30 31 31 31 31 31 30 30 30 31 30 30 30 30 30 30 30 30 30 30 30 30 30 30 30 30 30 30 30 31 31 30 30 30 30 30 30 30 30 30 30 30 30 30 30 29 29 29 29 29 29 29 29 30 30 29 29 28 28 28 28 29 28 29 28 29 29 28 28 28 28 28 28 28 28 28 28 28 28 29 28 29 28 29 29 29 29 28 28 28 28 28 28 28 28 28 28 28 28 28 28 28 28 28 28 28 28 28 28 28 28 28 28 28 28 28 28 28 28 28 28 28 28 28 28 28 28 28 28 29 29 29 29 29 29 29 29 29 29 29 29 29 29 29 29 30 30 29 29 30 30 29 29 29 28 28 28 28 29 29 29 29 29 28 28 28 29 29 29 29 29 29 30 30 30 30 30 31 30 30 31 30 30 30 30 30 30 29 29 29 29 29 29 28 28 28 29 30 30 29 29 29 29 30 30 29 29 29 29 29 29 29 37 37 36 36 36 35 35 35 36 36 36 35 36 36 34 34 35 35 35 35 35 35 35 35 35 34 34 35 34 33 33 33 33 33 34 33 33 33 33 32 32 32 33 33 32 31 31 31 31 31 31 32 32 31 31 31 31 31 31 31 31 30 30 30 30 31 31 31 30 30 31 30 30 31 31 31 31 31 31 31 30 31 31 31 31 30 31 31 31 31 31 31 30 30 31 31 30 30 30 30 30 30 30 30 30 30 30 30 30 30 30 30 30 30 31 31 30 30 30 30 30 30 30 31 30 30 30 31 31 30 29 29 29 29 29 29 30 30 30 29 29 29 29 28 29 28 29 29 29 29 29 29 29 28 28 28 28 28 28 29 29 28 28 28 29 29 29 29 29 28 28 29 28 28 28 29 28 28 28 28 28 28 28 28 29 29 28 28 28 28 28 28 28 28 28 28 28 28 28 28 28 28 28 28 28 28 28 28 28 28 28 28 28 28 29 29 29 29 29 29 29 28 28 29 29 29 29 29 29 30 31 30 30 30 30 30 30 30 29 29 29 29 28 28 29 29 30 30 29 29 29 29 28 28 29 29 29 29 29 30 31 30 31 31 31 30 30 30 30 30 30 30 29 30 30 29 30 30 29 29 28 28 29 30 30 30 30 30 30 30 30 29 29 29 29 29 29 36 35 36 36 36 36 36 36 36 36 35 34 35 35 35 35 35 35 35 35 36 35 34 35 35 35 34 34 34 34 33 33 32 32 32 32 33 32 33 33 32 31 31 31 31 31 31 31 31 31 31 31 31 31 31 31 31 30 30 30 30 30 30 30 30 30 30 30 30 30 31 30 31 31 31 31 30 30 30 30 30 30 30 31 31 30 31 31 30 29 30 31 30 30 30 30 30 30 30 30 30 30 30 30 30 30 30 29 29 29 30 30 30 30 30 30 30 30 30 30 30 30 30 30 29 29 28 28 28 28 28 29 29 29 29 28 28 28 28 28 28 28 28 27 28 28 27 27 28 28 28 28 28 28 28 28 28 27 27 27 28 28 28 28 28 28 28 27 27 28 28 28 28 28 28 28 28 28 28 28 28 28 28 28 28 28 27 27 27 27 27 27 27 27 27 27 28 28 27 27 27 27 27 27 27 27 27 27 27 27 28 28 28 28 28 28 29 28 28 28 28 29 29 29 29 30 30 29 29 30 30 30 30 29 29 29 29 28 28 27 28 28 28 29 29 29 29 29 29 28 28 28 28 28 28 29 29 29 30 30 30 30 30 29 30 29 29 29 30 30 30 29 29 30 30 29 28 28 28 29 30 30 30 30 30 30 29 29 29 29 29 36 36 36 37 36 36 36 36 35 35 35 35 36 36 36 36 35 36 36 36 36 35 35 36 36 35 35 35 34 33 33 33 33 33 33 33 33 33 33 32 31 31 31 31 31 31 31 31 31 31 31 31 31 31 31 31 31 31 31 31 30 30 30 30 31 30 30 30 31 31 31 31 31 31 30 30 30 31 30 30 30 30 30 30 31 31 30 30 31 30 30 30 30 30 30 30 30 30 30 30 30 30 30 30 30 30 29 29 30 30 30 30 30 31 31 31 30 30 30 30 30 30 29 29 28 29 29 29 28 29 29 29 29 29 28 28 28 28 28 28 28 28 27 28 28 27 27 27 28 28 28 28 27 27 27 27 27 27 28 28 28 28 28 27 28 28 28 28 27 28 28 28 28 28 28 28 28 28 28 28 28 28 28 28 27 27 28 28 27 27 27 27 27 27 28 28 28 28 27 27 27 27 27 27 27 27 27 27 28 28 28 28 29 29 29 29 28 28 28 28 29 29 29 30 30 30 29 30 30 31 31 30 30 30 30 29 29 28 28 28 29 29 29 29 30 30 30 29 29 28 29 28 28 28 28 29 30 30 30 30 30 30 30 30 30 29 30 30 30 29 29 30 30 29 29 29 28 29 30 30 30 30 30 30 29 29 29 29 29 36 36 37 37 37 36 36 36 36 35 36 36 36 36 37 36 36 36 36 36 37 36 36 36 36 36 36 36 34 34 34 34 33 33 33 33 33 33 32 32 32 32 32 32 32 32 32 32 31 31 31 31 31 31 32 31 31 31 31 31 31 31 30 30 31 30 31 31 31 31 31 31 31 31 31 31 30 30 30 30 30 30 30 30 30 31 30 30 30 31 31 30 30 30 30 30 30 30 30 30 30 30 30 30 30 30 30 30 30 30 31 31 31 31 31 30 30 30 30 30 30 29 29 29 29 29 29 29 29 29 29 29 29 29 28 28 28 28 28 28 28 28 28 27 27 27 27 28 28 28 27 27 27 27 27 27 27 27 28 28 28 28 28 28 28 28 28 28 27 28 28 28 28 28 28 28 28 28 28 28 28 28 28 28 28 28 28 28 28 28 28 28 27 28 28 28 28 28 27 27 27 27 27 27 27 27 27 27 28 28 29 29 29 29 29 29 29 28 28 29 29 29 29 29 30 30 30 30 31 30 31 30 30 30 29 29 28 28 28 28 28 28 28 28 29 29 30 30 30 29 30 29 29 29 28 29 29 29 31 31 30 31 31 31 31 30 30 31 30 30 30 30 31 30 29 29 29 28 29 30 30 30 30 30 30 30 30 29 36 36 37 37 37 37 36 37 36 36 36 36 36 36 36 36 37 37 36 37 37 37 37 36 36 36 36 36 36 36 35 34 34 34 33 33 33 33 33 33 33 33 32 33 33 32 32 32 32 31 31 31 31 31 31 32 31 31 31 31 31 31 31 31 31 31 31 31 31 31 30 31 30 31 31 31 31 30 30 30 30 31 30 30 30 30 31 30 30 31 31 30 30 30 30 30 30 30 30 30 30 30 30 30 30 30 30 30 30 31 31 31 31 30 31 31 30 30 30 30 30 30 30 29 29 29 29 29 29 29 29 29 29 28 28 28 29 29 28 28 28 29 28 28 28 27 27 28 28 27 27 27 27 27 27 27 27 27 28 28 28 28 28 28 28 28 28 28 28 28 28 28 28 28 28 28 28 28 28 28 28 28 28 28 28 28 28 28 28 27 27 27 28 28 28 28 28 28 27 27 27 27 28 27 27 27 27 27 28 28 29 29 29 29 29 29 29 29 28 28 28 28 29 29 30 30 31 31 31 30 29 29 29 29 28 28 28 29 29 28 29 28 29 29 28 29 29 30 31 30 30 30 30 30 29 29 29 29 31 31 31 31 31 31 30 31 31 31 30 30 29 29 29 29 30 30 30 30 30 30 30 30 37 37 37 37 37 37 37 37 37 37 37 37 37 37 36 37 37 37 37 37 38 38 37 37 36 36 36 36 36 36 35 35 35 34 33 33 33 33 33 34 34 33 33 33 33 33 32 32 31 32 31 31 31 31 31 32 31 31 31 31 31 31 31 31 31 31 31 31 31 31 30 31 31 31 31 31 31 30 30 30 31 31 30 30 30 31 31 31 30 31 31 31 30 30 30 30 30 30 30 30 30 30 30 30 30 30 30 30 30 31 31 31 31 31 31 31 31 30 30 30 30 30 30 30 30 30 30 30 30 29 29 29 29 29 28 28 28 28 28 28 28 28 28 28 28 28 28 27 28 28 27 27 28 27 27 28 27 27 28 29 28 28 29 28 28 29 28 28 28 28 28 28 28 28 28 28 28 28 28 28 28 28 28 28 28 28 28 28 27 27 27 27 27 28 27 28 27 27 27 27 27 27 28 27 27 27 27 26 28 28 28 28 28 28 28 28 29 29 28 29 29 29 29 29 30 31 31 31 31 30 30 29 29 28 29 29 30 29 29 29 30 29 30 30 29 28 29 30 30 30 30 30 30 30 30 30 30 30 31 31 31 31 31 31 31 31 29 29 30 37 38 37 37 38 37 38 38 37 37 38 38 38 37 37 37 37 37 37 38 38 38 37 37 37 37 36 36 35 36 35 35 35 35 34 33 33 33 33 33 34 33 33 33 33 33 33 33 33 32 32 32 31 31 31 31 31 31 31 31 31 31 31 31 31 31 31 31 31 31 31 31 31 31 31 31 31 31 30 31 31 31 31 31 30 30 31 31 31 30 31 31 31 31 31 30 30 30 30 30 30 30 30 30 30 30 30 30 30 31 31 31 31 31 31 31 31 31 30 30 30 30 31 30 30 31 31 30 30 30 30 30 29 29 28 28 28 29 28 28 28 28 28 28 28 28 28 28 28 27 27 28 28 28 28 28 28 27 28 29 29 29 28 29 28 29 29 28 28 28 28 28 28 28 28 28 28 28 28 28 28 28 28 28 28 28 28 27 27 27 27 27 27 27 27 27 28 27 27 28 27 27 27 28 28 27 27 27 27 28 28 28 28 28 28 28 28 29 29 29 29 28 29 30 30 30 30 30 30 31 31 30 29 29 29 30 30 30 30 29 29 30 30 30 30 30 29 29 29 30 29 29 29 29 29 29 30 30 30 31 31 31 32 29 38 38 38 38 38 38 38 38 38 38 38 38 38 38 38 38 37 37 37 38 38 38 38 37 37 37 36 35 36 36 35 35 35 35 35 34 33 33 34 34 34 34 34 34 34 33 33 33 33 33 32 32 32 32 32 32 32 32 32 32 32 32 32 32 31 31 31 31 31 31 31 31 31 31 31 31 31 31 31 31 31 31 31 31 31 30 31 31 31 31 30 31 31 31 31 31 30 30 30 30 30 31 31 31 30 30 30 30 30 31 31 31 31 31 31 31 31 31 30 30 30 30 30 30 31 31 31 30 30 30 30 30 30 29 29 29 29 29 29 28 29 28 28 28 28 28 28 28 28 28 27 28 28 28 28 28 28 27 28 29 29 29 29 29 29 29 29 28 28 28 28 28 29 28 28 28 28 28 28 28 28 28 28 28 28 27 27 27 27 27 27 28 27 27 27 28 28 28 28 28 28 27 28 28 28 28 27 27 27 28 29 28 28 27 28 28 28 28 28 29 29 29 29 30 30 30 30 30 30 31 31 30 29 29 30 30 31 30 30 30 29 30 31 30 29 29 29 29 29 29 29 30 29 30 30 30 29 30 29 30 31 39 38 39 39 39 39 39 39 39 38 38 38 39 39 38 38 38 38 38 38 38 37 37 36 36 35 36 36 36 35 35 35 34 35 35 34 34 34 34 34 34 34 34 34 34 34 33 33 33 33 33 32 32 32 33 32 32 32 32 32 32 32 32 32 31 31 31 31 31 31 31 31 31 31 31 31 31 31 31 31 31 31 31 31 31 31 31 31 31 31 31 31 31 31 31 31 30 30 31 31 31 31 31 31 31 30 30 30 31 31 31 31 31 31 31 31 31 30 30 30 30 30 30 30 30 30 30 30 30 30 30 30 29 29 29 29 30 29 29 29 29 28 28 28 28 28 28 28 28 28 28 28 28 28 28 28 28 28 29 29 29 29 29 29 29 29 28 28 28 28 28 29 29 29 29 28 28 28 28 28 28 28 27 27 27 27 28 27 27 28 28 28 28 27 28 28 28 28 28 28 27 28 28 28 27 28 28 27 28 28 29 28 27 27 28 28 28 28 28 29 30 30 29 30 30 30 30 30 31 30 30 29 29 30 30 31 31 31 30 30 30 31 30 30 30 30 29 30 31 31 30 29 29 30 30 29 30 30 31 40 39 40 40 40 40 40 40 39 39 38 38 39 39 39 39 38 38 38 38 37 37 36 35 36 35 35 35 35 34 34 34 34 35 34 34 34 34 34 35 34 34 34 34 34 34 34 33 33 33 33 33 32 32 33 32 32 32 32 32 32 32 32 32 32 32 32 32 32 31 31 31 31 31 31 31 31 31 31 31 31 31 31 31 31 31 31 31 31 31 31 31 31 31 31 31 31 31 31 31 31 31 31 31 31 31 31 30 31 31 31 31 31 31 31 31 31 30 30 30 30 30 30 30 30 30 30 30 31 31 30 30 30 29 29 29 30 29 29 29 29 29 28 28 28 28 28 28 28 28 28 28 28 28 28 28 28 28 29 29 29 29 29 29 29 29 28 28 28 28 28 29 29 28 28 28 28 28 28 28 28 28 28 27 28 28 28 28 28 28 29 29 28 27 28 28 29 29 29 28 27 28 28 28 28 28 28 27 28 28 28 29 28 27 27 28 28 29 29 29 30 30 30 30 30 30 30 30 31 31 30 30 29 30 30 30 31 31 31 31 31 31 30 31 31 30 30 31 30 30 30 30 30 30 31 30 30 41 41 40 40 40 40 40 39 39 39 39 39 39 39 38 38 38 38 38 37 36 35 35 35 35 35 35 34 34 34 34 34 34 34 34 34 34 35 34 34 34 34 34 34 34 34 34 33 33 33 33 33 33 33 32 33 33 32 32 32 32 32 32 32 32 32 32 32 32 32 32 32 31 32 31 31 31 31 31 31 31 31 31 31 31 31 32 31 32 31 31 31 31 31 31 31 31 31 31 31 31 31 31 31 31 30 30 31 31 31 31 31 31 31 32 31 31 30 30 31 31 30 31 31 30 30 30 31 30 30 30 29 29 29 29 30 29 29 29 29 29 29 29 29 28 28 28 28 28 28 28 28 28 28 29 29 29 30 29 29 29 29 29 29 29 29 28 28 28 28 29 29 28 28 28 28 28 28 28 28 28 28 28 28 28 28 28 28 28 29 29 28 28 28 29 29 29 28 27 28 28 29 28 28 28 28 27 29 29 29 29 28 27 27 28 28 29 29 29 29 29 30 30 30 30 30 30 31 31 31 30 30 30 30 30 31 32 32 32 32 31 30 31 31 30 30 31 30 31 30 31 31 31 31 30 41 41 41 41 41 41 41 41 41 41 41 40 40 40 40 39 39 39 39 39 38 39 38 38 38 38 37 37 36 35 35 36 35 34 35 34 35 34 34 34 34 34 34 34 35 35 35 34 34 34 34 34 34 34 34 34 33 34 33 33 33 33 33 33 33 32 32 32 32 32 32 32 32 32 32 32 32 32 32 32 32 32 32 31 31 31 31 31 31 31 31 31 31 32 31 31 31 32 31 31 31 31 31 31 31 31 31 31 31 31 31 31 31 31 31 31 31 31 31 31 31 31 31 31 31 31 30 31 31 31 31 31 30 30 30 30 30 30 30 29 30 29 29 29 30 29 29 29 29 29 29 29 29 28 28 28 28 28 28 28 28 28 28 29 29 30 29 29 29 29 29 29 29 29 29 28 28 28 29 29 28 29 28 28 28 29 28 28 28 28 28 29 29 29 29 28 28 29 29 28 28 29 29 28 28 28 27 28 29 29 28 28 28 28 27 29 29 28 28 28 27 27 28 28 28 28 29 29 29 30 30 30 30 30 30 31 31 31 31 30 30 31 31 32 32 32 32 32 32 31 32 31 31 31 30 31 31 31 31 31 42 42 42 42 42 42 42 41 41 41 41 41 40 40 40 41 41 39 39 39 38 38 38 38 38 38 37 37 37 36 35 35 35 35 35 34 35 35 34 34 34 34 34 34 34 34 35 34 34 34 34 34 34 35 35 34 34 34 34 34 34 34 33 33 33 33 33 33 33 32 32 32 32 32 32 32 32 32 32 32 32 32 32 32 32 32 32 31 31 31 31 31 31 31 31 31 31 31 31 31 32 31 31 31 31 31 31 31 31 31 31 31 31 31 31 31 31 31 32 31 31 31 31 31 31 31 31 31 31 31 31 31 31 30 30 30 30 30 30 30 30 30 30 29 29 29 29 29 29 29 29 29 29 29 29 28 28 28 28 28 28 28 28 28 29 29 29 29 29 29 29 29 29 29 29 29 29 29 28 28 29 29 29 29 28 28 29 29 28 28 29 28 28 29 29 29 29 28 29 29 29 29 28 29 29 28 28 28 28 28 29 29 29 29 28 28 27 29 29 28 28 27 27 28 28 28 28 28 28 28 29 30 31 31 30 30 30 31 31 31 31 30 31 31 31 32 32 32 32 32 32 32 32 31 30 30 30 31 31 31 42 42 42 42 42 42 42 42 42 42 41 41 41 41 41 40 40 40 40 40 39 38 38 38 38 38 37 37 37 37 37 37 36 35 35 35 35 35 35 35 35 35 35 35 35 35 34 34 34 34 34 34 34 35 35 35 34 35 35 34 34 34 34 34 34 34 33 33 33 33 33 33 33 32 32 32 32 32 32 32 32 32 32 32 32 32 32 32 32 32 32 32 32 32 31 31 31 31 31 31 31 31 31 32 32 31 31 31 31 31 31 31 31 31 31 31 31 31 31 31 32 32 32 32 32 32 31 31 31 31 31 31 31 31 31 31 31 31 31 31 31 30 29 30 30 30 30 30 30 29 29 29 29 29 29 29 29 29 29 28 28 28 28 29 29 28 29 29 29 29 30 29 29 29 30 29 29 29 29 29 29 28 28 29 29 29 29 28 28 29 29 28 28 28 29 29 29 29 29 29 29 30 29 29 28 29 29 29 29 29 29 28 28 29 29 29 28 28 28 27 28 28 28 27 27 28 28 28 29 29 29 29 29 30 30 31 31 31 30 30 31 31 32 31 31 31 31 31 31 31 32 32 32 32 32 32 32 31 30 30 31 31 31 42 41 42 42 42 42 42 41 40 40 40 40 41 41 40 40 39 40 39 38 37 37 37 38 37 37 37 37 37 36 36 35 35 35 35 35 35 35 35 35 35 35 35 35 35 35 35 34 34 34 34 34 34 35 35 35 35 35 35 34 34 34 34 34 34 33 33 33 34 33 33 33 33 33 33 33 33 32 32 32 32 32 32 32 32 32 32 32 32 32 32 32 32 32 32 32 32 31 31 31 31 32 32 32 32 31 31 31 31 32 31 31 31 31 31 31 31 31 31 32 32 32 32 32 32 32 31 31 31 31 31 31 31 31 31 31 31 31 31 31 30 29 29 29 30 30 30 30 30 30 30 30 30 29 29 29 29 29 28 29 29 29 29 29 29 29 29 29 29 30 29 29 29 30 29 29 29 29 30 29 28 28 29 29 29 28 28 28 28 28 29 28 29 29 29 29 30 30 29 29 30 30 30 29 29 29 29 29 29 29 28 28 29 29 29 28 28 28 27 27 27 27 27 28 29 29 29 30 30 30 30 30 30 30 31 31 31 31 31 31 32 32 32 31 31 31 31 31 31 31 31 32 32 32 32 32 31 31 30 30 30 30 41 42 42 42 41 41 40 40 40 40 40 41 40 40 39 39 39 38 38 37 36 37 37 37 36 36 36 36 35 35 35 35 35 35 35 35 35 35 36 36 35 35 35 35 35 35 35 35 35 35 35 35 35 35 35 35 35 35 34 35 34 34 34 34 34 34 34 34 34 34 33 33 33 33 33 33 33 33 32 32 32 32 32 32 32 32 32 32 32 32 32 32 32 32 32 32 32 32 32 32 32 32 32 32 31 31 31 31 32 32 31 31 31 31 31 31 31 31 32 32 32 32 32 32 32 32 31 31 31 31 31 31 31 31 31 31 31 31 31 30 30 30 29 29 29 29 29 29 29 29 29 29 30 29 29 29 29 29 29 29 29 29 29 29 29 29 29 30 30 29 29 29 30 29 29 29 29 29 29 28 29 29 29 29 29 28 28 29 29 29 29 30 30 29 30 30 30 29 29 30 31 31 30 30 29 29 29 29 29 29 29 29 29 29 29 28 27 26 27 27 28 28 28 29 30 30 29 29 30 30 30 30 30 31 31 31 31 31 31 32 32 32 31 31 32 32 32 31 32 32 32 32 33 32 31 31 30 30 30 30 30 30 41 40 41 41 40 40 40 39 39 39 39 39 39 39 38 38 38 37 36 36 36 36 36 36 35 35 35 35 35 35 35 35 36 36 36 36 36 36 36 36 36 35 35 35 35 35 35 35 35 35 35 35 35 35 35 35 35 35 35 34 34 34 34 34 34 34 34 34 34 34 33 33 33 33 33 33 33 33 32 32 32 32 32 32 32 32 32 32 32 32 32 32 32 32 32 32 32 32 32 32 32 32 32 32 32 31 31 32 32 32 32 32 31 31 31 31 31 31 32 32 32 32 32 32 32 32 31 32 31 31 31 32 31 31 31 31 31 31 31 30 30 30 29 29 30 30 30 29 30 30 30 29 29 29 29 29 29 29 28 29 29 29 29 29 29 29 30 30 30 30 30 30 29 29 29 29 29 29 29 29 29 30 29 29 29 28 28 28 28 28 29 29 30 30 30 30 30 29 29 30 30 31 31 30 30 30 29 28 28 28 29 29 29 28 28 28 27 27 27 28 29 29 29 30 30 29 30 30 30 30 31 31 31 31 31 31 32 31 32 32 32 32 31 31 32 32 32 32 32 33 32 33 33 32 31 31 30 30 30 30 31 31 31 41 41 39 40 39 39 38 38 38 38 38 38 38 37 37 37 37 37 36 36 36 36 36 36 36 36 36 36 36 36 36 36 36 36 36 36 36 36 36 36 36 36 36 35 35 35 35 35 35 35 35 35 35 35 35 35 35 35 35 35 35 34 34 34 34 34 34 34 34 34 33 33 33 33 33 33 33 33 32 32 32 32 32 32 32 32 32 32 32 32 32 32 32 32 32 32 32 32 32 32 32 32 32 32 32 31 32 32 32 32 32 32 32 31 31 31 32 32 32 32 32 33 32 32 32 32 32 31 32 32 32 32 32 32 31 31 31 31 31 30 30 30 30 30 30 31 30 30 30 30 30 29 29 30 29 30 29 29 29 28 29 29 29 29 29 29 29 29 30 30 31 30 30 29 29 30 30 29 29 29 29 29 30 29 29 29 28 29 29 29 30 30 30 30 30 31 31 30 30 30 30 31 31 30 30 29 29 29 28 28 28 29 29 28 27 27 28 27 28 28 29 30 30 29 29 29 30 30 31 31 30 31 31 31 31 31 31 32 32 32 32 32 32 32 33 32 32 32 33 33 33 32 32 31 31 31 31 30 31 31 31 31 31 45 45 45 44 45 45 45 45 43 41 40 39 39 38 38 38 38 38 38 38 38 37 37 37 37 37 37 36 36 37 37 37 37 37 37 37 37 37 37 37 36 36 36 36 36 36 36 36 36 36 36 36 35 36 36 35 35 36 36 36 35 35 35 35 35 35 35 35 35 35 34 34 34 34 34 34 34 34 34 34 33 33 33 33 33 33 33 33 32 32 32 32 32 32 32 32 32 32 32 32 32 32 32 32 32 32 32 32 32 32 32 32 32 32 31 32 32 32 32 32 32 32 32 32 31 31 32 33 32 32 32 32 32 32 32 32 31 32 32 32 32 32 32 32 31 31 31 31 30 30 30 30 30 30 30 30 30 30 29 29 29 29 30 30 30 29 29 29 29 29 28 29 29 29 29 29 29 30 31 30 30 29 29 30 30 30 30 29 29 29 30 30 29 29 28 28 29 29 30 30 30 30 30 30 30 31 31 30 30 30 31 31 31 30 29 29 29 29 28 28 28 29 28 28 28 28 28 28 28 29 29 29 29 30 30 30 30 30 31 31 31 31 31 31 31 31 32 32 32 33 32 32 32 33 32 32 33 32 32 32 32 32 31 31 31 31 30 31 31 31 31 31 31 45 46 45 45 45 44 44 45 45 45 46 46 44 44 45 44 42 41 40 39 38 38 38 38 38 38 38 38 38 38 38 38 38 38 37 37 37 37 37 37 37 37 37 37 37 37 37 37 37 37 37 36 37 37 36 36 36 36 36 36 36 35 35 36 36 36 36 36 35 35 36 36 35 35 35 35 35 35 34 34 34 34 34 34 34 34 34 34 34 34 33 33 33 33 33 33 33 32 32 32 33 33 32 32 32 32 32 32 32 32 32 32 32 32 32 32 32 32 32 32 32 32 32 32 32 32 32 32 32 32 32 32 32 32 32 32 32 33 33 33 32 32 32 31 32 32 32 32 32 32 32 32 32 31 31 31 30 30 30 30 30 30 30 29 29 30 30 29 30 30 30 30 29 30 30 29 29 29 28 29 29 29 29 29 30 31 30 30 30 30 30 30 30 30 29 30 30 30 30 30 29 29 29 29 29 30 30 30 30 30 30 30 30 31 31 31 31 31 31 31 30 29 29 29 29 29 28 28 28 28 28 28 28 28 28 28 28 29 29 29 30 30 30 30 30 30 31 31 31 31 31 32 32 32 32 33 33 32 32 32 32 32 32 32 32 32 32 32 32 31 31 31 31 31 31 31 31 31 31 31 31 45 46 45 44 45 45 44 44 44 44 45 45 45 46 46 45 44 45 45 45 45 45 44 43 41 40 39 39 38 38 39 39 39 39 38 38 38 38 38 38 38 38 38 38 38 38 38 37 37 37 37 37 37 37 37 37 37 37 37 37 37 36 36 36 36 36 36 36 36 36 36 36 36 36 36 36 36 36 36 36 35 35 35 35 35 35 35 35 35 34 34 34 34 34 34 34 34 33 33 33 34 34 33 33 33 32 33 33 33 33 33 32 32 33 33 32 32 32 32 32 32 32 32 32 32 32 32 32 32 32 32 32 32 32 32 32 32 32 32 32 32 33 32 33 33 33 33 33 32 32 32 32 32 32 32 32 32 32 32 32 31 31 31 31 31 31 30 31 30 30 30 29 30 30 29 29 30 30 30 30 30 30 29 29 29 29 29 29 29 29 29 30 30 31 31 30 31 31 30 30 30 30 30 30 30 30 29 29 29 29 29 30 30 30 30 30 30 30 30 30 30 31 31 31 31 30 30 30 30 29 29 29 28 28 28 28 28 28 28 28 28 29 29 30 30 30 30 30 30 30 30 30 30 30 31 31 31 31 31 32 32 32 33 33 33 32 32 32 32 32 32 32 32 32 32 32 31 31 31 31 31 31 31 31 31 31 31 31 32 46 45 45 45 44 45 45 44 45 45 44 44 45 45 45 45 44 44 44 45 45 45 44 44 44 45 46 45 45 44 43 42 40 39 38 38 38 39 39 39 39 39 39 39 39 39 39 38 38 38 38 38 38 38 38 38 37 37 37 37 37 37 37 37 37 37 37 37 36 36 36 36 36 36 36 36 36 36 36 36 36 36 36 36 36 36 36 36 35 35 35 35 35 35 35 35 35 35 35 34 34 34 34 34 34 34 34 34 34 34 33 33 33 33 33 33 33 33 33 33 33 33 33 33 32 32 32 32 32 32 32 32 32 32 32 32 32 32 32 32 32 32 32 32 33 32 32 32 33 33 33 33 33 33 32 32 32 32 32 32 32 32 32 32 33 33 32 32 32 31 31 31 31 31 31 31 31 31 30 30 30 30 30 30 30 30 30 30 30 29 29 30 29 30 29 29 29 29 30 30 30 31 31 31 31 30 30 30 30 31 30 30 30 30 29 29 29 29 30 30 30 30 30 30 30 30 30 31 31 31 30 30 30 31 31 30 30 30 30 29 29 28 28 28 28 28 28 28 29 30 30 30 30 30 30 30 31 31 31 31 31 30 31 31 31 31 31 31 32 32 33 33 33 32 32 32 32 32 32 32 32 32 32 32 31 31 31 31 32 31 31 31 31 31 31 31 32 32 46 45 45 45 45 45 45 45 45 45 44 44 45 45 45 44 43 43 43 44 45 45 45 44 44 45 45 45 44 44 43 42 41 39 38 38 39 39 39 39 39 39 39 39 39 39 39 39 38 38 38 38 38 38 38 38 38 38 38 37 37 37 37 37 37 37 37 37 36 36 36 36 36 36 36 36 36 36 36 36 36 36 36 36 36 36 36 36 36 35 35 35 35 35 35 35 35 35 35 35 35 35 34 34 34 34 34 34 34 34 34 33 33 33 33 33 33 33 33 33 33 33 33 33 33 33 32 32 32 32 32 32 32 32 32 32 32 32 32 32 32 33 32 32 32 32 32 32 33 33 33 33 33 33 33 32 32 32 32 32 32 32 32 32 32 32 32 32 31 31 31 31 31 31 31 31 31 31 31 31 30 30 31 30 31 31 30 30 30 30 30 30 30 30 29 29 29 29 30 30 30 31 31 31 31 30 30 31 31 31 30 30 30 30 30 29 29 29 29 30 30 30 30 30 30 30 30 31 30 31 30 30 30 30 31 30 30 30 29 29 29 29 28 28 28 28 29 29 29 30 30 30 30 30 30 30 30 30 30 31 31 31 31 31 30 31 31 31 31 32 33 33 33 33 33 32 32 32 32 32 32 32 32 32 31 32 31 31 32 32 31 31 31 31 31 31 31 32 46 46 45 46 45 45 46 45 45 45 44 44 44 44 44 44 43 43 43 44 45 45 45 44 44 45 45 44 44 43 42 41 40 39 39 39 39 39 39 39 39 39 39 39 39 39 39 39 38 38 38 38 38 38 38 38 38 38 38 38 38 38 37 37 37 37 37 37 37 37 37 37 37 37 37 36 36 36 36 36 36 36 36 36 36 36 36 36 36 36 35 35 35 35 35 35 35 35 35 35 35 35 35 34 34 34 34 34 34 34 34 34 33 33 33 33 33 33 33 33 33 33 33 33 33 33 33 33 33 33 33 32 32 32 32 32 32 32 32 32 32 32 32 33 32 32 33 32 33 33 33 33 33 33 33 32 32 33 33 32 32 32 32 32 32 32 32 32 31 31 31 31 31 31 31 31 31 31 31 31 31 31 31 31 31 31 31 31 31 30 30 30 30 30 30 30 30 29 30 30 31 31 31 31 30 31 31 31 31 30 30 30 30 31 30 30 30 30 30 30 30 30 30 30 30 30 30 30 30 30 30 30 30 30 30 30 30 30 29 29 29 29 29 29 28 28 29 29 30 30 30 29 29 30 30 30 30 30 30 30 31 31 31 31 31 31 31 31 31 32 32 33 33 33 33 33 32 32 32 32 32 32 32 32 32 32 31 31 31 32 32 31 31 31 31 32 32 32 46 46 46 45 46 46 45 45 45 44 45 44 44 44 43 43 43 44 44 45 45 44 43 44 44 44 44 44 43 42 42 41 40 39 39 39 39 40 40 40 39 39 39 40 39 39 39 39 39 39 38 38 38 38 38 38 38 38 38 38 38 37 37 37 37 37 37 37 37 37 37 37 37 37 37 37 37 37 37 36 36 36 36 36 36 36 36 36 36 35 35 36 35 35 35 35 35 35 35 35 35 35 35 35 35 34 34 34 34 34 34 34 33 33 33 33 33 33 33 33 33 33 33 33 33 33 33 33 33 33 33 32 32 32 32 32 32 32 32 33 33 32 32 32 32 33 33 33 33 33 33 33 33 32 32 33 33 33 32 32 32 32 32 32 32 32 32 32 32 32 31 31 31 31 31 31 31 31 31 31 31 32 32 31 31 31 31 31 31 31 30 31 30 30 30 30 30 30 30 30 31 31 31 31 30 31 31 31 31 31 31 30 31 30 30 30 30 30 30 30 30 30 30 30 30 30 30 30 30 30 30 30 30 30 30 30 30 29 29 29 29 29 29 28 28 28 29 30 30 30 30 30 30 30 30 30 30 30 30 30 30 31 31 31 31 32 32 32 32 33 33 33 33 33 33 32 32 32 32 32 33 33 33 32 32 31 31 31 32 32 31 31 31 31 32 46 46 45 46 45 46 46 46 45 45 45 44 44 45 44 43 43 44 44 44 44 45 44 44 43 43 43 44 44 42 42 41 41 40 39 39 40 40 40 40 40 40 40 40 40 39 39 39 39 39 39 39 39 38 38 38 38 38 38 38 38 38 37 37 38 38 37 37 37 37 37 37 37 37 37 37 37 37 37 37 37 37 36 36 36 36 36 36 36 36 36 36 36 36 35 35 35 35 35 35 35 35 35 35 35 34 34 34 34 34 34 35 34 34 33 33 33 33 33 33 33 33 33 33 33 33 33 33 33 33 33 33 33 32 32 32 32 32 32 33 33 32 32 32 32 32 33 32 33 33 33 33 33 33 33 33 33 33 33 32 32 33 33 33 33 33 32 32 32 32 32 32 31 31 32 32 31 31 31 31 31 32 31 32 32 31 31 31 31 31 31 31 30 30 30 30 30 30 30 30 31 31 31 31 31 30 31 31 31 31 31 31 31 31 31 31 30 30 30 30 30 30 30 30 30 30 30 30 31 31 30 30 30 30 29 30 30 30 29 29 29 29 29 29 29 28 29 29 30 30 30 30 30 30 30 30 30 30 30 30 30 30 30 31 31 31 31 32 31 32 32 32 32 32 32 33 32 32 32 32 32 33 33 33 32 32 32 32 32 32 32 32 32 31 32 46 46 46 45 45 46 46 46 45 44 43 44 44 43 44 43 43 44 44 44 45 44 43 42 42 43 44 42 41 41 40 40 39 40 40 40 40 40 40 40 40 40 40 40 40 40 39 39 39 39 39 39 39 38 38 38 38 38 38 38 38 38 38 38 38 38 38 37 37 37 37 37 37 37 37 37 37 37 37 37 37 37 37 37 36 36 36 36 36 36 36 36 35 35 35 35 35 35 35 35 35 35 35 35 34 34 34 34 34 34 34 34 34 33 33 33 33 33 33 33 33 33 33 33 33 33 33 33 33 33 33 33 33 32 32 32 32 32 32 32 32 32 32 32 32 32 33 33 33 33 33 33 33 33 33 33 33 33 33 33 33 32 32 32 33 32 32 31 32 32 31 31 31 31 32 32 31 31 31 32 31 32 32 31 31 31 32 31 31 31 31 30 30 30 30 30 31 31 31 31 31 31 31 31 31 31 32 32 31 31 31 31 31 31 30 30 30 30 30 30 30 30 30 30 30 30 31 31 30 31 30 29 30 29 30 30 29 29 29 29 29 29 29 29 29 29 30 30 30 30 30 30 30 30 30 30 30 30 30 30 31 30 30 31 31 31 31 31 32 32 32 32 32 32 32 32 32 33 33 33 33 33 33 33 33 33 32 33 33 33 33 33 32 47 47 46 45 44 45 44 44 44 44 44 43 43 43 42 42 43 43 43 44 45 44 45 43 42 42 41 41 40 40 40 40 40 40 40 41 41 40 40 40 40 40 40 40 40 39 39 39 39 39 39 39 39 39 39 38 38 38 38 38 38 38 38 38 38 38 38 37 37 38 37 37 37 37 37 37 37 37 37 37 37 37 37 36 36 36 36 36 36 36 36 36 36 36 36 35 35 35 35 35 35 35 35 35 35 34 34 34 34 34 34 34 34 33 33 33 33 33 33 33 33 33 33 33 33 33 33 33 33 33 33 33 33 33 33 33 32 32 33 33 33 33 32 32 32 33 33 33 33 33 33 33 33 33 33 33 33 33 32 32 32 32 32 32 32 32 31 31 32 31 31 31 31 31 31 32 31 32 32 31 31 32 32 31 31 31 31 31 31 31 31 31 31 30 30 31 31 32 32 31 31 32 32 31 31 31 31 31 31 31 31 31 31 30 30 30 30 30 30 30 30 30 30 30 31 31 31 31 31 30 30 30 30 30 30 30 30 29 29 29 29 29 29 29 29 30 30 30 30 30 30 30 30 30 30 30 30 30 30 30 30 30 30 30 30 31 31 32 32 31 32 32 33 33 33 33 33 33 33 33 33 33 33 33 33 33 33 33 33 33 33 33 46 45 45 44 44 44 44 45 45 45 44 45 44 43 42 42 43 43 44 44 45 45 43 43 42 42 42 41 41 41 41 40 40 41 41 41 41 41 40 40 40 40 40 40 40 39 39 39 39 39 39 39 39 39 39 38 38 38 38 38 38 38 38 38 38 38 38 38 38 38 37 37 37 37 37 37 37 37 37 37 37 37 36 36 36 36 37 36 36 36 36 36 36 36 36 35 35 35 35 35 35 35 35 35 35 34 34 34 34 34 34 34 34 33 33 33 34 34 33 33 33 33 33 33 33 33 33 33 33 33 33 33 33 33 33 32 32 32 32 33 33 33 32 33 33 33 33 33 33 33 33 33 33 33 34 33 33 32 32 32 32 31 32 32 31 31 31 31 31 31 31 31 31 31 32 32 31 32 31 31 32 32 32 32 31 31 31 31 31 31 31 31 30 31 32 32 32 32 32 32 32 32 32 31 31 31 31 31 31 30 30 30 30 31 30 30 30 30 30 30 30 30 30 31 31 30 30 30 30 30 30 30 29 30 30 30 30 29 29 29 29 29 29 29 30 30 30 30 30 30 30 30 30 30 30 30 29 29 30 30 30 30 31 30 30 30 31 32 32 32 32 33 33 33 33 33 33 33 33 34 33 33 34 33 33 33 33 33 34 46 45 45 46 47 46 47 47 45 44 44 43 42 44 43 44 44 44 44 43 42 42 41 41 41 41 41 41 41 41 41 41 41 41 41 41 41 40 40 40 40 40 40 39 39 39 39 39 39 39 39 39 39 39 39 39 38 38 38 38 38 38 38 38 38 38 37 37 37 37 37 37 37 37 37 37 37 36 37 37 36 36 37 37 36 36 36 36 36 36 36 36 35 36 35 35 35 35 35 35 35 35 34 34 35 34 34 34 34 34 34 34 34 34 34 33 33 33 33 33 33 33 33 33 33 33 33 33 33 33 33 33 33 33 32 32 33 33 33 33 34 33 33 33 33 33 33 33 33 33 33 33 33 32 32 32 32 31 31 31 32 32 32 32 31 31 31 32 31 31 32 32 31 32 31 32 31 31 32 32 31 31 31 31 31 31 31 31 31 31 32 32 32 31 32 31 32 31 32 31 31 31 31 31 31 31 31 31 31 30 30 30 30 30 30 30 30 30 30 30 31 31 30 30 31 30 30 30 30 29 29 29 30 30 30 29 29 29 29 29 30 31 31 31 30 30 30 30 30 30 30 30 30 30 30 30 30 31 31 31 31 31 31 31 32 32 33 33 33 33 33 33 33 33 33 34 33 34 34 33 33 33 34 34 34 34 34 47 47 47 47 48 48 48 48 46 46 46 46 42 42 42 43 43 42 43 42 41 41 41 41 41 41 41 41 41 41 41 41 41 41 41 41 41 41 41 40 40 40 40 40 39 39 39 39 39 39 39 39 39 39 39 39 38 38 38 38 38 38 38 38 38 38 38 37 38 37 37 37 37 37 37 37 37 37 37 37 37 37 37 37 37 36 36 36 36 36 36 36 36 35 35 36 36 35 35 35 35 35 35 34 34 34 34 34 34 34 34 34 34 34 34 34 34 34 34 34 33 33 33 33 33 33 33 33 33 33 33 33 33 32 32 33 32 33 33 33 34 33 33 33 33 33 33 33 33 33 34 33 33 32 32 32 33 33 32 32 32 32 32 32 32 31 31 31 31 31 32 32 31 32 32 31 31 31 32 32 31 31 31 31 31 31 31 31 31 32 33 32 32 31 32 31 32 32 31 31 31 31 31 31 31 31 31 31 31 30 30 30 30 30 31 30 30 31 30 30 31 31 30 30 30 30 30 30 30 30 30 29 29 29 30 29 29 29 30 30 31 31 31 31 30 30 30 30 30 30 30 30 30 30 30 31 31 32 32 32 32 32 31 32 31 32 33 33 33 33 33 33 33 33 34 33 33 34 33 33 33 34 34 34 34 34 34 48 49 50 49 49 48 48 48 48 47 46 45 42 42 42 41 41 41 40 41 41 41 41 41 41 41 42 42 41 41 41 41 41 41 41 41 41 41 40 40 40 40 40 40 40 39 39 39 39 39 39 39 39 39 39 39 39 39 38 38 38 38 38 38 38 38 38 38 38 37 37 37 37 37 37 37 37 37 37 37 37 37 37 36 36 36 36 36 36 36 36 36 36 36 36 36 35 35 35 35 35 35 35 35 35 34 34 34 34 34 34 34 34 34 34 34 34 34 34 34 34 33 33 33 33 33 33 33 33 33 33 33 33 33 33 33 34 33 33 33 33 33 33 33 33 33 33 33 34 33 33 33 33 33 33 32 33 33 32 32 32 32 31 31 31 31 31 31 32 32 31 32 32 31 31 31 32 32 32 32 31 31 31 31 31 31 32 32 32 32 32 31 31 31 31 31 31 31 31 31 31 31 32 32 31 31 31 31 31 31 31 31 31 30 31 31 31 31 31 30 30 30 30 30 30 30 30 30 30 30 30 30 30 29 30 30 30 30 31 31 31 31 30 30 30 30 30 30 30 31 31 32 31 31 31 32 32 33 33 32 32 32 32 31 32 32 33 33 33 33 33 33 34 33 34 34 33 33 34 34 34 33 33 34 50 49 49 49 48 48 48 48 47 46 45 44 43 43 42 43 42 41 42 42 41 41 41 42 42 42 42 42 42 42 41 41 41 41 41 41 41 40 40 40 40 40 40 40 40 40 39 39 39 39 39 39 39 39 39 39 39 39 39 38 38 38 38 38 38 38 38 38 37 37 38 38 37 37 37 37 37 37 37 37 37 37 37 37 36 36 36 36 36 36 36 36 36 36 36 35 35 35 35 35 35 35 35 35 34 34 34 34 34 34 34 34 34 34 34 34 34 34 34 34 34 34 34 33 33 33 33 33 33 33 33 33 33 33 33 33 33 34 33 33 33 33 33 33 33 33 33 33 33 33 33 33 33 33 33 33 33 32 32 32 32 31 32 32 31 31 31 31 32 32 31 31 31 31 31 32 31 32 32 32 32 32 31 31 31 31 32 32 32 32 32 31 32 32 31 31 31 31 32 32 32 32 32 32 32 31 31 31 32 31 31 31 30 31 31 31 31 31 30 30 30 30 30 29 30 30 30 30 30 30 30 29 29 30 30 30 30 31 30 30 30 30 30 31 30 31 31 31 30 31 32 32 32 32 32 32 32 33 33 33 32 32 32 32 33 33 33 33 33 33 34 33 33 33 33 33 33 34 34 33 33 34 49 49 48 48 48 48 48 48 47 46 45 45 45 45 45 46 45 43 42 42 42 42 41 42 42 42 42 42 42 42 42 42 42 41 41 41 41 41 41 40 40 40 40 40 40 40 40 40 40 39 39 39 39 39 39 39 39 39 39 39 39 39 39 38 38 38 38 38 38 38 38 38 38 37 37 38 37 37 38 38 37 37 37 37 37 37 36 36 36 36 36 36 36 36 36 36 36 36 35 35 35 35 35 35 35 35 34 34 34 34 34 34 34 34 34 34 34 34 34 34 34 34 34 34 33 33 33 33 33 33 33 33 33 33 33 33 33 33 34 33 33 33 34 33 33 33 33 33 33 33 33 33 32 33 32 33 33 33 32 32 31 31 32 32 32 31 31 31 31 32 31 31 31 31 31 32 31 31 31 32 31 32 32 31 31 30 31 31 32 32 32 32 32 32 32 31 31 32 32 32 32 32 32 33 32 32 32 32 31 31 31 31 30 31 31 31 31 31 32 30 30 30 30 30 30 30 30 30 30 30 30 30 29 29 30 30 30 30 30 30 30 31 31 31 31 31 31 32 32 31 31 31 32 32 33 33 33 32 33 34 33 33 32 32 32 33 33 34 34 34 34 33 33 33 33 33 33 33 34 33 33 34 34 49 48 48 47 48 47 48 47 47 47 47 47 47 46 48 47 46 45 44 43 43 42 42 42 42 42 42 42 42 42 42 42 42 42 42 42 41 41 41 41 41 40 40 40 40 40 40 40 40 40 40 40 39 39 39 39 39 39 39 39 39 39 39 38 38 38 38 38 38 38 38 38 38 38 37 38 37 37 38 38 37 37 37 37 37 37 37 37 36 36 36 36 36 36 36 36 36 36 36 36 36 36 36 35 35 35 35 35 34 34 34 34 34 34 34 34 34 34 34 34 34 34 34 34 34 34 34 34 33 34 34 33 33 33 33 33 33 33 33 33 33 33 33 34 33 33 33 33 33 33 34 34 33 33 32 32 32 32 32 32 32 31 32 32 32 32 32 31 31 31 31 31 31 31 31 31 31 31 31 31 31 31 31 31 31 31 30 31 31 32 32 32 32 32 32 32 32 32 32 32 32 32 33 32 32 32 33 32 32 32 32 31 31 31 31 31 31 31 32 32 31 31 31 30 30 30 30 30 30 30 30 30 30 29 29 30 30 30 30 30 30 30 30 31 31 32 32 33 33 33 32 31 31 32 33 33 34 33 33 33 34 34 33 33 32 32 32 33 34 34 34 34 33 33 33 33 33 33 33 33 33 33 34 34 34 49 48 49 48 47 47 47 48 48 48 49 49 48 48 49 48 46 45 44 43 42 42 42 42 42 42 42 42 42 42 42 42 42 42 42 42 42 41 41 41 41 41 40 40 40 40 40 40 40 40 40 40 40 39 39 39 39 39 39 39 39 39 39 38 38 38 38 38 38 38 38 38 38 38 37 37 37 38 37 38 38 38 38 38 37 37 37 37 36 36 36 36 36 36 36 36 36 36 36 36 36 36 36 35 35 36 35 35 35 35 34 34 34 35 35 34 34 34 34 34 34 34 34 34 34 34 34 34 34 34 34 34 33 34 34 33 33 33 33 33 33 33 33 34 34 34 34 33 33 33 34 34 34 33 33 32 33 32 32 32 32 32 32 33 33 32 32 32 32 32 32 32 32 31 31 31 31 31 31 31 31 31 31 31 31 31 30 30 31 32 32 32 32 32 32 32 32 32 32 32 32 33 33 33 32 32 33 32 32 32 32 31 31 30 30 31 31 32 32 32 31 31 31 31 31 31 30 30 30 30 30 30 29 29 30 30 30 30 30 30 31 31 31 30 30 31 32 32 32 33 33 32 31 32 33 33 33 33 33 34 34 34 34 33 32 32 33 33 34 34 34 34 34 33 33 33 33 33 34 33 33 33 34 34 50 49 49 50 50 49 48 48 47 47 49 49 48 48 48 49 49 47 46 46 46 45 43 42 42 42 42 42 43 43 42 42 42 42 42 42 42 42 42 42 41 41 41 41 41 41 40 40 40 40 40 40 40 40 40 40 40 39 39 39 39 39 39 39 39 39 39 39 39 38 38 38 38 38 38 38 37 38 38 37 38 38 38 38 38 37 37 37 37 37 37 36 36 36 36 36 36 36 36 36 36 36 36 36 36 36 36 36 36 36 35 35 35 35 35 35 35 35 35 35 35 34 34 34 34 34 34 34 34 34 34 34 34 34 34 34 34 33 33 33 33 34 33 34 34 33 34 34 34 33 33 33 34 34 33 33 33 33 33 33 33 33 33 33 34 33 33 33 32 32 32 32 32 32 32 31 31 31 31 31 31 31 31 31 31 31 31 31 30 30 31 32 32 31 32 32 32 32 32 32 32 32 32 32 32 32 32 32 32 32 32 32 32 32 31 31 31 31 31 32 32 31 31 31 31 30 30 31 31 30 30 30 29 29 29 29 30 30 30 30 30 31 30 31 32 32 32 31 31 31 32 32 33 33 32 32 32 33 33 33 33 33 34 34 34 33 32 33 33 34 34 33 33 34 34 34 34 34 33 33 33 33 33 34 34 34 50 50 51 51 49 49 49 48 47 47 48 48 47 47 47 48 49 48 47 47 47 46 44 43 42 42 42 43 43 43 43 43 43 42 42 42 42 42 42 42 42 41 41 41 41 41 41 41 40 40 40 40 40 40 40 40 40 40 39 39 39 39 39 39 39 39 39 39 39 38 38 39 38 38 38 38 38 38 38 38 38 38 38 38 37 37 37 37 38 37 37 37 36 36 36 36 37 37 36 36 36 36 36 36 36 36 36 36 36 36 35 35 35 35 35 35 35 35 35 35 35 35 35 34 34 34 34 34 34 34 34 34 34 34 34 34 34 33 33 33 34 34 34 34 34 34 34 34 34 33 33 33 34 34 34 33 33 33 34 34 33 33 33 33 33 33 32 32 33 32 32 32 32 32 32 32 31 31 31 31 31 31 31 31 31 31 31 31 31 31 31 31 32 32 32 32 32 32 32 32 32 33 32 32 32 32 32 32 32 32 33 32 33 32 31 31 31 32 32 32 31 30 30 30 30 30 30 30 31 30 30 29 29 29 29 30 30 30 30 30 30 31 31 31 32 32 33 32 31 32 33 33 33 33 33 33 33 32 32 33 33 33 33 34 34 34 34 34 34 34 34 34 33 33 34 34 34 34 33 33 34 34 34 34 34 51 51 51 49 49 48 49 49 47 47 47 47 47 47 46 48 49 49 49 48 47 46 45 43 42 42 42 43 43 43 43 43 43 43 43 42 42 42 42 42 42 42 41 41 41 41 41 41 41 41 40 40 40 40 40 40 40 40 40 40 40 39 39 39 39 39 39 39 39 39 39 39 39 39 38 38 38 38 38 38 38 38 38 38 38 38 37 38 37 38 38 38 37 36 36 36 37 37 37 37 36 36 36 36 36 36 36 36 36 36 35 35 35 35 35 35 35 35 35 35 35 35 35 35 35 35 34 34 34 34 34 34 34 34 34 33 33 33 33 33 34 35 34 34 34 35 34 34 34 33 33 34 34 34 34 33 33 33 33 33 33 33 33 33 33 33 32 32 33 32 33 33 33 32 32 32 31 31 31 31 31 31 31 31 31 31 31 31 31 31 31 31 32 32 32 32 33 33 33 33 33 33 32 32 32 32 32 32 32 32 32 32 33 32 32 31 32 32 32 32 31 31 30 30 29 30 30 30 31 30 30 29 29 29 30 30 30 30 30 30 30 31 31 32 32 32 33 33 32 31 32 32 33 33 33 34 34 33 33 33 33 33 34 34 34 34 35 35 35 34 34 34 34 33 33 34 34 34 34 33 34 34 33 33 34 51 50 49 49 49 48 47 47 47 47 46 46 46 47 47 48 48 49 48 47 46 45 44 43 42 42 43 43 43 43 43 43 43 43 43 43 42 42 42 42 42 42 41 41 41 41 41 41 41 41 41 40 40 40 40 40 40 40 40 40 39 39 39 39 39 40 40 40 39 39 39 39 39 39 39 39 39 39 38 38 38 38 38 38 38 38 38 37 37 37 38 37 36 36 37 37 37 37 37 37 36 36 36 36 36 36 36 36 36 35 35 35 35 35 35 35 35 35 35 35 35 35 35 35 35 35 35 34 34 34 34 34 34 34 34 34 33 33 33 34 35 35 34 34 34 35 35 34 34 33 34 34 34 34 33 33 33 33 33 34 33 33 33 33 33 32 32 32 32 33 33 32 32 32 31 31 31 31 31 31 31 31 31 32 31 31 31 31 31 31 31 32 32 32 32 32 33 32 33 32 32 32 32 32 32 32 32 33 33 32 33 33 32 32 32 31 32 32 32 32 31 30 30 30 30 30 30 30 30 30 29 30 30 30 30 30 30 30 30 30 32 31 32 32 33 33 33 33 32 32 32 33 33 33 33 34 34 33 33 33 34 34 34 34 34 34 34 34 34 34 34 34 34 34 34 34 34 33 33 33 33 34 34 34 52 51 50 51 50 49 49 48 49 48 46 46 46 46 47 46 48 48 47 46 45 44 44 43 43 43 43 43 43 43 43 43 43 43 43 43 43 43 43 42 42 42 42 42 42 42 41 41 41 41 41 41 41 40 40 40 40 40 40 40 40 40 40 39 40 40 40 40 40 40 40 39 39 39 39 39 39 39 39 38 38 38 38 38 38 38 38 38 37 38 38 37 37 37 37 37 37 37 37 37 37 36 36 36 36 36 36 36 36 35 35 35 35 35 35 35 35 35 35 35 35 35 35 35 35 35 35 35 34 34 34 34 34 34 34 34 34 34 34 34 35 35 35 35 34 34 35 35 34 34 33 34 34 34 34 33 33 33 33 34 34 33 33 33 33 33 33 32 33 33 33 33 32 32 31 31 31 31 31 31 31 31 31 32 32 31 31 31 31 31 32 32 32 32 32 32 32 32 32 32 32 32 32 32 32 33 33 33 33 33 33 33 32 32 32 31 31 32 32 32 31 30 30 30 30 30 30 30 30 30 30 30 30 30 30 30 30 30 30 30 31 32 32 32 33 33 33 33 33 32 32 33 33 33 33 33 33 34 33 34 34 35 34 34 34 34 34 33 33 33 33 33 34 34 34 34 34 34 34 33 33 33 34 52 52 52 50 49 48 47 47 47 48 48 47 46 46 46 46 47 48 46 45 44 43 43 43 43 43 44 44 44 44 44 43 43 43 43 43 43 43 43 42 42 42 42 42 42 42 41 41 41 41 41 41 41 41 41 40 40 40 40 40 40 40 40 40 40 40 40 40 40 40 40 40 39 39 39 39 39 39 39 39 38 38 38 38 38 38 38 37 38 37 37 37 37 37 37 37 37 37 37 37 37 37 36 36 36 36 36 36 35 35 35 35 35 36 36 35 35 35 35 35 35 35 35 35 35 35 35 35 34 34 34 34 34 34 34 34 34 34 34 35 35 35 35 35 35 34 35 34 34 34 34 34 34 34 34 34 33 34 34 34 33 33 33 33 33 33 33 33 33 33 33 32 32 32 32 32 32 31 31 31 31 31 32 32 31 31 31 31 31 32 32 32 32 32 32 32 31 32 32 32 32 32 32 32 33 33 33 33 32 32 32 32 32 31 32 31 31 31 31 31 30 30 30 30 30 30 30 30 30 30 30 30 30 30 30 30 30 30 30 31 31 31 32 33 33 33 33 34 33 33 33 33 33 33 33 34 33 34 34 35 35 34 34 34 34 33 33 33 33 33 32 33 33 34 34 34 33 33 33 33 33 34 52 51 52 52 50 49 49 49 50 50 49 48 47 46 45 46 46 47 48 47 45 45 44 44 43 43 44 44 44 44 44 44 44 43 43 43 43 43 43 43 42 42 42 42 42 42 42 41 41 41 41 41 41 41 41 41 41 40 40 40 40 40 40 40 40 40 40 40 40 40 40 40 40 40 39 39 39 39 39 39 39 39 39 38 39 39 38 38 38 37 37 37 37 37 37 37 37 37 37 37 37 37 37 37 37 37 37 37 37 36 35 35 35 36 36 36 36 36 36 35 35 35 35 35 35 35 35 35 35 35 35 34 34 34 34 34 34 34 34 34 35 35 35 35 35 34 34 35 35 34 34 34 34 34 34 34 34 34 34 34 34 34 33 33 33 33 33 33 33 33 33 33 33 32 32 32 32 32 32 31 31 31 32 32 32 32 31 31 31 31 32 32 32 32 32 32 32 31 32 32 32 32 32 32 32 33 33 33 32 32 31 31 31 31 31 31 31 30 30 30 30 30 30 30 30 30 30 30 30 30 30 30 30 30 30 31 31 31 30 30 30 31 31 32 32 32 32 33 33 34 33 34 33 33 33 34 34 34 34 34 34 34 34 34 34 33 34 34 34 34 33 33 32 33 33 34 33 32 33 33 33 34 34 52 51 51 50 49 50 51 51 51 51 50 49 48 47 46 45 45 45 46 46 45 45 44 44 44 44 44 44 44 44 44 44 44 44 44 44 43 43 43 43 42 42 42 42 42 42 42 42 42 41 41 41 41 41 41 41 41 40 40 40 40 41 40 40 40 40 40 40 40 40 40 40 40 40 40 39 39 39 39 39 39 39 39 39 39 38 38 38 38 38 37 37 37 37 37 37 37 37 37 37 37 37 37 37 37 36 36 36 37 36 35 35 35 36 36 36 36 36 36 36 35 35 35 35 35 35 35 35 35 35 35 35 35 35 34 34 34 34 34 34 35 35 35 35 34 34 34 35 35 35 35 34 34 34 34 34 34 34 34 34 34 34 33 33 33 33 33 33 33 33 33 33 33 33 32 32 32 32 32 32 31 31 32 32 32 32 31 31 31 31 32 32 32 32 32 32 32 32 32 32 32 32 32 32 32 32 33 32 32 32 31 31 31 31 31 31 31 30 30 30 30 30 30 30 30 30 30 30 30 30 30 30 30 30 30 30 31 31 31 31 31 31 31 31 31 32 32 32 33 33 33 34 33 33 33 33 34 34 35 35 35 35 34 34 34 34 34 35 34 34 33 33 32 32 33 33 32 33 33 34 34 34 34 34 34 33 53 52 51 51 50 51 51 50 50 50 50 49 48 47 47 47 46 46 45 44 44 45 44 44 44 44 44 44 44 44 44 44 44 44 44 44 44 43 43 43 43 43 42 42 42 42 42 42 42 42 41 41 42 41 41 41 41 41 40 40 41 41 40 40 40 40 40 40 40 40 40 40 40 40 40 40 40 39 39 39 39 39 39 39 38 38 38 38 38 38 38 38 38 38 37 37 37 37 37 37 37 37 37 37 37 36 36 36 37 36 36 35 36 36 36 36 36 36 36 36 36 36 36 35 35 35 35 35 35 35 35 35 35 35 34 34 34 34 34 34 35 35 35 35 35 35 35 35 35 35 34 35 34 34 34 34 34 34 34 34 34 34 34 33 34 34 33 33 33 33 33 33 33 33 33 32 32 32 32 32 32 31 31 32 32 32 32 32 32 31 32 32 32 32 32 32 32 32 32 32 32 32 32 32 32 32 32 32 32 31 31 31 31 31 31 31 31 30 30 31 30 30 30 30 30 30 30 30 30 30 30 31 31 31 31 31 31 31 31 32 32 31 32 32 32 32 32 33 33 33 34 34 34 33 34 33 33 34 34 34 34 35 35 34 35 35 35 35 34 34 33 33 33 32 32 32 32 33 33 34 34 34 34 34 33 33 33 53 52 51 51 52 52 51 50 50 49 48 48 47 47 47 46 46 46 46 45 44 44 44 45 45 45 45 45 45 44 44 44 44 44 44 44 44 44 43 43 43 43 43 42 42 42 42 42 42 42 41 41 41 41 41 41 41 41 41 41 41 41 40 40 40 40 40 40 40 40 40 40 40 40 40 40 40 39 39 39 39 39 39 38 38 38 38 38 38 38 38 38 38 38 37 37 37 37 37 37 37 37 37 37 37 37 37 36 36 36 36 36 36 36 36 36 36 36 36 36 36 36 36 35 35 35 35 35 35 35 35 35 35 35 35 34 34 34 34 35 35 35 35 35 35 35 35 35 35 34 35 34 34 34 34 34 35 34 34 34 34 34 33 34 34 34 34 33 33 33 33 33 33 33 32 32 32 32 32 32 31 31 32 32 32 32 32 32 32 32 32 32 32 32 32 32 32 32 32 32 32 32 32 32 32 32 31 31 31 31 31 31 31 31 31 31 31 31 31 31 31 30 30 30 30 31 31 30 30 30 30 30 30 31 31 31 31 32 32 32 32 32 33 33 32 32 33 33 33 34 34 34 34 33 34 34 35 34 34 34 34 34 34 34 35 35 35 35 34 34 33 33 33 33 33 32 32 32 32 32 33 34 33 33 33 33 33 33 53 52 52 53 53 52 51 50 49 49 48 48 48 48 48 47 46 45 45 45 45 45 45 45 45 45 45 45 45 45 44 44 44 44 44 44 44 44 43 43 43 43 43 42 42 42 42 42 42 42 42 41 42 42 41 41 41 41 41 41 41 41 41 40 40 40 40 40 40 40 40 40 40 40 40 40 39 39 39 39 39 39 39 39 39 39 38 38 38 38 39 38 38 38 37 37 37 37 37 37 37 37 37 37 37 37 37 36 36 36 36 36 36 36 36 36 36 36 36 36 36 36 36 36 35 35 35 35 35 35 35 35 35 35 35 35 34 34 35 35 35 35 35 35 35 34 34 35 35 35 34 34 34 34 34 35 35 35 34 34 34 34 34 34 34 34 34 34 33 33 33 33 33 33 32 32 32 32 32 32 32 32 32 32 32 32 32 32 32 32 32 32 32 32 32 32 32 33 33 33 32 31 32 32 32 31 31 31 31 31 31 31 31 31 31 31 31 31 31 31 31 31 31 31 31 31 31 31 31 31 31 30 31 31 31 31 32 32 32 32 32 33 34 33 33 32 33 33 33 33 34 34 34 34 34 35 35 35 34 34 33 34 34 34 35 34 34 34 33 33 33 34 34 33 33 33 32 32 32 32 32 33 33 33 33 33 33 33 53 53 53 53 53 52 51 50 50 49 49 49 49 48 47 46 46 45 45 45 45 45 45 45 45 45 45 45 45 45 45 44 44 44 44 44 44 43 43 43 43 43 43 42 42 42 42 42 42 42 42 41 42 41 41 41 41 41 41 41 41 41 41 40 40 40 40 40 40 40 40 40 40 40 40 40 39 39 39 39 39 39 39 39 39 38 38 38 39 39 39 38 38 38 37 37 37 37 37 37 37 38 38 37 37 37 36 36 36 36 36 36 36 36 36 36 36 36 36 36 36 36 36 36 36 35 35 35 35 35 35 35 35 35 35 35 35 35 35 35 35 35 35 35 35 35 35 35 35 34 34 34 34 34 34 35 34 34 34 34 34 34 34 34 34 34 34 33 33 33 33 33 33 32 32 32 32 32 32 32 32 32 32 32 32 32 31 32 32 32 32 33 32 32 32 32 32 33 33 32 31 32 32 32 31 31 31 31 31 31 31 31 31 31 31 31 31 31 31 31 31 31 31 31 31 31 31 31 32 32 31 30 31 31 31 31 32 32 32 32 33 33 34 34 34 33 33 34 34 34 35 34 35 35 36 35 35 35 34 33 34 34 35 34 33 33 34 34 34 33 33 35 35 34 34 33 33 32 32 32 32 33 33 32 32 33 33 34 53 53 52 51 50 50 50 50 49 48 48 48 48 47 46 45 45 45 45 45 45 45 45 45 45 45 45 45 45 45 44 44 44 44 44 44 44 43 43 43 43 43 43 43 43 42 42 42 42 41 41 41 41 41 41 41 41 41 41 41 41 41 41 40 40 40 40 40 40 40 40 40 40 40 40 40 40 39 39 39 39 39 39 39 38 38 38 39 39 38 38 38 38 37 37 37 37 37 37 38 37 37 37 37 36 36 36 36 36 36 36 36 36 36 36 36 36 36 36 36 36 36 36 36 36 35 35 35 35 35 35 35 35 35 34 35 35 35 35 35 35 35 35 35 35 35 35 35 34 34 34 34 35 35 34 34 34 34 34 34 34 34 34 34 33 33 33 33 33 33 33 32 32 32 32 32 32 32 32 32 32 32 32 32 32 32 33 33 33 33 33 33 32 32 32 33 33 33 32 32 31 31 31 31 31 31 31 31 31 31 31 31 31 31 31 31 31 31 31 31 31 31 31 31 31 31 31 31 31 31 30 30 31 31 31 32 32 33 33 33 33 33 33 34 34 34 34 34 34 35 35 35 35 34 34 34 34 34 34 34 35 34 34 33 33 34 34 33 33 34 34 34 34 34 34 33 33 33 32 32 33 32 32 33 33 34 33 34 52 52 51 51 51 50 49 48 47 47 47 47 46 45 45 45 46 46 46 45 45 45 45 45 45 45 45 45 45 44 44 44 44 44 44 44 43 43 43 43 43 42 42 42 42 42 41 41 41 41 41 41 41 41 41 41 41 41 41 41 41 40 40 40 40 40 40 40 40 40 40 40 40 40 39 39 39 39 39 39 39 39 39 39 39 39 39 38 38 38 38 37 37 37 37 37 38 38 37 37 37 37 37 37 37 36 36 36 36 36 36 36 36 36 36 36 36 36 36 36 36 36 36 35 35 35 35 35 35 35 35 35 35 35 35 35 35 36 35 35 35 35 35 35 35 35 34 34 34 34 34 34 34 34 34 34 34 34 34 34 33 33 33 33 33 33 33 33 32 32 32 32 32 32 32 32 32 32 32 32 32 32 33 33 33 33 33 33 32 32 32 32 32 32 32 32 32 31 31 31 31 32 31 31 31 32 31 31 31 31 31 31 31 31 31 31 31 31 31 31 31 31 31 31 32 31 31 31 31 30 31 31 32 32 33 33 32 33 32 33 33 34 34 34 33 33 34 35 35 34 34 34 34 34 34 34 34 34 34 33 33 33 33 33 33 33 34 34 33 33 33 33 33 33 33 33 32 33 32 32 33 33 33 33 33 34 34 52 52 51 50 49 48 47 47 46 46 46 45 45 46 46 46 46 46 45 45 45 45 45 45 45 45 45 44 44 44 44 44 44 44 43 43 43 43 43 43 42 42 42 42 42 42 42 42 41 41 41 41 41 41 41 41 41 41 41 41 40 40 40 40 40 40 40 40 40 40 40 40 40 40 40 39 39 39 39 39 39 39 39 39 39 39 38 38 38 37 37 37 37 37 37 38 37 37 37 37 37 37 37 36 36 36 36 36 37 37 36 36 36 36 36 36 36 36 36 36 36 36 35 35 35 35 35 35 35 35 36 36 36 36 36 36 36 36 35 36 35 35 35 35 35 34 34 34 34 34 35 34 34 34 34 34 34 34 34 33 33 33 33 33 33 33 33 32 32 32 32 32 32 32 32 32 31 31 32 32 33 33 33 33 33 33 32 32 32 32 32 31 31 31 31 31 32 32 32 32 32 31 31 32 32 31 31 31 31 31 31 31 31 31 31 31 31 31 32 32 32 31 31 32 32 32 31 31 31 31 32 32 32 32 32 32 32 33 33 33 34 33 33 33 34 35 35 36 36 35 34 34 34 34 34 34 33 33 33 33 33 33 33 34 35 34 33 33 33 33 32 32 32 32 32 33 32 32 32 32 33 33 33 34 34 34 53 52 51 51 50 49 48 47 46 46 45 46 46 46 46 46 46 46 46 46 45 45 45 45 45 45 45 45 45 44 44 44 44 44 44 44 44 44 43 43 43 43 42 43 43 43 43 42 42 42 42 42 42 41 41 41 41 41 41 41 41 41 41 41 41 41 41 41 41 41 41 41 41 40 40 40 40 40 40 40 39 40 40 40 39 39 39 38 38 38 38 37 37 38 38 38 38 38 38 38 38 37 37 37 37 37 37 37 37 37 37 37 37 37 37 37 37 37 36 36 36 36 36 36 36 36 36 36 35 35 36 36 36 36 36 36 36 36 36 36 36 36 35 35 35 35 35 35 35 35 35 35 35 34 34 34 34 34 34 34 34 34 34 34 34 34 33 33 33 32 32 32 32 32 32 32 32 32 32 32 32 32 32 32 33 33 32 32 32 32 31 31 31 31 32 32 32 32 32 32 32 31 31 31 31 31 31 31 31 31 31 31 31 31 31 31 31 31 31 31 32 32 32 31 32 32 31 32 32 32 31 31 32 31 31 31 31 32 33 32 32 32 32 32 33 34 34 34 33 33 33 33 33 33 33 33 33 33 33 33 32 32 32 33 33 33 33 32 31 31 31 31 31 31 31 31 31 31 31 31 31 32 32 32 32 32 51 51 50 50 49 48 47 47 46 46 45 46 46 46 46 46 46 46 46 46 46 45 45 45 45 45 45 45 45 45 45 44 44 44 44 44 43 43 43 43 43 43 43 42 43 43 43 43 43 43 43 42 42 42 42 41 41 41 42 41 41 41 41 41 41 41 41 41 41 41 41 41 41 40 40 40 40 40 40 39 39 40 40 39 39 39 39 39 39 38 38 37 37 38 38 38 38 38 38 38 38 37 37 37 37 37 37 37 37 37 37 37 37 37 37 37 37 37 37 36 36 36 36 36 36 36 36 35 36 36 36 36 36 36 36 36 36 36 36 36 36 35 35 35 35 35 35 35 35 35 35 34 34 35 34 34 34 34 34 34 34 34 34 34 34 34 33 33 32 32 32 32 33 33 33 33 33 33 32 32 32 32 32 33 33 32 32 32 32 32 32 32 32 32 32 32 32 32 32 32 32 32 32 32 32 31 31 31 31 31 31 31 31 31 31 31 31 31 31 31 31 32 32 32 32 32 32 32 32 32 32 32 32 33 32 32 32 32 32 32 32 33 33 33 34 34 34 33 33 33 34 34 34 33 33 34 34 34 34 33 33 33 32 32 33 32 32 32 32 32 32 32 32 32 32 31 31 31 32 31 32 31 31 32 32 32 51 51 50 50 49 48 47 47 46 46 46 46 46 46 46 46 46 46 46 46 46 45 45 45 45 45 45 45 45 45 44 44 44 44 44 44 43 43 43 43 43 43 43 43 43 43 43 43 43 43 43 43 42 42 42 41 42 42 42 41 41 41 41 41 41 41 41 41 41 41 41 41 41 40 40 40 40 40 39 40 40 40 40 40 39 39 39 38 39 38 38 38 38 38 38 38 38 38 38 38 38 37 37 37 37 37 37 37 37 37 37 37 37 37 37 37 37 37 37 36 36 36 36 36 36 36 36 36 36 36 36 36 36 36 36 36 36 36 36 36 35 35 36 35 35 35 35 35 35 35 35 35 35 34 34 34 34 34 34 34 34 34 34 34 34 33 33 32 32 33 33 33 33 33 33 33 32 32 32 32 32 32 33 33 32 32 32 32 32 32 32 32 32 32 32 32 32 32 32 32 32 32 32 32 31 31 31 31 31 31 31 31 31 31 31 31 32 32 32 32 32 32 33 33 33 33 33 33 33 32 32 32 33 32 32 32 32 32 32 32 32 33 33 34 34 34 34 34 33 34 34 34 33 33 34 34 34 33 33 33 33 33 33 32 32 33 33 33 33 32 32 32 32 32 31 31 31 32 31 32 31 32 32 32 32 51 50 50 49 49 48 47 47 46 46 46 46 46 46 46 46 46 46 46 46 46 46 45 45 45 45 45 45 45 45 44 44 44 44 44 44 43 43 43 43 43 43 43 43 43 42 42 42 42 42 42 43 43 43 42 42 42 42 42 42 41 41 41 41 41 41 41 41 41 41 41 41 41 40 40 40 40 40 39 39 39 40 40 39 39 39 39 39 39 39 38 38 38 38 38 38 39 38 38 38 38 38 37 37 37 38 38 37 37 37 37 37 37 37 37 37 37 37 37 36 36 36 36 36 36 36 36 36 36 36 36 36 36 36 36 36 36 36 36 36 36 35 35 35 36 35 35 35 35 35 35 35 35 35 35 35 34 34 34 34 34 34 34 34 33 33 33 33 32 33 33 33 33 33 33 33 33 32 32 33 32 32 32 32 32 32 32 32 32 32 32 32 32 32 32 32 32 32 32 32 32 32 32 32 32 31 31 32 31 31 31 32 32 31 31 31 31 31 32 32 32 33 33 33 33 33 33 33 33 34 33 33 33 33 33 33 32 33 33 32 32 33 34 34 34 35 34 34 34 34 34 34 33 34 34 34 33 33 33 33 33 33 33 33 33 33 34 34 33 33 32 32 32 32 31 31 31 32 31 31 31 32 32 32 49 49 48 48 47 47 46 46 46 46 46 46 46 46 46 46 46 46 46 46 46 45 45 45 45 45 45 45 44 44 44 44 44 44 44 43 43 43 43 43 43 43 43 42 42 42 42 42 42 43 43 43 43 42 42 43 43 42 42 42 42 42 42 42 41 42 41 41 41 41 41 40 40 40 40 40 40 39 39 40 40 40 40 40 40 40 40 39 39 39 39 38 38 38 38 38 38 38 38 38 38 38 38 38 38 38 38 38 37 37 37 37 37 37 37 37 37 37 36 36 36 36 36 36 36 36 37 37 37 37 37 36 36 36 36 36 36 36 36 36 35 35 35 36 36 35 35 35 35 35 35 35 35 35 35 34 35 34 34 34 34 34 34 34 33 33 33 33 33 33 33 33 33 33 33 32 33 32 32 32 32 32 32 32 32 32 32 32 32 32 32 32 32 32 32 32 32 32 32 32 32 32 32 32 32 32 32 32 31 31 32 32 31 32 32 32 32 32 32 33 33 33 33 33 33 33 33 34 34 34 33 34 33 32 33 33 33 33 33 34 34 34 34 34 35 35 35 35 34 34 34 34 35 34 34 33 33 33 34 33 33 33 33 33 33 34 34 33 33 32 31 31 31 32 31 31 32 32 32 32 32 49 49 48 48 47 47 46 46 46 46 46 47 47 47 47 46 46 46 46 46 46 46 46 46 45 45 45 45 45 45 44 44 44 44 44 44 44 43 43 43 43 43 43 43 43 43 43 42 42 42 43 43 43 43 42 42 42 42 42 42 42 42 42 42 42 42 42 41 41 41 41 41 41 41 40 40 40 40 40 39 39 39 40 40 40 40 40 40 40 39 39 39 38 38 38 38 38 38 38 38 38 38 38 38 38 38 38 38 38 38 38 37 37 37 37 37 37 37 37 37 36 36 36 36 36 36 36 37 37 37 37 37 37 36 36 37 37 37 36 36 36 36 36 36 36 36 36 35 35 35 35 35 35 35 35 35 35 34 34 34 34 35 34 34 34 33 33 33 33 33 33 34 33 33 33 33 33 33 33 33 32 32 32 32 32 32 33 33 33 32 32 32 32 32 32 32 32 32 32 32 32 32 32 32 32 32 32 32 32 31 31 32 32 32 31 31 31 32 32 33 33 33 33 33 34 34 34 34 34 34 34 34 34 34 33 34 34 33 34 34 34 35 35 34 34 34 34 35 35 35 35 34 34 35 34 34 33 33 33 34 34 33 33 34 34 34 33 33 33 32 32 32 32 32 32 32 31 31 31 32 32 32 48 48 47 48 48 47 47 47 47 47 47 47 47 47 47 46 46 46 46 46 46 46 46 45 45 45 45 45 45 44 44 44 44 44 44 44 44 43 43 43 43 43 43 43 43 43 42 42 43 43 43 43 42 42 42 43 42 42 42 42 42 41 41 41 41 42 41 41 41 41 41 41 41 40 41 40 40 40 40 40 40 40 40 40 39 39 39 39 39 39 38 38 39 39 38 38 38 38 38 38 38 38 38 38 38 38 38 38 38 38 38 37 37 37 37 37 37 37 37 37 36 36 36 36 36 37 37 37 37 37 37 37 37 37 37 37 36 36 36 36 36 36 35 36 36 35 35 35 35 35 35 35 35 35 35 35 34 34 35 35 35 34 34 34 33 33 33 33 33 34 34 33 33 33 33 33 33 33 33 32 32 32 33 33 33 33 33 32 32 32 32 32 32 32 32 32 32 32 32 32 32 32 32 32 32 32 32 32 32 32 32 32 32 32 32 32 33 33 34 33 32 33 33 33 33 34 35 35 35 34 34 34 34 34 35 35 35 34 34 35 34 34 34 34 34 34 34 34 34 35 35 35 34 34 33 34 34 34 34 33 33 34 34 33 33 33 32 32 32 32 32 32 32 32 32 31 32 32 32 32 49 49 48 47 47 47 47 47 47 47 47 47 47 47 47 47 46 46 46 46 46 46 46 46 45 46 45 45 45 45 45 44 44 44 44 44 44 44 44 43 43 43 43 43 43 43 43 42 42 42 43 42 42 42 42 43 43 43 42 42 42 42 41 41 41 41 41 41 41 41 41 41 41 40 40 40 40 40 40 40 40 40 40 40 40 39 39 39 40 40 39 39 39 39 39 38 38 38 38 38 38 38 38 38 38 38 38 38 38 38 38 38 37 37 37 37 37 37 37 37 37 37 36 36 36 37 37 37 37 37 37 37 37 37 37 37 37 36 36 36 36 36 36 35 36 36 35 35 35 35 35 35 35 35 35 35 34 35 35 34 34 34 34 34 33 33 34 34 33 33 34 34 33 33 33 33 33 33 33 33 33 33 33 33 33 33 32 32 32 32 32 32 32 32 32 32 32 32 32 32 32 32 32 32 32 32 32 32 32 32 32 32 32 32 32 32 33 33 34 33 32 32 32 32 33 33 34 35 35 34 34 34 34 35 34 34 35 35 34 34 34 34 35 34 34 34 34 35 34 35 35 34 34 34 33 34 34 34 34 34 34 34 34 33 33 33 32 32 32 32 32 32 32 32 32 31 31 32 32 32 48 47 47 47 47 47 47 47 47 47 47 47 47 47 46 46 46 46 46 46 46 46 46 46 46 45 45 45 45 45 44 44 44 44 44 44 44 44 44 44 43 43 43 43 43 43 42 42 42 42 42 42 42 43 43 43 43 42 42 41 41 42 41 41 41 41 41 41 41 41 41 41 40 40 40 40 40 40 40 40 40 40 40 40 40 40 40 40 40 39 39 39 39 39 38 38 38 38 38 38 38 38 38 38 38 38 38 38 38 38 38 37 37 37 37 37 37 37 37 37 37 37 36 37 37 37 37 37 37 37 37 37 37 37 37 36 36 36 36 36 36 36 35 36 35 35 35 35 35 35 35 35 35 35 34 34 34 34 34 34 33 33 33 33 34 34 33 33 34 34 34 33 33 33 33 33 33 33 33 33 33 33 33 33 33 33 33 33 32 33 32 32 32 32 32 32 32 32 32 32 32 32 32 32 32 32 33 32 32 32 32 32 32 32 33 33 33 33 32 33 33 33 33 33 33 34 35 34 34 34 34 35 35 34 34 34 34 34 34 34 34 34 34 34 34 34 34 35 35 35 34 34 34 34 34 35 35 34 35 35 35 34 33 33 32 32 32 32 32 32 33 33 33 32 32 31 32 48 48 47 47 48 48 48 47 47 47 47 47 47 47 46 46 46 46 46 46 46 46 46 46 46 46 45 45 45 45 45 45 44 44 44 44 44 44 44 44 44 44 43 43 43 43 43 43 43 42 42 42 43 43 43 43 43 42 42 42 42 42 41 41 41 41 41 41 41 41 41 41 41 40 40 40 40 40 40 40 40 40 40 40 39 39 40 40 40 39 39 39 39 39 39 38 38 38 39 38 38 38 38 38 38 38 38 38 38 38 38 38 37 37 37 37 37 37 37 37 37 37 37 37 37 37 37 37 37 37 37 37 37 37 36 36 36 36 36 36 36 36 36 35 36 36 35 35 35 35 35 35 35 35 35 35 34 35 35 34 34 34 34 34 34 34 34 34 34 34 34 34 34 34 33 33 33 33 33 33 33 33 33 33 33 33 33 33 33 33 32 32 32 32 33 32 32 32 32 32 32 32 32 32 32 32 33 33 32 32 32 32 32 33 33 32 33 32 32 33 34 34 34 34 34 35 35 35 34 34 34 34 35 34 34 35 34 34 34 34 34 33 34 34 34 34 34 34 34 34 35 34 35 35 35 35 35 35 35 35 35 34 33 33 33 33 32 32 32 32 32 32 32 32 32 31 31 48 48 48 48 48 48 48 48 48 48 47 47 47 47 47 47 46 46 46 46 46 46 46 46 46 46 46 45 45 45 45 45 45 45 44 44 44 44 44 44 44 44 44 44 43 43 43 43 43 43 42 42 43 43 43 43 43 43 43 42 42 42 41 41 41 41 41 41 41 41 41 41 41 40 40 40 40 40 40 40 40 40 39 40 39 40 40 40 40 40 40 39 39 38 38 38 38 38 38 38 38 38 38 38 38 38 38 38 38 38 38 38 38 38 38 37 37 37 37 37 37 37 37 37 37 37 37 37 37 37 37 37 37 36 37 36 36 36 36 36 36 36 36 35 35 35 35 36 36 35 35 35 35 35 35 35 35 35 35 34 34 34 34 33 34 34 34 33 34 34 34 34 34 34 33 33 33 33 33 33 33 33 33 33 33 33 33 33 33 33 32 32 32 33 33 32 32 32 32 32 32 33 33 33 33 32 33 33 33 32 32 32 33 33 33 33 32 32 33 33 33 33 33 34 34 34 34 34 34 34 34 34 34 34 35 34 34 34 34 34 34 34 34 35 34 34 34 34 34 35 35 35 35 34 35 35 34 35 35 34 34 34 34 34 33 33 32 32 32 32 32 32 32 32 32 31 49 48 48 48 48 48 48 47 47 47 47 48 48 47 47 47 47 47 47 46 46 46 46 46 46 46 46 46 46 46 46 45 45 45 45 45 45 44 44 44 44 44 44 44 44 44 44 44 43 43 43 43 43 42 42 42 42 42 43 43 43 43 43 42 42 42 42 42 41 41 41 41 41 41 41 41 41 41 40 40 40 40 40 40 39 39 39 40 40 40 40 40 39 39 38 39 39 39 38 38 38 39 39 39 39 38 38 38 38 38 38 38 38 38 38 38 38 38 38 37 37 37 37 37 37 37 37 37 37 37 37 37 37 37 37 37 37 36 36 36 36 36 36 36 36 36 36 36 36 36 36 36 36 35 35 35 35 35 35 35 35 35 34 34 34 33 34 34 34 34 34 34 34 34 34 34 33 33 33 33 33 33 33 33 33 33 33 33 33 33 33 33 32 33 33 33 33 33 32 32 32 32 32 32 33 32 32 33 33 33 33 33 33 33 32 32 32 33 32 32 33 32 32 32 33 34 34 33 33 33 33 34 34 33 33 33 34 34 34 34 34 34 35 34 34 34 35 35 34 34 34 35 35 35 34 34 34 34 34 34 35 34 34 34 34 34 33 33 32 32 32 32 32 32 33 32 32 32 49 48 48 48 48 47 47 47 47 47 47 48 48 47 47 47 47 47 47 47 46 46 46 46 46 46 46 46 46 46 46 45 45 45 45 45 45 45 44 44 44 44 44 44 44 44 44 43 44 43 43 43 43 43 42 42 42 43 43 43 43 43 42 42 42 42 42 42 41 41 41 41 41 41 41 40 41 41 40 40 40 40 40 39 39 40 40 40 40 40 39 40 39 40 39 39 39 39 38 38 38 39 38 38 38 38 38 38 38 38 38 38 38 38 38 38 38 38 38 38 37 37 37 37 37 37 38 37 37 37 37 37 37 37 37 36 37 37 36 36 36 36 36 36 36 36 36 36 36 36 36 36 35 35 35 35 35 35 35 35 35 34 35 34 34 34 34 34 34 34 34 34 34 33 34 33 33 33 33 33 34 34 34 33 34 34 33 33 33 33 33 33 33 33 33 33 33 33 32 32 32 32 32 32 32 32 33 33 33 32 32 32 32 32 32 32 32 32 32 33 32 32 33 33 34 33 33 33 33 33 33 33 33 34 34 35 34 34 34 34 34 35 35 34 34 34 35 35 34 34 35 35 35 35 34 34 34 34 34 34 34 34 33 34 33 34 33 32 32 32 32 33 33 33 49 49 49 48 48 48 48 47 47 47 47 48 48 47 47 47 47 47 47 47 47 47 47 47 46 46 46 46 46 46 46 46 45 45 45 45 45 45 44 44 44 44 44 44 44 44 44 43 43 43 43 43 43 43 42 42 43 43 43 43 43 42 42 42 42 42 42 41 41 41 41 41 41 40 40 40 41 41 40 40 40 40 40 40 40 40 40 40 40 40 40 40 40 40 39 39 39 39 39 39 38 38 38 38 38 39 39 38 38 38 38 38 38 38 38 38 38 38 38 38 37 37 37 38 38 38 37 37 37 37 37 37 37 37 37 37 37 36 36 36 36 36 36 36 36 36 36 36 36 36 36 35 35 35 35 35 35 35 35 35 35 35 34 34 34 34 34 35 35 34 34 33 33 34 34 34 34 34 34 34 34 33 33 34 34 34 33 33 33 33 33 33 33 33 33 33 33 33 33 32 32 33 32 33 33 33 33 33 32 32 32 32 32 32 32 32 32 32 32 32 32 32 33 33 33 32 32 32 33 33 34 34 34 34 35 35 35 34 35 34 35 35 35 34 34 34 35 34 34 35 35 35 35 35 35 35 34 34 34 34 34 33 33 33 34 33 32 32 33 32 33 49 49 49 48 47 47 48 48 48 48 48 48 47 47 47 47 47 47 47 47 47 47 46 46 46 46 46 46 46 46 45 45 45 45 45 45 45 45 45 45 44 44 44 44 44 44 43 43 43 43 43 43 43 43 43 42 42 42 42 42 42 42 42 42 42 42 42 41 41 41 41 41 40 41 41 41 40 40 40 40 40 40 40 40 40 40 40 40 41 41 40 40 40 40 40 40 39 39 39 39 39 38 38 39 39 39 39 38 38 38 38 38 38 38 38 38 38 38 37 37 37 38 38 38 37 37 37 37 37 37 37 37 37 37 37 37 37 37 36 36 36 36 36 36 36 36 36 36 35 36 35 35 35 35 35 35 35 36 35 35 35 34 34 34 34 35 34 34 34 34 33 34 34 34 34 34 34 34 34 34 34 33 33 34 34 33 34 34 34 34 33 33 33 33 33 33 33 32 32 32 33 33 33 33 33 33 32 32 32 32 32 32 32 32 32 32 32 32 32 32 32 33 33 32 33 33 33 34 35 35 34 34 35 35 35 35 35 34 34 35 35 35 34 34 35 35 35 35 36 35 35 35 36 35 35 35 35 34 35 34 34 33 33 33 33 33 33 34 50 50 49 48 48 48 48 47 47 48 48 48 48 47 47 47 47 47 47 47 47 47 47 47 46 46 46 46 46 46 46 45 45 45 45 45 45 45 45 45 44 44 44 44 44 44 44 44 44 44 43 43 43 43 43 43 42 42 42 42 42 42 42 42 42 42 42 41 41 41 41 41 41 41 41 40 40 40 40 40 40 40 40 40 40 41 40 40 41 41 41 40 40 40 39 40 40 40 39 39 38 38 38 38 39 39 39 38 38 38 38 38 38 38 38 38 38 38 38 38 38 38 38 38 38 37 37 37 37 37 37 37 37 37 37 37 37 37 37 37 36 36 36 36 36 36 36 36 35 35 36 36 36 36 35 36 36 36 36 35 35 35 34 34 35 35 34 34 34 34 34 34 34 34 34 34 34 34 34 34 34 34 34 34 34 34 34 34 34 34 33 33 33 33 33 33 32 33 33 33 33 33 33 33 33 33 32 32 32 32 33 32 32 33 32 33 33 33 32 32 32 33 32 33 34 34 33 34 34 35 35 35 35 35 35 35 35 35 35 35 36 35 34 34 35 35 36 36 35 35 35 35 35 34 34 33 33 34 34 33 33 33 33 34 34 50 50 49 50 49 49 48 48 48 48 48 48 48 48 47 47 47 47 47 47 47 47 47 47 47 46 46 46 46 46 46 46 46 45 45 45 45 45 45 45 44 44 44 44 44 44 44 44 44 44 43 43 43 43 43 43 43 43 43 42 42 42 42 42 42 42 42 42 42 42 42 41 41 41 41 40 40 40 40 40 40 40 40 41 41 41 41 41 41 41 40 40 40 39 40 40 39 39 40 39 39 39 38 38 38 39 39 39 39 38 38 38 38 38 38 38 38 38 38 38 38 38 38 38 38 38 38 38 38 37 37 37 37 37 37 37 37 37 37 37 37 36 36 36 36 36 36 36 36 35 35 35 36 36 36 36 36 36 36 36 35 35 35 35 35 35 34 34 35 35 34 34 34 34 34 34 34 34 34 34 34 34 34 34 34 34 34 34 34 34 33 33 33 33 33 33 33 33 33 33 33 33 33 33 33 32 32 32 33 33 33 33 32 33 32 33 33 33 33 32 32 32 33 33 34 34 34 34 34 34 35 35 35 35 35 35 35 35 35 35 36 35 34 35 35 35 35 35 34 34 34 34 33 33 33 33 33 33 33 33 33 34 50 49 49 49 49 49 48 48 48 48 48 48 48 48 48 48 48 48 47 47 47 47 47 47 47 46 46 46 46 46 46 46 46 46 46 45 45 45 45 45 45 45 44 44 44 44 44 44 44 44 44 44 44 44 43 43 43 43 43 43 42 42 42 42 42 42 42 42 42 42 42 41 41 41 41 41 41 41 40 41 41 41 41 41 41 41 41 41 41 41 40 40 40 40 41 41 40 39 40 40 40 39 39 38 38 39 39 38 38 38 38 38 38 38 38 38 38 38 38 38 38 38 38 38 38 38 38 38 38 38 38 38 38 37 37 37 37 37 37 37 37 36 37 36 36 36 36 36 36 35 35 36 36 36 36 36 36 36 36 36 35 35 35 35 35 34 34 35 35 35 35 34 34 34 34 34 34 34 34 34 34 34 34 34 34 34 34 34 33 34 33 33 33 33 33 33 33 33 33 34 33 33 33 32 33 33 33 33 34 33 34 34 33 33 33 33 33 33 33 33 33 32 33 33 33 33 33 34 34 34 35 35 35 35 35 35 35 35 35 36 36 35 34 34 34 35 35 34 34 34 34 34 34 33 33 33 33 33 33 34 34 50 49 49 49 49 49 49 49 48 48 48 48 48 48 48 48 48 48 47 47 47 47 47 47 47 47 46 46 46 46 46 46 46 46 46 46 45 45 45 45 45 45 45 44 44 44 44 44 44 44 44 44 44 44 44 43 43 43 43 43 43 43 43 43 43 43 42 42 42 42 42 42 41 41 41 41 41 41 41 41 41 41 40 40 40 40 40 41 41 41 40 41 40 40 41 41 40 40 40 39 39 39 38 38 38 38 38 38 38 38 38 38 38 38 38 38 38 38 38 38 38 38 38 38 38 38 38 38 38 38 38 38 38 38 38 37 37 37 37 37 37 37 36 37 36 37 36 36 36 36 35 35 36 36 36 36 36 36 36 35 35 35 35 35 35 34 34 34 35 35 35 34 34 34 34 34 34 34 34 34 34 34 34 34 34 34 34 34 34 33 33 33 33 33 33 33 33 33 33 33 33 32 32 33 33 33 33 33 34 34 34 34 34 34 34 33 34 34 33 33 33 33 33 33 34 34 33 34 34 35 35 35 35 35 35 35 35 35 35 35 34 34 34 34 34 34 34 34 34 34 34 33 33 34 33 33 33 34 34 50 50 50 50 49 49 49 48 48 49 49 48 48 48 48 48 48 48 48 48 48 48 48 47 47 47 47 47 46 46 46 46 46 46 46 46 46 45 45 45 45 45 45 45 44 44 44 44 44 44 44 44 44 44 44 44 44 43 43 43 43 43 43 43 43 43 43 43 42 42 42 42 42 42 41 41 41 41 41 41 41 40 40 41 41 41 41 41 42 41 41 40 40 40 41 40 40 40 40 39 39 39 39 38 38 39 38 38 38 38 38 38 38 38 38 38 38 38 38 38 38 38 38 38 38 38 38 38 38 38 38 38 38 38 38 38 37 37 37 37 37 37 37 37 37 37 37 36 37 36 36 35 35 36 36 36 36 36 36 36 36 36 35 35 35 35 35 34 35 35 34 34 34 34 34 34 34 34 34 34 34 34 34 34 34 34 34 34 34 33 33 33 33 34 34 34 34 33 33 33 32 33 33 33 33 34 34 35 35 35 35 34 34 34 34 34 34 33 33 33 33 34 34 33 33 34 34 35 35 35 35 34 35 34 35 35 34 34 34 34 34 34 34 34 34 34 34 34 34 34 34 51 51 50 50 49 50 50 49 49 49 50 49 49 48 48 48 48 48 48 48 48 48 48 47 47 47 47 47 47 47 47 47 47 46 46 46 46 46 45 45 45 45 45 45 45 45 44 44 44 44 44 44 44 44 44 44 44 43 43 43 43 43 43 43 43 43 43 43 43 42 42 42 42 42 42 42 41 41 41 41 41 41 41 41 41 42 42 43 43 42 41 40 40 40 41 41 40 40 41 40 40 39 39 39 39 39 39 39 38 38 38 39 39 38 38 38 38 38 38 38 38 38 38 38 38 38 38 38 38 38 38 38 38 38 38 38 37 37 37 37 37 37 37 37 37 37 37 37 37 36 36 36 35 35 36 36 36 36 36 36 36 36 36 36 35 35 35 34 34 34 34 34 34 34 35 35 35 35 34 34 34 34 34 34 34 34 34 34 34 34 33 33 33 34 34 34 33 33 32 33 33 33 33 33 33 34 34 34 35 35 35 34 34 34 34 33 33 33 33 33 34 34 33 34 34 34 34 35 35 35 35 35 34 35 35 35 34 34 34 51 51 50 50 50 49 49 48 48 48 48 48 48 48 48 48 47 47 47 47 47 47 47 47 47 47 46 46 46 46 46 46 45 45 45 45 45 45 45 44 44 44 44 44 44 44 44 44 44 44 43 43 43 43 43 43 43 43 43 43 43 43 43 42 42 42 42 42 42 41 41 41 41 41 41 41 41 41 42 42 43 42 41 42 42 41 41 41 40 41 41 41 41 40 39 39 39 39 39 39 38 38 38 39 39 39 39 38 38 38 38 38 38 38 38 38 38 38 38 38 38 38 38 38 38 38 38 38 37 37 37 37 37 37 37 37 37 37 37 37 37 37 36 36 36 35 35 36 36 36 36 36 36 36 36 36 36 35 35 35 35 34 34 34 35 35 35 35 35 35 35 34 34 34 34 34 34 35 34 34 34 33 33 33 33 33 33 33 33 33 33 34 34 34 34 35 35 34 34 34 34 34 34 33 33 33 33 34 34 34 34 35 34 35 35 34 49 48 48 48 48 48 48 48 48 48 48 47 47 47 47 46 47 47 47 47 46 46 46 46 46 46 46 45 45 45 45 45 45 45 44 44 44 44 44 44 44 44 44 44 44 44 44 43 43 43 43 43 43 43 43 43 43 42 42 42 42 42 42 41 41 41 41 41 41 42 42 42 42 43 43 43 43 43 43 42 42 41 41 41 42 42 41 41 40 40 40 39 39 39 38 38 38 39 39 39 39 38 38 39 39 38 38 39 39 38 38 38 38 38 38 38 38 38 38 38 38 37 37 37 37 37 37 37 37 37 37 37 37 37 37 37 37 37 36 35 35 36 36 36 36 36 36 36 36 36 36 35 34 34 34 34 34 35 35 35 35 35 35 35 35 34 34 34 34 34 34 34 35 34 34 34 33 33 32 33 33 33 34 34 35 34 34 35 35 34 35 35 34 33 34 34 33 33 34 34 49 49 49 48 48 48 48 48 48 48 48 47 47 46 46 46 47 47 47 46 46 46 46 46 46 45 45 45 45 45 45 44 44 44 44 44 44 44 44 44 44 44 44 44 44 43 43 43 43 43 43 43 43 43 43 42 42 42 42 42 41 41 41 41 41 41 41 41 42 42 42 42 43 43 43 42 42 43 43 42 42 42 41 41 41 41 40 40 40 39 39 39 39 39 39 39 39 39 39 39 38 38 38 38 38 39 39 38 38 38 38 38 38 38 38 38 38 38 37 37 37 37 37 37 37 37 37 37 37 37 37 37 37 37 37 37 36 36 35 35 36 36 36 36 36 36 36 35 36 35 35 35 34 34 35 35 35 35 35 35 35 35 35 34 34 34 34 34 34 35 35 34 34 34 34 34 34 34 34 35 34 34 34 49 48 48 48 48 48 48 49 48 47 46 46 46 46 46 46 46 46 46 46 46 46 45 45 45 45 45 44 44 44 44 44 44 44 44 44 44 44 44 44 44 44 44 44 44 43 43 43 43 43 43 43 42 42 42 42 41 41 41 41 41 41 42 42 42 41 41 42 43 43 43 42 41 41 42 43 43 43 42 41 40 40 40 40 40 39 39 39 39 39 39 39 39 39 39 39 39 39 38 38 38 38 39 39 39 39 38 38 38 38 38 38 38 38 38 38 38 38 38 38 37 37 37 37 37 37 37 37 37 37 37 37 37 37 36 35 35 35 36 36 36 36 36 36 36 36 35 35 35 34 34 35 35 35 35 35 35 35 35 35 35 35 35 34 35 35 34 34 34 50 49 49 48 48 48 48 48 48 47 47 46 46 46 46 46 46 46 46 46 46 46 46 45 46 45 45 45 45 45 44 44 44 44 44 44 44 44 44 44 44 44 44 44 44 44 43 43 43 43 43 42 42 42 42 41 41 41 41 41 42 41 41 42 43 43 42 42 42 43 43 42 42 41 41 42 42 43 42 41 40 40 41 40 40 40 40 40 39 39 39 39 39 39 39 39 39 39 39 38 38 38 39 39 39 39 38 38 38 38 38 38 38 38 38 38 38 38 37 38 38 37 37 37 37 37 36 37 37 37 37 37 37 37 36 36 35 36 36 36 36 37 36 36 36 36 36 36 35 35 35 35 35 35 35 35 35 35 35 35 35 35 35 35 35 35 34 49 49 49 49 49 48 48 48 47 47 47 46 46 46 46 46 46 46 46 46 46 46 46 46 46 45 45 45 45 45 45 45 45 45 44 44 44 44 44 44 44 44 44 43 43 43 43 43 42 42 42 42 42 42 42 42 42 42 42 42 42 43 43 43 43 43 44 44 43 43 42 41 41 41 42 42 41 40 41 41 41 40 40 40 40 40 39 39 39 39 39 39 39 39 39 39 39 38 38 39 39 39 39 39 39 38 38 38 38 39 38 38 38 38 38 38 38 38 38 38 38 37 37 37 37 37 37 37 37 37 36 36 36 36 36 36 37 37 36 35 35 35 35 35 35 35 35 35 35 35 35 35 35 35 35 35 35 35 35 35 35 49 49 49 48 48 47 47 47 46 46 46 46 46 46 46 46 46 46 46 46 46 45 45 45 45 45 45 45 45 45 45 45 44 44 44 44 44 44 44 44 43 43 43 43 43 43 43 44 43 43 44 44 42 43 43 43 43 43 44 44 44 44 44 43 42 43 43 42 41 42 42 42 42 41 40 41 40 40 40 40 39 39 39 39 39 39 39 39 39 39 39 39 39 39 38 39 39 39 39 39 39 39 39 39 39 38 38 38 38 38 38 38 38 38 38 38 38 38 38 38 37 37 36 36 36 36 36 36 37 36 35 35 35 36 35 35 35 35 35 35 35 35 35 35 35 35 35 35 35 35 35 50 50 49 49 48 48 47 46 45 46 47 46 45 46 46 46 46 46 46 45 45 45 45 45 45 45 45 45 45 45 45 45 45 44 44 44 44 44 44 43 43 43 44 44 44 45 45 45 44 45 44 43 44 44 44 44 44 44 44 44 44 44 43 42 42 42 42 42 42 42 42 41 41 40 40 40 40 40 39 39 39 39 39 39 39 39 39 39 39 39 39 39 39 39 39 39 39 39 39 39 39 39 39 39 38 38 38 38 38 38 39 39 38 38 38 39 39 38 37 36 36 36 36 37 37 36 36 36 36 36 36 36 36 35 35 35 35 35 35 35 35 35 35 35 35 35 51 50 49 49 48 48 47 46 46 47 46 45 46 47 47 47 46 45 45 45 45 45 45 45 45 45 45 45 45 45 45 45 45 44 44 44 44 43 43 43 43 44 45 45 45 45 46 46 46 45 44 45 45 45 44 44 43 43 43 44 44 44 43 43 42 42 42 42 42 41 41 41 41 40 40 40 40 40 40 40 40 40 39 39 39 39 39 39 39 38 38 39 39 39 39 39 39 39 39 39 39 39 39 38 38 38 39 39 39 38 38 39 39 38 39 38 37 37 37 37 37 37 36 35 36 35 35 35 35 35 35 35 35 35 50 49 49 49 48 48 48 48 47 46 47 47 47 47 46 46 46 46 46 46 46 46 46 46 46 45 45 45 45 45 45 45 44 44 44 44 44 44 44 44 44 44 44 44 45 46 47 46 46 46 46 45 45 44 43 43 43 43 43 43 43 43 43 42 42 42 42 42 42 41 41 41 41 41 41 41 41 40 41 40 40 39 39 39 39 39 38 38 38 38 38 39 39 39 39 39 40 40 40 39 39 38 39 39 38 38 39 39 39 39 39 38 37 35 35 35 35 35 35 49 50 50 49 48 48 48 48 48 47 47 47 46 46 46 46 46 45 46 46 46 46 46 46 46 46 45 45 45 45 45 44 44 44 44 44 44 45 45 45 45 44 45 46 46 47 47 47 47 47 46 45 45 44 43 43 43 43 43 43 43 42 42 42 42 42 42 42 42 42 43 42 41 41 42 42 42 41 40 40 39 39 39 39 39 39 38 38 38 38 39 39 39 39 39 40 40 39 39 39 38 39 39 39 39 38 40 40 36 36 51 51 51 51 50 49 48 48 48 47 47 47 46 46 46 46 46 46 46 46 46 46 46 46 46 46 46 45 45 45 45 44 44 44 44 44 44 45 45 46 46 45 45 46 47 46 46 46 46 45 45 44 45 45 45 44 44 44 43 43 43 43 43 42 43 43 42 43 43 42 43 42 42 42 43 43 42 41 41 41 40 40 40 40 39 39 39 39 38 38 38 39 39 39 39 40 39 39 40 39 39 39 39 39 39 52 52 51 50 49 48 47 47 47 47 46 46 46 46 46 47 46 46 46 46 46 46 46 46 46 45 45 45 45 45 45 45 45 45 45 45 45 46 46 46 46 46 47 47 46 45 45 45 45 44 44 44 44 44 44 44 43 43 43 43 43 43 43 43 43 42 42 43 44 44 44 43 44 44 43 43 42 42 41 40 40 40 40 40 39 39 39 38 39 39 39 39 40 39 39 40 39 39 39 39 39 52 51 50 49 48 47 47 47 47 47 47 47 46 46 47 47 46 46 46 46 46 46 46 46 45 45 45 45 45 45 45 46 46 46 46 46 46 47 47 47 48 48 47 46 45 45 44 44 44 44 44 44 44 44 43 43 43 43 43 43 43 43 43 44 44 43 43 44 45 45 45 46 45 43 42 42 42 41 40 40 41 40 40 40 39 39 38 39 39 39 39 39 39 39 40 40 40 39 40 52 50 49 48 48 47 47 47 47 47 47 47 46 46 47 47 46 46 46 46 46 46 46 45 45 45 45 44 45 45 46 45 45 46 46 47 47 46 46 46 47 48 47 47 47 46 45 45 45 45 44 44 44 44 44 44 44 43 43 44 44 43 43 44 45 45 44 45 46 44 43 42 41 41 40 40 40 41 40 40 40 39 38 38 39 40 39 39 39 39 39 40 40 50 49 48 48 47 47 47 47 47 47 47 47 47 47 46 46 46 46 46 46 46 46 45 45 45 45 45 45 45 44 45 45 46 47 47 47 47 45 45 46 47 47 48 48 48 48 47 47 47 46 46 45 45 45 44 44 44 44 43 44 44 45 44 45 46 46 46 46 41 40 40 40 41 41 40 40 39 39 39 38 39 39 39 39 40 39 40 40 48 48 48 48 47 47 47 47 47 47 47 47 47 46 46 46 46 46 46 46 46 46 46 46 46 46 45 46 45 45 45 45 46 46 46 46 45 45 45 45 46 46 46 46 46 46 46 46 46 46 47 47 46 44 45 45 44 45 45 45 46 46 46 47 41 40 40 40 40 40 40 40 40 39 39 38 39 39 39 39 40 39 40 39 48 48 48 48 47 47 47 47 48 48 47 47 47 46 46 46 46 46 46 46 46 46 46 46 47 47 47 46 46 46 46 45 45 45 45 45 45 45 45 45 45 45 44 44 45 44 44 45 45 45 46 46 45 45 45 46 45 45 46 45 46 46 47 41 40 40 40 40 40 40 40 40 38 38 38 38 39 39 39 39 39 39 48 47 47 47 47 47 47 47 47 47 47 47 47 46 46 46 46 46 46 46 46 46 47 48 48 47 47 46 46 46 46 46 45 45 45 45 45 45 45 45 44 44 44 45 45 45 45 45 45 45 46 45 45 46 46 46 46 46 46 47 48 40 40 40 41 40 39 39 39 38 39 39 38 38 38 38 39 38 47 47 47 47 48 47 47 47 47 47 47 47 47 47 47 47 47 47 46 46 46 46 46 47 47 47 47 48 47 47 47 46 46 45 46 46 46 45 45 45 45 45 45 45 46 46 46 46 46 46 47 46 47 47 47 47 47 48 48 40 41 41 41 40 40 40 40 40 40 39 38 38 38 38 38 48 48 48 49 48 48 48 48 48 47 48 49 48 48 48 48 48 47 47 47 46 46 46 47 47 48 48 48 47 47 46 46 46 46 46 46 46 46 46 46 46 46 45 46 47 47 47 48 47 48 47 48 49 48 49 49 49 40 40 41 40 40 40 40 40 41 40 39 38 38 38 39 49 49 49 49 49 49 49 49 49 49 49 49 49 49 49 49 49 49 49 48 48 48 47 48 49 49 48 47 47 47 47 47 46 46 45 46 46 46 46 47 47 47 47 48 49 48 50 49 49 49 49 50 49 40 40 40 40 40 40 40 40 39 39 38 38 38 50 50 50 50 50 50 50 50 50 50 50 50 50 50 50 50 50 50 50 50 49 49 49 49 49 49 49 48 48 47 48 48 47 47 46 45 46 46 47 48 48 49 49 50 49 50 50 40 40 40 40 40 40 40 40 39 39 38 51 51 51 51 51 51 51 50 50 50 50 50 50 50 50 50 50 50 50 50 49 49 49 49 49 49 49 48 47 48 48 49 48 47 46 46 46 46 47 47 48 50 51 50 40 40 40 40 40 40 40 40 39 39 38 52 52 52 52 52 52 51 50 50 50 50 51 51 51 50 50 50 50 50 49 49 49 49 49 49 49 50 49 48 48 48 49 48 47 47 47 47 47 47 47 48 50 40 40 40 40 41 41 40 40 39 39 39 38 53 53 53 53 53 52 51 50 50 50 51 51 51 50 50 50 50 50 50 50 50 50 50 50 49 50 50 50 49 48 48 49 49 49 49 49 48 48 49 49 50 40 40 40 40 40 41 41 40 40 40 40 38 55 54 53 52 52 52 51 51 51 51 51 51 51 50 50 50 50 50 50 50 50 50 50 50 50 51 51 50 50 49 49 50 51 51 51 51 50 50 50 50 40 40 39 40 40 41 41 41 55 54 53 52 51 51 51 51 51 51 51 51 51 51 51 50 50 50 50 50 50 50 51 51 51 52 52 51 51 50 50 51 52 40 40 40 41 56 55 55 54 52 51 51 51 51 52 51 51 51 52 51 51 51 50 51 51 51 51 51 51 52 52 53 53 53 52 51 51 52 57 56 55 54 53 52 51 51 51 52 51 51 51 51 51 51 51 51 51 51 52 52 53 52 52 53 54 56 55 54 53 52 52 51 51 52 52 52 52 51 51 51 51 52 51 51 52 52 53 53 53 52 53 54 53 53 52 52 51 52 52 52 52 52 52 51 51 52 52 52 52 52 52 53 53 54 54 53 54 52 51 52 52 52 52 52 52 52 52 52 52 52 52 52 52 53 53 54 54 55 51 52 53 52 52 52 52 52 52 52 52 52 52 52 52 52 53 53 54 54 52 52 53 53 52 52 52 52 52 52 52 52 52 53 53 53 54 54 54 55 53 53 53 52 52 52 52 52 53 53 53 53 53 54 54 55 55 55 55 55 54 53 53 53 52 52 52 53 53 54 54 54 55 55 54 55 55 55 55 55 54 54 53 53 53 52 52 52 53 54 55 55 55 54 54 55 54 54 54 54 54 54 53 53 52 53 53 54 54 54 53 54 55 55 54 54 55 54 54 54 54 54 54 53 53 53 53 54 55 56 56 55 54 55 55 55 54 55 55 55 54 53 54 54 54 55 56 55 55 54 54 54 54 55 55 56 55 54 54 55 55 55 55 56 55 55 54 55 55 54 55 56 55 55 54 54 54 54 55 56 56 55 54 55 55 56 56 57 56 55 54 55 55 55 55 55 56 56 55 55 55 56 56 56 56 56 56 55 55 56 56 56 56 57 57 56 55 55 55 55 55 56 56 56 56 55 55 56 56 57 58 57 56 55 55 55 55 56 56 55 56 57 56 56 57 57 56 58 58 57 57 56 56 56 56 57 57 56 56 57 57 56 56 57 57 57 58 58 58 58 58 58 57 57 57 57 57 58 57 56 57 58 57 57 57 57 57 58 59 59 58 58 59 59 58 58 58 58 58 58 58 58 58 57 57 57 57 57 57 57 58 58 58 59 59 58 58 58 58 58 58 58 58 58 58 58 57 57 58 57 57 57 59 59 58 58 58 58 58 58 58 58 58 58 58 58 58 58 57 57 57 58 59 59 58 59 59 59 58 58 58 57 57 57 57 57 57 57 57 58 60 60 59 59 59 59 58 57 58 57 57 58 58 58 58 58 58 59 59 59 59 58 58 58 58 58 58 58 58 58 59 58 58 58 58 58 